Supplemental results for CODEML (seqf: algn  treef: tree)


dN/dS (w) for site classes (K=3)

p:   0.28651  0.40693  0.30656
w:   0.00000  0.16152  0.63494

Naive Empirical Bayes (NEB) probabilities for 3 classes & postmean_w
(amino acids refer to 1st sequence: BT_Cry8Ab1)

   1 P   0.37153 0.43455 0.19392 ( 2)  0.193
   2 F   0.49006 0.42384 0.08610 ( 1)  0.123
   3 A   0.00000 0.08631 0.91369 ( 3)  0.594
   4 S   0.00000 0.05627 0.94373 ( 3)  0.608
   5 Q   0.00000 0.06038 0.93962 ( 3)  0.606
   6 I   0.00000 0.50735 0.49265 ( 2)  0.395
   7 V   0.00000 0.45867 0.54133 ( 3)  0.418
   8 S   0.00000 0.43789 0.56211 ( 3)  0.428
   9 F   0.00001 0.79136 0.20863 ( 2)  0.260
  10 Y   0.00000 0.36574 0.63426 ( 3)  0.462
  11 N   0.00000 0.17650 0.82350 ( 3)  0.551
  12 F   0.65796 0.32501 0.01702 ( 1)  0.063
  13 I   0.67109 0.31428 0.01463 ( 1)  0.060
  14 L   0.00000 0.44301 0.55699 ( 3)  0.425
  15 D   0.00001 0.77468 0.22531 ( 2)  0.268
  16 Q   0.00000 0.22385 0.77615 ( 3)  0.529
  17 L   0.00001 0.75908 0.24091 ( 2)  0.276
  18 W   0.00000 0.21649 0.78351 ( 3)  0.532
  19 P   0.61486 0.36112 0.02402 ( 1)  0.074
  20 S   0.00000 0.28259 0.71741 ( 3)  0.501
  21 N   0.00000 0.58462 0.41538 ( 2)  0.358
  22 S   0.00000 0.28431 0.71569 ( 3)  0.500
  23 V   0.38986 0.43637 0.17376 ( 2)  0.181
  24 S   0.45650 0.43580 0.10770 ( 1)  0.139
  25 V   0.00000 0.50778 0.49222 ( 2)  0.395
  26 W   0.43069 0.44056 0.12875 ( 2)  0.153
  27 E   0.00001 0.79606 0.20393 ( 2)  0.258
  28 Q   0.00000 0.08698 0.91302 ( 3)  0.594
  29 I   0.00001 0.72300 0.27700 ( 2)  0.293
  30 M   0.00001 0.86981 0.13018 ( 2)  0.223
  31 T   0.00000 0.39702 0.60298 ( 3)  0.447
  32 L   0.00000 0.25327 0.74673 ( 3)  0.515
  33 V   0.56084 0.38940 0.04976 ( 1)  0.094
  34 E   0.67101 0.31268 0.01632 ( 1)  0.061
  35 E   0.00000 0.47037 0.52963 ( 3)  0.412
  36 L   0.52958 0.40897 0.06145 ( 1)  0.105
  37 V   0.00001 0.82631 0.17368 ( 2)  0.244
  38 D   0.71062 0.28022 0.00915 ( 1)  0.051
  39 Q   0.57727 0.38596 0.03677 ( 1)  0.086
  40 K   0.67749 0.30892 0.01359 ( 1)  0.059
  41 I   0.72416 0.26783 0.00800 ( 1)  0.048
  42 T   0.66062 0.32450 0.01488 ( 1)  0.062
  43 E   0.00000 0.30582 0.69418 ( 3)  0.490
  44 Y   0.00000 0.33726 0.66274 ( 3)  0.475
  45 A   0.00000 0.53377 0.46623 ( 2)  0.382
  46 R   0.60377 0.36807 0.02816 ( 1)  0.077
  47 N   0.00000 0.26502 0.73498 ( 3)  0.509
  48 K   0.00001 0.73918 0.26081 ( 2)  0.285
  49 A   0.57455 0.38538 0.04008 ( 1)  0.088
  50 L   0.00000 0.21961 0.78039 ( 3)  0.531
  51 A   0.66732 0.31744 0.01524 ( 1)  0.061
  52 E   0.00001 0.80173 0.19826 ( 2)  0.255
  53 L   0.57251 0.38388 0.04361 ( 1)  0.090
  54 K   0.00000 0.15729 0.84271 ( 3)  0.560
  55 G   0.64568 0.33645 0.01787 ( 1)  0.066
  56 L   0.55525 0.39313 0.05162 ( 1)  0.096
  57 G   0.00000 0.18533 0.81467 ( 3)  0.547
  58 D   0.00000 0.65793 0.34207 ( 2)  0.323
  59 A   0.00001 0.70867 0.29132 ( 2)  0.299
  60 L   0.00000 0.09505 0.90495 ( 3)  0.590
  61 G   0.00000 0.00773 0.99227 ( 3)  0.631
  62 V   0.68139 0.30277 0.01584 ( 1)  0.059
  63 Y   0.61588 0.35753 0.02659 ( 1)  0.075
  64 Q   0.45954 0.43615 0.10432 ( 1)  0.137
  65 Q   0.00001 0.69418 0.30581 ( 2)  0.306
  66 S   0.58065 0.38169 0.03766 ( 1)  0.086
  67 L   0.57576 0.37354 0.05069 ( 1)  0.093
  68 E   0.00001 0.77283 0.22716 ( 2)  0.269
  69 A   0.00000 0.17686 0.82314 ( 3)  0.551
  70 W   0.43069 0.44056 0.12875 ( 2)  0.153
  71 L   0.00000 0.46103 0.53896 ( 3)  0.417
  72 E   0.00001 0.83571 0.16428 ( 2)  0.239
  73 N   0.69577 0.29422 0.01001 ( 1)  0.054
  74 R   0.00000 0.28998 0.71002 ( 3)  0.498
  75 N   0.69577 0.29422 0.01001 ( 1)  0.054
  76 D   0.00001 0.75016 0.24983 ( 2)  0.280
  77 T   0.00000 0.53092 0.46908 ( 2)  0.384
  78 R   0.62399 0.35430 0.02172 ( 1)  0.071
  79 A   0.00000 0.46234 0.53766 ( 3)  0.416
  80 R   0.45106 0.43605 0.11288 ( 1)  0.142
  81 S   0.63290 0.34822 0.01888 ( 1)  0.068
  82 V   0.00001 0.78923 0.21077 ( 2)  0.261
  83 V   0.63532 0.34035 0.02433 ( 1)  0.070
  84 S   0.00000 0.02002 0.97998 ( 3)  0.625
  85 N   0.00000 0.10379 0.89621 ( 3)  0.586
  86 Q   0.57727 0.38596 0.03677 ( 1)  0.086
  87 F   0.00000 0.45864 0.54136 ( 3)  0.418
  88 I   0.00000 0.05411 0.94589 ( 3)  0.609
  89 A   0.53205 0.40206 0.06589 ( 1)  0.107
  90 L   0.57352 0.38323 0.04325 ( 1)  0.089
  91 E   0.00001 0.82146 0.17853 ( 2)  0.246
  92 L   0.62320 0.35368 0.02311 ( 1)  0.072
  93 D   0.71062 0.28022 0.00915 ( 1)  0.051
  94 F   0.68755 0.30110 0.01134 ( 1)  0.056
  95 V   0.65381 0.32592 0.02028 ( 1)  0.066
  96 G   0.00000 0.03373 0.96627 ( 3)  0.619
  97 A   0.00000 0.12827 0.87173 ( 3)  0.574
  98 I   0.59391 0.36984 0.03625 ( 1)  0.083
  99 P   0.00001 0.74191 0.25808 ( 2)  0.284
 100 S   0.56322 0.39073 0.04605 ( 1)  0.092
 101 F   0.68755 0.30110 0.01134 ( 1)  0.056
 102 A   0.65578 0.32674 0.01748 ( 1)  0.064
 103 V   0.00001 0.83667 0.16332 ( 2)  0.239
 104 S   0.00000 0.37271 0.62729 ( 3)  0.458
 105 G   0.60022 0.36855 0.03123 ( 1)  0.079
 106 Q   0.46490 0.43483 0.10027 ( 1)  0.134
 107 E   0.67970 0.30528 0.01502 ( 1)  0.059
 108 V   0.00001 0.79156 0.20843 ( 2)  0.260
 109 P   0.59459 0.37447 0.03093 ( 1)  0.080
 110 L   0.57805 0.38091 0.04105 ( 1)  0.088
 111 L   0.57805 0.38091 0.04105 ( 1)  0.088
 112 A   0.00000 0.36040 0.63960 ( 3)  0.464
 113 V   0.59402 0.36982 0.03616 ( 1)  0.083
 114 Y   0.00001 0.70438 0.29561 ( 2)  0.301
 115 A   0.68219 0.30529 0.01252 ( 1)  0.057
 116 Q   0.53958 0.40567 0.05475 ( 1)  0.100
 117 A   0.65145 0.33070 0.01784 ( 1)  0.065
 118 V   0.00001 0.65450 0.34550 ( 2)  0.325
 119 N   0.63570 0.34154 0.02276 ( 1)  0.070
 120 M   0.00000 0.46054 0.53946 ( 3)  0.417
 121 H   0.59733 0.37028 0.03239 ( 1)  0.080
 122 L   0.52296 0.41209 0.06495 ( 1)  0.108
 123 L   0.54418 0.39861 0.05721 ( 1)  0.101
 124 L   0.57805 0.38091 0.04105 ( 1)  0.088
 125 L   0.00000 0.60344 0.39656 ( 2)  0.349
 126 R   0.60361 0.36720 0.02919 ( 1)  0.078
 127 D   0.65256 0.32750 0.01993 ( 1)  0.066
 128 A   0.00001 0.70266 0.29733 ( 2)  0.302
 129 S   0.55961 0.39360 0.04679 ( 1)  0.093
 130 I   0.00001 0.80937 0.19062 ( 2)  0.252
 131 F   0.68755 0.30110 0.01134 ( 1)  0.056
 132 G   0.64135 0.33964 0.01901 ( 1)  0.067
 133 E   0.00001 0.79715 0.20284 ( 2)  0.258
 134 E   0.00000 0.32822 0.67178 ( 3)  0.480
 135 W   0.43069 0.44056 0.12875 ( 2)  0.153
 136 G   0.64866 0.33417 0.01717 ( 1)  0.065
 137 F   0.00001 0.64960 0.35040 ( 2)  0.327
 138 T   0.00000 0.50470 0.49530 ( 2)  0.396
 139 S   0.00000 0.04408 0.95592 ( 3)  0.614
 140 S   0.00000 0.00439 0.99561 ( 3)  0.633
 141 E   0.66751 0.31568 0.01682 ( 1)  0.062
 142 I   0.00001 0.83497 0.16502 ( 2)  0.240
 143 S   0.00000 0.25571 0.74429 ( 3)  0.514
 144 T   0.00000 0.55547 0.44453 ( 2)  0.372
 145 Y   0.00000 0.20356 0.79644 ( 3)  0.539
 146 Y   0.57852 0.38037 0.04112 ( 1)  0.088
 147 N   0.00000 0.40566 0.59434 ( 3)  0.443
 148 R   0.55314 0.40156 0.04530 ( 1)  0.094
 149 Q   0.55780 0.39662 0.04558 ( 1)  0.093
 150 V   0.00001 0.71270 0.28729 ( 2)  0.298
 151 Q   0.00000 0.33692 0.66308 ( 3)  0.475
 152 L   0.00000 0.11427 0.88573 ( 3)  0.581
 153 T   0.59981 0.36869 0.03150 ( 1)  0.080
 154 S   0.00000 0.05010 0.94990 ( 3)  0.611
 155 Q   0.00000 0.62670 0.37329 ( 2)  0.338
 156 Y   0.58291 0.37876 0.03833 ( 1)  0.086
 157 S   0.00000 0.06790 0.93210 ( 3)  0.603
 158 D   0.71062 0.28022 0.00915 ( 1)  0.051
 159 Y   0.61588 0.35753 0.02659 ( 1)  0.075
 160 C   0.59394 0.37536 0.03070 ( 1)  0.080
 161 V   0.63155 0.34139 0.02706 ( 1)  0.072
 162 K   0.00001 0.64769 0.35231 ( 2)  0.328
 163 W   0.00000 0.11367 0.88633 ( 3)  0.581
 164 Y   0.55074 0.39594 0.05332 ( 1)  0.098
 165 D   0.00000 0.49551 0.50449 ( 3)  0.400
 166 T   0.56964 0.38727 0.04309 ( 1)  0.090
 167 G   0.52024 0.41126 0.06850 ( 1)  0.110
 168 L   0.57805 0.38091 0.04105 ( 1)  0.088
 169 Q   0.00000 0.04793 0.95207 ( 3)  0.612
 170 K   0.00001 0.80145 0.19854 ( 2)  0.256
 171 L   0.57805 0.38091 0.04105 ( 1)  0.088
 172 K   0.67749 0.30892 0.01359 ( 1)  0.059
 173 G   0.63712 0.34307 0.01981 ( 1)  0.068
 174 T   0.00000 0.56547 0.43452 ( 2)  0.367
 175 S   0.00000 0.39182 0.60818 ( 3)  0.449
 176 A   0.00001 0.78732 0.21267 ( 2)  0.262
 177 E   0.00000 0.29416 0.70584 ( 3)  0.496
 178 S   0.00000 0.06061 0.93939 ( 3)  0.606
 179 W   0.43069 0.44056 0.12875 ( 2)  0.153
 180 L   0.00000 0.24290 0.75710 ( 3)  0.520
 181 E   0.00000 0.30373 0.69627 ( 3)  0.491
 182 Y   0.61588 0.35753 0.02659 ( 1)  0.075
 183 H   0.00001 0.77668 0.22331 ( 2)  0.267
 184 Q   0.00000 0.56041 0.43958 ( 2)  0.370
 185 F   0.58174 0.38014 0.03812 ( 1)  0.086
 186 R   0.47462 0.43067 0.09471 ( 1)  0.130
 187 R   0.62399 0.35430 0.02172 ( 1)  0.071
 188 E   0.64388 0.33354 0.02258 ( 1)  0.068
 189 M   0.66579 0.32175 0.01246 ( 1)  0.060
 190 T   0.00001 0.64891 0.35108 ( 2)  0.328
 191 F   0.00000 0.26990 0.73010 ( 3)  0.507
 192 M   0.00000 0.58866 0.41133 ( 2)  0.356
 193 V   0.68139 0.30277 0.01584 ( 1)  0.059
 194 L   0.56761 0.38722 0.04516 ( 1)  0.091
 195 D   0.71062 0.28022 0.00915 ( 1)  0.051
 196 L   0.00000 0.07557 0.92443 ( 3)  0.599
 197 V   0.00001 0.73222 0.26778 ( 2)  0.288
 198 A   0.57455 0.38538 0.04008 ( 1)  0.088
 199 L   0.00001 0.67675 0.32324 ( 2)  0.315
 200 F   0.68755 0.30110 0.01134 ( 1)  0.056
 201 P   0.59843 0.37204 0.02953 ( 1)  0.079
 202 N   0.00000 0.62051 0.37949 ( 2)  0.341

Positively selected sites

	Prob(w>1)  mean w



lnL = -2280.950558

