Supplemental results for CODEML (seqf: algn  treef: tree)


dN/dS (w) for site classes (K=3)

p:   0.61773  0.14087  0.24140
w:   0.13406  1.00000  1.00000

Naive Empirical Bayes (NEB) probabilities for 3 classes & postmean_w
(amino acids refer to 1st sequence: BT_Cry4Ba1)

   1 -   0.61773 0.14087 0.24140 ( 1)  0.465
   2 Y   0.24673 0.27758 0.47569 ( 3)  0.786
   3 T   0.91371 0.03180 0.05449 ( 1)  0.209
   4 D   0.93983 0.02217 0.03800 ( 1)  0.186
   5 A   0.08888 0.33575 0.57537 ( 3)  0.923
   6 I   0.93258 0.02484 0.04258 ( 1)  0.192
   7 T   0.95038 0.01829 0.03134 ( 1)  0.177
   8 Q   0.99461 0.00199 0.00341 ( 1)  0.139
   9 V   0.92934 0.02604 0.04462 ( 1)  0.195
  10 P   0.98791 0.00445 0.00763 ( 1)  0.145
  11 A   0.88539 0.04223 0.07237 ( 1)  0.233
  12 V   0.92186 0.02879 0.04935 ( 1)  0.202
  13 K   0.99483 0.00190 0.00326 ( 1)  0.139
  14 S   0.95741 0.01569 0.02690 ( 1)  0.171
  15 N   0.67997 0.11793 0.20210 ( 1)  0.411
  16 F   0.13740 0.31787 0.54473 ( 3)  0.881
  17 L   0.70481 0.10878 0.18641 ( 1)  0.390
  18 N   0.99214 0.00290 0.00496 ( 1)  0.141
  19 A   0.10925 0.32824 0.56251 ( 3)  0.905
  20 T   0.08774 0.33617 0.57609 ( 3)  0.924
  21 A   0.96250 0.01382 0.02368 ( 1)  0.167
  22 K   0.17340 0.30460 0.52200 ( 3)  0.850
  23 V   0.68247 0.11701 0.20052 ( 1)  0.409
  24 I   0.93436 0.02419 0.04145 ( 1)  0.191
  25 K   0.65353 0.12768 0.21880 ( 1)  0.434
  26 G   0.81484 0.06823 0.11693 ( 1)  0.294
  27 P   0.67678 0.11911 0.20411 ( 1)  0.414
  28 G   0.99576 0.00156 0.00268 ( 1)  0.138
  29 -   0.61773 0.14087 0.24140 ( 1)  0.465
  30 H   0.98821 0.00434 0.00745 ( 1)  0.144
  31 T   0.96287 0.01368 0.02345 ( 1)  0.166
  32 G   0.98759 0.00457 0.00784 ( 1)  0.145
  33 G   0.98759 0.00457 0.00784 ( 1)  0.145
  34 D   0.92893 0.02619 0.04488 ( 1)  0.196
  35 L   0.91817 0.03016 0.05168 ( 1)  0.205
  36 V   0.97640 0.00870 0.01490 ( 1)  0.154
  37 A   0.88251 0.04330 0.07420 ( 1)  0.236
  38 L   0.80379 0.07230 0.12390 ( 1)  0.304
  39 T   0.73938 0.09604 0.16458 ( 1)  0.360
  40 S   0.73523 0.09757 0.16720 ( 1)  0.363
  41 N   0.81410 0.06851 0.11740 ( 1)  0.295
  42 G   0.68287 0.11686 0.20027 ( 1)  0.409
  43 T   0.17098 0.30549 0.52352 ( 3)  0.852
  44 L   0.95242 0.01753 0.03005 ( 1)  0.175
  45 S   0.00763 0.36569 0.62668 ( 3)  0.993
  46 -   0.61773 0.14087 0.24140 ( 1)  0.465
  47 G   0.78644 0.07870 0.13486 ( 1)  0.319
  48 R   0.96676 0.01225 0.02099 ( 1)  0.163
  49 M   0.96708 0.01213 0.02079 ( 1)  0.163
  50 E   0.36942 0.23237 0.39821 ( 3)  0.680
  51 I   0.94338 0.02087 0.03576 ( 1)  0.183
  52 Q   0.03442 0.35582 0.60976 ( 3)  0.970
  53 C   0.73350 0.09820 0.16829 ( 1)  0.365
  54 K   0.66943 0.12182 0.20875 ( 1)  0.420
  55 T   0.93042 0.02564 0.04394 ( 1)  0.194
  56 S   0.98618 0.00509 0.00872 ( 1)  0.146
  57 I   0.78567 0.07898 0.13535 ( 1)  0.320
  58 F   0.97129 0.01058 0.01813 ( 1)  0.159
  59 N   0.84104 0.05858 0.10038 ( 1)  0.272
  60 D   0.91774 0.03031 0.05194 ( 1)  0.205
  61 P   0.69770 0.11140 0.19090 ( 1)  0.396
  62 T   0.04218 0.35296 0.60486 ( 3)  0.963
  63 R   0.81254 0.06908 0.11838 ( 1)  0.296
  64 S   0.67983 0.11798 0.20219 ( 1)  0.411
  65 Y   0.98860 0.00420 0.00720 ( 1)  0.144
  66 G   0.94640 0.01975 0.03385 ( 1)  0.180
  67 L   0.56279 0.16111 0.27610 ( 1)  0.513
  68 R   0.87584 0.04575 0.07841 ( 1)  0.242
  69 I   0.99122 0.00323 0.00554 ( 1)  0.142
  70 R   0.95842 0.01532 0.02625 ( 1)  0.170
  71 Y   0.90726 0.03418 0.05857 ( 1)  0.214
  72 A   0.99495 0.00186 0.00319 ( 1)  0.138
  73 A   0.96946 0.01125 0.01928 ( 1)  0.161
  74 N   0.99268 0.00270 0.00462 ( 1)  0.140
  75 S   0.91505 0.03130 0.05365 ( 1)  0.208
  76 P   0.01495 0.36299 0.62205 ( 3)  0.987
  77 I   0.10070 0.33139 0.56791 ( 3)  0.913
  78 V   0.03159 0.35686 0.61155 ( 3)  0.973
  79 L   0.00495 0.36668 0.62837 ( 3)  0.996
  80 N   0.05115 0.34965 0.59920 ( 3)  0.956
  81 V   0.30511 0.25607 0.43882 ( 3)  0.736
  82 S   0.04246 0.35285 0.60468 ( 3)  0.963
  83 Y   0.73502 0.09764 0.16733 ( 1)  0.364
  84 V   0.01546 0.36281 0.62174 ( 3)  0.987
  85 -   0.90909 0.03350 0.05741 ( 1)  0.213
  86 L   0.04953 0.35025 0.60022 ( 3)  0.957
  87 Q   0.00081 0.36820 0.63099 ( 3)  0.999
  88 G   0.24745 0.27732 0.47523 ( 3)  0.786
  89 V   0.00461 0.36680 0.62859 ( 3)  0.996
  90 S   0.00584 0.36635 0.62781 ( 3)  0.995
  91 R   0.44065 0.20612 0.35323 ( 1)  0.618
  92 G   0.00720 0.36585 0.62695 ( 3)  0.994
  93 T   0.31235 0.25340 0.43425 ( 3)  0.730
  94 T   0.00174 0.36786 0.63040 ( 3)  0.998
  95 I   0.00309 0.36736 0.62955 ( 3)  0.997
  96 S   0.00666 0.36605 0.62729 ( 3)  0.994
  97 T   0.07462 0.34100 0.58438 ( 3)  0.935
  98 -   0.61773 0.14087 0.24140 ( 1)  0.465
  99 -   0.61773 0.14087 0.24140 ( 1)  0.465
 100 -   0.61773 0.14087 0.24140 ( 1)  0.465
 101 -   0.61773 0.14087 0.24140 ( 1)  0.465
 102 -   0.21295 0.29003 0.49702 ( 3)  0.816
 103 E   0.04488 0.35196 0.60316 ( 3)  0.961
 104 S   0.01094 0.36447 0.62459 ( 3)  0.991
 105 T   0.00081 0.36820 0.63098 ( 3)  0.999
 106 F   0.38646 0.22609 0.38745 ( 3)  0.665
 107 S   0.80391 0.07226 0.12383 ( 1)  0.304
 108 R   0.11371 0.32660 0.55969 ( 3)  0.902
 109 P   0.95288 0.01736 0.02975 ( 1)  0.175
 110 N   0.09287 0.33428 0.57285 ( 3)  0.920
 111 N   0.98394 0.00592 0.01014 ( 1)  0.148
 112 I   0.83123 0.06219 0.10658 ( 1)  0.280
 113 I   0.98214 0.00658 0.01128 ( 1)  0.150
 114 P   0.64212 0.13188 0.22600 ( 1)  0.444
 115 T   0.92927 0.02607 0.04467 ( 1)  0.195
 116 D   0.93296 0.02470 0.04233 ( 1)  0.192
 117 L   0.98637 0.00502 0.00861 ( 1)  0.146
 118 K   0.96247 0.01383 0.02370 ( 1)  0.167
 119 Y   0.99539 0.00170 0.00291 ( 1)  0.138
 120 E   0.38098 0.22811 0.39091 ( 3)  0.670
 121 E   0.04236 0.35289 0.60475 ( 3)  0.963
 122 F   0.99682 0.00117 0.00201 ( 1)  0.137
 123 R   0.01507 0.36295 0.62198 ( 3)  0.987
 124 Y   0.97014 0.01100 0.01886 ( 1)  0.160
 125 K   0.19365 0.29714 0.50921 ( 3)  0.832
 126 D   0.95792 0.01551 0.02657 ( 1)  0.170
 127 P   0.65787 0.12607 0.21605 ( 1)  0.430
 128 F   0.07099 0.34234 0.58667 ( 3)  0.939
 129 D   0.92893 0.02619 0.04488 ( 1)  0.196
 130 A   0.38442 0.22684 0.38874 ( 3)  0.667
 131 I   0.97660 0.00862 0.01477 ( 1)  0.154
 132 V   0.78804 0.07811 0.13385 ( 1)  0.318
 133 P   0.50475 0.18250 0.31275 ( 1)  0.563
 134 M   0.87923 0.04450 0.07626 ( 1)  0.239
 135 R   0.81948 0.06652 0.11400 ( 1)  0.290
 136 L   0.59909 0.14774 0.25317 ( 1)  0.481
 137 S   0.72315 0.10202 0.17483 ( 1)  0.374
 138 S   0.91772 0.03032 0.05196 ( 1)  0.205
 139 N   0.76917 0.08506 0.14577 ( 1)  0.334
 140 Q   0.30020 0.25788 0.44192 ( 3)  0.740
 141 L   0.36554 0.23380 0.40066 ( 3)  0.683
 142 I   0.76759 0.08564 0.14677 ( 1)  0.335
 143 T   0.99022 0.00360 0.00618 ( 1)  0.143
 144 I   0.84294 0.05788 0.09918 ( 1)  0.270
 145 A   0.68915 0.11455 0.19630 ( 1)  0.403
 146 I   0.99100 0.00332 0.00568 ( 1)  0.142
 147 Q   0.01669 0.36235 0.62096 ( 3)  0.986
 148 P   0.39101 0.22442 0.38458 ( 1)  0.661
 149 L   0.33164 0.24629 0.42207 ( 3)  0.713
 150 N   0.96969 0.01117 0.01914 ( 1)  0.160
 151 M   0.08188 0.33833 0.57979 ( 3)  0.929
 152 T   0.00755 0.36572 0.62673 ( 3)  0.993
 153 S   0.15827 0.31018 0.53155 ( 3)  0.863
 154 N   0.17249 0.30494 0.52257 ( 3)  0.851
 155 N   0.12557 0.32223 0.55220 ( 3)  0.891
 156 Q   0.02264 0.36016 0.61720 ( 3)  0.980
 157 V   0.61013 0.14367 0.24620 ( 1)  0.472
 158 I   0.92471 0.02774 0.04754 ( 1)  0.199
 159 I   0.99091 0.00335 0.00574 ( 1)  0.142
 160 D   0.99102 0.00331 0.00567 ( 1)  0.142
 161 R   0.99633 0.00135 0.00231 ( 1)  0.137
 162 I   0.65508 0.12710 0.21781 ( 1)  0.433
 163 E   0.99621 0.00140 0.00239 ( 1)  0.137
 164 I   0.97530 0.00910 0.01560 ( 1)  0.155
 165 I   0.99091 0.00335 0.00574 ( 1)  0.142
 166 -   0.93388 0.02436 0.04175 ( 1)  0.191

Positively selected sites

	Prob(w>1)  mean w



lnL = -2190.133297

Bayes Empirical Bayes (BEB) probabilities for 3 classes (class) & postmean_w
(amino acids refer to 1st sequence: BT_Cry4Ba1)

   1 -   0.64198 0.30460 0.05342 ( 1)  0.621 +-  1.110
   2 Y   0.29111 0.60531 0.10358 ( 2)  1.002 +-  1.150
   3 T   0.92632 0.07099 0.00269 ( 1)  0.215 +-  0.246
   4 D   0.94910 0.04961 0.00129 ( 1)  0.194 +-  0.196
   5 A   0.13602 0.78752 0.07646 ( 2)  1.014 +-  0.775
   6 I   0.93899 0.05869 0.00232 ( 1)  0.204 +-  0.218
   7 T   0.95924 0.03981 0.00095 ( 1)  0.185 +-  0.176
   8 Q   0.99515 0.00477 0.00008 ( 1)  0.154 +-  0.060
   9 V   0.94114 0.05743 0.00143 ( 1)  0.201 +-  0.209
  10 P   0.98897 0.01077 0.00027 ( 1)  0.160 +-  0.092
  11 A   0.91088 0.08661 0.00251 ( 1)  0.228 +-  0.258
  12 V   0.94091 0.05806 0.00103 ( 1)  0.201 +-  0.205
  13 K   0.99508 0.00483 0.00008 ( 1)  0.154 +-  0.061
  14 S   0.96527 0.03415 0.00059 ( 1)  0.180 +-  0.158
  15 N   0.72643 0.25431 0.01926 ( 1)  0.415 +-  0.556
  16 F   0.19407 0.73822 0.06771 ( 2)  0.932 +-  0.662
  17 L   0.76880 0.22352 0.00768 ( 1)  0.352 +-  0.380
  18 N   0.99315 0.00674 0.00012 ( 1)  0.156 +-  0.072
  19 A   0.16738 0.77904 0.05358 ( 2)  0.917 +-  0.518
  20 T   0.14504 0.80737 0.04759 ( 2)  0.921 +-  0.440
  21 A   0.96821 0.03097 0.00083 ( 1)  0.178 +-  0.160
  22 K   0.26612 0.70123 0.03265 ( 2)  0.802 +-  0.458
  23 V   0.75834 0.23612 0.00554 ( 1)  0.359 +-  0.378
  24 I   0.94489 0.05330 0.00180 ( 1)  0.199 +-  0.213
  25 K   0.73252 0.25963 0.00785 ( 1)  0.384 +-  0.400
  26 G   0.86313 0.13439 0.00247 ( 1)  0.268 +-  0.300
  27 P   0.75316 0.24145 0.00539 ( 1)  0.363 +-  0.376
  28 G   0.99602 0.00392 0.00005 ( 1)  0.153 +-  0.054
  29 -   0.64199 0.30460 0.05342 ( 1)  0.621 +-  1.110
  30 H   0.99017 0.00970 0.00012 ( 1)  0.158 +-  0.085
  31 T   0.96923 0.03005 0.00073 ( 1)  0.177 +-  0.154
  32 G   0.98863 0.01110 0.00027 ( 1)  0.160 +-  0.093
  33 G   0.98863 0.01110 0.00027 ( 1)  0.160 +-  0.093
  34 D   0.94741 0.05188 0.00071 ( 1)  0.195 +-  0.193
  35 L   0.93345 0.06485 0.00171 ( 1)  0.208 +-  0.220
  36 V   0.98097 0.01872 0.00030 ( 1)  0.166 +-  0.119
  37 A   0.91078 0.08733 0.00188 ( 1)  0.227 +-  0.250
  38 L   0.84194 0.15352 0.00454 ( 1)  0.287 +-  0.323
  39 T   0.79415 0.19829 0.00756 ( 1)  0.332 +-  0.379
  40 S   0.78979 0.20179 0.00842 ( 1)  0.337 +-  0.393
  41 N   0.85992 0.13725 0.00283 ( 1)  0.271 +-  0.302
  42 G   0.74016 0.24709 0.01276 ( 1)  0.383 +-  0.423
  43 T   0.24110 0.70434 0.05457 ( 2)  0.862 +-  0.587
  44 L   0.96113 0.03772 0.00116 ( 1)  0.184 +-  0.172
  45 S   0.01184 0.76199 0.22617 ( 2)  1.669 +-  1.710
  46 -   0.64198 0.30460 0.05342 ( 1)  0.621 +-  1.110
  47 G   0.83591 0.15955 0.00454 ( 1)  0.293 +-  0.331
  48 R   0.97431 0.02534 0.00035 ( 1)  0.172 +-  0.137
  49 M   0.97430 0.02543 0.00027 ( 1)  0.172 +-  0.136
  50 E   0.47058 0.50200 0.02743 ( 2)  0.625 +-  0.496
  51 I   0.95303 0.04586 0.00111 ( 1)  0.191 +-  0.186
  52 Q   0.06006 0.87552 0.06441 ( 2)  1.016 +-  0.444
  53 C   0.79818 0.19783 0.00399 ( 1)  0.324 +-  0.348
  54 K   0.75459 0.23907 0.00634 ( 1)  0.363 +-  0.383
  55 T   0.94101 0.05718 0.00181 ( 1)  0.202 +-  0.214
  56 S   0.98818 0.01168 0.00014 ( 1)  0.160 +-  0.093
  57 I   0.82795 0.16602 0.00602 ( 1)  0.302 +-  0.353
  58 F   0.97579 0.02387 0.00034 ( 1)  0.171 +-  0.133
  59 N   0.87616 0.12016 0.00368 ( 1)  0.258 +-  0.299
  60 D   0.93676 0.06192 0.00132 ( 1)  0.205 +-  0.213
  61 P   0.76303 0.23008 0.00689 ( 1)  0.356 +-  0.376
  62 T   0.07297 0.85331 0.07372 ( 2)  1.040 +-  0.619
  63 R   0.86018 0.13664 0.00318 ( 1)  0.271 +-  0.310
  64 S   0.74094 0.24823 0.01083 ( 1)  0.378 +-  0.400
  65 Y   0.98956 0.01018 0.00026 ( 1)  0.159 +-  0.090
  66 G   0.95582 0.04264 0.00154 ( 1)  0.189 +-  0.189
  67 L   0.64428 0.34236 0.01336 ( 1)  0.462 +-  0.436
  68 R   0.88832 0.10507 0.00660 ( 1)  0.252 +-  0.314
  69 I   0.99173 0.00809 0.00018 ( 1)  0.157 +-  0.080
  70 R   0.96301 0.03622 0.00076 ( 1)  0.182 +-  0.164
  71 Y   0.92436 0.07360 0.00204 ( 1)  0.216 +-  0.233
  72 A   0.99529 0.00464 0.00007 ( 1)  0.154 +-  0.059
  73 A   0.97491 0.02466 0.00043 ( 1)  0.172 +-  0.136
  74 N   0.99350 0.00639 0.00011 ( 1)  0.156 +-  0.070
  75 S   0.93371 0.06490 0.00139 ( 1)  0.207 +-  0.218
  76 P   0.02450 0.85845 0.11704 ( 2)  1.172 +-  0.796
  77 I   0.16769 0.79507 0.03724 ( 2)  0.888 +-  0.411
  78 V   0.05453 0.87627 0.06920 ( 2)  1.030 +-  0.476
  79 L   0.00620 0.62284 0.37097 ( 2)  2.427 +-  2.482
  80 N   0.08140 0.82881 0.08979 ( 2)  1.076 +-  0.748
  81 V   0.38277 0.55335 0.06388 ( 2)  0.841 +-  1.039
  82 S   0.05423 0.71888 0.22690 ( 2)  1.673 +-  1.821
  83 Y   0.79599 0.19871 0.00530 ( 1)  0.327 +-  0.355
  84 V   0.02680 0.87303 0.10017 ( 2)  1.142 +-  0.757
  85 -   0.90863 0.07812 0.01326 ( 1)  0.270 +-  0.593
  86 L   0.08018 0.83033 0.08949 ( 2)  1.070 +-  0.725
  87 Q   0.00101 0.55283 0.44616 ( 2)  2.736 +-  2.612
  88 G   0.34769 0.61204 0.04027 ( 2)  0.784 +-  0.761
  89 V   0.00741 0.76636 0.22624 ( 2)  1.645 +-  1.649
  90 S   0.01041 0.86169 0.12790 ( 2)  1.216 +-  0.867
  91 R   0.53266 0.44105 0.02629 ( 1)  0.593 +-  0.642
  92 G   0.01324 0.87477 0.11199 ( 2)  1.169 +-  0.769
  93 T   0.40350 0.55059 0.04591 ( 2)  0.734 +-  0.708
  94 T   0.00138 0.37858 0.62004 ( 3)  3.642 +-  2.932
  95 I   0.00269 0.42339 0.57392 ( 3)  3.350 +-  2.818
  96 S   0.00877 0.67020 0.32103 ( 2)  2.113 +-  2.165
  97 T   0.11128 0.78100 0.10772 ( 2)  1.140 +-  1.032
  98 -   0.64198 0.30460 0.05342 ( 1)  0.621 +-  1.110
  99 -   0.64198 0.30460 0.05342 ( 1)  0.621 +-  1.110
 100 -   0.64198 0.30460 0.05342 ( 1)  0.621 +-  1.110
 101 -   0.64198 0.30460 0.05342 ( 1)  0.621 +-  1.110
 102 -   0.26276 0.61698 0.12026 ( 2)  1.156 +-  1.495
 103 E   0.07429 0.84665 0.07906 ( 2)  1.072 +-  0.763
 104 S   0.01468 0.72778 0.25754 ( 2)  1.820 +-  1.916
 105 T   0.00039 0.21372 0.78589 ( 3)  4.515 +-  2.968
 106 F   0.46979 0.48931 0.04090 ( 2)  0.659 +-  0.649
 107 S   0.83747 0.15566 0.00688 ( 1)  0.294 +-  0.342
 108 R   0.16013 0.76331 0.07656 ( 2)  0.982 +-  0.719
 109 P   0.96050 0.03883 0.00066 ( 1)  0.184 +-  0.169
 110 N   0.14375 0.79773 0.05852 ( 2)  0.958 +-  0.611
 111 N   0.98613 0.01362 0.00025 ( 1)  0.162 +-  0.102
 112 I   0.86562 0.13020 0.00418 ( 1)  0.268 +-  0.311
 113 I   0.98457 0.01509 0.00034 ( 1)  0.163 +-  0.109
 114 P   0.72125 0.27121 0.00755 ( 1)  0.392 +-  0.395
 115 T   0.93988 0.05821 0.00191 ( 1)  0.203 +-  0.217
 116 D   0.95031 0.04902 0.00067 ( 1)  0.193 +-  0.188
 117 L   0.98780 0.01196 0.00024 ( 1)  0.161 +-  0.095
 118 K   0.96921 0.03020 0.00059 ( 1)  0.177 +-  0.151
 119 Y   0.99575 0.00419 0.00006 ( 1)  0.154 +-  0.056
 120 E   0.50166 0.48204 0.01630 ( 1)  0.585 +-  0.453
 121 E   0.07069 0.85827 0.07104 ( 2)  1.016 +-  0.469
 122 F   0.99698 0.00298 0.00004 ( 1)  0.153 +-  0.047
 123 R   0.02837 0.89868 0.07295 ( 2)  1.062 +-  0.506
 124 Y   0.97352 0.02562 0.00086 ( 1)  0.173 +-  0.145
 125 K   0.29283 0.67692 0.03025 ( 2)  0.777 +-  0.466
 126 D   0.96469 0.03445 0.00086 ( 1)  0.181 +-  0.162
 127 P   0.72327 0.26502 0.01172 ( 1)  0.395 +-  0.415
 128 F   0.12165 0.83452 0.04383 ( 2)  0.941 +-  0.453
 129 D   0.94741 0.05188 0.00071 ( 1)  0.195 +-  0.193
 130 A   0.48386 0.49107 0.02507 ( 2)  0.617 +-  0.537
 131 I   0.98029 0.01927 0.00044 ( 1)  0.167 +-  0.124
 132 V   0.82136 0.16771 0.01092 ( 1)  0.316 +-  0.414
 133 P   0.60038 0.38636 0.01325 ( 1)  0.499 +-  0.443
 134 M   0.90462 0.09293 0.00245 ( 1)  0.233 +-  0.258
 135 R   0.84566 0.14868 0.00566 ( 1)  0.286 +-  0.328
 136 L   0.66953 0.31781 0.01265 ( 1)  0.440 +-  0.429
 137 S   0.77766 0.21536 0.00698 ( 1)  0.344 +-  0.373
 138 S   0.93337 0.06484 0.00179 ( 1)  0.208 +-  0.222
 139 N   0.81630 0.17710 0.00660 ( 1)  0.312 +-  0.356
 140 Q   0.41306 0.56486 0.02208 ( 2)  0.664 +-  0.450
 141 L   0.44179 0.50507 0.05314 ( 2)  0.728 +-  0.822
 142 I   0.81987 0.17400 0.00612 ( 1)  0.309 +-  0.355
 143 T   0.99079 0.00900 0.00021 ( 1)  0.158 +-  0.085
 144 I   0.87720 0.11873 0.00407 ( 1)  0.259 +-  0.308
 145 A   0.75217 0.23893 0.00889 ( 1)  0.368 +-  0.398
 146 I   0.99147 0.00834 0.00019 ( 1)  0.157 +-  0.082
 147 Q   0.02928 0.88187 0.08885 ( 2)  1.095 +-  0.599
 148 P   0.49760 0.48067 0.02173 ( 1)  0.597 +-  0.494
 149 L   0.39809 0.55355 0.04836 ( 2)  0.723 +-  0.617
 150 N   0.97396 0.02538 0.00066 ( 1)  0.173 +-  0.143
 151 M   0.13772 0.81418 0.04810 ( 2)  0.925 +-  0.414
 152 T   0.01298 0.86082 0.12620 ( 2)  1.229 +-  0.937
 153 S   0.23702 0.72823 0.03475 ( 2)  0.824 +-  0.418
 154 N   0.25729 0.70063 0.04208 ( 2)  0.824 +-  0.509
 155 N   0.19943 0.75888 0.04169 ( 2)  0.872 +-  0.481
 156 Q   0.03698 0.86289 0.10013 ( 2)  1.117 +-  0.694
 157 V   0.66444 0.31277 0.02279 ( 1)  0.460 +-  0.493
 158 I   0.94280 0.05590 0.00130 ( 1)  0.200 +-  0.207
 159 I   0.99140 0.00841 0.00019 ( 1)  0.157 +-  0.082
 160 D   0.99143 0.00838 0.00019 ( 1)  0.157 +-  0.082
 161 R   0.99651 0.00344 0.00004 ( 1)  0.153 +-  0.051
 162 I   0.70731 0.27702 0.01567 ( 1)  0.415 +-  0.456
 163 E   0.99641 0.00354 0.00005 ( 1)  0.153 +-  0.052
 164 I   0.97869 0.02079 0.00052 ( 1)  0.169 +-  0.128
 165 I   0.99140 0.00841 0.00019 ( 1)  0.157 +-  0.082
 166 -   0.93734 0.05581 0.00685 ( 1)  0.224 +-  0.432

Positively selected sites

	Prob(w>1)  mean w

    94 T      0.620         3.642 +- 2.932
    95 I      0.574         3.350 +- 2.818
   105 T      0.786         4.515 +- 2.968

