Supplemental results for CODEML (seqf: algn  treef: tree)


dN/dS (w) for site classes (K=2)

p:   0.45982  0.54018
w:   0.08592  1.00000

Naive Empirical Bayes (NEB) probabilities for 2 classes & postmean_w
(amino acids refer to 1st sequence: BT_Cry24Ca1)

   1 -   0.45982 0.54018 ( 2)  0.580
   2 A   0.00454 0.99546 ( 2)  0.996
   3 D   0.99786 0.00214 ( 1)  0.088
   4 K   0.99627 0.00373 ( 1)  0.089
   5 I   0.99738 0.00262 ( 1)  0.088
   6 T   0.99895 0.00105 ( 1)  0.087
   7 Q   0.99883 0.00117 ( 1)  0.087
   8 I   0.99975 0.00025 ( 1)  0.086
   9 P   0.99191 0.00809 ( 1)  0.093
  10 A   0.99640 0.00360 ( 1)  0.089
  11 V   0.99552 0.00448 ( 1)  0.090
  12 K   0.99956 0.00044 ( 1)  0.086
  13 T   0.26848 0.73152 ( 2)  0.755
  14 W   0.15837 0.84163 ( 2)  0.855
  15 E   0.00005 0.99995 ( 2)  1.000
  16 I   0.30465 0.69535 ( 2)  0.722
  17 R   0.00400 0.99600 ( 2)  0.996
  18 G   0.00358 0.99642 ( 2)  0.997
  19 T   0.00720 0.99280 ( 2)  0.993
  20 S   0.09627 0.90373 ( 2)  0.912
  21 S   0.29559 0.70441 ( 2)  0.730
  22 V   0.99956 0.00044 ( 1)  0.086
  23 V   0.42213 0.57787 ( 2)  0.614
  24 A   0.61742 0.38258 ( 1)  0.436
  25 G   0.99749 0.00251 ( 1)  0.088
  26 P   0.99980 0.00020 ( 1)  0.086
  27 G   0.99990 0.00010 ( 1)  0.086
  28 N   0.76709 0.23291 ( 1)  0.299
  29 T   0.99957 0.00043 ( 1)  0.086
  30 G   0.99963 0.00037 ( 1)  0.086
  31 G   0.99855 0.00145 ( 1)  0.087
  32 N   0.91242 0.08758 ( 1)  0.166
  33 L   0.99325 0.00675 ( 1)  0.092
  34 V   0.98874 0.01126 ( 1)  0.096
  35 K   0.03832 0.96168 ( 2)  0.965
  36 M   0.81429 0.18571 ( 1)  0.256
  37 S   0.96789 0.03211 ( 1)  0.115
  38 Y   0.01063 0.98937 ( 2)  0.990
  39 H   0.01876 0.98124 ( 2)  0.983
  40 S   0.00050 0.99950 ( 2)  1.000
  41 V   0.00061 0.99939 ( 2)  0.999
  42 W   0.00235 0.99765 ( 2)  0.998
  43 N   0.00007 0.99993 ( 2)  1.000
  44 I   0.99271 0.00729 ( 1)  0.093
  45 K   0.24347 0.75653 ( 2)  0.777
  46 F   0.60021 0.39979 ( 1)  0.451
  47 T   0.00056 0.99944 ( 2)  0.999
  48 C   0.02066 0.97934 ( 2)  0.981
  49 -   0.72733 0.27267 ( 1)  0.335
  50 -   0.56381 0.43619 ( 1)  0.485
  51 -   0.17571 0.82429 ( 2)  0.839
  52 -   0.88647 0.11353 ( 1)  0.190
  53 -   0.05268 0.94732 ( 2)  0.952
  54 -   0.00018 0.99982 ( 2)  1.000
  55 -   0.00032 0.99968 ( 2)  1.000
  56 Q   0.16696 0.83304 ( 2)  0.847
  57 Q   0.00258 0.99742 ( 2)  0.998
  58 L   0.00001 0.99999 ( 2)  1.000
  59 K   0.35277 0.64723 ( 2)  0.678
  60 R   0.00912 0.99088 ( 2)  0.992
  61 Y   0.93478 0.06522 ( 1)  0.146
  62 R   0.00001 0.99999 ( 2)  1.000
  63 V   0.81130 0.18870 ( 1)  0.258
  64 R   0.99418 0.00582 ( 1)  0.091
  65 I   0.99391 0.00609 ( 1)  0.091
  66 R   0.99402 0.00598 ( 1)  0.091
  67 Y   0.99982 0.00018 ( 1)  0.086
  68 A   0.99970 0.00030 ( 1)  0.086
  69 S   0.96861 0.03139 ( 1)  0.115
  70 D   0.18641 0.81359 ( 2)  0.830
  71 G   0.02263 0.97737 ( 2)  0.979
  72 N   0.98270 0.01730 ( 1)  0.102
  73 C   0.03840 0.96160 ( 2)  0.965
  74 Q   0.13777 0.86223 ( 2)  0.874
  75 L   0.99123 0.00877 ( 1)  0.094
  76 A   0.00027 0.99973 ( 2)  1.000
  77 M   0.65961 0.34039 ( 1)  0.397
  78 R   0.15130 0.84870 ( 2)  0.862
  79 R   0.65917 0.34083 ( 1)  0.397
  80 W   0.00079 0.99921 ( 2)  0.999
  81 R   0.00001 0.99999 ( 2)  1.000
  82 G   0.05720 0.94280 ( 2)  0.948
  83 G   0.00361 0.99639 ( 2)  0.997
  84 P   0.00008 0.99992 ( 2)  1.000
  85 G   0.52796 0.47204 ( 1)  0.517
  86 -   0.00002 0.99998 ( 2)  1.000
  87 -   0.45982 0.54018 ( 2)  0.580
  88 Y   0.05540 0.94460 ( 2)  0.949
  89 V   0.00301 0.99699 ( 2)  0.997
  90 Q   0.00134 0.99866 ( 2)  0.999
  91 E   0.14573 0.85427 ( 2)  0.867
  92 A   0.02891 0.97109 ( 2)  0.974
  93 R   0.00462 0.99538 ( 2)  0.996
  94 H   0.82608 0.17392 ( 1)  0.245
  95 T   0.15165 0.84835 ( 2)  0.861
  96 V   0.84389 0.15611 ( 1)  0.229
  97 Q   0.00016 0.99984 ( 2)  1.000
  98 R   0.01579 0.98421 ( 2)  0.986
  99 T   0.65636 0.34364 ( 1)  0.400
 100 F   0.21684 0.78316 ( 2)  0.802
 101 S   0.57047 0.42953 ( 1)  0.479
 102 -   0.45982 0.54018 ( 2)  0.580
 103 -   0.45982 0.54018 ( 2)  0.580
 104 G   0.90625 0.09375 ( 1)  0.172
 105 S   0.02434 0.97566 ( 2)  0.978
 106 M   0.94718 0.05282 ( 1)  0.134
 107 T   0.97231 0.02769 ( 1)  0.111
 108 Y   0.99952 0.00048 ( 1)  0.086
 109 D   0.21103 0.78897 ( 2)  0.807
 110 S   0.00201 0.99799 ( 2)  0.998
 111 F   0.99957 0.00043 ( 1)  0.086
 112 K   0.95341 0.04659 ( 1)  0.129
 113 Y   0.99667 0.00333 ( 1)  0.089
 114 L   0.00025 0.99975 ( 2)  1.000
 115 D   0.99993 0.00007 ( 1)  0.086
 116 I   0.00380 0.99620 ( 2)  0.997
 117 F   0.02275 0.97725 ( 2)  0.979
 118 -   0.49533 0.50467 ( 2)  0.547
 119 -   0.49543 0.50457 ( 2)  0.547
 120 -   0.07088 0.92912 ( 2)  0.935
 121 -   0.50391 0.49609 ( 1)  0.539
 122 -   0.50014 0.49986 ( 1)  0.543
 123 -   0.48126 0.51874 ( 2)  0.560
 124 T   0.00179 0.99821 ( 2)  0.998
 125 M   0.00058 0.99942 ( 2)  0.999
 126 P   0.00000 1.00000 ( 2)  1.000
 127 A   0.08014 0.91986 ( 2)  0.927
 128 E   0.04305 0.95695 ( 2)  0.961
 129 D   0.06159 0.93841 ( 2)  0.944
 130 Y   0.00033 0.99967 ( 2)  1.000
 131 T   0.00041 0.99959 ( 2)  1.000
 132 F   0.50279 0.49721 ( 1)  0.540
 133 N   0.00017 0.99983 ( 2)  1.000
 134 L   0.48793 0.51207 ( 2)  0.554
 135 T   0.00123 0.99877 ( 2)  0.999
 136 I   0.36248 0.63752 ( 2)  0.669
 137 D   0.00014 0.99986 ( 2)  1.000
 138 L   0.05560 0.94440 ( 2)  0.949
 139 E   0.00257 0.99743 ( 2)  0.998
 140 S   0.81215 0.18785 ( 1)  0.258
 141 G   0.99949 0.00051 ( 1)  0.086
 142 G   0.99949 0.00051 ( 1)  0.086
 143 A   0.00608 0.99392 ( 2)  0.994
 144 L   0.96550 0.03450 ( 1)  0.117
 145 Y   0.00139 0.99861 ( 2)  0.999
 146 I   0.99754 0.00246 ( 1)  0.088
 147 D   0.99940 0.00060 ( 1)  0.086
 148 K   0.99582 0.00418 ( 1)  0.090
 149 I   0.99902 0.00098 ( 1)  0.087
 150 E   0.99986 0.00014 ( 1)  0.086
 151 F   0.99605 0.00395 ( 1)  0.090
 152 -   0.99955 0.00045 ( 1)  0.086
 153 -   0.45982 0.54018 ( 2)  0.580


lnL = -2692.243235

