Supplemental results for CODEML (seqf: algn  treef: tree)


dN/dS (w) for site classes (K=3)

p:   0.14411  0.60583  0.25006
w:   0.01121  0.16809  0.74705

Naive Empirical Bayes (NEB) probabilities for 3 classes & postmean_w
(amino acids refer to 1st sequence: BT_Cry19Aa1)

   1 -   0.14411 0.60583 0.25006 ( 2)  0.290
   2 -   0.14411 0.60583 0.25006 ( 2)  0.290
   3 E   0.00000 0.00067 0.99933 ( 3)  0.747
   4 V   0.00407 0.99578 0.00016 ( 2)  0.168
   5 K   0.99642 0.00358 0.00000 ( 1)  0.012
   6 T   0.00473 0.95476 0.04050 ( 2)  0.191
   7 E   0.87220 0.12780 0.00000 ( 1)  0.031
   8 L   0.96244 0.03755 0.00001 ( 1)  0.017
   9 T   0.88868 0.11128 0.00004 ( 1)  0.029
  10 R   0.98825 0.01175 0.00000 ( 1)  0.013
  11 E   0.92064 0.07936 0.00000 ( 1)  0.024
  12 I   0.56655 0.43332 0.00012 ( 1)  0.079
  13 Y   0.99417 0.00583 0.00000 ( 1)  0.012
  14 S   0.03380 0.95888 0.00732 ( 2)  0.167
  15 D   0.07737 0.92257 0.00006 ( 2)  0.156
  16 V   0.01267 0.98546 0.00187 ( 2)  0.167
  17 I   0.00146 0.99698 0.00156 ( 2)  0.169
  18 N   0.00042 0.99910 0.00047 ( 2)  0.168
  19 G   0.00000 0.60426 0.39574 ( 2)  0.397
  20 E   0.00000 0.75278 0.24722 ( 2)  0.311
  21 I   0.00000 0.10277 0.89723 ( 3)  0.688
  22 Y   0.00000 0.38618 0.61382 ( 3)  0.523
  23 G   0.00005 0.86596 0.13399 ( 2)  0.246
  24 L   0.00000 0.23435 0.76565 ( 3)  0.611
  25 M   0.00024 0.77803 0.22173 ( 2)  0.296
  26 -   0.01266 0.58136 0.40599 ( 2)  0.401
  27 T   0.00001 0.11747 0.88252 ( 3)  0.679
  28 P   0.00000 0.70822 0.29178 ( 2)  0.337
  29 Y   0.00000 0.71316 0.28684 ( 2)  0.334
  30 F   0.00000 0.01691 0.98309 ( 3)  0.737
  31 S   0.00000 0.92375 0.07625 ( 2)  0.212
  32 F   0.00012 0.98112 0.01876 ( 2)  0.179
  33 E   0.00000 0.40541 0.59459 ( 3)  0.512
  34 K   0.00000 0.75162 0.24838 ( 2)  0.312
  35 A   0.00000 0.12333 0.87667 ( 3)  0.676
  36 E   0.99373 0.00627 0.00000 ( 1)  0.012
  37 S   0.00061 0.89576 0.10363 ( 2)  0.228
  38 L   0.00003 0.98621 0.01376 ( 2)  0.176
  39 Y   0.12580 0.87405 0.00015 ( 2)  0.148
  40 T   0.99057 0.00943 0.00000 ( 1)  0.013
  41 R   0.41233 0.58540 0.00227 ( 2)  0.105
  42 A   0.00000 0.52735 0.47265 ( 2)  0.442
  43 P   0.98191 0.01809 0.00000 ( 1)  0.014
  44 H   0.00005 0.99927 0.00068 ( 2)  0.168
  45 L   0.04353 0.95349 0.00298 ( 2)  0.163
  46 F   0.81523 0.18466 0.00011 ( 1)  0.040
  47 T   0.99650 0.00350 0.00000 ( 1)  0.012
  48 W   0.62377 0.37608 0.00015 ( 1)  0.070
  49 L   0.42463 0.57504 0.00033 ( 2)  0.102
  50 K   0.13502 0.80911 0.05587 ( 2)  0.179
  51 G   0.00181 0.99322 0.00496 ( 2)  0.171
  52 F   0.00023 0.99476 0.00501 ( 2)  0.171
  53 R   0.00000 0.86534 0.13466 ( 2)  0.246
  54 F   0.96860 0.03140 0.00000 ( 1)  0.016
  55 V   0.11335 0.88551 0.00114 ( 2)  0.151
  56 T   0.97966 0.02033 0.00001 ( 1)  0.014
  57 N   0.00012 0.99903 0.00085 ( 2)  0.169
  58 S   0.00000 0.07495 0.92505 ( 3)  0.704
  59 I   0.00000 0.95229 0.04770 ( 2)  0.196
  60 S   0.00000 0.84060 0.15940 ( 2)  0.260
  61 -   0.00000 0.10099 0.89900 ( 3)  0.689
  62 -   0.00237 0.97841 0.01921 ( 2)  0.179
  63 -   0.00000 0.17051 0.82949 ( 3)  0.648
  64 -   0.00000 0.00876 0.99124 ( 3)  0.742
  65 -   0.00001 0.38751 0.61248 ( 3)  0.523
  66 -   0.00033 0.85324 0.14643 ( 2)  0.253
  67 Y   0.00000 0.03214 0.96786 ( 3)  0.728
  68 W   0.00105 0.82195 0.17700 ( 2)  0.270
  69 T   0.00000 0.78418 0.21582 ( 2)  0.293
  70 F   0.00047 0.99388 0.00565 ( 2)  0.171
  71 L   0.53635 0.46362 0.00003 ( 1)  0.084
  72 S   0.00833 0.98150 0.01017 ( 2)  0.173
  73 G   0.79161 0.20837 0.00002 ( 1)  0.044
  74 G   0.00000 0.01332 0.98668 ( 3)  0.739
  75 Q   0.00000 0.87892 0.12108 ( 2)  0.238
  76 N   0.00047 0.99910 0.00043 ( 2)  0.168
  77 K   0.00000 0.95092 0.04908 ( 2)  0.197
  78 Y   0.00172 0.99650 0.00178 ( 2)  0.169
  79 S   0.00005 0.98673 0.01322 ( 2)  0.176
  80 Y   0.00000 0.84840 0.15160 ( 2)  0.256
  81 T   0.18444 0.80840 0.00717 ( 2)  0.143
  82 N   0.00000 0.06141 0.93859 ( 3)  0.711
  83 -   0.07029 0.75722 0.17249 ( 2)  0.257
  84 N   0.00000 0.00529 0.99471 ( 3)  0.744
  85 S   0.00000 0.02658 0.97342 ( 3)  0.732
  86 S   0.00000 0.01309 0.98691 ( 3)  0.739
  87 I   0.00001 0.92628 0.07371 ( 2)  0.211
  88 N   0.00000 0.00102 0.99898 ( 3)  0.746
  89 E   0.00000 0.00057 0.99943 ( 3)  0.747
  90 G   0.00097 0.99392 0.00511 ( 2)  0.171
  91 S   0.00672 0.99262 0.00066 ( 2)  0.167
  92 F   0.00005 0.99210 0.00784 ( 2)  0.173
  93 R   0.00000 0.00003 0.99997 ( 3)  0.747
  94 G   0.93306 0.06694 0.00000 ( 1)  0.022
  95 Q   0.00000 0.06891 0.93109 ( 3)  0.707
  96 D   0.00000 0.85894 0.14106 ( 2)  0.250
  97 T   0.00000 0.54189 0.45811 ( 2)  0.433
  98 D   0.00000 0.02404 0.97596 ( 3)  0.733
  99 Y   0.00041 0.89206 0.10753 ( 2)  0.230
 100 G   0.00007 0.99202 0.00791 ( 2)  0.173
 101 G   0.11133 0.88619 0.00248 ( 2)  0.152
 102 T   0.00158 0.90815 0.09027 ( 2)  0.220
 103 S   0.00000 0.22906 0.77094 ( 3)  0.614
 104 S   0.01605 0.98178 0.00217 ( 2)  0.167
 105 T   0.00000 0.09755 0.90245 ( 3)  0.691
 106 I   0.00015 0.84864 0.15121 ( 2)  0.256
 107 N   0.00000 0.17129 0.82871 ( 3)  0.648
 108 I   0.00010 0.98150 0.01840 ( 2)  0.179
 109 P   0.00000 0.00387 0.99613 ( 3)  0.745
 110 S   0.00000 0.04590 0.95410 ( 3)  0.720
 111 N   0.00000 0.16353 0.83647 ( 3)  0.652
 112 S   0.00000 0.04906 0.95094 ( 3)  0.719
 113 Y   0.00000 0.85686 0.14314 ( 2)  0.251
 114 V   0.00002 0.95871 0.04127 ( 2)  0.192
 115 Y   0.05158 0.94791 0.00051 ( 2)  0.160
 116 N   0.00000 0.89892 0.10107 ( 2)  0.227
 117 L   0.00133 0.98039 0.01828 ( 2)  0.178
 118 W   0.00004 0.32693 0.67302 ( 3)  0.558
 119 T   0.00002 0.65250 0.34748 ( 2)  0.369
 120 E   0.00131 0.99115 0.00754 ( 2)  0.172
 121 N   0.00009 0.89870 0.10121 ( 2)  0.227
 122 Y   0.05560 0.94168 0.00272 ( 2)  0.161
 123 E   0.00000 0.92103 0.07897 ( 2)  0.214
 124 Y   0.00000 0.00168 0.99832 ( 3)  0.746
 125 I   0.00000 0.95058 0.04942 ( 2)  0.197
 126 Y   0.00001 0.96180 0.03819 ( 2)  0.190
 127 P   0.00007 0.95748 0.04245 ( 2)  0.193
 128 W   0.00001 0.67768 0.32231 ( 2)  0.355
 129 G   0.00000 0.00017 0.99983 ( 3)  0.747
 130 D   0.00001 0.99517 0.00483 ( 2)  0.171
 131 P   0.00000 0.89174 0.10826 ( 2)  0.231
 132 V   0.00000 0.25735 0.74265 ( 3)  0.598
 133 N   0.00025 0.99891 0.00084 ( 2)  0.169
 134 I   0.57390 0.42588 0.00022 ( 1)  0.078
 135 T   0.00000 0.52675 0.47325 ( 2)  0.442
 136 K   0.00001 0.97212 0.02787 ( 2)  0.184
 137 M   0.00034 0.99923 0.00043 ( 2)  0.168
 138 N   0.00000 0.93954 0.06046 ( 2)  0.203
 139 F   0.99770 0.00230 0.00000 ( 1)  0.012
 140 S   0.00039 0.98324 0.01636 ( 2)  0.178
 141 V   0.00000 0.00641 0.99359 ( 3)  0.743
 142 T   0.01578 0.96053 0.02369 ( 2)  0.179
 143 D   0.12086 0.87746 0.00168 ( 2)  0.150
 144 -   0.16741 0.64124 0.19134 ( 2)  0.253
 145 N   0.97313 0.02687 0.00000 ( 1)  0.015
 146 -   0.00273 0.70952 0.28775 ( 2)  0.334
 147 N   0.97891 0.02109 0.00000 ( 1)  0.015
 148 S   0.00000 0.02048 0.97952 ( 3)  0.735
 149 S   0.00000 0.20614 0.79386 ( 3)  0.628
 150 K   0.00000 0.00591 0.99409 ( 3)  0.744
 151 E   0.00000 0.91325 0.08674 ( 2)  0.218
 152 L   0.00000 0.01553 0.98447 ( 3)  0.738
 153 I   0.00000 0.84994 0.15005 ( 2)  0.255
 154 Y   0.99616 0.00384 0.00000 ( 1)  0.012
 155 G   0.00005 0.99749 0.00246 ( 2)  0.170
 156 -   0.01608 0.64123 0.34269 ( 2)  0.364
 157 -   0.01201 0.57108 0.41692 ( 2)  0.408
 158 A   0.00001 0.65358 0.34641 ( 2)  0.369
 159 H   0.00000 0.08753 0.91247 ( 3)  0.696
 160 R   0.00001 0.88167 0.11832 ( 2)  0.237
 161 T   0.00001 0.42267 0.57731 ( 3)  0.502
 162 N   0.00418 0.99468 0.00114 ( 2)  0.168
 163 K   0.00000 0.31415 0.68585 ( 3)  0.565
 164 P   0.00156 0.99807 0.00037 ( 2)  0.168
 165 V   0.00000 0.83189 0.16811 ( 2)  0.265
 166 V   0.01489 0.98490 0.00021 ( 2)  0.166
 167 R   0.00001 0.91652 0.08347 ( 2)  0.216
 168 T   0.18255 0.81695 0.00050 ( 2)  0.140
 169 D   0.00002 0.99810 0.00188 ( 2)  0.169
 170 F   0.00301 0.99669 0.00030 ( 2)  0.168
 171 D   0.00000 0.97866 0.02134 ( 2)  0.180
 172 F   0.00187 0.99793 0.00020 ( 2)  0.168
 173 -   0.00100 0.58079 0.41821 ( 2)  0.410
 174 L   0.00713 0.99044 0.00243 ( 2)  0.168
 175 T   0.00000 0.54745 0.45255 ( 2)  0.430
 176 N   0.00019 0.99169 0.00812 ( 2)  0.173
 177 K   0.00161 0.99756 0.00083 ( 2)  0.168
 178 E   0.00000 0.45742 0.54258 ( 3)  0.482
 179 G   0.00002 0.90914 0.09084 ( 2)  0.221
 180 T   0.00705 0.98861 0.00434 ( 2)  0.169
 181 E   0.00000 0.51923 0.48077 ( 2)  0.446
 182 L   0.00001 0.62064 0.37935 ( 2)  0.388
 183 A   0.00001 0.66897 0.33102 ( 2)  0.360
 184 K   0.00767 0.98751 0.00481 ( 2)  0.170
 185 Y   0.00006 0.95653 0.04341 ( 2)  0.193
 186 N   0.01462 0.98507 0.00032 ( 2)  0.166
 187 D   0.00001 0.99605 0.00394 ( 2)  0.170
 188 Y   0.30696 0.69286 0.00018 ( 2)  0.120
 189 N   0.00000 0.57149 0.42851 ( 2)  0.416
 190 H   0.99792 0.00208 0.00000 ( 1)  0.012
 191 I   0.51885 0.48109 0.00006 ( 1)  0.087
 192 L   0.92477 0.07523 0.00000 ( 1)  0.023
 193 S   0.95668 0.04331 0.00001 ( 1)  0.018
 194 Y   0.02220 0.97489 0.00290 ( 2)  0.166
 195 M   0.00005 0.98389 0.01606 ( 2)  0.177
 196 L   0.11861 0.87459 0.00680 ( 2)  0.153
 197 I   0.00005 0.94505 0.05490 ( 2)  0.200
 198 N   0.00010 0.99561 0.00429 ( 2)  0.171
 199 -   0.00925 0.94853 0.04221 ( 2)  0.191
 200 -   0.00004 0.82664 0.17331 ( 2)  0.268
 201 -   0.15040 0.61691 0.23269 ( 2)  0.279
 202 -   0.00001 0.49410 0.50589 ( 3)  0.461
 203 G   0.00002 0.95175 0.04823 ( 2)  0.196
 204 E   0.00000 0.02849 0.97151 ( 3)  0.731
 205 T   0.00009 0.93711 0.06280 ( 2)  0.204
 206 F   0.00000 0.78168 0.21832 ( 2)  0.294
 207 G   0.00000 0.92264 0.07736 ( 2)  0.213
 208 Q   0.00000 0.01206 0.98794 ( 3)  0.740
 209 K   0.00000 0.97142 0.02858 ( 2)  0.185
 210 R   0.00000 0.86815 0.13185 ( 2)  0.244
 211 H   0.00265 0.98410 0.01325 ( 2)  0.175
 212 G   0.02252 0.97729 0.00019 ( 2)  0.165
 213 Y   0.00991 0.98913 0.00096 ( 2)  0.167
 214 S   0.00424 0.98348 0.01229 ( 2)  0.175
 215 F   0.99829 0.00171 0.00000 ( 1)  0.011
 216 A   0.00087 0.99508 0.00405 ( 2)  0.170
 217 F   0.05930 0.94068 0.00002 ( 2)  0.159
 218 T   0.60510 0.39462 0.00028 ( 1)  0.073
 219 H   0.99873 0.00127 0.00000 ( 1)  0.011
 220 S   0.02905 0.97090 0.00005 ( 2)  0.164
 221 S   0.99724 0.00276 0.00000 ( 1)  0.012
 222 -   0.14411 0.60583 0.25006 ( 2)  0.290
 223 -   0.14411 0.60583 0.25006 ( 2)  0.290

Positively selected sites

	Prob(w>1)  mean w



lnL = -6125.455120

