Supplemental results for CODEML (seqf: algn  treef: tree)


dN/dS (w) for site classes (K=2)

p:   0.83388  0.16612
w:   0.10956  1.00000

Naive Empirical Bayes (NEB) probabilities for 2 classes & postmean_w
(amino acids refer to 1st sequence: BT_Cry1Ca11)

   1 -   0.22325 0.77675 ( 2)  0.801
   2 -   0.99393 0.00607 ( 1)  0.115
   3 -   0.94326 0.05674 ( 1)  0.160
   4 G   0.89424 0.10576 ( 1)  0.204
   5 Q   0.99928 0.00072 ( 1)  0.110
   6 L   0.99700 0.00300 ( 1)  0.112
   7 T   0.99941 0.00059 ( 1)  0.110
   8 R   0.99604 0.00396 ( 1)  0.113
   9 E   0.99984 0.00016 ( 1)  0.110
  10 V   0.90721 0.09279 ( 1)  0.192
  11 Y   0.99987 0.00013 ( 1)  0.110
  12 T   0.64712 0.35288 ( 1)  0.424
  13 D   0.99956 0.00044 ( 1)  0.110
  14 P   0.98767 0.01233 ( 1)  0.121
  15 L   0.99826 0.00174 ( 1)  0.111
  16 I   0.90711 0.09289 ( 1)  0.192
  17 N   0.91939 0.08061 ( 1)  0.181
  18 F   0.98593 0.01407 ( 1)  0.122
  19 N   0.99994 0.00006 ( 1)  0.110
  20 P   0.94436 0.05564 ( 1)  0.159
  21 Q   0.07701 0.92299 ( 2)  0.931
  22 L   0.99857 0.00143 ( 1)  0.111
  23 Q   0.17451 0.82549 ( 2)  0.845
  24 S   0.99902 0.00098 ( 1)  0.110
  25 V   0.73108 0.26892 ( 1)  0.349
  26 A   0.99554 0.00446 ( 1)  0.114
  27 Q   0.82556 0.17444 ( 1)  0.265
  28 L   0.96436 0.03564 ( 1)  0.141
  29 P   0.99977 0.00023 ( 1)  0.110
  30 T   0.99062 0.00938 ( 1)  0.118
  31 F   0.99989 0.00011 ( 1)  0.110
  32 N   0.63672 0.36328 ( 1)  0.433
  33 V   0.98676 0.01324 ( 1)  0.121
  34 M   0.97834 0.02166 ( 1)  0.129
  35 E   0.99978 0.00022 ( 1)  0.110
  36 S   0.99841 0.00159 ( 1)  0.111
  37 S   0.28336 0.71664 ( 2)  0.748
  38 A   0.97106 0.02894 ( 1)  0.135
  39 I   0.99986 0.00014 ( 1)  0.110
  40 R   0.99973 0.00027 ( 1)  0.110
  41 N   0.96430 0.03570 ( 1)  0.141
  42 P   0.99978 0.00022 ( 1)  0.110
  43 H   0.99993 0.00007 ( 1)  0.110
  44 L   0.99696 0.00304 ( 1)  0.112
  45 F   0.78581 0.21419 ( 1)  0.300
  46 D   0.98848 0.01152 ( 1)  0.120
  47 I   0.95771 0.04229 ( 1)  0.147
  48 L   0.99788 0.00212 ( 1)  0.111
  49 N   0.98396 0.01604 ( 1)  0.124
  50 N   0.20294 0.79706 ( 2)  0.819
  51 L   0.99483 0.00517 ( 1)  0.114
  52 T   0.99924 0.00076 ( 1)  0.110
  53 I   0.99940 0.00060 ( 1)  0.110
  54 F   0.99774 0.00226 ( 1)  0.112
  55 T   0.99940 0.00060 ( 1)  0.110
  56 D   0.99990 0.00010 ( 1)  0.110
  57 W   0.93795 0.06205 ( 1)  0.165
  58 F   0.90422 0.09578 ( 1)  0.195
  59 S   0.98288 0.01712 ( 1)  0.125
  60 V   0.98062 0.01938 ( 1)  0.127
  61 G   0.99516 0.00484 ( 1)  0.114
  62 R   0.97649 0.02351 ( 1)  0.130
  63 N   0.99446 0.00554 ( 1)  0.114
  64 F   0.12727 0.87273 ( 2)  0.887
  65 Y   0.99809 0.00191 ( 1)  0.111
  66 W   0.99293 0.00707 ( 1)  0.116
  67 G   0.99944 0.00056 ( 1)  0.110
  68 G   0.99813 0.00187 ( 1)  0.111
  69 H   0.99957 0.00043 ( 1)  0.110
  70 R   0.61503 0.38497 ( 1)  0.452
  71 V   0.99015 0.00985 ( 1)  0.118
  72 I   0.22841 0.77159 ( 2)  0.797
  73 S   0.99712 0.00288 ( 1)  0.112
  74 S   0.10352 0.89648 ( 2)  0.908
  75 L   0.93109 0.06891 ( 1)  0.171
  76 I   0.97337 0.02663 ( 1)  0.133
  77 G   0.99944 0.00056 ( 1)  0.110
  78 G   0.92233 0.07767 ( 1)  0.179
  79 G   0.33108 0.66892 ( 2)  0.705
  80 N   0.99761 0.00239 ( 1)  0.112
  81 -   0.91080 0.08920 ( 1)  0.189
  82 -   0.83908 0.16092 ( 1)  0.253
  83 I   0.99976 0.00024 ( 1)  0.110
  84 T   0.28376 0.71624 ( 2)  0.747
  85 S   0.98512 0.01488 ( 1)  0.123
  86 P   0.99985 0.00015 ( 1)  0.110
  87 I   0.87820 0.12180 ( 1)  0.218
  88 Y   0.99972 0.00028 ( 1)  0.110
  89 G   0.99948 0.00052 ( 1)  0.110
  90 R   0.99439 0.00561 ( 1)  0.115
  91 E   0.99909 0.00091 ( 1)  0.110
  92 A   0.77022 0.22978 ( 1)  0.314
  93 N   0.99597 0.00403 ( 1)  0.113
  94 Q   0.56470 0.43530 ( 1)  0.497
  95 E   0.99680 0.00320 ( 1)  0.112
  96 P   0.02258 0.97742 ( 2)  0.980
  97 P   0.99934 0.00066 ( 1)  0.110
  98 R   0.88817 0.11183 ( 1)  0.209
  99 S   0.00262 0.99738 ( 2)  0.998
 100 F   0.95550 0.04450 ( 1)  0.149
 101 T   0.05549 0.94451 ( 2)  0.951
 102 F   0.90780 0.09220 ( 1)  0.192
 103 N   0.57472 0.42528 ( 1)  0.488
 104 G   0.74699 0.25301 ( 1)  0.335
 105 -   0.59858 0.40142 ( 1)  0.467
 106 -   0.71901 0.28099 ( 1)  0.360
 107 P   0.99809 0.00191 ( 1)  0.111
 108 V   0.99888 0.00112 ( 1)  0.111
 109 F   0.99901 0.00099 ( 1)  0.110
 110 R   0.98402 0.01598 ( 1)  0.124
 111 T   0.99948 0.00052 ( 1)  0.110
 112 L   0.99883 0.00117 ( 1)  0.111
 113 S   0.99891 0.00109 ( 1)  0.111
 114 N   0.89841 0.10159 ( 1)  0.200
 115 P   0.81982 0.18018 ( 1)  0.270
 116 T   0.99966 0.00034 ( 1)  0.110
 117 L   0.35462 0.64538 ( 2)  0.684
 118 R   0.98532 0.01468 ( 1)  0.123
 119 L   0.00006 0.99994 ( 2)  1.000
 120 L   0.63852 0.36148 ( 1)  0.431
 121 Q   0.05168 0.94832 ( 2)  0.954
 122 Q   0.96938 0.03062 ( 1)  0.137
 123 P   0.99974 0.00026 ( 1)  0.110
 124 W   0.01696 0.98304 ( 2)  0.985
 125 P   0.86518 0.13482 ( 1)  0.230
 126 A   0.37066 0.62934 ( 2)  0.670
 127 P   0.58732 0.41268 ( 1)  0.477
 128 P   0.73339 0.26661 ( 1)  0.347
 129 F   0.99355 0.00645 ( 1)  0.115
 130 N   0.37795 0.62205 ( 2)  0.663
 131 L   0.99345 0.00655 ( 1)  0.115
 132 R   0.98183 0.01817 ( 1)  0.126
 133 G   0.88436 0.11564 ( 1)  0.213
 134 V   0.54835 0.45165 ( 1)  0.512
 135 E   0.99902 0.00098 ( 1)  0.110
 136 G   0.99915 0.00085 ( 1)  0.110
 137 V   0.99928 0.00072 ( 1)  0.110
 138 E   0.99984 0.00016 ( 1)  0.110
 139 F   0.99958 0.00042 ( 1)  0.110
 140 S   0.46986 0.53014 ( 2)  0.582
 141 T   0.60168 0.39832 ( 1)  0.464
 142 P   0.84626 0.15374 ( 1)  0.246
 143 T   0.11958 0.88042 ( 2)  0.894
 144 -   0.83388 0.16612 ( 1)  0.257
 145 N   0.74490 0.25510 ( 1)  0.337
 146 S   0.97010 0.02990 ( 1)  0.136
 147 F   0.05493 0.94507 ( 2)  0.951
 148 T   0.94636 0.05364 ( 1)  0.157
 149 Y   0.99987 0.00013 ( 1)  0.110
 150 R   0.99963 0.00037 ( 1)  0.110
 151 G   0.97903 0.02097 ( 1)  0.128
 152 R   0.99722 0.00278 ( 1)  0.112
 153 G   0.99977 0.00023 ( 1)  0.110
 154 T   0.05868 0.94132 ( 2)  0.948
 155 V   0.96266 0.03734 ( 1)  0.143
 156 D   0.99995 0.00005 ( 1)  0.110
 157 S   0.99969 0.00031 ( 1)  0.110
 158 L   0.97969 0.02031 ( 1)  0.128
 159 T   0.78325 0.21675 ( 1)  0.303
 160 E   0.99855 0.00145 ( 1)  0.111
 161 L   0.99836 0.00164 ( 1)  0.111
 162 P   0.99614 0.00386 ( 1)  0.113
 163 P   0.99982 0.00018 ( 1)  0.110
 164 E   0.15279 0.84721 ( 2)  0.864
 165 D   0.99363 0.00637 ( 1)  0.115
 166 N   0.00406 0.99594 ( 2)  0.996
 167 S   0.78130 0.21870 ( 1)  0.304
 168 V   0.97801 0.02199 ( 1)  0.129
 169 P   0.95052 0.04948 ( 1)  0.154
 170 P   0.99982 0.00018 ( 1)  0.110
 171 R   0.01075 0.98925 ( 2)  0.990
 172 E   0.45632 0.54368 ( 2)  0.594
 173 G   0.87305 0.12695 ( 1)  0.223
 174 Y   0.99976 0.00024 ( 1)  0.110
 175 S   0.99995 0.00005 ( 1)  0.110
 176 H   0.99795 0.00205 ( 1)  0.111
 177 R   0.99966 0.00034 ( 1)  0.110
 178 L   0.99855 0.00145 ( 1)  0.111
 179 C   0.99925 0.00075 ( 1)  0.110
 180 H   0.99993 0.00007 ( 1)  0.110
 181 A   0.99966 0.00034 ( 1)  0.110
 182 T   0.99880 0.00120 ( 1)  0.111
 183 F   0.99994 0.00006 ( 1)  0.110
 184 V   0.99173 0.00827 ( 1)  0.117
 185 Q   0.91511 0.08489 ( 1)  0.185
 186 R   0.97908 0.02092 ( 1)  0.128
 187 S   0.99120 0.00880 ( 1)  0.117
 188 G   0.99509 0.00491 ( 1)  0.114
 189 T   0.82140 0.17860 ( 1)  0.269
 190 P   0.99974 0.00026 ( 1)  0.110
 191 F   0.56107 0.43893 ( 1)  0.500
 192 L   0.99419 0.00581 ( 1)  0.115
 193 T   0.82376 0.17624 ( 1)  0.266
 194 T   0.99721 0.00279 ( 1)  0.112
 195 G   0.99924 0.00076 ( 1)  0.110
 196 V   0.00003 0.99997 ( 2)  1.000
 197 V   0.99135 0.00865 ( 1)  0.117
 198 F   0.99888 0.00112 ( 1)  0.111
 199 S   0.99838 0.00162 ( 1)  0.111
 200 W   0.99293 0.00707 ( 1)  0.116
 201 T   0.99916 0.00084 ( 1)  0.110
 202 H   0.99978 0.00022 ( 1)  0.110
 203 R   0.99983 0.00017 ( 1)  0.110
 204 S   0.99971 0.00029 ( 1)  0.110


lnL = -2862.545353

