Supplemental results for CODEML (seqf: algn  treef: tree)


dN/dS (w) for site classes (K=3)

p:   0.67554  0.28414  0.04032
w:   0.15146  1.00000  7.17645

Naive Empirical Bayes (NEB) probabilities for 3 classes & postmean_w & P(w>1)
(amino acids refer to 1st sequence: BT_Cry32Ea1)

   1 -   0.67554 0.28414 0.04032 ( 1)  0.676  0.040
   2 S   0.75279 0.24700 0.00021 ( 1)  0.363  0.000
   3 A   0.99806 0.00194 0.00000 ( 1)  0.153  0.000
   4 I   0.81768 0.18228 0.00003 ( 1)  0.306  0.000
   5 A   0.99594 0.00406 0.00000 ( 1)  0.155  0.000
   6 G   0.96981 0.03018 0.00000 ( 1)  0.177  0.000
   7 L   0.72882 0.27115 0.00002 ( 1)  0.382  0.000
   8 F   0.76810 0.23186 0.00004 ( 1)  0.348  0.000
   9 N   0.88679 0.11314 0.00007 ( 1)  0.248  0.000
  10 V   0.99774 0.00226 0.00000 ( 1)  0.153  0.000
  11 L   0.94756 0.05244 0.00000 ( 1)  0.196  0.000
  12 L   0.83526 0.16439 0.00035 ( 1)  0.293  0.000
  13 P   0.99292 0.00708 0.00000 ( 1)  0.157  0.000
  14 Y   0.83557 0.16443 0.00000 ( 1)  0.291  0.000
  15 W   0.42612 0.57385 0.00002 ( 2)  0.639  0.000
  16 W   0.42796 0.57203 0.00001 ( 2)  0.637  0.000
  17 P   0.99479 0.00521 0.00000 ( 1)  0.156  0.000
  18 E   0.70384 0.29569 0.00047 ( 1)  0.406  0.000
  19 Q   0.06761 0.93086 0.00153 ( 2)  0.952  0.002
  20 A   0.80066 0.19870 0.00064 ( 1)  0.325  0.001
  21 G   0.46889 0.53048 0.00063 ( 2)  0.606  0.001
  22 A   0.06575 0.90489 0.02936 ( 2)  1.126  0.029
  23 P   0.26544 0.73431 0.00025 ( 2)  0.776  0.000
  24 G   0.84400 0.15593 0.00006 ( 1)  0.284  0.000
  25 T   0.13246 0.85912 0.00842 ( 2)  0.940  0.008
  26 P   0.35186 0.64617 0.00197 ( 2)  0.714  0.002
  27 Q   0.64034 0.35953 0.00013 ( 1)  0.457  0.000
  28 A   0.97808 0.02192 0.00000 ( 1)  0.170  0.000
  29 Q   0.99635 0.00365 0.00000 ( 1)  0.155  0.000
  30 F   0.05566 0.93960 0.00475 ( 2)  0.982  0.005
  31 S   0.77602 0.22385 0.00013 ( 1)  0.342  0.000
  32 W   0.35494 0.64505 0.00001 ( 2)  0.699  0.000
  33 N   0.00276 0.91889 0.07835 ( 2)  1.482  0.078
  34 Q   0.57409 0.42589 0.00002 ( 1)  0.513  0.000
  35 L   0.97071 0.02929 0.00000 ( 1)  0.176  0.000
  36 M   0.99860 0.00140 0.00000 ( 1)  0.153  0.000
  37 T   0.00967 0.98196 0.00837 ( 2)  1.044  0.008
  38 A   0.72035 0.27947 0.00018 ( 1)  0.390  0.000
  39 A   0.78180 0.21774 0.00047 ( 1)  0.340  0.000
  40 E   0.99869 0.00131 0.00000 ( 1)  0.153  0.000
  41 E   0.03348 0.96159 0.00494 ( 2)  1.002  0.005
  42 M   0.48842 0.51123 0.00035 ( 2)  0.588  0.000
  43 V   0.01912 0.95458 0.02630 ( 2)  1.146  0.026
  44 D   0.07098 0.92340 0.00562 ( 2)  0.975  0.006
  45 K   0.92424 0.07574 0.00002 ( 1)  0.216  0.000
  46 K   0.99060 0.00940 0.00000 ( 1)  0.159  0.000
  47 I   0.99753 0.00247 0.00000 ( 1)  0.154  0.000
  48 L   0.02246 0.94575 0.03179 ( 2)  1.177  0.032
  49 E   0.80469 0.19527 0.00004 ( 1)  0.317  0.000
  50 S   0.60074 0.39922 0.00004 ( 1)  0.491  0.000
  51 K   0.66971 0.32854 0.00175 ( 1)  0.443  0.002
  52 R   0.77213 0.22784 0.00003 ( 1)  0.345  0.000
  53 G   0.02258 0.94687 0.03055 ( 2)  1.170  0.031
  54 E   0.56100 0.43592 0.00309 ( 1)  0.543  0.003
  55 A   0.98472 0.01528 0.00000 ( 1)  0.164  0.000
  56 T   0.33151 0.66782 0.00067 ( 2)  0.723  0.001
  57 A   0.96897 0.03101 0.00002 ( 1)  0.178  0.000
  58 R   0.95061 0.04938 0.00000 ( 1)  0.193  0.000
  59 W   0.96326 0.03674 0.00000 ( 1)  0.183  0.000
  60 Q   0.78932 0.21063 0.00004 ( 1)  0.331  0.000
  61 G   0.97027 0.02971 0.00002 ( 1)  0.177  0.000
  62 I   0.98783 0.01217 0.00000 ( 1)  0.162  0.000
  63 Q   0.99635 0.00365 0.00000 ( 1)  0.155  0.000
  64 R   0.00000 0.01871 0.98129 ( 3)  7.061  0.981
  65 L   0.01074 0.94222 0.04704 ( 2)  1.281  0.047
  66 G   0.30145 0.68711 0.01144 ( 2)  0.815  0.011
  67 R   0.00610 0.34967 0.64423 ( 3)  4.974  0.644
  68 D   0.71819 0.28104 0.00077 ( 1)  0.395  0.001
  69 Y   0.82554 0.17442 0.00004 ( 1)  0.300  0.000
  70 Y   0.02545 0.90123 0.07331 ( 2)  1.431  0.073
  71 S   0.00021 0.34656 0.65323 ( 3)  5.034  0.653
  72 A   0.78902 0.21049 0.00048 ( 1)  0.333  0.000
  73 L   0.56955 0.42980 0.00065 ( 1)  0.521  0.001
  74 C   0.99218 0.00782 0.00000 ( 1)  0.158  0.000
  75 D   0.96259 0.03739 0.00001 ( 1)  0.183  0.000
  76 W   0.73633 0.26355 0.00011 ( 1)  0.376  0.000
  77 I   0.08373 0.91378 0.00249 ( 2)  0.944  0.002
  78 Q   0.00220 0.82594 0.17186 ( 2)  2.060  0.172
  79 D   0.98718 0.01282 0.00000 ( 1)  0.162  0.000
  80 Q   0.95498 0.04501 0.00001 ( 1)  0.190  0.000
  81 D   0.95965 0.04034 0.00001 ( 1)  0.186  0.000
  82 N   0.99906 0.00094 0.00000 ( 1)  0.152  0.000
  83 A   0.33171 0.66255 0.00574 ( 2)  0.754  0.006
  84 V   0.02585 0.93905 0.03510 ( 2)  1.195  0.035
  85 K   0.77800 0.22183 0.00017 ( 1)  0.341  0.000
  86 K   0.98901 0.01099 0.00000 ( 1)  0.161  0.000
  87 E   0.00001 0.22814 0.77185 ( 3)  5.767  0.772
  88 R   0.29571 0.70397 0.00033 ( 2)  0.751  0.000
  89 L   0.92777 0.07221 0.00003 ( 1)  0.213  0.000
  90 R   0.96136 0.03864 0.00001 ( 1)  0.184  0.000
  91 D   0.99477 0.00523 0.00000 ( 1)  0.156  0.000
  92 A   0.26491 0.73079 0.00430 ( 2)  0.802  0.004
  93 F   0.99816 0.00184 0.00000 ( 1)  0.153  0.000
  94 D   0.99493 0.00507 0.00000 ( 1)  0.156  0.000
  95 D   0.81085 0.18914 0.00001 ( 1)  0.312  0.000
  96 L   0.18989 0.79951 0.01060 ( 2)  0.904  0.011
  97 D   0.79659 0.20327 0.00014 ( 1)  0.325  0.000
  98 D   0.99928 0.00072 0.00000 ( 1)  0.152  0.000
  99 Q   0.04041 0.95653 0.00306 ( 2)  0.985  0.003
 100 L   0.50554 0.49386 0.00059 ( 1)  0.575  0.001
 101 K   0.92688 0.07302 0.00010 ( 1)  0.214  0.000
 102 L   0.03188 0.92287 0.04525 ( 2)  1.252  0.045
 103 A   0.81671 0.18328 0.00001 ( 1)  0.307  0.000
 104 M   0.99116 0.00884 0.00000 ( 1)  0.159  0.000
 105 P   0.99442 0.00558 0.00000 ( 1)  0.156  0.000
 106 F   0.07210 0.92431 0.00359 ( 2)  0.961  0.004
 107 F   0.99780 0.00220 0.00000 ( 1)  0.153  0.000
 108 S   0.00313 0.72918 0.26769 ( 2)  2.651  0.268
 109 V   0.81072 0.18896 0.00032 ( 1)  0.314  0.000
 110 Q   0.27467 0.72362 0.00171 ( 2)  0.778  0.002
 111 G   0.75522 0.24418 0.00060 ( 1)  0.363  0.001
 112 F   0.98484 0.01516 0.00000 ( 1)  0.164  0.000
 113 E   0.99869 0.00131 0.00000 ( 1)  0.153  0.000
 114 L   0.60758 0.39206 0.00036 ( 1)  0.487  0.000
 115 P   0.68181 0.31792 0.00027 ( 1)  0.423  0.000
 116 M   0.99860 0.00140 0.00000 ( 1)  0.153  0.000
 117 L   0.98764 0.01236 0.00000 ( 1)  0.162  0.000
 118 S   0.27758 0.72220 0.00021 ( 2)  0.766  0.000
 119 M   0.99860 0.00140 0.00000 ( 1)  0.153  0.000
 120 Y   0.99613 0.00387 0.00000 ( 1)  0.155  0.000
 121 A   0.99643 0.00357 0.00000 ( 1)  0.154  0.000
 122 Q   0.99635 0.00365 0.00000 ( 1)  0.155  0.000
 123 A   0.99652 0.00348 0.00000 ( 1)  0.154  0.000
 124 A   0.99464 0.00536 0.00000 ( 1)  0.156  0.000
 125 N   0.99926 0.00074 0.00000 ( 1)  0.152  0.000
 126 M   0.96729 0.03271 0.00000 ( 1)  0.179  0.000
 127 H   0.99070 0.00930 0.00000 ( 1)  0.159  0.000
 128 L   0.97426 0.02574 0.00000 ( 1)  0.173  0.000
 129 L   0.63158 0.36837 0.00005 ( 1)  0.464  0.000
 130 L   0.33709 0.66278 0.00013 ( 2)  0.715  0.000
 131 L   0.98764 0.01236 0.00000 ( 1)  0.162  0.000
 132 R   0.80173 0.19826 0.00000 ( 1)  0.320  0.000
 133 D   0.99907 0.00093 0.00000 ( 1)  0.152  0.000
 134 V   0.99576 0.00423 0.00000 ( 1)  0.155  0.000
 135 V   0.96581 0.03418 0.00000 ( 1)  0.180  0.000
 136 Q   0.01334 0.84548 0.14118 ( 2)  1.861  0.141
 137 N   0.98996 0.01004 0.00000 ( 1)  0.160  0.000
 138 G   0.99346 0.00654 0.00000 ( 1)  0.157  0.000
 139 V   0.00049 0.87387 0.12564 ( 2)  1.776  0.126
 140 S   0.10797 0.89149 0.00054 ( 2)  0.912  0.001
 141 W   0.96326 0.03674 0.00000 ( 1)  0.183  0.000
 142 G   0.99722 0.00278 0.00000 ( 1)  0.154  0.000
 143 F   0.98067 0.01933 0.00000 ( 1)  0.168  0.000
 144 A   0.00000 0.09322 0.90678 ( 3)  6.601  0.907
 145 P   0.97320 0.02680 0.00000 ( 1)  0.174  0.000
 146 Y   0.00017 0.58471 0.41512 ( 2)  3.564  0.415
 147 E   0.34340 0.65608 0.00052 ( 2)  0.712  0.001
 148 V   0.97628 0.02372 0.00000 ( 1)  0.172  0.000
 149 D   0.99901 0.00099 0.00000 ( 1)  0.152  0.000
 150 R   0.53304 0.46688 0.00008 ( 1)  0.548  0.000
 151 Y   0.99543 0.00457 0.00000 ( 1)  0.155  0.000
 152 Y   0.99613 0.00387 0.00000 ( 1)  0.155  0.000
 153 F   0.00002 0.30424 0.69574 ( 3)  5.297  0.696
 154 D   0.96035 0.03964 0.00001 ( 1)  0.185  0.000
 155 P   0.00064 0.82292 0.17644 ( 2)  2.089  0.176
 156 S   0.08774 0.90762 0.00464 ( 2)  0.954  0.005
 157 G   0.00008 0.32209 0.67783 ( 3)  5.187  0.678
 158 -   0.67554 0.28414 0.04032 ( 1)  0.676  0.040
 159 Q   0.02640 0.96729 0.00631 ( 2)  1.017  0.006
 160 R   0.02233 0.97510 0.00258 ( 2)  0.997  0.003
 161 S   0.98456 0.01543 0.00001 ( 1)  0.165  0.000
 162 P   0.95886 0.04113 0.00001 ( 1)  0.186  0.000
 163 G   0.99402 0.00598 0.00000 ( 1)  0.157  0.000
 164 L   0.98650 0.01349 0.00000 ( 1)  0.163  0.000
 165 L   0.64161 0.35775 0.00064 ( 1)  0.460  0.001
 166 Q   0.97592 0.02408 0.00000 ( 1)  0.172  0.000
 167 L   0.98445 0.01555 0.00000 ( 1)  0.165  0.000
 168 L   0.91547 0.08453 0.00001 ( 1)  0.223  0.000
 169 G   0.00873 0.66493 0.32633 ( 2)  3.008  0.326
 170 T   0.00018 0.28217 0.71765 ( 3)  5.432  0.718
 171 Y   0.99545 0.00455 0.00000 ( 1)  0.155  0.000
 172 T   0.99774 0.00226 0.00000 ( 1)  0.153  0.000
 173 N   0.93617 0.06382 0.00001 ( 1)  0.206  0.000
 174 Y   0.97260 0.02740 0.00000 ( 1)  0.175  0.000
 175 C   0.99348 0.00652 0.00000 ( 1)  0.157  0.000
 176 V   0.78807 0.21114 0.00079 ( 1)  0.336  0.001
 177 E   0.00973 0.95813 0.03213 ( 2)  1.190  0.032
 178 W   0.96326 0.03674 0.00000 ( 1)  0.183  0.000
 179 Y   0.99613 0.00387 0.00000 ( 1)  0.155  0.000
 180 E   0.93843 0.06150 0.00007 ( 1)  0.204  0.000
 181 K   0.06486 0.87627 0.05887 ( 2)  1.309  0.059
 182 G   0.99670 0.00330 0.00000 ( 1)  0.154  0.000
 183 L   0.98764 0.01236 0.00000 ( 1)  0.162  0.000
 184 Q   0.09824 0.90110 0.00065 ( 2)  0.921  0.001
 185 E   0.07186 0.92485 0.00329 ( 2)  0.959  0.003
 186 Q   0.97564 0.02436 0.00000 ( 1)  0.172  0.000
 187 Y   0.99484 0.00516 0.00000 ( 1)  0.156  0.000
 188 N   0.00220 0.84843 0.14937 ( 2)  1.921  0.149
 189 -   0.67554 0.28414 0.04032 ( 1)  0.676  0.040
 190 -   0.67554 0.28414 0.04032 ( 1)  0.676  0.040
 191 T   0.96136 0.03864 0.00000 ( 1)  0.184  0.000
 192 G   0.88714 0.11286 0.00000 ( 1)  0.247  0.000
 193 R   0.00585 0.85261 0.14154 ( 2)  1.869  0.142
 194 W   0.96326 0.03674 0.00000 ( 1)  0.183  0.000
 195 D   0.24509 0.74305 0.01187 ( 2)  0.865  0.012
 196 K   0.65041 0.34943 0.00016 ( 1)  0.449  0.000
 197 F   0.92081 0.07919 0.00000 ( 1)  0.219  0.000
 198 N   0.99926 0.00074 0.00000 ( 1)  0.152  0.000
 199 N   0.79492 0.20464 0.00044 ( 1)  0.328  0.000
 200 F   0.98677 0.01323 0.00000 ( 1)  0.163  0.000
 201 R   0.99200 0.00800 0.00000 ( 1)  0.158  0.000
 202 R   0.39262 0.60651 0.00088 ( 2)  0.672  0.001
 203 N   0.98617 0.01382 0.00001 ( 1)  0.163  0.000
 204 M   0.99860 0.00140 0.00000 ( 1)  0.153  0.000
 205 T   0.98091 0.01909 0.00000 ( 1)  0.168  0.000
 206 I   0.98667 0.01333 0.00000 ( 1)  0.163  0.000
 207 M   0.85864 0.14132 0.00004 ( 1)  0.272  0.000
 208 V   0.99709 0.00291 0.00000 ( 1)  0.154  0.000
 209 L   0.98596 0.01404 0.00000 ( 1)  0.163  0.000
 210 D   0.99928 0.00072 0.00000 ( 1)  0.152  0.000
 211 T   0.75761 0.24218 0.00020 ( 1)  0.358  0.000
 212 V   0.99774 0.00226 0.00000 ( 1)  0.153  0.000
 213 A   0.84030 0.15918 0.00053 ( 1)  0.290  0.001
 214 I   0.02751 0.96513 0.00735 ( 2)  1.022  0.007
 215 W   0.96326 0.03674 0.00000 ( 1)  0.183  0.000
 216 P   0.99516 0.00484 0.00000 ( 1)  0.156  0.000
 217 T   0.99750 0.00250 0.00000 ( 1)  0.154  0.000

Positively selected sites

	Prob(w>1)  mean w

    64 R      0.981*        7.061
    67 R      0.644         4.974
    71 S      0.653         5.034
    87 E      0.772         5.767
   144 A      0.907         6.601
   153 F      0.696         5.297
   157 G      0.678         5.187
   170 T      0.718         5.432


lnL = -3237.354363

Bayes Empirical Bayes (BEB) probabilities for 3 classes (class) & postmean_w
(amino acids refer to 1st sequence: BT_Cry32Ea1)

   1 -   0.66666 0.28785 0.04549 ( 1)  0.713 +-  1.523
   2 S   0.74629 0.25313 0.00058 ( 1)  0.368 +-  0.387
   3 A   0.99801 0.00199 0.00000 ( 1)  0.152 +-  0.038
   4 I   0.81111 0.18879 0.00009 ( 1)  0.311 +-  0.336
   5 A   0.99582 0.00418 0.00000 ( 1)  0.154 +-  0.055
   6 G   0.96866 0.03133 0.00001 ( 1)  0.177 +-  0.149
   7 L   0.72109 0.27879 0.00012 ( 1)  0.387 +-  0.383
   8 F   0.76085 0.23903 0.00012 ( 1)  0.354 +-  0.366
   9 N   0.88236 0.11753 0.00011 ( 1)  0.250 +-  0.281
  10 V   0.99768 0.00232 0.00000 ( 1)  0.152 +-  0.041
  11 L   0.94592 0.05405 0.00003 ( 1)  0.196 +-  0.193
  12 L   0.83026 0.16908 0.00066 ( 1)  0.297 +-  0.349
  13 P   0.99270 0.00730 0.00000 ( 1)  0.156 +-  0.072
  14 Y   0.83049 0.16942 0.00008 ( 1)  0.294 +-  0.320
  15 W   0.42062 0.57852 0.00086 ( 2)  0.644 +-  0.426
  16 W   0.42111 0.57847 0.00042 ( 2)  0.643 +-  0.422
  17 P   0.99463 0.00537 0.00000 ( 1)  0.155 +-  0.062
  18 E   0.69523 0.30405 0.00072 ( 1)  0.413 +-  0.423
  19 Q   0.06583 0.93102 0.00314 ( 2)  0.957 +-  0.340
  20 A   0.79398 0.20520 0.00082 ( 1)  0.330 +-  0.396
  21 G   0.46127 0.53710 0.00163 ( 2)  0.614 +-  0.462
  22 A   0.06375 0.90198 0.03428 ( 2)  1.165 +-  1.258
  23 P   0.26003 0.73916 0.00081 ( 2)  0.781 +-  0.390
  24 G   0.83832 0.16156 0.00012 ( 1)  0.288 +-  0.319
  25 T   0.12939 0.85863 0.01198 ( 2)  0.952 +-  0.696
  26 P   0.34556 0.65019 0.00425 ( 2)  0.723 +-  0.507
  27 Q   0.63195 0.36771 0.00034 ( 1)  0.464 +-  0.419
  28 A   0.97724 0.02275 0.00001 ( 1)  0.169 +-  0.127
  29 Q   0.99624 0.00376 0.00000 ( 1)  0.153 +-  0.052
  30 F   0.05404 0.93691 0.00905 ( 2)  0.993 +-  0.496
  31 S   0.76890 0.23079 0.00031 ( 1)  0.348 +-  0.369
  32 W   0.34912 0.65024 0.00064 ( 2)  0.704 +-  0.409
  33 N   0.00260 0.90738 0.09002 ( 2)  1.523 +-  1.792
  34 Q   0.56594 0.43382 0.00024 ( 1)  0.519 +-  0.423
  35 L   0.96977 0.03023 0.00001 ( 1)  0.176 +-  0.146
  36 M   0.99856 0.00144 0.00000 ( 1)  0.151 +-  0.032
  37 T   0.00929 0.97645 0.01425 ( 2)  1.057 +-  0.604
  38 A   0.71251 0.28710 0.00039 ( 1)  0.396 +-  0.397
  39 A   0.77482 0.22433 0.00085 ( 1)  0.345 +-  0.388
  40 E   0.99866 0.00134 0.00000 ( 1)  0.151 +-  0.031
  41 E   0.03248 0.95889 0.00863 ( 2)  1.011 +-  0.497
  42 M   0.48078 0.51847 0.00075 ( 2)  0.594 +-  0.447
  43 V   0.01836 0.94361 0.03803 ( 2)  1.169 +-  1.024
  44 D   0.06896 0.92256 0.00849 ( 2)  0.984 +-  0.560
  45 K   0.92110 0.07885 0.00005 ( 1)  0.217 +-  0.232
  46 K   0.99025 0.00974 0.00000 ( 1)  0.158 +-  0.084
  47 I   0.99745 0.00255 0.00000 ( 1)  0.152 +-  0.043
  48 L   0.02154 0.93291 0.04556 ( 2)  1.213 +-  1.167
  49 E   0.79813 0.20174 0.00013 ( 1)  0.322 +-  0.345
  50 S   0.59150 0.40834 0.00016 ( 1)  0.498 +-  0.421
  51 K   0.66012 0.33748 0.00240 ( 1)  0.451 +-  0.502
  52 R   0.76593 0.23391 0.00016 ( 1)  0.349 +-  0.363
  53 G   0.02176 0.93910 0.03913 ( 2)  1.193 +-  1.146
  54 E   0.55124 0.44449 0.00428 ( 1)  0.554 +-  0.581
  55 A   0.98424 0.01576 0.00000 ( 1)  0.163 +-  0.106
  56 T   0.32481 0.67369 0.00150 ( 2)  0.730 +-  0.438
  57 A   0.96780 0.03217 0.00003 ( 1)  0.178 +-  0.154
  58 R   0.94871 0.05127 0.00001 ( 1)  0.194 +-  0.188
  59 W   0.96208 0.03792 0.00001 ( 1)  0.182 +-  0.162
  60 Q   0.78250 0.21736 0.00014 ( 1)  0.335 +-  0.354
  61 G   0.96913 0.03084 0.00003 ( 1)  0.176 +-  0.150
  62 I   0.98737 0.01262 0.00001 ( 1)  0.161 +-  0.096
  63 Q   0.99624 0.00376 0.00000 ( 1)  0.153 +-  0.052
  64 R   0.00000 0.02735 0.97265 ( 3)  7.144 +-  2.294
  65 L   0.01029 0.93087 0.05884 ( 2)  1.331 +-  1.472
  66 G   0.29473 0.69123 0.01404 ( 2)  0.831 +-  0.853
  67 R   0.00604 0.36482 0.62914 ( 3)  5.046 +-  3.509
  68 D   0.71016 0.28871 0.00113 ( 1)  0.402 +-  0.438
  69 Y   0.81943 0.18045 0.00011 ( 1)  0.304 +-  0.330
  70 Y   0.02439 0.88977 0.08584 ( 2)  1.487 +-  1.788
  71 S   0.00020 0.35288 0.64692 ( 3)  5.133 +-  3.475
  72 A   0.78211 0.21718 0.00072 ( 1)  0.339 +-  0.385
  73 L   0.56129 0.43756 0.00115 ( 1)  0.528 +-  0.463
  74 C   0.99193 0.00807 0.00000 ( 1)  0.157 +-  0.076
  75 D   0.96116 0.03881 0.00003 ( 1)  0.183 +-  0.167
  76 W   0.72960 0.26969 0.00071 ( 1)  0.382 +-  0.390
  77 I   0.08152 0.91413 0.00434 ( 2)  0.950 +-  0.408
  78 Q   0.00204 0.80684 0.19112 ( 2)  2.195 +-  2.635
  79 D   0.98670 0.01330 0.00001 ( 1)  0.161 +-  0.098
  80 Q   0.95327 0.04670 0.00002 ( 1)  0.190 +-  0.181
  81 D   0.95814 0.04184 0.00002 ( 1)  0.186 +-  0.172
  82 N   0.99903 0.00097 0.00000 ( 1)  0.151 +-  0.026
  83 A   0.32445 0.66732 0.00823 ( 2)  0.765 +-  0.649
  84 V   0.02487 0.92948 0.04565 ( 2)  1.229 +-  1.252
  85 K   0.77098 0.22867 0.00035 ( 1)  0.346 +-  0.371
  86 K   0.98860 0.01140 0.00000 ( 1)  0.160 +-  0.091
  87 E   0.00001 0.23359 0.76640 ( 3)  5.751 +-  3.198
  88 R   0.28976 0.70936 0.00088 ( 2)  0.757 +-  0.408
  89 L   0.92517 0.07475 0.00008 ( 1)  0.214 +-  0.227
  90 R   0.95988 0.04009 0.00003 ( 1)  0.184 +-  0.169
  91 D   0.99458 0.00542 0.00000 ( 1)  0.155 +-  0.063
  92 A   0.25918 0.73482 0.00600 ( 2)  0.810 +-  0.580
  93 F   0.99811 0.00189 0.00000 ( 1)  0.152 +-  0.037
  94 D   0.99475 0.00525 0.00000 ( 1)  0.154 +-  0.062
  95 D   0.80442 0.19552 0.00006 ( 1)  0.316 +-  0.338
  96 L   0.18536 0.79691 0.01773 ( 2)  0.924 +-  0.765
  97 D   0.79008 0.20958 0.00034 ( 1)  0.330 +-  0.358
  98 D   0.99927 0.00073 0.00000 ( 1)  0.151 +-  0.023
  99 Q   0.03929 0.95522 0.00549 ( 2)  0.992 +-  0.421
 100 L   0.49816 0.50035 0.00149 ( 2)  0.582 +-  0.462
 101 K   0.92383 0.07601 0.00016 ( 1)  0.215 +-  0.237
 102 L   0.03073 0.91523 0.05403 ( 2)  1.297 +-  1.463
 103 A   0.81125 0.18864 0.00011 ( 1)  0.311 +-  0.334
 104 M   0.99083 0.00917 0.00000 ( 1)  0.158 +-  0.081
 105 P   0.99424 0.00576 0.00000 ( 1)  0.155 +-  0.064
 106 F   0.07037 0.92195 0.00768 ( 2)  0.971 +-  0.462
 107 F   0.99774 0.00226 0.00000 ( 1)  0.152 +-  0.040
 108 S   0.00290 0.70495 0.29215 ( 2)  2.751 +-  2.966
 109 V   0.80429 0.19517 0.00053 ( 1)  0.319 +-  0.363
 110 Q   0.26894 0.72810 0.00296 ( 2)  0.785 +-  0.475
 111 G   0.74775 0.25144 0.00081 ( 1)  0.369 +-  0.411
 112 F   0.98426 0.01574 0.00000 ( 1)  0.163 +-  0.106
 113 E   0.99866 0.00134 0.00000 ( 1)  0.151 +-  0.031
 114 L   0.59888 0.40037 0.00075 ( 1)  0.494 +-  0.438
 115 P   0.67361 0.32583 0.00056 ( 1)  0.430 +-  0.418
 116 M   0.99856 0.00144 0.00000 ( 1)  0.151 +-  0.032
 117 L   0.98725 0.01275 0.00000 ( 1)  0.161 +-  0.095
 118 S   0.27279 0.72525 0.00196 ( 2)  0.773 +-  0.403
 119 M   0.99856 0.00144 0.00000 ( 1)  0.151 +-  0.032
 120 Y   0.99602 0.00398 0.00000 ( 1)  0.153 +-  0.054
 121 A   0.99632 0.00367 0.00000 ( 1)  0.153 +-  0.052
 122 Q   0.99624 0.00376 0.00000 ( 1)  0.153 +-  0.052
 123 A   0.99642 0.00358 0.00000 ( 1)  0.153 +-  0.051
 124 A   0.99448 0.00552 0.00000 ( 1)  0.155 +-  0.063
 125 N   0.99924 0.00076 0.00000 ( 1)  0.151 +-  0.023
 126 M   0.96600 0.03399 0.00000 ( 1)  0.179 +-  0.154
 127 H   0.99041 0.00959 0.00000 ( 1)  0.158 +-  0.083
 128 L   0.97343 0.02657 0.00001 ( 1)  0.173 +-  0.137
 129 L   0.62332 0.37641 0.00027 ( 1)  0.471 +-  0.416
 130 L   0.33112 0.66806 0.00081 ( 2)  0.721 +-  0.411
 131 L   0.98725 0.01275 0.00000 ( 1)  0.161 +-  0.095
 132 R   0.79601 0.20390 0.00008 ( 1)  0.324 +-  0.343
 133 D   0.99905 0.00095 0.00000 ( 1)  0.151 +-  0.026
 134 V   0.99564 0.00436 0.00000 ( 1)  0.154 +-  0.056
 135 V   0.96471 0.03528 0.00001 ( 1)  0.180 +-  0.157
 136 Q   0.01261 0.82738 0.16001 ( 2)  1.899 +-  2.255
 137 N   0.98958 0.01041 0.00000 ( 1)  0.159 +-  0.087
 138 G   0.99326 0.00674 0.00000 ( 1)  0.156 +-  0.070
 139 V   0.00045 0.84217 0.15738 ( 2)  1.825 +-  2.082
 140 S   0.10525 0.89345 0.00130 ( 2)  0.915 +-  0.306
 141 W   0.96208 0.03792 0.00001 ( 1)  0.182 +-  0.162
 142 G   0.99714 0.00286 0.00000 ( 1)  0.152 +-  0.045
 143 F   0.97993 0.02007 0.00000 ( 1)  0.167 +-  0.119
 144 A   0.00000 0.10573 0.89427 ( 3)  6.554 +-  2.745
 145 P   0.97217 0.02782 0.00001 ( 1)  0.174 +-  0.140
 146 Y   0.00015 0.56457 0.43528 ( 2)  3.526 +-  3.190
 147 E   0.33650 0.66233 0.00117 ( 2)  0.718 +-  0.434
 148 V   0.97538 0.02461 0.00001 ( 1)  0.171 +-  0.132
 149 D   0.99899 0.00101 0.00000 ( 1)  0.151 +-  0.027
 150 R   0.52509 0.47448 0.00043 ( 1)  0.555 +-  0.431
 151 Y   0.99529 0.00471 0.00000 ( 1)  0.154 +-  0.058
 152 Y   0.99602 0.00398 0.00000 ( 1)  0.153 +-  0.054
 153 F   0.00002 0.31290 0.68708 ( 3)  5.211 +-  3.324
 154 D   0.95862 0.04136 0.00002 ( 1)  0.185 +-  0.171
 155 P   0.00059 0.79781 0.20160 ( 2)  2.155 +-  2.491
 156 S   0.08528 0.90768 0.00704 ( 2)  0.962 +-  0.515
 157 G   0.00008 0.32455 0.67537 ( 3)  5.204 +-  3.381
 158 -   0.66666 0.28785 0.04549 ( 1)  0.713 +-  1.523
 159 Q   0.02557 0.96257 0.01186 ( 2)  1.030 +-  0.554
 160 R   0.02164 0.97090 0.00746 ( 2)  1.008 +-  0.375
 161 S   0.98399 0.01600 0.00001 ( 1)  0.164 +-  0.109
 162 P   0.95729 0.04269 0.00002 ( 1)  0.186 +-  0.174
 163 G   0.99384 0.00616 0.00000 ( 1)  0.155 +-  0.067
 164 L   0.98608 0.01392 0.00000 ( 1)  0.162 +-  0.100
 165 L   0.63383 0.36498 0.00118 ( 1)  0.466 +-  0.449
 166 Q   0.97500 0.02500 0.00000 ( 1)  0.171 +-  0.133
 167 L   0.98396 0.01604 0.00000 ( 1)  0.164 +-  0.107
 168 L   0.91245 0.08752 0.00003 ( 1)  0.224 +-  0.241
 169 G   0.00822 0.65288 0.33889 ( 2)  3.068 +-  3.148
 170 T   0.00017 0.28912 0.71071 ( 3)  5.598 +-  3.406
 171 Y   0.99531 0.00469 0.00000 ( 1)  0.154 +-  0.058
 172 T   0.99767 0.00233 0.00000 ( 1)  0.152 +-  0.041
 173 N   0.93349 0.06648 0.00003 ( 1)  0.207 +-  0.213
 174 Y   0.97155 0.02844 0.00000 ( 1)  0.174 +-  0.141
 175 C   0.99327 0.00673 0.00000 ( 1)  0.156 +-  0.069
 176 V   0.78100 0.21795 0.00105 ( 1)  0.342 +-  0.410
 177 E   0.00932 0.95073 0.03995 ( 2)  1.220 +-  1.208
 178 W   0.96208 0.03792 0.00001 ( 1)  0.182 +-  0.162
 179 Y   0.99602 0.00398 0.00000 ( 1)  0.153 +-  0.054
 180 E   0.93583 0.06406 0.00011 ( 1)  0.205 +-  0.219
 181 K   0.06251 0.86933 0.06816 ( 2)  1.355 +-  1.637
 182 G   0.99660 0.00340 0.00000 ( 1)  0.153 +-  0.050
 183 L   0.98725 0.01275 0.00000 ( 1)  0.161 +-  0.095
 184 Q   0.09611 0.90125 0.00265 ( 2)  0.926 +-  0.315
 185 E   0.07006 0.92393 0.00601 ( 2)  0.967 +-  0.445
 186 Q   0.97471 0.02529 0.00000 ( 1)  0.172 +-  0.134
 187 Y   0.99468 0.00532 0.00000 ( 1)  0.155 +-  0.062
 188 N   0.00207 0.83116 0.16678 ( 2)  1.947 +-  2.290
 189 -   0.66666 0.28785 0.04549 ( 1)  0.713 +-  1.523
 190 -   0.66666 0.28785 0.04549 ( 1)  0.713 +-  1.523
 191 T   0.95989 0.04010 0.00001 ( 1)  0.184 +-  0.167
 192 G   0.88269 0.11729 0.00002 ( 1)  0.250 +-  0.274
 193 R   0.00551 0.83324 0.16125 ( 2)  1.895 +-  2.221
 194 W   0.96208 0.03792 0.00001 ( 1)  0.182 +-  0.162
 195 D   0.23858 0.74686 0.01456 ( 2)  0.882 +-  0.853
 196 K   0.64092 0.35873 0.00035 ( 1)  0.457 +-  0.418
 197 F   0.91795 0.08203 0.00002 ( 1)  0.220 +-  0.234
 198 N   0.99924 0.00076 0.00000 ( 1)  0.151 +-  0.023
 199 N   0.78820 0.21114 0.00066 ( 1)  0.333 +-  0.381
 200 F   0.98635 0.01365 0.00000 ( 1)  0.162 +-  0.099
 201 R   0.99175 0.00825 0.00000 ( 1)  0.157 +-  0.077
 202 R   0.38489 0.61365 0.00146 ( 2)  0.679 +-  0.463
 203 N   0.98566 0.01433 0.00001 ( 1)  0.162 +-  0.103
 204 M   0.99856 0.00144 0.00000 ( 1)  0.151 +-  0.032
 205 T   0.98029 0.01971 0.00000 ( 1)  0.167 +-  0.118
 206 I   0.98617 0.01382 0.00001 ( 1)  0.162 +-  0.100
 207 M   0.85331 0.14660 0.00010 ( 1)  0.275 +-  0.304
 208 V   0.99700 0.00300 0.00000 ( 1)  0.153 +-  0.047
 209 L   0.98553 0.01447 0.00000 ( 1)  0.162 +-  0.102
 210 D   0.99927 0.00073 0.00000 ( 1)  0.151 +-  0.023
 211 T   0.75031 0.24931 0.00038 ( 1)  0.364 +-  0.384
 212 V   0.99768 0.00232 0.00000 ( 1)  0.152 +-  0.041
 213 A   0.83446 0.16476 0.00077 ( 1)  0.294 +-  0.357
 214 I   0.02653 0.96127 0.01221 ( 2)  1.033 +-  0.573
 215 W   0.96208 0.03792 0.00001 ( 1)  0.182 +-  0.162
 216 P   0.99501 0.00499 0.00000 ( 1)  0.154 +-  0.060
 217 T   0.99743 0.00257 0.00000 ( 1)  0.152 +-  0.043

Positively selected sites

	Prob(w>1)  mean w

    64 R      0.973*        7.144 +- 2.294
    67 R      0.629         5.046 +- 3.509
    71 S      0.647         5.133 +- 3.475
    87 E      0.766         5.751 +- 3.198
   144 A      0.894         6.554 +- 2.745
   153 F      0.687         5.211 +- 3.324
   157 G      0.675         5.204 +- 3.381
   170 T      0.711         5.598 +- 3.406

