Supplemental results for CODEML (seqf: algn  treef: tree)


dN/dS (w) for site classes (K=4)

site class             0        1       2a       2b
proportion       0.58482  0.41518  0.00000  0.00000
background w     0.09507  1.00000  0.09507  1.00000
foreground w     0.09507  1.00000  1.00000  1.00000

Naive Empirical Bayes (NEB) probabilities for 4 classes
(amino acids refer to 1st sequence: BT_Cry21Aa1)

   1 -   0.75517 0.24483 0.00000 0.00000 ( 1)
   2 L   0.94856 0.05144 0.00000 0.00000 ( 1)
   3 K   0.99466 0.00534 0.00000 0.00000 ( 1)
   4 G   0.99270 0.00730 0.00000 0.00000 ( 1)
   5 F   0.99839 0.00161 0.00000 0.00000 ( 1)
   6 P   0.99643 0.00357 0.00000 0.00000 ( 1)
   7 A   0.99984 0.00016 0.00000 0.00000 ( 1)
   8 E   0.99976 0.00024 0.00000 0.00000 ( 1)
   9 K   0.99992 0.00008 0.00000 0.00000 ( 1)
  10 G   0.93609 0.06391 0.00000 0.00000 ( 1)
  11 -   0.02564 0.97436 0.00000 0.00000 ( 2)
  12 -   0.00046 0.99954 0.00000 0.00000 ( 2)
  13 -   0.18395 0.81605 0.00000 0.00000 ( 2)
  14 Y   0.01576 0.98424 0.00000 0.00000 ( 2)
  15 G   0.99686 0.00314 0.00000 0.00000 ( 1)
  16 D   0.00004 0.99996 0.00000 0.00000 ( 2)
  17 S   0.00093 0.99907 0.00000 0.00000 ( 2)
  18 I   0.03030 0.96970 0.00000 0.00000 ( 2)
  19 A   0.00760 0.99240 0.00000 0.00000 ( 2)
  20 Y   0.71712 0.28288 0.00000 0.00000 ( 1)
  21 V   0.99520 0.00480 0.00000 0.00000 ( 1)
  22 S   0.03212 0.96788 0.00000 0.00000 ( 2)
  23 -   0.58482 0.41518 0.00000 0.00000 ( 1)
  24 E   0.99902 0.00098 0.00000 0.00000 ( 1)
  25 P   0.00552 0.99448 0.00000 0.00000 ( 2)
  26 L   0.71934 0.28066 0.00000 0.00000 ( 1)
  27 N   0.99968 0.00032 0.00000 0.00000 ( 1)
  28 G   0.99994 0.00006 0.00000 0.00000 ( 1)
  29 A   0.96676 0.03324 0.00000 0.00000 ( 1)
  30 N   0.99926 0.00074 0.00000 0.00000 ( 1)
  31 A   0.97870 0.02130 0.00000 0.00000 ( 1)
  32 V   0.93640 0.06360 0.00000 0.00000 ( 1)
  33 K   0.99709 0.00291 0.00000 0.00000 ( 1)
  34 L   0.99807 0.00193 0.00000 0.00000 ( 1)
  35 T   0.86105 0.13895 0.00000 0.00000 ( 1)
  36 -   0.75732 0.24268 0.00000 0.00000 ( 1)
  37 -   0.00487 0.99513 0.00000 0.00000 ( 2)
  38 -   0.00528 0.99472 0.00000 0.00000 ( 2)
  39 -   0.05810 0.94190 0.00000 0.00000 ( 2)
  40 -   0.28778 0.71222 0.00000 0.00000 ( 2)
  41 -   0.01804 0.98196 0.00000 0.00000 ( 2)
  42 -   0.87099 0.12901 0.00000 0.00000 ( 1)
  43 -   0.05237 0.94763 0.00000 0.00000 ( 2)
  44 S   0.29093 0.70907 0.00000 0.00000 ( 2)
  45 Y   0.01798 0.98202 0.00000 0.00000 ( 2)
  46 Q   0.00276 0.99724 0.00000 0.00000 ( 2)
  47 V   0.00159 0.99841 0.00000 0.00000 ( 2)
  48 L   0.90623 0.09377 0.00000 0.00000 ( 1)
  49 Q   0.00220 0.99780 0.00000 0.00000 ( 2)
  50 M   0.07050 0.92950 0.00000 0.00000 ( 2)
  51 E   0.08648 0.91352 0.00000 0.00000 ( 2)
  52 V   0.98618 0.01382 0.00000 0.00000 ( 1)
  53 T   0.97054 0.02946 0.00000 0.00000 ( 1)
  54 N   0.99976 0.00024 0.00000 0.00000 ( 1)
  55 Q   0.00157 0.99843 0.00000 0.00000 ( 2)
  56 T   0.90422 0.09578 0.00000 0.00000 ( 1)
  57 T   0.09431 0.90569 0.00000 0.00000 ( 2)
  58 Q   0.99220 0.00780 0.00000 0.00000 ( 1)
  59 K   0.98712 0.01288 0.00000 0.00000 ( 1)
  60 Y   0.99997 0.00003 0.00000 0.00000 ( 1)
  61 R   0.30124 0.69876 0.00000 0.00000 ( 2)
  62 I   0.95369 0.04631 0.00000 0.00000 ( 1)
  63 R   0.99878 0.00122 0.00000 0.00000 ( 1)
  64 I   0.76060 0.23940 0.00000 0.00000 ( 1)
  65 R   0.99991 0.00009 0.00000 0.00000 ( 1)
  66 Y   0.99995 0.00005 0.00000 0.00000 ( 1)
  67 A   0.99990 0.00010 0.00000 0.00000 ( 1)
  68 T   0.99395 0.00605 0.00000 0.00000 ( 1)
  69 G   0.02981 0.97019 0.00000 0.00000 ( 2)
  70 G   0.00240 0.99760 0.00000 0.00000 ( 2)
  71 D   0.57702 0.42298 0.00000 0.00000 ( 1)
  72 T   0.72713 0.27287 0.00000 0.00000 ( 1)
  73 A   0.69993 0.30007 0.00000 0.00000 ( 1)
  74 A   0.92943 0.07057 0.00000 0.00000 ( 1)
  75 S   0.92924 0.07076 0.00000 0.00000 ( 1)
  76 I   0.77450 0.22550 0.00000 0.00000 ( 1)
  77 W   0.13867 0.86133 0.00000 0.00000 ( 2)
  78 F   0.56046 0.43954 0.00000 0.00000 ( 1)
  79 H   0.00048 0.99952 0.00000 0.00000 ( 2)
  80 I   0.95557 0.04443 0.00000 0.00000 ( 1)
  81 I   0.00002 0.99998 0.00000 0.00000 ( 2)
  82 -   0.69365 0.30635 0.00000 0.00000 ( 1)
  83 -   0.78688 0.21312 0.00000 0.00000 ( 1)
  84 -   0.67886 0.32114 0.00000 0.00000 ( 1)
  85 -   0.25468 0.74532 0.00000 0.00000 ( 2)
  86 -   0.94060 0.05940 0.00000 0.00000 ( 1)
  87 -   0.20541 0.79459 0.00000 0.00000 ( 2)
  88 G   0.47927 0.52073 0.00000 0.00000 ( 2)
  89 P   0.00171 0.99829 0.00000 0.00000 ( 2)
  90 S   0.00023 0.99977 0.00000 0.00000 ( 2)
  91 G   0.00000 1.00000 0.00000 0.00000 ( 2)
  92 N   0.00041 0.99959 0.00000 0.00000 ( 2)
  93 D   0.09428 0.90572 0.00000 0.00000 ( 2)
  94 L   0.90383 0.09617 0.00000 0.00000 ( 1)
  95 T   0.76495 0.23505 0.00000 0.00000 ( 1)
  96 N   0.28317 0.71683 0.00000 0.00000 ( 2)
  97 E   0.04304 0.95696 0.00000 0.00000 ( 2)
  98 G   0.00774 0.99226 0.00000 0.00000 ( 2)
  99 H   0.00003 0.99997 0.00000 0.00000 ( 2)
 100 N   0.68517 0.31483 0.00000 0.00000 ( 1)
 101 F   0.09179 0.90821 0.00000 0.00000 ( 2)
 102 S   0.02184 0.97816 0.00000 0.00000 ( 2)
 103 S   0.00053 0.99947 0.00000 0.00000 ( 2)
 104 V   0.00002 0.99998 0.00000 0.00000 ( 2)
 105 S   0.00188 0.99812 0.00000 0.00000 ( 2)
 106 S   0.81348 0.18652 0.00000 0.00000 ( 1)
 107 R   0.00002 0.99998 0.00000 0.00000 ( 2)
 108 N   0.98454 0.01546 0.00000 0.00000 ( 1)
 109 K   0.69484 0.30516 0.00000 0.00000 ( 1)
 110 M   0.99653 0.00347 0.00000 0.00000 ( 1)
 111 F   0.99297 0.00703 0.00000 0.00000 ( 1)
 112 V   0.73614 0.26386 0.00000 0.00000 ( 1)
 113 Q   0.72452 0.27548 0.00000 0.00000 ( 1)
 114 G   0.99731 0.00269 0.00000 0.00000 ( 1)
 115 N   0.00078 0.99922 0.00000 0.00000 ( 2)
 116 N   0.97461 0.02539 0.00000 0.00000 ( 1)
 117 G   0.99851 0.00149 0.00000 0.00000 ( 1)
 118 K   0.99958 0.00042 0.00000 0.00000 ( 1)
 119 Y   0.99997 0.00003 0.00000 0.00000 ( 1)
 120 V   0.99879 0.00121 0.00000 0.00000 ( 1)
 121 L   0.90197 0.09803 0.00000 0.00000 ( 1)
 122 N   0.06138 0.93862 0.00000 0.00000 ( 2)
 123 I   0.00009 0.99991 0.00000 0.00000 ( 2)
 124 L   0.96350 0.03650 0.00000 0.00000 ( 1)
 125 T   0.33954 0.66046 0.00000 0.00000 ( 2)
 126 -   0.62499 0.37501 0.00000 0.00000 ( 1)
 127 -   0.63572 0.36428 0.00000 0.00000 ( 1)
 128 -   0.77304 0.22696 0.00000 0.00000 ( 1)
 129 -   0.79345 0.20655 0.00000 0.00000 ( 1)
 130 -   0.63572 0.36428 0.00000 0.00000 ( 1)
 131 -   0.71822 0.28178 0.00000 0.00000 ( 1)
 132 -   0.73598 0.26402 0.00000 0.00000 ( 1)
 133 D   0.99651 0.00349 0.00000 0.00000 ( 1)
 134 S   0.97828 0.02172 0.00000 0.00000 ( 1)
 135 I   0.99311 0.00689 0.00000 0.00000 ( 1)
 136 E   0.99306 0.00694 0.00000 0.00000 ( 1)
 137 L   0.14902 0.85098 0.00000 0.00000 ( 2)
 138 P   0.99993 0.00007 0.00000 0.00000 ( 1)
 139 S   0.92212 0.07788 0.00000 0.00000 ( 1)
 140 G   0.99861 0.00139 0.00000 0.00000 ( 1)
 141 Q   0.81123 0.18877 0.00000 0.00000 ( 1)
 142 -   0.89937 0.10063 0.00000 0.00000 ( 1)
 143 Q   0.06150 0.93850 0.00000 0.00000 ( 2)
 144 T   0.98882 0.01118 0.00000 0.00000 ( 1)
 145 I   0.99880 0.00120 0.00000 0.00000 ( 1)
 146 L   0.01085 0.98915 0.00000 0.00000 ( 2)
 147 I   0.77549 0.22451 0.00000 0.00000 ( 1)
 148 Q   0.00009 0.99991 0.00000 0.00000 ( 2)
 149 N   0.95585 0.04415 0.00000 0.00000 ( 1)
 150 T   0.01073 0.98927 0.00000 0.00000 ( 2)
 151 N   0.03177 0.96823 0.00000 0.00000 ( 2)
 152 -   0.00014 0.99986 0.00000 0.00000 ( 2)
 153 -   0.00002 0.99998 0.00000 0.00000 ( 2)
 154 -   0.00596 0.99404 0.00000 0.00000 ( 2)
 155 S   0.71507 0.28493 0.00000 0.00000 ( 1)
 156 Q   0.13008 0.86992 0.00000 0.00000 ( 2)
 157 D   0.99945 0.00055 0.00000 0.00000 ( 1)
 158 L   0.99958 0.00042 0.00000 0.00000 ( 1)
 159 F   0.99887 0.00113 0.00000 0.00000 ( 1)
 160 L   0.99416 0.00584 0.00000 0.00000 ( 1)
 161 D   0.99990 0.00010 0.00000 0.00000 ( 1)
 162 R   0.99974 0.00026 0.00000 0.00000 ( 1)
 163 I   0.99626 0.00374 0.00000 0.00000 ( 1)
 164 E   0.99994 0.00006 0.00000 0.00000 ( 1)
 165 -   0.98867 0.01133 0.00000 0.00000 ( 1)
 166 -   0.85511 0.14489 0.00000 0.00000 ( 1)
 167 -   0.99509 0.00491 0.00000 0.00000 ( 1)


lnL = -3296.391653

