Supplemental results for CODEML (seqf: algn  treef: tree)


dN/dS (w) for site classes (K=2)

p:   0.45133  0.54867
w:   0.10406  1.00000

Naive Empirical Bayes (NEB) probabilities for 2 classes & postmean_w
(amino acids refer to 1st sequence: BT_Cry7Ba1)

   1 -   0.76762 0.23238 ( 1)  0.312
   2 -   0.74100 0.25900 ( 1)  0.336
   3 T   0.07982 0.92018 ( 2)  0.928
   4 V   0.15986 0.84014 ( 2)  0.857
   5 E   0.96582 0.03418 ( 1)  0.135
   6 L   0.88410 0.11590 ( 1)  0.208
   7 T   0.96920 0.03080 ( 1)  0.132
   8 R   0.97917 0.02083 ( 1)  0.123
   9 T   0.14949 0.85051 ( 2)  0.866
  10 I   0.98906 0.01094 ( 1)  0.114
  11 Y   0.69914 0.30086 ( 1)  0.374
  12 T   0.13447 0.86553 ( 2)  0.880
  13 D   0.99374 0.00626 ( 1)  0.110
  14 P   0.94974 0.05026 ( 1)  0.149
  15 L   0.76737 0.23263 ( 1)  0.312
  16 G   0.98669 0.01331 ( 1)  0.116
  17 Y   0.12123 0.87877 ( 2)  0.891
  18 T   0.10856 0.89144 ( 2)  0.903
  19 G   0.90699 0.09301 ( 1)  0.187
  20 Y   0.43816 0.56184 ( 2)  0.607
  21 S   0.03263 0.96737 ( 2)  0.971
  22 N   0.39857 0.60143 ( 2)  0.643
  23 D   0.01398 0.98602 ( 2)  0.987
  24 E   0.84138 0.15862 ( 1)  0.246
  25 H   0.89458 0.10542 ( 1)  0.199
  26 P   0.91271 0.08729 ( 1)  0.182
  27 T   0.03540 0.96460 ( 2)  0.968
  28 Y   0.14502 0.85498 ( 2)  0.870
  29 Y   0.98298 0.01702 ( 1)  0.119
  30 -   0.17704 0.82296 ( 2)  0.841
  31 S   0.81980 0.18020 ( 1)  0.266
  32 S   0.71763 0.28237 ( 1)  0.357
  33 A   0.16547 0.83453 ( 2)  0.852
  34 K   0.00205 0.99795 ( 2)  0.998
  35 P   0.00003 0.99997 ( 2)  1.000
  36 F   0.94907 0.05093 ( 1)  0.150
  37 S   0.00121 0.99879 ( 2)  0.999
  38 S   0.18272 0.81728 ( 2)  0.836
  39 I   0.97939 0.02061 ( 1)  0.123
  40 E   0.96107 0.03893 ( 1)  0.139
  41 S   0.95281 0.04719 ( 1)  0.146
  42 R   0.09649 0.90351 ( 2)  0.914
  43 A   0.90867 0.09133 ( 1)  0.186
  44 V   0.20097 0.79903 ( 2)  0.820
  45 L   0.54306 0.45694 ( 1)  0.513
  46 A   0.03347 0.96653 ( 2)  0.970
  47 P   0.81034 0.18966 ( 1)  0.274
  48 S   0.00786 0.99214 ( 2)  0.993
  49 L   0.93030 0.06970 ( 1)  0.167
  50 F   0.85974 0.14026 ( 1)  0.230
  51 K   0.57273 0.42727 ( 1)  0.487
  52 W   0.78965 0.21035 ( 1)  0.293
  53 I   0.38518 0.61482 ( 2)  0.655
  54 T   0.98604 0.01396 ( 1)  0.117
  55 Q   0.05284 0.94716 ( 2)  0.953
  56 L   0.26995 0.73005 ( 2)  0.758
  57 E   0.00188 0.99812 ( 2)  0.998
  58 V   0.97404 0.02596 ( 1)  0.127
  59 Y   0.00459 0.99541 ( 2)  0.996
  60 T   0.00243 0.99757 ( 2)  0.998
  61 K   0.00360 0.99640 ( 2)  0.997
  62 K   0.00000 1.00000 ( 2)  1.000
  63 Y   0.01306 0.98694 ( 2)  0.988
  64 S   0.00001 0.99999 ( 2)  1.000
  65 Y   0.02557 0.97443 ( 2)  0.977
  66 S   0.00967 0.99033 ( 2)  0.991
  67 S   0.28437 0.71563 ( 2)  0.745
  68 Q   0.00004 0.99996 ( 2)  1.000
  69 Y   0.16570 0.83430 ( 2)  0.852
  70 T   0.73790 0.26210 ( 1)  0.339
  71 T   0.53326 0.46674 ( 1)  0.522
  72 L   0.00533 0.99467 ( 2)  0.995
  73 W   0.28010 0.71990 ( 2)  0.749
  74 T   0.79012 0.20988 ( 1)  0.292
  75 G   0.95466 0.04534 ( 1)  0.145
  76 L   0.15524 0.84476 ( 2)  0.861
  77 R   0.10722 0.89278 ( 2)  0.904
  78 V   0.92931 0.07069 ( 1)  0.167
  79 I   0.00676 0.99324 ( 2)  0.994
  80 A   0.44810 0.55190 ( 2)  0.599
  81 Q   0.04798 0.95202 ( 2)  0.957
  82 P   0.03984 0.96016 ( 2)  0.964
  83 T   0.98604 0.01396 ( 1)  0.117
  84 K   0.00760 0.99240 ( 2)  0.993
  85 D   0.02756 0.97244 ( 2)  0.975
  86 F   0.00031 0.99969 ( 2)  1.000
  87 T   0.00004 0.99996 ( 2)  1.000
  88 D   0.14483 0.85517 ( 2)  0.870
  89 T   0.00428 0.99572 ( 2)  0.996
  90 V   0.01836 0.98164 ( 2)  0.984
  91 Y   0.86909 0.13091 ( 1)  0.221
  92 D   0.62922 0.37078 ( 1)  0.436
  93 Y   0.58206 0.41794 ( 1)  0.479
  94 G   0.95466 0.04534 ( 1)  0.145
  95 S   0.07064 0.92936 ( 2)  0.937
  96 S   0.82531 0.17469 ( 1)  0.261
  97 S   0.88823 0.11177 ( 1)  0.204
  98 G   0.86335 0.13665 ( 1)  0.226
  99 S   0.82050 0.17950 ( 1)  0.265
 100 E   0.00090 0.99910 ( 2)  0.999
 101 N   0.00031 0.99969 ( 2)  1.000
 102 K   0.00315 0.99685 ( 2)  0.997
 103 D   0.00155 0.99845 ( 2)  0.999
 104 V   0.33662 0.66338 ( 2)  0.698
 105 F   0.98991 0.01009 ( 1)  0.113
 106 D   0.53991 0.46009 ( 1)  0.516
 107 L   0.91950 0.08050 ( 1)  0.176
 108 Y   0.04013 0.95987 ( 2)  0.964
 109 G   0.00937 0.99063 ( 2)  0.992
 110 N   0.76494 0.23506 ( 1)  0.315
 111 D   0.99374 0.00626 ( 1)  0.110
 112 V   0.74855 0.25145 ( 1)  0.329
 113 Y   0.98298 0.01702 ( 1)  0.119
 114 D   0.08741 0.91259 ( 2)  0.922
 115 T   0.00268 0.99732 ( 2)  0.998
 116 Q   0.02954 0.97046 ( 2)  0.974
 117 S   0.31408 0.68592 ( 2)  0.719
 118 V   0.00254 0.99746 ( 2)  0.998
 119 V   0.01691 0.98309 ( 2)  0.985
 120 S   0.01728 0.98272 ( 2)  0.985
 121 S   0.07493 0.92507 ( 2)  0.933
 122 Y   0.03356 0.96644 ( 2)  0.970
 123 K   0.02589 0.97411 ( 2)  0.977
 124 P   0.02041 0.97959 ( 2)  0.982
 125 T   0.20365 0.79635 ( 2)  0.818
 126 G   0.04497 0.95503 ( 2)  0.960
 127 G   0.03099 0.96901 ( 2)  0.972
 128 G   0.00291 0.99709 ( 2)  0.997
 129 H   0.74851 0.25149 ( 1)  0.329
 130 F   0.13733 0.86267 ( 2)  0.877
 131 G   0.32499 0.67501 ( 2)  0.709
 132 V   0.18674 0.81326 ( 2)  0.833
 133 P   0.97926 0.02074 ( 1)  0.123
 134 Q   0.00003 0.99997 ( 2)  1.000
 135 F   0.21341 0.78659 ( 2)  0.809
 136 R   0.01248 0.98752 ( 2)  0.989
 137 L   0.93030 0.06970 ( 1)  0.167
 138 F   0.20419 0.79581 ( 2)  0.817
 139 W   0.00174 0.99826 ( 2)  0.998
 140 I   0.98717 0.01283 ( 1)  0.116
 141 T   0.84635 0.15365 ( 1)  0.242
 142 K   0.00163 0.99837 ( 2)  0.999
 143 S   0.01321 0.98679 ( 2)  0.988
 144 N   0.99334 0.00666 ( 1)  0.110
 145 G   0.00001 0.99999 ( 2)  1.000
 146 L   0.89277 0.10723 ( 1)  0.200
 147 R   0.00206 0.99794 ( 2)  0.998
 148 E   0.79453 0.20547 ( 1)  0.288
 149 Q   0.10301 0.89699 ( 2)  0.908
 150 I   0.00255 0.99745 ( 2)  0.998
 151 F   0.98627 0.01373 ( 1)  0.116
 152 N   0.40743 0.59257 ( 2)  0.635
 153 Y   0.34194 0.65806 ( 2)  0.694
 154 A   0.00018 0.99982 ( 2)  1.000
 155 N   0.01990 0.98010 ( 2)  0.982
 156 N   0.93942 0.06058 ( 1)  0.158
 157 M   0.21233 0.78767 ( 2)  0.810
 158 G   0.13275 0.86725 ( 2)  0.881
 159 -   0.95919 0.04081 ( 1)  0.141
 160 S   0.36033 0.63967 ( 2)  0.677
 161 Y   0.00926 0.99074 ( 2)  0.992
 162 S   0.00127 0.99873 ( 2)  0.999
 163 A   0.00278 0.99722 ( 2)  0.998
 164 Y   0.00280 0.99720 ( 2)  0.997
 165 R   0.06518 0.93482 ( 2)  0.942
 166 F   0.83321 0.16679 ( 1)  0.253
 167 S   0.14097 0.85903 ( 2)  0.874
 168 K   0.43227 0.56773 ( 2)  0.613
 169 D   0.31192 0.68808 ( 2)  0.721
 170 E   0.20228 0.79772 ( 2)  0.819
 171 L   0.93030 0.06970 ( 1)  0.167
 172 P   0.87756 0.12244 ( 1)  0.214
 173 I   0.97939 0.02061 ( 1)  0.123
 174 E   0.82087 0.17913 ( 1)  0.265
 175 L   0.09092 0.90908 ( 2)  0.919
 176 L   0.04091 0.95909 ( 2)  0.963
 177 Q   0.02104 0.97896 ( 2)  0.981
 178 P   0.00001 0.99999 ( 2)  1.000
 179 P   0.97926 0.02074 ( 1)  0.123
 180 L   0.73926 0.26074 ( 1)  0.338
 181 F   0.74931 0.25069 ( 1)  0.329
 182 G   0.95466 0.04534 ( 1)  0.145
 183 D   0.99374 0.00626 ( 1)  0.110
 184 I   0.47604 0.52396 ( 2)  0.573
 185 E   0.92020 0.07980 ( 1)  0.176
 186 E   0.98124 0.01876 ( 1)  0.121
 187 Y   0.93707 0.06293 ( 1)  0.160
 188 S   0.93577 0.06423 ( 1)  0.162
 189 H   0.99110 0.00890 ( 1)  0.112
 190 R   0.89424 0.10576 ( 1)  0.199
 191 L   0.93030 0.06970 ( 1)  0.167
 192 S   0.99419 0.00581 ( 1)  0.109
 193 H   0.15190 0.84810 ( 2)  0.864
 194 V   0.88147 0.11853 ( 1)  0.210
 195 S   0.91652 0.08348 ( 1)  0.179
 196 E   0.94546 0.05454 ( 1)  0.153
 197 V   0.85998 0.14002 ( 1)  0.230
 198 I   0.06517 0.93483 ( 2)  0.942
 199 K   0.35127 0.64873 ( 2)  0.685
 200 D   0.00698 0.99302 ( 2)  0.994
 201 Y   0.03569 0.96431 ( 2)  0.968
 202 G   0.88990 0.11010 ( 1)  0.203
 203 E   0.01205 0.98795 ( 2)  0.989
 204 -   0.45133 0.54867 ( 2)  0.596
 205 -   0.45133 0.54867 ( 2)  0.596
 206 -   0.45133 0.54867 ( 2)  0.596
 207 -   0.45133 0.54867 ( 2)  0.596
 208 -   0.45133 0.54867 ( 2)  0.596
 209 -   0.45133 0.54867 ( 2)  0.596
 210 -   0.45133 0.54867 ( 2)  0.596
 211 -   0.45133 0.54867 ( 2)  0.596
 212 G   0.95466 0.04534 ( 1)  0.145
 213 I   0.19876 0.80124 ( 2)  0.822
 214 I   0.98906 0.01094 ( 1)  0.114
 215 P   0.96311 0.03689 ( 1)  0.137
 216 V   0.91848 0.08152 ( 1)  0.177
 217 L   0.93030 0.06970 ( 1)  0.167
 218 G   0.96701 0.03299 ( 1)  0.134
 219 W   0.03705 0.96295 ( 2)  0.967
 220 T   0.97134 0.02866 ( 1)  0.130
 221 H   0.99110 0.00890 ( 1)  0.112
 222 V   0.23492 0.76508 ( 2)  0.790
 223 S   0.93262 0.06738 ( 1)  0.164


lnL = -2873.742466

