Supplemental results for CODEML (seqf: algn  treef: tree)


dN/dS (w) for site classes (K=2)

p:   0.39611  0.60389
w:   0.09693  1.00000

Naive Empirical Bayes (NEB) probabilities for 2 classes & postmean_w
(amino acids refer to 1st sequence: BT_Cry1Be1)

   1 -   0.58000 0.42000 ( 1)  0.476
   2 S   0.00462 0.99538 ( 2)  0.996
   3 D   0.99972 0.00028 ( 1)  0.097
   4 S   0.53452 0.46548 ( 1)  0.517
   5 I   0.99837 0.00163 ( 1)  0.098
   6 T   0.96635 0.03365 ( 1)  0.127
   7 Q   0.04747 0.95253 ( 2)  0.957
   8 I   0.20952 0.79048 ( 2)  0.811
   9 P   0.99116 0.00884 ( 1)  0.105
  10 L   0.03662 0.96338 ( 2)  0.967
  11 V   0.92878 0.07122 ( 1)  0.161
  12 K   0.99971 0.00029 ( 1)  0.097
  13 S   0.23599 0.76401 ( 2)  0.787
  14 F   0.00749 0.99251 ( 2)  0.993
  15 N   0.00146 0.99854 ( 2)  0.999
  16 L   0.76088 0.23912 ( 1)  0.313
  17 N   0.00040 0.99960 ( 2)  1.000
  18 S   0.00255 0.99745 ( 2)  0.998
  19 G   0.00177 0.99823 ( 2)  0.998
  20 T   0.42752 0.57248 ( 2)  0.614
  21 S   0.47993 0.52007 ( 2)  0.567
  22 V   0.99958 0.00042 ( 1)  0.097
  23 V   0.90515 0.09485 ( 1)  0.183
  24 S   0.00569 0.99431 ( 2)  0.995
  25 G   0.99918 0.00082 ( 1)  0.098
  26 P   0.99975 0.00025 ( 1)  0.097
  27 G   0.99915 0.00085 ( 1)  0.098
  28 F   0.99757 0.00243 ( 1)  0.099
  29 T   0.98038 0.01962 ( 1)  0.115
  30 G   0.99927 0.00073 ( 1)  0.098
  31 G   0.99620 0.00380 ( 1)  0.100
  32 D   0.77727 0.22273 ( 1)  0.298
  33 I   0.67269 0.32731 ( 1)  0.393
  34 I   0.94640 0.05360 ( 1)  0.145
  35 R   0.87351 0.12649 ( 1)  0.211
  36 T   0.49245 0.50755 ( 2)  0.555
  37 N   0.08737 0.91263 ( 2)  0.921
  38 V   0.01442 0.98558 ( 2)  0.987
  39 N   0.04836 0.95164 ( 2)  0.956
  40 -   0.39611 0.60389 ( 2)  0.642
  41 -   0.39611 0.60389 ( 2)  0.642
  42 -   0.39611 0.60389 ( 2)  0.642
  43 G   0.83244 0.16756 ( 1)  0.248
  44 S   0.00972 0.99028 ( 2)  0.991
  45 V   0.37572 0.62428 ( 2)  0.661
  46 L   0.00001 0.99999 ( 2)  1.000
  47 S   0.09183 0.90817 ( 2)  0.917
  48 M   0.00713 0.99287 ( 2)  0.994
  49 G   0.00087 0.99913 ( 2)  0.999
  50 L   0.15491 0.84509 ( 2)  0.860
  51 N   0.01438 0.98562 ( 2)  0.987
  52 F   0.09161 0.90839 ( 2)  0.917
  53 N   0.41987 0.58013 ( 2)  0.621
  54 N   0.00154 0.99846 ( 2)  0.999
  55 -   0.64633 0.35367 ( 1)  0.416
  56 -   0.01431 0.98569 ( 2)  0.987
  57 -   0.03276 0.96724 ( 2)  0.970
  58 T   0.00009 0.99991 ( 2)  1.000
  59 S   0.02156 0.97844 ( 2)  0.981
  60 L   0.00002 0.99998 ( 2)  1.000
  61 Q   0.01805 0.98195 ( 2)  0.984
  62 R   0.09745 0.90255 ( 2)  0.912
  63 Y   0.99975 0.00025 ( 1)  0.097
  64 R   0.85415 0.14585 ( 1)  0.229
  65 V   0.07732 0.92268 ( 2)  0.930
  66 R   0.99970 0.00030 ( 1)  0.097
  67 V   0.99414 0.00586 ( 1)  0.102
  68 R   0.99715 0.00285 ( 1)  0.100
  69 Y   0.99975 0.00025 ( 1)  0.097
  70 A   0.99891 0.00109 ( 1)  0.098
  71 A   0.98972 0.01028 ( 1)  0.106
  72 S   0.43389 0.56611 ( 2)  0.608
  73 Q   0.00248 0.99752 ( 2)  0.998
  74 T   0.00413 0.99587 ( 2)  0.996
  75 M   0.00159 0.99841 ( 2)  0.999
  76 V   0.01303 0.98697 ( 2)  0.988
  77 L   0.98527 0.01473 ( 1)  0.110
  78 R   0.16124 0.83876 ( 2)  0.854
  79 V   0.84477 0.15523 ( 1)  0.237
  80 T   0.00345 0.99655 ( 2)  0.997
  81 V   0.00034 0.99966 ( 2)  1.000
  82 G   0.00007 0.99993 ( 2)  1.000
  83 -   0.00611 0.99389 ( 2)  0.994
  84 -   0.39611 0.60389 ( 2)  0.642
  85 -   0.39611 0.60389 ( 2)  0.642
  86 G   0.00832 0.99168 ( 2)  0.992
  87 S   0.00034 0.99966 ( 2)  1.000
  88 T   0.01206 0.98794 ( 2)  0.989
  89 T   0.00446 0.99554 ( 2)  0.996
  90 F   0.09242 0.90758 ( 2)  0.917
  91 D   0.06727 0.93273 ( 2)  0.939
  92 Q   0.00008 0.99992 ( 2)  1.000
  93 G   0.00000 1.00000 ( 2)  1.000
  94 F   0.99612 0.00388 ( 1)  0.100
  95 P   0.00439 0.99561 ( 2)  0.996
  96 S   0.05775 0.94225 ( 2)  0.948
  97 T   0.99937 0.00063 ( 1)  0.098
  98 M   0.99997 0.00003 ( 1)  0.097
  99 S   0.03850 0.96150 ( 2)  0.965
 100 A   0.00091 0.99909 ( 2)  0.999
 101 N   0.75434 0.24566 ( 1)  0.319
 102 E   0.01775 0.98225 ( 2)  0.984
 103 S   0.99502 0.00498 ( 1)  0.101
 104 L   0.87448 0.12552 ( 1)  0.210
 105 T   0.98748 0.01252 ( 1)  0.108
 106 S   0.52439 0.47561 ( 1)  0.526
 107 Q   0.10043 0.89957 ( 2)  0.909
 108 S   0.39447 0.60553 ( 2)  0.644
 109 F   0.99992 0.00008 ( 1)  0.097
 110 R   0.93745 0.06255 ( 1)  0.153
 111 F   0.99671 0.00329 ( 1)  0.100
 112 A   0.84088 0.15912 ( 1)  0.241
 113 E   0.01087 0.98913 ( 2)  0.990
 114 F   0.88416 0.11584 ( 1)  0.202
 115 P   0.00719 0.99281 ( 2)  0.994
 116 V   0.06612 0.93388 ( 2)  0.940
 117 G   0.01589 0.98411 ( 2)  0.986
 118 I   0.04195 0.95805 ( 2)  0.962
 119 S   0.00000 1.00000 ( 2)  1.000
 120 -   0.74707 0.25293 ( 1)  0.325
 121 A   0.01477 0.98523 ( 2)  0.987
 122 S   0.01980 0.98020 ( 2)  0.982
 123 G   0.00885 0.99115 ( 2)  0.992
 124 S   0.00142 0.99858 ( 2)  0.999
 125 Q   0.00006 0.99994 ( 2)  1.000
 126 T   0.00019 0.99981 ( 2)  1.000
 127 A   0.00004 0.99996 ( 2)  1.000
 128 G   0.30803 0.69197 ( 2)  0.722
 129 I   0.99924 0.00076 ( 1)  0.098
 130 -   0.39611 0.60389 ( 2)  0.642
 131 -   0.39611 0.60389 ( 2)  0.642
 132 S   0.01665 0.98335 ( 2)  0.985
 133 I   0.04073 0.95927 ( 2)  0.963
 134 S   0.01379 0.98621 ( 2)  0.988
 135 N   0.02144 0.97856 ( 2)  0.981
 136 N   0.00037 0.99963 ( 2)  1.000
 137 A   0.00001 0.99999 ( 2)  1.000
 138 G   0.01505 0.98495 ( 2)  0.986
 139 R   0.00003 0.99997 ( 2)  1.000
 140 Q   0.00117 0.99883 ( 2)  0.999
 141 T   0.02417 0.97583 ( 2)  0.978
 142 F   0.34450 0.65550 ( 2)  0.689
 143 H   0.96794 0.03206 ( 1)  0.126
 144 F   0.30976 0.69024 ( 2)  0.720
 145 D   0.99896 0.00104 ( 1)  0.098
 146 K   0.08783 0.91217 ( 2)  0.921
 147 I   0.97869 0.02131 ( 1)  0.116
 148 E   0.99921 0.00079 ( 1)  0.098
 149 F   0.79732 0.20268 ( 1)  0.280
 150 I   0.98932 0.01068 ( 1)  0.107
 151 -   0.39611 0.60389 ( 2)  0.642


lnL = -2562.138012

