Supplemental results for CODEML (seqf: algn  treef: tree)


dN/dS (w) for site classes (K=3)

p:   0.52163  0.34735  0.13101
w:   0.19746  1.00000  3.32822

Naive Empirical Bayes (NEB) probabilities for 3 classes & postmean_w & P(w>1)
(amino acids refer to 1st sequence: BT_Cry8Ha1)

   1 G   0.86331 0.13038 0.00631 ( 1)  0.322  0.006
   2 T   0.94584 0.05227 0.00189 ( 1)  0.245  0.002
   3 S   0.13908 0.76305 0.09787 ( 2)  1.116  0.098
   4 V   0.09116 0.61366 0.29518 ( 2)  1.614  0.295
   5 Q   0.79257 0.20389 0.00354 ( 1)  0.372  0.004
   6 L   0.98131 0.01848 0.00022 ( 1)  0.213  0.000
   7 T   0.69205 0.27029 0.03766 ( 1)  0.532  0.038
   8 R   0.79563 0.18008 0.02429 ( 1)  0.418  0.024
   9 E   0.58704 0.39007 0.02289 ( 1)  0.582  0.023
  10 V   0.81337 0.17693 0.00970 ( 1)  0.370  0.010
  11 Y   0.52234 0.44317 0.03450 ( 1)  0.661  0.034
  12 T   0.15161 0.65524 0.19315 ( 2)  1.328  0.193
  13 D   0.88340 0.11046 0.00615 ( 1)  0.305  0.006
  14 P   0.85301 0.13681 0.01019 ( 1)  0.339  0.010
  15 I   0.90901 0.08771 0.00328 ( 1)  0.278  0.003
  16 G   0.96671 0.03158 0.00171 ( 1)  0.228  0.002
  17 A   0.00067 0.18343 0.81590 ( 3)  2.899  0.816
  18 T   0.06818 0.75113 0.18069 ( 2)  1.366  0.181
  19 S   0.04831 0.58084 0.37086 ( 2)  1.825  0.371
  20 T   0.02814 0.67345 0.29841 ( 2)  1.672  0.298
  21 Q   0.01842 0.75285 0.22873 ( 2)  1.518  0.229
  22 G   0.06236 0.81926 0.11838 ( 2)  1.226  0.118
  23 G   0.00111 0.26176 0.73712 ( 3)  2.715  0.737
  24 V   0.02376 0.69129 0.28495 ( 2)  1.644  0.285
  25 -   0.32322 0.48605 0.19073 ( 2)  1.185  0.191
  26 -   0.27717 0.51520 0.20763 ( 2)  1.261  0.208
  27 S   0.42589 0.54556 0.02855 ( 2)  0.725  0.029
  28 W   0.55084 0.44661 0.00255 ( 1)  0.564  0.003
  29 Y   0.86197 0.13038 0.00764 ( 1)  0.326  0.008
  30 D   0.62437 0.36566 0.00997 ( 1)  0.522  0.010
  31 D   0.00075 0.21792 0.78132 ( 3)  2.818  0.781
  32 A   0.91884 0.07832 0.00285 ( 1)  0.269  0.003
  33 P   0.55049 0.42836 0.02115 ( 1)  0.607  0.021
  34 S   0.77668 0.19788 0.02544 ( 1)  0.436  0.025
  35 -   0.19086 0.57149 0.23765 ( 2)  1.400  0.238
  36 F   0.98024 0.01949 0.00028 ( 1)  0.214  0.000
  37 T   0.02484 0.78794 0.18722 ( 2)  1.416  0.187
  38 A   0.00385 0.36483 0.63132 ( 3)  2.467  0.631
  39 I   0.94041 0.05580 0.00380 ( 1)  0.254  0.004
  40 E   0.77360 0.19261 0.03380 ( 1)  0.458  0.034
  41 S   0.81788 0.17434 0.00778 ( 1)  0.362  0.008
  42 S   0.00257 0.39667 0.60076 ( 3)  2.397  0.601
  43 V   0.07316 0.54183 0.38502 ( 2)  1.838  0.385
  44 V   0.09401 0.58614 0.31985 ( 2)  1.669  0.320
  45 R   0.13799 0.74286 0.11915 ( 2)  1.167  0.119
  46 P   0.10564 0.79126 0.10310 ( 2)  1.155  0.103
  47 L   0.12133 0.65801 0.22065 ( 2)  1.416  0.221
  48 H   0.76180 0.23217 0.00603 ( 1)  0.403  0.006
  49 L   0.98244 0.01744 0.00012 ( 1)  0.212  0.000
  50 F   0.99652 0.00346 0.00002 ( 1)  0.200  0.000
  51 D   0.94735 0.05191 0.00074 ( 1)  0.241  0.001
  52 L   0.67176 0.32036 0.00788 ( 1)  0.479  0.008
  53 L   0.89657 0.10100 0.00244 ( 1)  0.286  0.002
  54 T   0.98633 0.01345 0.00022 ( 1)  0.209  0.000
  55 G   0.24717 0.70987 0.04296 ( 2)  0.902  0.043
  56 V   0.89041 0.10706 0.00253 ( 1)  0.291  0.003
  57 T   0.76589 0.22801 0.00610 ( 1)  0.400  0.006
  58 V   0.96680 0.03178 0.00141 ( 1)  0.227  0.001
  59 Y   0.94440 0.05510 0.00050 ( 1)  0.243  0.000
  60 A   0.85793 0.13268 0.00939 ( 1)  0.333  0.009
  61 A   0.15436 0.79721 0.04843 ( 2)  0.989  0.048
  62 S   0.34609 0.62981 0.02410 ( 2)  0.778  0.024
  63 S   0.74571 0.25149 0.00280 ( 1)  0.408  0.003
  64 S   0.53516 0.45129 0.01355 ( 1)  0.602  0.014
  65 W   0.15474 0.61062 0.23464 ( 2)  1.422  0.235
  66 D   0.73202 0.26214 0.00584 ( 1)  0.426  0.006
  67 S   0.92600 0.07248 0.00152 ( 1)  0.260  0.002
  68 S   0.58450 0.39666 0.01885 ( 1)  0.575  0.019
  69 H   0.91445 0.08490 0.00065 ( 1)  0.268  0.001
  70 Y   0.72846 0.26722 0.00432 ( 1)  0.425  0.004
  71 F   0.94624 0.05286 0.00090 ( 1)  0.243  0.001
  72 R   0.58056 0.40575 0.01369 ( 1)  0.566  0.014
  73 F   0.98303 0.01680 0.00017 ( 1)  0.211  0.000
  74 W   0.95865 0.04132 0.00003 ( 1)  0.231  0.000
  75 N   0.78072 0.21453 0.00474 ( 1)  0.384  0.005
  76 G   0.98165 0.01802 0.00034 ( 1)  0.213  0.000
  77 H   0.99698 0.00302 0.00001 ( 1)  0.200  0.000
  78 K   0.76721 0.22812 0.00467 ( 1)  0.395  0.005
  79 V   0.94142 0.05743 0.00115 ( 1)  0.247  0.001
  80 D   0.16729 0.72717 0.10554 ( 2)  1.111  0.106
  81 T   0.01147 0.37667 0.61185 ( 3)  2.415  0.612
  82 K   0.76502 0.22041 0.01456 ( 1)  0.420  0.015
  83 G   0.03546 0.84274 0.12180 ( 2)  1.255  0.122
  84 I   0.08254 0.75784 0.15962 ( 2)  1.305  0.160
  85 K   0.00464 0.17470 0.82066 ( 3)  2.907  0.821
  86 S   0.32421 0.64314 0.03266 ( 2)  0.816  0.033
  87 S   0.19589 0.72746 0.07665 ( 2)  1.021  0.077
  88 V   0.02041 0.64211 0.33748 ( 2)  1.769  0.337
  89 Q   0.00251 0.33997 0.65752 ( 3)  2.529  0.658
  90 Y   0.74625 0.24291 0.01083 ( 1)  0.426  0.011
  91 S   0.08778 0.77180 0.14042 ( 2)  1.256  0.140
  92 N   0.00076 0.41386 0.58538 ( 3)  2.362  0.585
  93 V   0.06639 0.82078 0.11283 ( 2)  1.209  0.113
  94 Y   0.99261 0.00735 0.00004 ( 1)  0.203  0.000
  95 G   0.59734 0.32991 0.07275 ( 1)  0.690  0.073
  96 S   0.18833 0.67318 0.13849 ( 2)  1.171  0.138
  97 T   0.09123 0.74487 0.16390 ( 2)  1.308  0.164
  98 S   0.00249 0.71275 0.28476 ( 2)  1.661  0.285
  99 N   0.65698 0.32839 0.01463 ( 1)  0.507  0.015
 100 A   0.00307 0.23125 0.76568 ( 3)  2.780  0.766
 101 V   0.03264 0.84265 0.12471 ( 2)  1.264  0.125
 102 S   0.00139 0.61646 0.38215 ( 2)  1.889  0.382
 103 T   0.18624 0.48365 0.33011 ( 2)  1.619  0.330
 104 T   0.18865 0.73858 0.07278 ( 2)  1.018  0.073
 105 I   0.23038 0.54894 0.22067 ( 2)  1.329  0.221
 106 I   0.00820 0.32799 0.66380 ( 3)  2.539  0.664
 107 P   0.00414 0.40612 0.58974 ( 3)  2.370  0.590
 108 F   0.91193 0.08520 0.00287 ( 1)  0.275  0.003
 109 S   0.00204 0.33041 0.66755 ( 3)  2.553  0.668
 110 G   0.87070 0.12722 0.00207 ( 1)  0.306  0.002
 111 F   0.54019 0.44893 0.01088 ( 1)  0.592  0.011
 112 D   0.65783 0.30904 0.03313 ( 1)  0.549  0.033
 113 V   0.94945 0.04947 0.00108 ( 1)  0.241  0.001
 114 Y   0.94671 0.05192 0.00137 ( 1)  0.243  0.001
 115 R   0.27411 0.64885 0.07704 ( 2)  0.959  0.077
 116 V   0.40223 0.36434 0.23343 ( 1)  1.221  0.233
 117 F   0.09253 0.68640 0.22107 ( 2)  1.440  0.221
 118 S   0.96685 0.03261 0.00054 ( 1)  0.225  0.001
 119 L   0.48726 0.45536 0.05737 ( 1)  0.743  0.057
 120 A   0.94967 0.04905 0.00128 ( 1)  0.241  0.001
 121 G   0.91567 0.08256 0.00177 ( 1)  0.269  0.002
 122 V   0.96226 0.03715 0.00059 ( 1)  0.229  0.001
 123 L   0.58700 0.40267 0.01033 ( 1)  0.553  0.010
 124 F   0.49198 0.47828 0.02973 ( 1)  0.674  0.030
 125 -   0.54533 0.34374 0.11093 ( 1)  0.821  0.111
 126 -   0.53920 0.34486 0.11594 ( 1)  0.837  0.116
 127 -   0.53979 0.34477 0.11544 ( 1)  0.836  0.115
 128 -   0.53294 0.34589 0.12116 ( 1)  0.854  0.121
 129 -   0.53979 0.34477 0.11544 ( 1)  0.836  0.115
 130 A   0.86056 0.13632 0.00312 ( 1)  0.317  0.003
 131 W   0.26425 0.66615 0.06961 ( 2)  0.950  0.070
 132 T   0.95780 0.04145 0.00075 ( 1)  0.233  0.001
 133 T   0.62003 0.35694 0.02303 ( 1)  0.556  0.023
 134 R   0.66569 0.32752 0.00679 ( 1)  0.482  0.007
 135 Y   0.89817 0.09668 0.00516 ( 1)  0.291  0.005
 136 F   0.80650 0.19019 0.00331 ( 1)  0.360  0.003
 137 G   0.93866 0.06083 0.00051 ( 1)  0.248  0.001
 138 A   0.03027 0.44632 0.52341 ( 3)  2.194  0.523
 139 P   0.99364 0.00633 0.00003 ( 1)  0.203  0.000
 140 E   0.01466 0.57961 0.40574 ( 2)  1.933  0.406
 141 V   0.93522 0.06383 0.00095 ( 1)  0.252  0.001
 142 Y   0.00001 0.04678 0.95321 ( 3)  3.219  0.953
 143 F   0.98780 0.01208 0.00011 ( 1)  0.208  0.000
 144 Q   0.00533 0.31734 0.67733 ( 3)  2.573  0.677
 145 R   0.07551 0.78891 0.13558 ( 2)  1.255  0.136
 146 V   0.80985 0.17694 0.01321 ( 1)  0.381  0.013
 147 D   0.12144 0.66297 0.21559 ( 2)  1.404  0.216
 148 H   0.06612 0.77723 0.15665 ( 2)  1.312  0.157
 149 N   0.14437 0.53197 0.32366 ( 2)  1.638  0.324
 150 S   0.66458 0.32579 0.00963 ( 1)  0.489  0.010
 151 G   0.56346 0.40397 0.03257 ( 1)  0.624  0.033
 152 I   0.94018 0.05852 0.00130 ( 1)  0.248  0.001
 153 D   0.62006 0.36475 0.01519 ( 1)  0.538  0.015
 154 V   0.10844 0.76974 0.12182 ( 2)  1.197  0.122
 155 G   0.37103 0.60511 0.02386 ( 2)  0.758  0.024
 156 Y   0.00036 0.08472 0.91491 ( 3)  3.130  0.915
 157 D   0.03665 0.71911 0.24423 ( 2)  1.539  0.244
 158 I   0.33167 0.57009 0.09824 ( 2)  0.963  0.098
 159 A   0.00317 0.32756 0.66927 ( 3)  2.556  0.669
 160 F   0.97425 0.02544 0.00031 ( 1)  0.219  0.000
 161 S   0.00306 0.49108 0.50586 ( 3)  2.175  0.506
 162 E   0.03652 0.76282 0.20066 ( 2)  1.438  0.201
 163 R   0.00036 0.25749 0.74214 ( 3)  2.728  0.742
 164 Y   0.49063 0.49446 0.01490 ( 2)  0.641  0.015
 165 A   0.10783 0.79808 0.09409 ( 2)  1.133  0.094
 166 G   0.25463 0.67550 0.06987 ( 2)  0.958  0.070
 167 I   0.97736 0.02227 0.00036 ( 1)  0.216  0.000
 168 G   0.37237 0.61117 0.01646 ( 2)  0.739  0.016
 169 E   0.05948 0.83834 0.10218 ( 2)  1.190  0.102
 170 Q   0.90478 0.09391 0.00130 ( 1)  0.277  0.001
 171 Q   0.00627 0.51075 0.48298 ( 2)  2.119  0.483
 172 K   0.74810 0.24632 0.00558 ( 1)  0.413  0.006
 173 D   0.77442 0.21079 0.01479 ( 1)  0.413  0.015
 174 S   0.98183 0.01791 0.00025 ( 1)  0.213  0.000
 175 L   0.14687 0.82146 0.03166 ( 2)  0.956  0.032
 176 D   0.19407 0.67821 0.12772 ( 2)  1.142  0.128
 177 E   0.97681 0.02301 0.00019 ( 1)  0.217  0.000
 178 L   0.98244 0.01744 0.00012 ( 1)  0.212  0.000
 179 P   0.99542 0.00456 0.00002 ( 1)  0.201  0.000
 180 L   0.55878 0.42889 0.01233 ( 1)  0.580  0.012
 181 Q   0.56743 0.41871 0.01386 ( 1)  0.577  0.014
 182 T   0.39787 0.55448 0.04765 ( 2)  0.792  0.048
 183 E   0.01684 0.68657 0.29660 ( 2)  1.677  0.297
 184 G   0.75912 0.19842 0.04246 ( 1)  0.490  0.042
 185 -   0.87585 0.09856 0.02559 ( 1)  0.357  0.026
 186 P   0.79663 0.17716 0.02620 ( 1)  0.422  0.026
 187 A   0.01754 0.48992 0.49254 ( 3)  2.133  0.493
 188 Y   0.81627 0.17991 0.00381 ( 1)  0.354  0.004
 189 -   0.20657 0.56939 0.22404 ( 2)  1.356  0.224
 190 -   0.52631 0.34680 0.12689 ( 1)  0.873  0.127
 191 -   0.52385 0.34710 0.12905 ( 1)  0.880  0.129
 192 R   0.02199 0.62035 0.35766 ( 2)  1.815  0.358
 193 S   0.64982 0.33831 0.01187 ( 1)  0.506  0.012
 194 Y   0.99117 0.00878 0.00005 ( 1)  0.205  0.000
 195 S   0.98376 0.01616 0.00008 ( 1)  0.211  0.000
 196 H   0.99793 0.00206 0.00001 ( 1)  0.199  0.000
 197 R   0.92880 0.06917 0.00202 ( 1)  0.259  0.002
 198 L   0.97508 0.02467 0.00024 ( 1)  0.218  0.000
 199 N   0.53389 0.39936 0.06675 ( 1)  0.727  0.067
 200 H   0.99184 0.00812 0.00004 ( 1)  0.204  0.000
 201 I   0.98015 0.01953 0.00031 ( 1)  0.214  0.000
 202 S   0.88734 0.11017 0.00249 ( 1)  0.294  0.002
 203 M   0.22671 0.75721 0.01608 ( 2)  0.856  0.016
 204 V   0.94951 0.04953 0.00096 ( 1)  0.240  0.001
 205 P   0.24427 0.68359 0.07215 ( 2)  0.972  0.072
 206 Q   0.16473 0.76178 0.07348 ( 2)  1.039  0.073
 207 T   0.56538 0.42374 0.01088 ( 1)  0.572  0.011
 208 V   0.34493 0.62747 0.02761 ( 2)  0.787  0.028
 209 R   0.27353 0.62195 0.10452 ( 2)  1.024  0.105
 210 T   0.44597 0.48618 0.06785 ( 2)  0.800  0.068
 211 R   0.22668 0.56628 0.20704 ( 2)  1.300  0.207
 212 N   0.85069 0.14635 0.00296 ( 1)  0.324  0.003
 213 V   0.96492 0.03441 0.00067 ( 1)  0.227  0.001
 214 P   0.99599 0.00398 0.00003 ( 1)  0.201  0.000
 215 V   0.98866 0.01117 0.00017 ( 1)  0.207  0.000
 216 F   0.98780 0.01208 0.00011 ( 1)  0.208  0.000
 217 S   0.81492 0.18167 0.00341 ( 1)  0.354  0.003
 218 W   0.95865 0.04132 0.00003 ( 1)  0.231  0.000
 219 S   0.03444 0.49787 0.46769 ( 2)  2.061  0.468
 220 H   0.99793 0.00206 0.00001 ( 1)  0.199  0.000
 221 R   0.06646 0.76298 0.17056 ( 2)  1.344  0.171
 222 S   0.98475 0.01513 0.00013 ( 1)  0.210  0.000
 223 -   0.52163 0.34735 0.13101 ( 1)  0.886  0.131
 224 -   0.52163 0.34735 0.13101 ( 1)  0.886  0.131
 225 -   0.52163 0.34735 0.13101 ( 1)  0.886  0.131
 226 -   0.52163 0.34735 0.13101 ( 1)  0.886  0.131
 227 -   0.52163 0.34735 0.13101 ( 1)  0.886  0.131
 228 -   0.52163 0.34735 0.13101 ( 1)  0.886  0.131
 229 -   0.52163 0.34735 0.13101 ( 1)  0.886  0.131
 230 -   0.52163 0.34735 0.13101 ( 1)  0.886  0.131

Positively selected sites

	Prob(w>1)  mean w

    17 A      0.816         2.899
    23 G      0.737         2.715
    31 D      0.781         2.818
    38 A      0.631         2.467
    42 S      0.601         2.397
    81 T      0.612         2.415
    85 K      0.821         2.907
    89 Q      0.658         2.529
    92 N      0.585         2.362
   100 A      0.766         2.780
   106 I      0.664         2.539
   107 P      0.590         2.370
   109 S      0.668         2.553
   138 A      0.523         2.194
   142 Y      0.953*        3.219
   144 Q      0.677         2.573
   156 Y      0.915         3.130
   159 A      0.669         2.556
   161 S      0.506         2.175
   163 R      0.742         2.728


lnL = -3340.956760

Bayes Empirical Bayes (BEB) probabilities for 3 classes (class) & postmean_w
(amino acids refer to 1st sequence: BT_Cry8Ha1)

   1 G   0.85756 0.13309 0.00935 ( 1)  0.333 +-  0.364
   2 T   0.94401 0.05288 0.00311 ( 1)  0.252 +-  0.231
   3 S   0.17760 0.68786 0.13454 ( 2)  1.095 +-  0.757
   4 V   0.11123 0.58436 0.30441 ( 2)  1.569 +-  1.245
   5 Q   0.77535 0.21792 0.00672 ( 1)  0.396 +-  0.376
   6 L   0.98162 0.01788 0.00050 ( 1)  0.217 +-  0.128
   7 T   0.67726 0.27663 0.04611 ( 1)  0.547 +-  0.636
   8 R   0.78043 0.19243 0.02715 ( 1)  0.434 +-  0.553
   9 E   0.57286 0.39499 0.03215 ( 1)  0.604 +-  0.551
  10 V   0.79937 0.18613 0.01450 ( 1)  0.389 +-  0.424
  11 Y   0.51631 0.43755 0.04614 ( 1)  0.675 +-  0.613
  12 T   0.17660 0.61174 0.21166 ( 2)  1.281 +-  1.028
  13 D   0.87583 0.11423 0.00994 ( 1)  0.318 +-  0.352
  14 P   0.83889 0.14843 0.01268 ( 1)  0.356 +-  0.408
  15 I   0.90651 0.08809 0.00540 ( 1)  0.286 +-  0.293
  16 G   0.96561 0.03181 0.00258 ( 1)  0.234 +-  0.198
  17 A   0.00130 0.19773 0.80097 ( 3)  3.284 +-  1.893
  18 T   0.09194 0.68750 0.22056 ( 2)  1.330 +-  0.905
  19 S   0.06436 0.56367 0.37197 ( 2)  1.776 +-  1.342
  20 T   0.03971 0.64023 0.32006 ( 2)  1.597 +-  1.084
  21 Q   0.02994 0.69747 0.27259 ( 2)  1.474 +-  0.933
  22 G   0.09497 0.73550 0.16952 ( 2)  1.215 +-  0.768
  23 G   0.00202 0.30125 0.69673 ( 3)  2.833 +-  1.748
  24 V   0.03835 0.65303 0.30862 ( 2)  1.585 +-  1.094
  25 -   0.33037 0.46879 0.20084 ( 2)  1.196 +-  1.241
  26 -   0.28863 0.49345 0.21792 ( 2)  1.269 +-  1.265
  27 S   0.43891 0.51795 0.04314 ( 2)  0.729 +-  0.581
  28 W   0.55407 0.43553 0.01040 ( 1)  0.578 +-  0.423
  29 Y   0.85057 0.13832 0.01111 ( 1)  0.342 +-  0.380
  30 D   0.61560 0.36681 0.01759 ( 1)  0.543 +-  0.475
  31 D   0.00146 0.26477 0.73377 ( 3)  2.950 +-  1.746
  32 A   0.91517 0.08040 0.00443 ( 1)  0.278 +-  0.278
  33 P   0.54307 0.42738 0.02955 ( 1)  0.625 +-  0.542
  34 S   0.76242 0.20657 0.03101 ( 1)  0.452 +-  0.556
  35 -   0.20870 0.54019 0.25111 ( 2)  1.404 +-  1.289
  36 F   0.97979 0.01959 0.00062 ( 1)  0.219 +-  0.134
  37 T   0.04133 0.72074 0.23794 ( 2)  1.400 +-  0.900
  38 A   0.00657 0.41556 0.57786 ( 3)  2.374 +-  1.533
  39 I   0.93880 0.05556 0.00564 ( 1)  0.261 +-  0.272
  40 E   0.75989 0.20235 0.03775 ( 1)  0.470 +-  0.615
  41 S   0.79559 0.19228 0.01213 ( 1)  0.389 +-  0.407
  42 S   0.00441 0.42400 0.57160 ( 3)  2.392 +-  1.596
  43 V   0.08944 0.53572 0.37484 ( 2)  1.772 +-  1.366
  44 V   0.10917 0.57309 0.31775 ( 2)  1.560 +-  1.167
  45 R   0.17106 0.67311 0.15583 ( 2)  1.158 +-  0.872
  46 P   0.14649 0.71238 0.14113 ( 2)  1.133 +-  0.766
  47 L   0.14781 0.61656 0.23563 ( 2)  1.345 +-  1.032
  48 H   0.74563 0.24357 0.01081 ( 1)  0.426 +-  0.411
  49 L   0.98269 0.01697 0.00034 ( 1)  0.216 +-  0.121
  50 F   0.99658 0.00335 0.00007 ( 1)  0.205 +-  0.070
  51 D   0.94222 0.05624 0.00154 ( 1)  0.251 +-  0.210
  52 L   0.65801 0.32785 0.01415 ( 1)  0.503 +-  0.449
  53 L   0.89117 0.10421 0.00462 ( 1)  0.297 +-  0.293
  54 T   0.98655 0.01295 0.00050 ( 1)  0.213 +-  0.116
  55 G   0.28614 0.64321 0.07065 ( 2)  0.892 +-  0.616
  56 V   0.88053 0.11486 0.00461 ( 1)  0.306 +-  0.302
  57 T   0.74943 0.23979 0.01078 ( 1)  0.423 +-  0.411
  58 V   0.96710 0.03058 0.00232 ( 1)  0.232 +-  0.190
  59 Y   0.93806 0.06079 0.00115 ( 1)  0.254 +-  0.210
  60 A   0.85255 0.13425 0.01320 ( 1)  0.344 +-  0.399
  61 A   0.20604 0.71162 0.08234 ( 2)  0.973 +-  0.611
  62 S   0.37327 0.58242 0.04431 ( 2)  0.777 +-  0.545
  63 S   0.71942 0.27420 0.00638 ( 1)  0.441 +-  0.389
  64 S   0.53642 0.43859 0.02499 ( 1)  0.617 +-  0.501
  65 W   0.16681 0.58201 0.25118 ( 2)  1.350 +-  1.043
  66 D   0.70848 0.28063 0.01089 ( 1)  0.457 +-  0.420
  67 S   0.92233 0.07496 0.00271 ( 1)  0.269 +-  0.248
  68 S   0.57324 0.39870 0.02806 ( 1)  0.597 +-  0.535
  69 H   0.90577 0.09251 0.00172 ( 1)  0.281 +-  0.251
  70 Y   0.70402 0.28733 0.00865 ( 1)  0.458 +-  0.408
  71 F   0.94459 0.05358 0.00183 ( 1)  0.249 +-  0.211
  72 R   0.57586 0.39957 0.02457 ( 1)  0.585 +-  0.501
  73 F   0.98279 0.01678 0.00044 ( 1)  0.216 +-  0.123
  74 W   0.95878 0.04086 0.00036 ( 1)  0.236 +-  0.168
  75 N   0.76502 0.22601 0.00897 ( 1)  0.407 +-  0.393
  76 G   0.98186 0.01749 0.00065 ( 1)  0.217 +-  0.131
  77 H   0.99704 0.00292 0.00003 ( 1)  0.204 +-  0.067
  78 K   0.74508 0.24603 0.00889 ( 1)  0.424 +-  0.398
  79 V   0.93936 0.05830 0.00234 ( 1)  0.254 +-  0.223
  80 D   0.19730 0.66094 0.14177 ( 2)  1.094 +-  0.790
  81 T   0.01570 0.42330 0.56100 ( 3)  2.317 +-  1.519
  82 K   0.74864 0.23234 0.01901 ( 1)  0.441 +-  0.485
  83 G   0.06066 0.76025 0.17909 ( 2)  1.264 +-  0.783
  84 I   0.10981 0.68975 0.20044 ( 2)  1.280 +-  0.890
  85 K   0.00717 0.19751 0.79532 ( 3)  3.248 +-  1.873
  86 S   0.35250 0.59208 0.05542 ( 2)  0.813 +-  0.583
  87 S   0.23457 0.65738 0.10805 ( 2)  1.001 +-  0.710
  88 V   0.03169 0.61503 0.35328 ( 2)  1.714 +-  1.208
  89 Q   0.00434 0.39252 0.60314 ( 3)  2.457 +-  1.557
  90 Y   0.73296 0.24984 0.01720 ( 1)  0.447 +-  0.456
  91 S   0.11641 0.69959 0.18400 ( 2)  1.235 +-  0.837
  92 N   0.00167 0.45387 0.54446 ( 3)  2.257 +-  1.467
  93 V   0.09815 0.73820 0.16365 ( 2)  1.206 +-  0.771
  94 Y   0.99279 0.00708 0.00014 ( 1)  0.208 +-  0.087
  95 G   0.58487 0.33851 0.07662 ( 1)  0.687 +-  0.787
  96 S   0.21009 0.62162 0.16829 ( 2)  1.140 +-  0.875
  97 T   0.11827 0.67987 0.20185 ( 2)  1.275 +-  0.893
  98 S   0.00554 0.67293 0.32153 ( 2)  1.603 +-  1.010
  99 N   0.63713 0.33994 0.02293 ( 1)  0.535 +-  0.501
 100 A   0.00472 0.26130 0.73398 ( 3)  2.998 +-  1.817
 101 V   0.05564 0.75941 0.18495 ( 2)  1.274 +-  0.779
 102 S   0.00319 0.61139 0.38542 ( 2)  1.760 +-  1.116
 103 T   0.20162 0.48586 0.31251 ( 2)  1.538 +-  1.340
 104 T   0.23113 0.66575 0.10312 ( 2)  0.998 +-  0.709
 105 I   0.24017 0.53151 0.22832 ( 2)  1.266 +-  1.091
 106 I   0.01169 0.37185 0.61646 ( 3)  2.533 +-  1.642
 107 P   0.00642 0.43988 0.55371 ( 3)  2.311 +-  1.528
 108 F   0.90312 0.09218 0.00470 ( 1)  0.288 +-  0.287
 109 S   0.00352 0.38894 0.60754 ( 3)  2.460 +-  1.547
 110 G   0.85645 0.13950 0.00405 ( 1)  0.326 +-  0.313
 111 F   0.53693 0.44285 0.02022 ( 1)  0.610 +-  0.480
 112 D   0.64631 0.31032 0.04337 ( 1)  0.564 +-  0.612
 113 V   0.94787 0.05002 0.00211 ( 1)  0.247 +-  0.210
 114 Y   0.94503 0.05261 0.00235 ( 1)  0.250 +-  0.221
 115 R   0.30404 0.59766 0.09830 ( 2)  0.947 +-  0.782
 116 V   0.40187 0.36331 0.23482 ( 1)  1.274 +-  1.470
 117 F   0.12165 0.63494 0.24341 ( 2)  1.417 +-  1.134
 118 S   0.96710 0.03178 0.00112 ( 1)  0.230 +-  0.168
 119 L   0.48738 0.44038 0.07223 ( 1)  0.749 +-  0.736
 120 A   0.94847 0.04910 0.00243 ( 1)  0.247 +-  0.214
 121 G   0.91269 0.08386 0.00345 ( 1)  0.278 +-  0.264
 122 V   0.96098 0.03777 0.00125 ( 1)  0.235 +-  0.179
 123 L   0.58236 0.39773 0.01991 ( 1)  0.572 +-  0.479
 124 F   0.49226 0.46728 0.04046 ( 1)  0.685 +-  0.591
 125 -   0.54732 0.33243 0.12025 ( 1)  0.827 +-  1.028
 126 -   0.54123 0.33351 0.12526 ( 1)  0.845 +-  1.054
 127 -   0.54183 0.33342 0.12475 ( 1)  0.843 +-  1.051
 128 -   0.53501 0.33448 0.13051 ( 1)  0.865 +-  1.081
 129 -   0.54183 0.33342 0.12475 ( 1)  0.843 +-  1.051
 130 A   0.85339 0.14080 0.00581 ( 1)  0.330 +-  0.330
 131 W   0.29049 0.61163 0.09788 ( 2)  0.939 +-  0.707
 132 T   0.95639 0.04214 0.00148 ( 1)  0.239 +-  0.190
 133 T   0.61174 0.35398 0.03428 ( 1)  0.574 +-  0.560
 134 R   0.65352 0.33303 0.01345 ( 1)  0.505 +-  0.443
 135 Y   0.89433 0.09795 0.00772 ( 1)  0.300 +-  0.326
 136 F   0.78734 0.20608 0.00658 ( 1)  0.386 +-  0.368
 137 G   0.93546 0.06324 0.00130 ( 1)  0.256 +-  0.215
 138 A   0.03840 0.45326 0.50833 ( 3)  2.224 +-  1.618
 139 P   0.99377 0.00613 0.00010 ( 1)  0.207 +-  0.083
 140 E   0.02359 0.55393 0.42248 ( 2)  1.977 +-  1.476
 141 V   0.93195 0.06613 0.00192 ( 1)  0.260 +-  0.228
 142 Y   0.00003 0.04848 0.95150 ( 3)  3.829 +-  1.829
 143 F   0.98757 0.01215 0.00028 ( 1)  0.212 +-  0.107
 144 Q   0.00810 0.33704 0.65486 ( 3)  2.734 +-  1.799
 145 R   0.10117 0.71384 0.18499 ( 2)  1.251 +-  0.844
 146 V   0.79658 0.18560 0.01782 ( 1)  0.399 +-  0.460
 147 D   0.14227 0.61796 0.23977 ( 2)  1.369 +-  1.077
 148 H   0.09902 0.70459 0.19639 ( 2)  1.306 +-  0.957
 149 N   0.15991 0.50693 0.33316 ( 2)  1.684 +-  1.505
 150 S   0.65189 0.33131 0.01680 ( 1)  0.512 +-  0.465
 151 G   0.55745 0.39688 0.04567 ( 1)  0.638 +-  0.608
 152 I   0.93777 0.05984 0.00238 ( 1)  0.256 +-  0.227
 153 D   0.60344 0.37406 0.02249 ( 1)  0.564 +-  0.511
 154 V   0.15076 0.69390 0.15534 ( 2)  1.176 +-  0.867
 155 G   0.39520 0.56294 0.04186 ( 2)  0.757 +-  0.545
 156 Y   0.00074 0.08874 0.91052 ( 3)  3.696 +-  1.873
 157 D   0.05784 0.66574 0.27641 ( 2)  1.527 +-  1.130
 158 I   0.35165 0.53743 0.11092 ( 2)  0.955 +-  0.908
 159 A   0.00522 0.35718 0.63760 ( 3)  2.643 +-  1.722
 160 F   0.97391 0.02533 0.00076 ( 1)  0.224 +-  0.148
 161 S   0.00526 0.51501 0.47973 ( 2)  2.048 +-  1.346
 162 E   0.05708 0.69943 0.24350 ( 2)  1.418 +-  0.972
 163 R   0.00080 0.32393 0.67527 ( 3)  2.689 +-  1.626
 164 Y   0.49492 0.47852 0.02656 ( 1)  0.654 +-  0.506
 165 A   0.14816 0.71657 0.13527 ( 2)  1.122 +-  0.759
 166 G   0.28423 0.61831 0.09746 ( 2)  0.944 +-  0.707
 167 I   0.97692 0.02229 0.00079 ( 1)  0.222 +-  0.143
 168 G   0.39888 0.56746 0.03365 ( 2)  0.739 +-  0.506
 169 E   0.09563 0.75359 0.15078 ( 2)  1.192 +-  0.772
 170 Q   0.90061 0.09641 0.00298 ( 1)  0.287 +-  0.268
 171 Q   0.01055 0.51588 0.47357 ( 2)  2.079 +-  1.448
 172 K   0.73206 0.25712 0.01081 ( 1)  0.437 +-  0.412
 173 D   0.75090 0.22983 0.01927 ( 1)  0.441 +-  0.488
 174 S   0.98208 0.01734 0.00059 ( 1)  0.217 +-  0.128
 175 L   0.20377 0.73024 0.06599 ( 2)  0.942 +-  0.540
 176 D   0.22181 0.62417 0.15402 ( 2)  1.117 +-  0.893
 177 E   0.97601 0.02351 0.00047 ( 1)  0.222 +-  0.139
 178 L   0.98269 0.01697 0.00034 ( 1)  0.216 +-  0.121
 179 P   0.99551 0.00442 0.00007 ( 1)  0.205 +-  0.075
 180 L   0.55707 0.41888 0.02405 ( 1)  0.598 +-  0.495
 181 Q   0.56433 0.40891 0.02676 ( 1)  0.596 +-  0.505
 182 T   0.41309 0.52529 0.06162 ( 2)  0.789 +-  0.673
 183 E   0.02618 0.64715 0.32666 ( 2)  1.641 +-  1.135
 184 G   0.75509 0.19644 0.04848 ( 1)  0.494 +-  0.676
 185 -   0.87510 0.09561 0.02929 ( 1)  0.366 +-  0.589
 186 P   0.78911 0.18111 0.02978 ( 1)  0.435 +-  0.592
 187 A   0.02459 0.48633 0.48908 ( 3)  2.169 +-  1.573
 188 Y   0.80288 0.18950 0.00762 ( 1)  0.374 +-  0.367
 189 -   0.22294 0.53986 0.23720 ( 2)  1.346 +-  1.230
 190 -   0.52836 0.33530 0.13634 ( 1)  0.887 +-  1.112
 191 -   0.52589 0.33556 0.13855 ( 1)  0.896 +-  1.123
 192 R   0.03404 0.58458 0.38138 ( 2)  1.848 +-  1.403
 193 S   0.63970 0.34051 0.01979 ( 1)  0.527 +-  0.483
 194 Y   0.99139 0.00846 0.00015 ( 1)  0.209 +-  0.092
 195 S   0.98349 0.01625 0.00026 ( 1)  0.216 +-  0.118
 196 H   0.99795 0.00201 0.00003 ( 1)  0.203 +-  0.063
 197 R   0.92526 0.07131 0.00343 ( 1)  0.268 +-  0.255
 198 L   0.97534 0.02406 0.00060 ( 1)  0.223 +-  0.143
 199 N   0.52363 0.40015 0.07622 ( 1)  0.740 +-  0.801
 200 H   0.99171 0.00817 0.00013 ( 1)  0.209 +-  0.091
 201 I   0.97987 0.01943 0.00070 ( 1)  0.219 +-  0.135
 202 S   0.88191 0.11332 0.00477 ( 1)  0.305 +-  0.301
 203 M   0.28324 0.67740 0.03936 ( 2)  0.837 +-  0.480
 204 V   0.94803 0.05002 0.00195 ( 1)  0.247 +-  0.208
 205 P   0.27357 0.62444 0.10198 ( 2)  0.961 +-  0.717
 206 Q   0.20023 0.68532 0.11445 ( 2)  1.033 +-  0.696
 207 T   0.55455 0.42647 0.01898 ( 1)  0.596 +-  0.477
 208 V   0.37255 0.58012 0.04734 ( 2)  0.784 +-  0.561
 209 R   0.29152 0.57862 0.12986 ( 2)  1.003 +-  0.816
 210 T   0.45027 0.46676 0.08297 ( 2)  0.801 +-  0.773
 211 R   0.24061 0.54432 0.21507 ( 2)  1.233 +-  1.048
 212 N   0.83782 0.15652 0.00566 ( 1)  0.343 +-  0.337
 213 V   0.96394 0.03471 0.00135 ( 1)  0.233 +-  0.177
 214 P   0.99606 0.00386 0.00008 ( 1)  0.205 +-  0.073
 215 V   0.98883 0.01079 0.00038 ( 1)  0.211 +-  0.106
 216 F   0.98757 0.01215 0.00028 ( 1)  0.212 +-  0.107
 217 S   0.79858 0.19482 0.00660 ( 1)  0.377 +-  0.364
 218 W   0.95878 0.04086 0.00036 ( 1)  0.236 +-  0.168
 219 S   0.04391 0.49749 0.45860 ( 2)  2.053 +-  1.515
 220 H   0.99795 0.00201 0.00003 ( 1)  0.203 +-  0.063
 221 R   0.08706 0.69674 0.21620 ( 2)  1.316 +-  0.870
 222 S   0.98495 0.01471 0.00034 ( 1)  0.214 +-  0.116
 223 -   0.52366 0.33577 0.14057 ( 1)  0.904 +-  1.134
 224 -   0.52366 0.33577 0.14057 ( 1)  0.904 +-  1.134
 225 -   0.52366 0.33577 0.14057 ( 1)  0.904 +-  1.134
 226 -   0.52366 0.33577 0.14057 ( 1)  0.904 +-  1.134
 227 -   0.52366 0.33577 0.14057 ( 1)  0.904 +-  1.134
 228 -   0.52366 0.33577 0.14057 ( 1)  0.904 +-  1.134
 229 -   0.52366 0.33577 0.14057 ( 1)  0.904 +-  1.134
 230 -   0.52366 0.33577 0.14057 ( 1)  0.904 +-  1.134

Positively selected sites

	Prob(w>1)  mean w

    17 A      0.801         3.284 +- 1.893
    23 G      0.697         2.833 +- 1.748
    31 D      0.734         2.950 +- 1.746
    38 A      0.578         2.374 +- 1.533
    42 S      0.572         2.392 +- 1.596
    81 T      0.561         2.317 +- 1.519
    85 K      0.795         3.248 +- 1.873
    89 Q      0.603         2.457 +- 1.557
    92 N      0.544         2.257 +- 1.467
   100 A      0.734         2.998 +- 1.817
   106 I      0.616         2.533 +- 1.642
   107 P      0.554         2.311 +- 1.528
   109 S      0.608         2.460 +- 1.547
   138 A      0.508         2.224 +- 1.618
   142 Y      0.951*        3.829 +- 1.829
   144 Q      0.655         2.734 +- 1.799
   156 Y      0.911         3.696 +- 1.873
   159 A      0.638         2.643 +- 1.722
   163 R      0.675         2.689 +- 1.626

