Supplemental results for CODEML (seqf: algn  treef: tree)


dN/dS (w) for site classes (K=8)

p:   0.12500  0.12500  0.12500  0.12500  0.12500  0.12500  0.12500  0.12500
w:   0.00838  0.03887  0.08135  0.13551  0.20357  0.29087  0.41039  0.61054

Naive Empirical Bayes (NEB) probabilities for 8 classes & postmean_w
(amino acids refer to 1st sequence: BT_Cry1Ia18)

   1 P   0.23209 0.20375 0.17050 0.13666 0.10451 0.07536 0.04979 0.02735 ( 1)  0.123
   2 F   0.27427 0.22625 0.17446 0.12715 0.08773 0.05708 0.03461 0.01845 ( 1)  0.102
   3 A   0.00498 0.06977 0.17071 0.23189 0.22359 0.16599 0.09560 0.03746 ( 4)  0.204
   4 G   0.06537 0.20365 0.24837 0.21318 0.14500 0.08015 0.03473 0.00955 ( 3)  0.130
   5 Q   0.00000 0.00000 0.00014 0.00199 0.01373 0.06246 0.22042 0.70125 ( 8)  0.540
   6 I   0.00748 0.09742 0.21556 0.25831 0.21362 0.13128 0.05951 0.01683 ( 4)  0.173
   7 A   0.05535 0.17885 0.22997 0.21173 0.15780 0.09837 0.05019 0.01774 ( 3)  0.147
   8 S   0.00003 0.00255 0.01984 0.06725 0.14459 0.22805 0.27977 0.25792 ( 7)  0.379
   9 L   0.00237 0.03806 0.11095 0.18443 0.22213 0.20937 0.15469 0.07801 ( 5)  0.253
  10 Y   0.00008 0.00595 0.03548 0.09671 0.17424 0.23700 0.25345 0.19709 ( 7)  0.345
  11 S   0.00575 0.07895 0.18791 0.24604 0.22541 0.15494 0.07818 0.02281 ( 4)  0.189
  12 F   0.00000 0.00142 0.01622 0.06572 0.15365 0.24712 0.28910 0.22676 ( 7)  0.371
  13 I   0.00210 0.03330 0.09715 0.16467 0.20736 0.21091 0.17566 0.10886 ( 6)  0.274
  14 L   0.00062 0.01538 0.06355 0.13855 0.20736 0.23511 0.20747 0.13195 ( 6)  0.301
  15 G   0.06390 0.20051 0.24647 0.21321 0.14636 0.08209 0.03664 0.01083 ( 3)  0.133
  16 E   0.00002 0.00190 0.01413 0.04849 0.11109 0.19647 0.28627 0.34162 ( 8)  0.414
  17 L   0.37335 0.26708 0.17042 0.09896 0.05231 0.02482 0.01010 0.00296 ( 1)  0.065
  18 W   0.27248 0.22910 0.18011 0.13275 0.09072 0.05591 0.02904 0.00990 ( 1)  0.097
  19 P   0.40043 0.27806 0.16843 0.08994 0.04169 0.01608 0.00466 0.00071 ( 1)  0.056
  20 K   0.00009 0.00615 0.03638 0.09826 0.17528 0.23605 0.25072 0.19708 ( 7)  0.344
  21 -   0.00236 0.03593 0.09912 0.15871 0.19152 0.19403 0.17485 0.14348 ( 6)  0.286
  22 G   0.00000 0.00009 0.00198 0.01398 0.05470 0.14698 0.30003 0.48224 ( 8)  0.473
  23 K   0.00016 0.01089 0.05835 0.13867 0.21153 0.23746 0.20693 0.13601 ( 6)  0.304
  24 S   0.00000 0.00009 0.00232 0.01670 0.06349 0.16145 0.30618 0.44977 ( 8)  0.463
  25 Q   0.00000 0.00060 0.00751 0.03456 0.09511 0.18903 0.29612 0.37709 ( 8)  0.431
  26 W   0.27248 0.22910 0.18011 0.13275 0.09072 0.05591 0.02904 0.00990 ( 1)  0.097
  27 E   0.51054 0.28420 0.13012 0.05110 0.01744 0.00514 0.00126 0.00021 ( 1)  0.039
  28 I   0.00000 0.00094 0.01069 0.04406 0.10865 0.19593 0.28610 0.35362 ( 8)  0.419
  29 F   0.09457 0.26181 0.27251 0.19377 0.10708 0.04807 0.01757 0.00461 ( 3)  0.105
  30 M   0.09218 0.26252 0.28060 0.20134 0.10761 0.04275 0.01153 0.00146 ( 3)  0.101
  31 E   0.01030 0.12458 0.25014 0.26722 0.19419 0.10363 0.04036 0.00958 ( 4)  0.154
  32 H   0.00014 0.00966 0.05434 0.13649 0.21955 0.25454 0.21482 0.11046 ( 6)  0.298
  33 V   0.41395 0.27676 0.16149 0.08440 0.03964 0.01652 0.00583 0.00143 ( 1)  0.055
  34 E   0.49684 0.28524 0.13563 0.05534 0.01948 0.00583 0.00141 0.00022 ( 1)  0.040
  35 E   0.00006 0.00435 0.02722 0.07847 0.15091 0.22232 0.26522 0.25145 ( 7)  0.371
  36 I   0.03710 0.13103 0.19001 0.20245 0.17886 0.13532 0.08593 0.03929 ( 4)  0.183
  37 I   0.08254 0.23859 0.26406 0.20283 0.12250 0.06010 0.02336 0.00602 ( 3)  0.115
  38 N   0.00772 0.09843 0.21291 0.25091 0.20780 0.13256 0.06638 0.02328 ( 4)  0.178
  39 Q   0.07229 0.22055 0.26029 0.21301 0.13533 0.06778 0.02533 0.00542 ( 3)  0.120
  40 K   0.48941 0.28574 0.13864 0.05770 0.02063 0.00620 0.00147 0.00022 ( 1)  0.041
  41 I   0.09159 0.25738 0.27307 0.19792 0.11061 0.04901 0.01673 0.00368 ( 3)  0.106
  42 L   0.00000 0.00064 0.00822 0.03821 0.10469 0.20311 0.30195 0.34319 ( 8)  0.420
  43 T   0.00016 0.01017 0.05144 0.11802 0.18166 0.21986 0.22508 0.19362 ( 7)  0.332
  44 Y   0.38955 0.27146 0.16746 0.09349 0.04720 0.02111 0.00785 0.00189 ( 1)  0.060
  45 A   0.46957 0.28603 0.14614 0.06423 0.02421 0.00764 0.00189 0.00028 ( 1)  0.044
  46 R   0.40091 0.27627 0.16664 0.08948 0.04249 0.01736 0.00569 0.00115 ( 1)  0.057
  47 N   0.00586 0.08030 0.19030 0.24729 0.22412 0.15219 0.07645 0.02349 ( 4)  0.188
  48 K   0.10491 0.27741 0.27386 0.18502 0.09784 0.04234 0.01490 0.00371 ( 2)  0.100
  49 A   0.38657 0.27144 0.16868 0.09458 0.04773 0.02124 0.00785 0.00191 ( 1)  0.061
  50 L   0.00404 0.05935 0.15436 0.22425 0.23108 0.18133 0.10682 0.03876 ( 5)  0.213
  51 S   0.00004 0.00308 0.02018 0.06180 0.12810 0.20665 0.27554 0.30461 ( 8)  0.395
  52 D   0.10148 0.26962 0.26924 0.18614 0.10258 0.04745 0.01837 0.00513 ( 2)  0.104
  53 L   0.03475 0.12465 0.18427 0.20054 0.18119 0.14033 0.09135 0.04290 ( 4)  0.189
  54 R   0.00001 0.00228 0.02320 0.08271 0.16993 0.24322 0.26333 0.21533 ( 7)  0.358
  55 G   0.36003 0.26442 0.17407 0.10424 0.05648 0.02707 0.01082 0.00288 ( 1)  0.067
  56 L   0.38509 0.27104 0.16892 0.09505 0.04819 0.02159 0.00808 0.00205 ( 1)  0.061
  57 G   0.00502 0.07078 0.17453 0.23835 0.22905 0.16594 0.08864 0.02770 ( 4)  0.197
  58 D   0.00668 0.08921 0.20285 0.25023 0.21505 0.14064 0.07102 0.02431 ( 4)  0.183
  59 A   0.00019 0.01269 0.06575 0.15127 0.22369 0.24207 0.19737 0.10696 ( 6)  0.289
  60 L   0.00004 0.00294 0.02031 0.06486 0.13745 0.22083 0.28177 0.27180 ( 7)  0.384
  61 A   0.00002 0.00208 0.01651 0.05732 0.12754 0.21215 0.28285 0.30154 ( 8)  0.397
  62 V   0.04304 0.14844 0.20738 0.20969 0.17293 0.12016 0.06927 0.02908 ( 4)  0.168
  63 Y   0.38519 0.27146 0.16936 0.09526 0.04809 0.02125 0.00767 0.00172 ( 1)  0.061
  64 H   0.00291 0.04475 0.12386 0.19511 0.22298 0.20005 0.14143 0.06890 ( 5)  0.242
  65 E   0.00000 0.00110 0.01236 0.04989 0.12007 0.20955 0.28955 0.31748 ( 8)  0.406
  66 S   0.03669 0.12715 0.18154 0.19279 0.17345 0.13802 0.09676 0.05360 ( 4)  0.194
  67 L   0.00381 0.05697 0.15136 0.22459 0.23532 0.18560 0.10703 0.03530 ( 5)  0.212
  68 E   0.00914 0.11237 0.23163 0.25787 0.19984 0.11798 0.05406 0.01710 ( 4)  0.166
  69 S   0.00000 0.00014 0.00311 0.01990 0.06848 0.16262 0.29983 0.44592 ( 8)  0.459
  70 W   0.27248 0.22910 0.18011 0.13275 0.09072 0.05591 0.02904 0.00990 ( 1)  0.097
  71 V   0.00000 0.00002 0.00052 0.00421 0.01986 0.07037 0.21725 0.68778 ( 8)  0.534
  72 K   0.00017 0.01130 0.05890 0.13486 0.19965 0.22443 0.20808 0.16261 ( 6)  0.314
  73 N   0.52896 0.28418 0.12337 0.04505 0.01396 0.00363 0.00075 0.00010 ( 1)  0.036
  74 R   0.02738 0.10102 0.15601 0.18077 0.17842 0.15658 0.12222 0.07762 ( 4)  0.221
  75 N   0.00028 0.01751 0.08565 0.18208 0.24298 0.23164 0.16316 0.07670 ( 5)  0.263
  76 N   0.00477 0.06492 0.15514 0.21029 0.21049 0.17235 0.11902 0.06301 ( 5)  0.224
  77 T   0.00000 0.00042 0.00589 0.02983 0.08952 0.19056 0.30908 0.37469 ( 8)  0.434
  78 R   0.39286 0.27467 0.16882 0.09260 0.04493 0.01871 0.00619 0.00122 ( 1)  0.058
  79 A   0.00011 0.00796 0.04538 0.11690 0.19650 0.24516 0.23423 0.15377 ( 6)  0.321
  80 R   0.00071 0.01752 0.07008 0.14614 0.20973 0.23062 0.20024 0.12497 ( 6)  0.294
  81 S   0.00024 0.01545 0.07641 0.16640 0.23159 0.23550 0.18106 0.09335 ( 6)  0.276
  82 V   0.00012 0.00858 0.04889 0.12464 0.20481 0.24656 0.22480 0.14160 ( 6)  0.313
  83 V   0.06856 0.20711 0.24448 0.20501 0.13948 0.08070 0.03976 0.01490 ( 3)  0.134
  84 K   0.00000 0.00001 0.00023 0.00239 0.01370 0.05683 0.19995 0.72689 ( 8)  0.546
  85 N   0.00015 0.01035 0.05533 0.13267 0.20677 0.23956 0.21529 0.13987 ( 6)  0.308
  86 Q   0.00372 0.05510 0.14515 0.21523 0.22874 0.18771 0.11776 0.04657 ( 5)  0.221
  87 Y   0.09773 0.26849 0.27598 0.19246 0.10317 0.04407 0.01480 0.00330 ( 3)  0.102
  88 I   0.00003 0.00238 0.01682 0.05573 0.12405 0.21086 0.28702 0.30311 ( 8)  0.398
  89 A   0.00008 0.00569 0.03487 0.09722 0.17756 0.24169 0.25408 0.18881 ( 7)  0.342
  90 L   0.04029 0.14050 0.19976 0.20704 0.17637 0.12736 0.07629 0.03239 ( 4)  0.174
  91 E   0.00031 0.01884 0.08873 0.18309 0.24047 0.22925 0.16320 0.07611 ( 5)  0.262
  92 L   0.00002 0.00156 0.01085 0.03628 0.08525 0.16355 0.27591 0.42657 ( 8)  0.444
  93 M   0.00000 0.00007 0.00129 0.00895 0.03777 0.11529 0.27795 0.55869 ( 8)  0.498
  94 F   0.47308 0.28708 0.14544 0.06287 0.02298 0.00685 0.00152 0.00018 ( 1)  0.043
  95 V   0.00011 0.00770 0.04364 0.11209 0.18901 0.23927 0.23709 0.17107 ( 6)  0.329
  96 Q   0.00000 0.00001 0.00075 0.00833 0.04306 0.13689 0.30549 0.50546 ( 8)  0.484
  97 K   0.00000 0.00008 0.00201 0.01384 0.05206 0.13708 0.28573 0.50919 ( 8)  0.481
  98 L   0.00294 0.04837 0.14047 0.22266 0.24215 0.19279 0.11090 0.03971 ( 5)  0.219
  99 P   0.41488 0.28098 0.16452 0.08433 0.03730 0.01367 0.00377 0.00056 ( 1)  0.053
 100 S   0.37677 0.27059 0.17229 0.09855 0.05020 0.02210 0.00781 0.00168 ( 1)  0.062
 101 F   0.49508 0.28731 0.13712 0.05527 0.01875 0.00522 0.00111 0.00014 ( 1)  0.040
 102 A   0.00416 0.05872 0.14663 0.20761 0.21541 0.18005 0.12405 0.06336 ( 5)  0.228
 103 V   0.45440 0.28252 0.14976 0.06992 0.02896 0.01054 0.00323 0.00068 ( 1)  0.047
 104 S   0.00152 0.02522 0.07782 0.14116 0.19273 0.21597 0.20204 0.14354 ( 6)  0.299
 105 G   0.00000 0.00143 0.01556 0.05986 0.13475 0.21748 0.27866 0.29227 ( 8)  0.393
 106 E   0.00001 0.00075 0.00637 0.02532 0.06892 0.14976 0.28027 0.46860 ( 8)  0.463
 107 E   0.49684 0.28524 0.13563 0.05534 0.01948 0.00583 0.00141 0.00022 ( 1)  0.040
 108 V   0.46007 0.28393 0.14847 0.06777 0.02712 0.00940 0.00270 0.00054 ( 1)  0.046
 109 P   0.00220 0.03698 0.11276 0.19365 0.23567 0.21639 0.14576 0.05659 ( 5)  0.242
 110 L   0.04587 0.15573 0.21360 0.21187 0.17111 0.11559 0.06323 0.02301 ( 3)  0.161
 111 L   0.38310 0.26918 0.16795 0.09527 0.04933 0.02308 0.00936 0.00274 ( 1)  0.063
 112 P   0.00239 0.03863 0.11287 0.18707 0.22325 0.20732 0.15099 0.07748 ( 5)  0.251
 113 I   0.06867 0.20711 0.24418 0.20468 0.13936 0.08082 0.04003 0.01514 ( 3)  0.134
 114 Y   0.44291 0.28337 0.15487 0.07396 0.03071 0.01077 0.00295 0.00047 ( 1)  0.048
 115 A   0.07007 0.21253 0.25086 0.20834 0.13806 0.07572 0.03387 0.01055 ( 3)  0.128
 116 Q   0.00000 0.00091 0.01065 0.04513 0.11376 0.20681 0.29506 0.32769 ( 8)  0.411
 117 A   0.43757 0.28280 0.15651 0.07580 0.03199 0.01148 0.00328 0.00058 ( 1)  0.049
 118 A   0.41906 0.27953 0.16165 0.08271 0.03728 0.01443 0.00448 0.00087 ( 1)  0.053
 119 N   0.44747 0.28222 0.15238 0.07251 0.03047 0.01108 0.00327 0.00059 ( 1)  0.048
 120 L   0.05388 0.17564 0.22819 0.21230 0.15974 0.10033 0.05149 0.01844 ( 3)  0.149
 121 H   0.48821 0.28774 0.13997 0.05752 0.01979 0.00551 0.00114 0.00012 ( 1)  0.041
 122 L   0.37162 0.26729 0.17149 0.09992 0.05273 0.02470 0.00970 0.00255 ( 1)  0.064
 123 L   0.32849 0.25094 0.17528 0.11384 0.06871 0.03796 0.01833 0.00645 ( 1)  0.079
 124 L   0.38767 0.27213 0.16880 0.09425 0.04720 0.02072 0.00749 0.00175 ( 1)  0.060
 125 L   0.38767 0.27213 0.16880 0.09425 0.04720 0.02072 0.00749 0.00175 ( 1)  0.060
 126 R   0.41777 0.28036 0.16284 0.08323 0.03708 0.01395 0.00408 0.00069 ( 1)  0.053
 127 D   0.43504 0.28143 0.15680 0.07706 0.03326 0.01225 0.00355 0.00060 ( 1)  0.050
 128 A   0.43734 0.28321 0.15697 0.07595 0.03183 0.01119 0.00304 0.00048 ( 1)  0.049
 129 S   0.00345 0.05224 0.14135 0.21511 0.23327 0.19274 0.11858 0.04325 ( 5)  0.221
 130 I   0.00350 0.05285 0.14168 0.21277 0.22783 0.18812 0.12042 0.05281 ( 5)  0.225
 131 F   0.49508 0.28731 0.13712 0.05527 0.01875 0.00522 0.00111 0.00014 ( 1)  0.040
 132 G   0.07748 0.23033 0.26326 0.20831 0.12837 0.06305 0.02371 0.00548 ( 3)  0.117
 133 K   0.00667 0.08434 0.18328 0.22332 0.20092 0.15029 0.09836 0.05282 ( 4)  0.206
 134 E   0.00001 0.00216 0.02217 0.07989 0.16663 0.24300 0.26770 0.21844 ( 7)  0.361
 135 W   0.02360 0.09210 0.15161 0.18624 0.19132 0.16860 0.12370 0.06283 ( 5)  0.218
 136 G   0.41442 0.27975 0.16377 0.08451 0.03807 0.01448 0.00428 0.00073 ( 1)  0.053
 137 L   0.00212 0.03464 0.10394 0.17925 0.22419 0.21745 0.16142 0.07700 ( 5)  0.256
 138 S   0.05346 0.17624 0.23141 0.21638 0.16174 0.09883 0.04745 0.01449 ( 3)  0.145
 139 A   0.00398 0.05672 0.14320 0.20455 0.21331 0.17922 0.12648 0.07254 ( 5)  0.233
 140 -   0.12500 0.12500 0.12500 0.12500 0.12500 0.12500 0.12500 0.12500 ( 1)  0.222
 141 -   0.12500 0.12500 0.12500 0.12500 0.12500 0.12500 0.12500 0.12500 ( 1)  0.222
 142 -   0.12500 0.12500 0.12500 0.12500 0.12500 0.12500 0.12500 0.12500 ( 1)  0.222
 143 S   0.00000 0.00000 0.00009 0.00122 0.00884 0.04433 0.18319 0.76234 ( 8)  0.555
 144 E   0.00388 0.05501 0.13887 0.20079 0.21473 0.18578 0.13193 0.06900 ( 5)  0.235
 145 I   0.03987 0.14233 0.20615 0.21464 0.17977 0.12399 0.06821 0.02504 ( 4)  0.168
 146 S   0.00008 0.00564 0.03212 0.08510 0.15382 0.21911 0.25942 0.24471 ( 7)  0.365
 147 T   0.00000 0.00042 0.00516 0.02438 0.07310 0.16515 0.29903 0.43276 ( 8)  0.454
 148 F   0.00000 0.00082 0.01006 0.04467 0.11714 0.21728 0.30457 0.30546 ( 8)  0.405
 149 Y   0.44291 0.28337 0.15487 0.07396 0.03071 0.01077 0.00295 0.00047 ( 1)  0.048
 150 N   0.00420 0.06095 0.15647 0.22487 0.23008 0.17996 0.10576 0.03771 ( 5)  0.211
 151 R   0.36115 0.26358 0.17284 0.10368 0.05675 0.02771 0.01131 0.00297 ( 1)  0.067
 152 Q   0.05219 0.17409 0.23155 0.21886 0.16443 0.09980 0.04640 0.01267 ( 3)  0.145
 153 V   0.00001 0.00099 0.01040 0.04402 0.11392 0.21206 0.30189 0.31671 ( 8)  0.409
 154 E   0.00000 0.00008 0.00212 0.01555 0.06036 0.15722 0.30610 0.45856 ( 8)  0.466
 155 R   0.00277 0.04307 0.12114 0.19383 0.22438 0.20281 0.14318 0.06882 ( 5)  0.243
 156 T   0.06932 0.21126 0.25092 0.20968 0.13944 0.07619 0.03339 0.00982 ( 3)  0.128
 157 R   0.00000 0.00038 0.00522 0.02641 0.07946 0.17216 0.29518 0.42118 ( 8)  0.449
 158 D   0.00000 0.00022 0.00469 0.02852 0.09104 0.19413 0.30882 0.37258 ( 8)  0.433
 159 Y   0.44291 0.28337 0.15487 0.07396 0.03071 0.01077 0.00295 0.00047 ( 1)  0.048
 160 S   0.00266 0.04141 0.11683 0.18817 0.22053 0.20378 0.14955 0.07707 ( 5)  0.249
 161 D   0.09245 0.25474 0.26649 0.19381 0.11207 0.05375 0.02105 0.00564 ( 3)  0.109
 162 H   0.06122 0.19421 0.24291 0.21509 0.15151 0.08665 0.03829 0.01010 ( 3)  0.135
 163 C   0.41557 0.28088 0.16418 0.08409 0.03723 0.01369 0.00380 0.00056 ( 1)  0.053
 164 V   0.00437 0.06131 0.15122 0.21016 0.21274 0.17343 0.11907 0.06770 ( 5)  0.227
 165 K   0.00751 0.09650 0.21118 0.25232 0.21135 0.13482 0.06563 0.02070 ( 4)  0.177
 166 W   0.00071 0.01328 0.04733 0.10096 0.16373 0.21901 0.24521 0.20976 ( 7)  0.344
 167 Y   0.06038 0.19197 0.24085 0.21423 0.15211 0.08839 0.04043 0.01164 ( 3)  0.137
 168 N   0.00784 0.09870 0.21144 0.24878 0.20776 0.13461 0.06807 0.02281 ( 4)  0.178
 169 T   0.00260 0.04082 0.11606 0.18868 0.22312 0.20696 0.14990 0.07185 ( 5)  0.248
 170 G   0.41609 0.27925 0.16257 0.08371 0.03797 0.01482 0.00467 0.00093 ( 1)  0.053
 171 L   0.38574 0.27147 0.16904 0.09490 0.04788 0.02125 0.00782 0.00190 ( 1)  0.061
 172 N   0.00000 0.00009 0.00228 0.01693 0.06575 0.16824 0.31411 0.43259 ( 8)  0.458
 173 N   0.00000 0.00121 0.01375 0.05572 0.13269 0.22414 0.29027 0.28221 ( 7)  0.392
 174 L   0.00004 0.00334 0.02230 0.06897 0.14234 0.22349 0.27876 0.26075 ( 7)  0.379
 175 R   0.00407 0.05682 0.14103 0.20060 0.21193 0.18276 0.13138 0.07140 ( 5)  0.235
 176 G   0.00000 0.00056 0.00741 0.03554 0.10087 0.20288 0.30947 0.34325 ( 8)  0.422
 177 T   0.00000 0.00026 0.00383 0.02093 0.06851 0.16173 0.29963 0.44510 ( 8)  0.459
 178 N   0.00001 0.00219 0.02310 0.08508 0.17905 0.25728 0.26761 0.18568 ( 7)  0.348
 179 A   0.00342 0.05024 0.13142 0.19528 0.21234 0.18630 0.13752 0.08348 ( 5)  0.244
 180 -   0.01405 0.05833 0.10332 0.13877 0.16133 0.17241 0.17584 0.17595 ( 8)  0.292
 181 -   0.01859 0.07175 0.11803 0.14843 0.16299 0.16553 0.16094 0.15374 ( 6)  0.274
 182 -   0.00030 0.00600 0.02353 0.05661 0.10699 0.17499 0.26090 0.37068 ( 8)  0.416
 183 -   0.02780 0.09876 0.14686 0.16589 0.16373 0.15011 0.13238 0.11446 ( 4)  0.240
 184 -   0.12500 0.12500 0.12500 0.12500 0.12500 0.12500 0.12500 0.12500 ( 1)  0.222
 185 -   0.12500 0.12500 0.12500 0.12500 0.12500 0.12500 0.12500 0.12500 ( 1)  0.222
 186 -   0.12500 0.12500 0.12500 0.12500 0.12500 0.12500 0.12500 0.12500 ( 1)  0.222
 187 -   0.12500 0.12500 0.12500 0.12500 0.12500 0.12500 0.12500 0.12500 ( 1)  0.222
 188 -   0.12500 0.12500 0.12500 0.12500 0.12500 0.12500 0.12500 0.12500 ( 1)  0.222
 189 -   0.12500 0.12500 0.12500 0.12500 0.12500 0.12500 0.12500 0.12500 ( 1)  0.222
 190 -   0.12500 0.12500 0.12500 0.12500 0.12500 0.12500 0.12500 0.12500 ( 1)  0.222
 191 -   0.12500 0.12500 0.12500 0.12500 0.12500 0.12500 0.12500 0.12500 ( 1)  0.222
 192 -   0.12500 0.12500 0.12500 0.12500 0.12500 0.12500 0.12500 0.12500 ( 1)  0.222
 193 -   0.12500 0.12500 0.12500 0.12500 0.12500 0.12500 0.12500 0.12500 ( 1)  0.222
 194 -   0.12500 0.12500 0.12500 0.12500 0.12500 0.12500 0.12500 0.12500 ( 1)  0.222
 195 -   0.12500 0.12500 0.12500 0.12500 0.12500 0.12500 0.12500 0.12500 ( 1)  0.222
 196 -   0.12500 0.12500 0.12500 0.12500 0.12500 0.12500 0.12500 0.12500 ( 1)  0.222
 197 -   0.12500 0.12500 0.12500 0.12500 0.12500 0.12500 0.12500 0.12500 ( 1)  0.222
 198 -   0.12500 0.12500 0.12500 0.12500 0.12500 0.12500 0.12500 0.12500 ( 1)  0.222
 199 -   0.12500 0.12500 0.12500 0.12500 0.12500 0.12500 0.12500 0.12500 ( 1)  0.222
 200 -   0.12500 0.12500 0.12500 0.12500 0.12500 0.12500 0.12500 0.12500 ( 1)  0.222
 201 -   0.12500 0.12500 0.12500 0.12500 0.12500 0.12500 0.12500 0.12500 ( 1)  0.222
 202 -   0.12500 0.12500 0.12500 0.12500 0.12500 0.12500 0.12500 0.12500 ( 1)  0.222
 203 -   0.12500 0.12500 0.12500 0.12500 0.12500 0.12500 0.12500 0.12500 ( 1)  0.222
 204 -   0.12500 0.12500 0.12500 0.12500 0.12500 0.12500 0.12500 0.12500 ( 1)  0.222
 205 -   0.12500 0.12500 0.12500 0.12500 0.12500 0.12500 0.12500 0.12500 ( 1)  0.222
 206 -   0.12500 0.12500 0.12500 0.12500 0.12500 0.12500 0.12500 0.12500 ( 1)  0.222
 207 -   0.02383 0.08873 0.13903 0.16471 0.16857 0.15771 0.13930 0.11812 ( 5)  0.247
 208 -   0.25789 0.21591 0.17066 0.12898 0.09349 0.06482 0.04260 0.02565 ( 1)  0.113
 209 -   0.00059 0.01101 0.03949 0.08500 0.14055 0.19685 0.24541 0.28109 ( 8)  0.373
 210 -   0.31234 0.23768 0.16667 0.11094 0.07171 0.04634 0.03124 0.02307 ( 1)  0.095
 211 K   0.00000 0.00001 0.00030 0.00360 0.02077 0.07804 0.23181 0.66548 ( 8)  0.529
 212 S   0.00001 0.00180 0.01905 0.07155 0.15701 0.24227 0.28071 0.22760 ( 7)  0.368
 213 W   0.27248 0.22910 0.18011 0.13275 0.09072 0.05591 0.02904 0.00990 ( 1)  0.097
 214 V   0.00007 0.00517 0.03002 0.08129 0.15001 0.21774 0.26228 0.25342 ( 7)  0.370
 215 R   0.00000 0.00001 0.00016 0.00168 0.01098 0.05299 0.20655 0.72763 ( 8)  0.547
 216 Y   0.44291 0.28337 0.15487 0.07396 0.03071 0.01077 0.00295 0.00047 ( 1)  0.048
 217 N   0.00735 0.09272 0.19948 0.23756 0.20441 0.14145 0.08158 0.03545 ( 4)  0.190
 218 Q   0.00011 0.00782 0.04585 0.12086 0.20542 0.25384 0.23174 0.13435 ( 6)  0.313
 219 F   0.39868 0.27584 0.16743 0.09059 0.04327 0.01761 0.00559 0.00099 ( 1)  0.057
 220 R   0.35876 0.26638 0.17682 0.10575 0.05616 0.02546 0.00895 0.00171 ( 1)  0.066
 221 K   0.08417 0.24439 0.27028 0.20492 0.11951 0.05457 0.01854 0.00363 ( 3)  0.110
 222 D   0.00905 0.11222 0.23359 0.26182 0.20248 0.11695 0.05031 0.01357 ( 4)  0.163
 223 M   0.09005 0.25852 0.27935 0.20314 0.11032 0.04468 0.01233 0.00161 ( 3)  0.103
 224 T   0.00525 0.07350 0.17931 0.24134 0.22763 0.16133 0.08456 0.02709 ( 4)  0.195
 225 L   0.04450 0.15256 0.21163 0.21220 0.17295 0.11763 0.06471 0.02383 ( 4)  0.163
 226 M   0.00391 0.05811 0.15312 0.22538 0.23454 0.18410 0.10595 0.03488 ( 5)  0.211
 227 V   0.45440 0.28252 0.14976 0.06992 0.02896 0.01054 0.00323 0.00068 ( 1)  0.047
 228 L   0.36911 0.26720 0.17257 0.10101 0.05331 0.02480 0.00956 0.00244 ( 1)  0.065
 229 D   0.51606 0.28436 0.12819 0.04927 0.01631 0.00461 0.00105 0.00015 ( 1)  0.038
 230 L   0.00316 0.04695 0.12510 0.19046 0.21327 0.19275 0.14456 0.08375 ( 5)  0.248
 231 V   0.00395 0.05693 0.14547 0.20989 0.21963 0.18213 0.12200 0.06000 ( 5)  0.227
 232 A   0.00322 0.04800 0.12805 0.19469 0.21649 0.19246 0.13996 0.07713 ( 5)  0.243
 233 L   0.00234 0.03673 0.10493 0.17284 0.21018 0.20591 0.16589 0.10118 ( 5)  0.266
 234 F   0.44434 0.28254 0.15361 0.07336 0.03086 0.01126 0.00338 0.00066 ( 1)  0.048
 235 P   0.06174 0.19698 0.24687 0.21727 0.15033 0.08320 0.03499 0.00863 ( 3)  0.132
 236 S   0.00000 0.00004 0.00094 0.00741 0.03320 0.10554 0.26688 0.58599 ( 8)  0.506


lnL = -3332.987840

