Supplemental results for CODEML (seqf: algn  treef: tree)


dN/dS (w) for site classes (K=9)

p:   0.11642  0.11642  0.11642  0.11642  0.11642  0.11642  0.11642  0.11642  0.06865
w:   0.01132  0.09308  0.23774  0.42118  0.61500  0.79032  0.92181  0.99135  8.00159

Naive Empirical Bayes (NEB) probabilities for 9 classes & postmean_w & P(w>1)
(amino acids refer to 1st sequence: BT_Cry7Cb1)

   1 E   0.03062 0.43325 0.31285 0.12446 0.04977 0.02369 0.01426 0.01108 0.00001 ( 2)  0.241  0.000
   2 T   0.71584 0.19675 0.05072 0.01866 0.00836 0.00444 0.00288 0.00233 0.00001 ( 1)  0.060  0.000
   3 V   0.00000 0.00419 0.04679 0.12204 0.18101 0.20939 0.21749 0.21814 0.00095 ( 8)  0.764  0.001
   4 T   0.11815 0.27358 0.19486 0.13883 0.09801 0.07094 0.05579 0.04925 0.00059 ( 2)  0.353  0.001
   5 E   0.09789 0.35268 0.25413 0.12851 0.06869 0.04226 0.03028 0.02557 0.00000 ( 2)  0.277  0.000
   6 L   0.59713 0.25531 0.08290 0.03104 0.01467 0.00842 0.00577 0.00476 0.00000 ( 1)  0.089  0.000
   7 T   0.71584 0.19675 0.05072 0.01866 0.00836 0.00444 0.00288 0.00233 0.00001 ( 1)  0.060  0.000
   8 R   0.73908 0.20564 0.03803 0.00986 0.00371 0.00178 0.00107 0.00083 0.00000 ( 1)  0.046  0.000
   9 Q   0.13574 0.42395 0.24482 0.09965 0.04442 0.02367 0.01538 0.01237 0.00000 ( 2)  0.214  0.000
  10 I   0.19031 0.34535 0.19057 0.11202 0.06658 0.04152 0.02924 0.02436 0.00005 ( 2)  0.252  0.000
  11 F   0.00234 0.07090 0.15143 0.17167 0.16580 0.15415 0.14406 0.13855 0.00109 ( 4)  0.618  0.001
  12 T   0.73797 0.18881 0.04465 0.01513 0.00638 0.00328 0.00209 0.00168 0.00001 ( 1)  0.053  0.000
  13 D   0.23065 0.46398 0.18732 0.06596 0.02640 0.01255 0.00744 0.00570 0.00000 ( 2)  0.157  0.000
  14 P   0.69726 0.22667 0.04902 0.01428 0.00597 0.00314 0.00203 0.00163 0.00000 ( 1)  0.056  0.000
  15 I   0.00694 0.15438 0.23815 0.20601 0.14821 0.10317 0.07714 0.06593 0.00008 ( 3)  0.468  0.000
  16 G   0.15911 0.42362 0.23183 0.09870 0.04283 0.02114 0.01283 0.00996 0.00000 ( 2)  0.203  0.000
  17 L   0.00541 0.13113 0.22303 0.20579 0.15574 0.11363 0.08823 0.07699 0.00005 ( 3)  0.496  0.000
  18 R   0.00422 0.03275 0.07565 0.11839 0.15224 0.17499 0.18813 0.19392 0.05972 ( 8)  1.146  0.060
  19 G   0.20696 0.18740 0.15749 0.12673 0.10111 0.08272 0.07131 0.06598 0.00029 ( 1)  0.372  0.000
  20 I   0.26339 0.22238 0.16601 0.11618 0.08111 0.05959 0.04780 0.04271 0.00082 ( 1)  0.302  0.001
  21 N   0.27215 0.22737 0.16670 0.11417 0.07806 0.05639 0.04472 0.03973 0.00071 ( 1)  0.291  0.001
  22 E   0.18233 0.16972 0.14975 0.12813 0.10903 0.09448 0.08501 0.08044 0.00111 ( 1)  0.416  0.001
  23 S   0.00403 0.03140 0.07298 0.11508 0.14913 0.17258 0.18643 0.19265 0.07572 ( 8)  1.266  0.076
  24 K   0.24098 0.20917 0.16363 0.12100 0.08904 0.06823 0.05630 0.05099 0.00066 ( 1)  0.328  0.001
  25 Y   0.22719 0.20070 0.16170 0.12373 0.09399 0.07384 0.06191 0.05649 0.00046 ( 1)  0.345  0.000
  26 P   0.72377 0.21055 0.04198 0.01232 0.00528 0.00282 0.00182 0.00146 0.00000 ( 1)  0.052  0.000
  27 D   0.16276 0.42036 0.22213 0.09646 0.04546 0.02449 0.01577 0.01258 0.00000 ( 2)  0.209  0.000
  28 W   0.44112 0.29610 0.14817 0.06302 0.02636 0.01242 0.00726 0.00553 0.00000 ( 1)  0.133  0.000
  29 Y   0.00687 0.17438 0.26705 0.20127 0.13226 0.09039 0.06847 0.05929 0.00002 ( 3)  0.439  0.000
  30 G   0.00001 0.01592 0.11512 0.19173 0.19800 0.17690 0.15620 0.14509 0.00103 ( 5)  0.667  0.001
  31 A   0.00000 0.00112 0.01531 0.05697 0.11934 0.17964 0.22171 0.24195 0.16397 ( 8)  1.999  0.164
  32 A   0.00000 0.00578 0.07051 0.16904 0.20827 0.19907 0.17932 0.16716 0.00084 ( 5)  0.712  0.001
  33 S   0.00569 0.17073 0.29948 0.22357 0.13015 0.07669 0.05165 0.04203 0.00001 ( 3)  0.411  0.000
  34 -   0.36415 0.26856 0.16012 0.08689 0.04839 0.03020 0.02201 0.01885 0.00083 ( 1)  0.203  0.001
  35 -   0.24810 0.21393 0.16530 0.12015 0.08666 0.06509 0.05285 0.04744 0.00048 ( 1)  0.317  0.000
  36 D   0.00000 0.00008 0.00306 0.02266 0.07223 0.13937 0.19807 0.23051 0.33402 ( 9)  3.249  0.334
  37 S   0.00001 0.00423 0.04000 0.10400 0.16506 0.20890 0.23319 0.24285 0.00176 ( 8)  0.790  0.002
  38 F   0.62967 0.24735 0.07071 0.02435 0.01145 0.00695 0.00511 0.00441 0.00000 ( 1)  0.079  0.000
  39 S   0.00000 0.00306 0.04154 0.12065 0.18411 0.21224 0.21850 0.21796 0.00193 ( 7)  0.775  0.002
  40 L   0.03434 0.14492 0.16074 0.15122 0.14188 0.13083 0.12076 0.11503 0.00027 ( 3)  0.534  0.000
  41 I   0.76801 0.17191 0.03778 0.01238 0.00496 0.00239 0.00144 0.00112 0.00000 ( 1)  0.046  0.000
  42 E   0.74838 0.20033 0.03581 0.00895 0.00328 0.00157 0.00095 0.00074 0.00000 ( 1)  0.044  0.000
  43 N   0.22971 0.36855 0.17509 0.09284 0.05382 0.03416 0.02474 0.02099 0.00010 ( 2)  0.222  0.000
  44 R   0.00000 0.00096 0.02720 0.09595 0.15680 0.18871 0.20049 0.20352 0.12637 ( 8)  1.690  0.126
  45 A   0.00874 0.22927 0.32498 0.20295 0.10634 0.05896 0.03823 0.03053 0.00001 ( 3)  0.362  0.000
  46 V   0.00028 0.04024 0.12517 0.17180 0.18060 0.17043 0.15761 0.15007 0.00379 ( 5)  0.676  0.004
  47 P   0.00152 0.05299 0.13445 0.17215 0.17549 0.16472 0.15268 0.14564 0.00038 ( 5)  0.636  0.000
  48 Q   0.00000 0.00260 0.04035 0.12425 0.18972 0.21386 0.21528 0.21209 0.00184 ( 7)  0.771  0.002
  49 P   0.15914 0.38766 0.19903 0.09985 0.05989 0.03977 0.02947 0.02517 0.00001 ( 2)  0.248  0.000
  50 S   0.00000 0.00003 0.00244 0.02243 0.07441 0.14489 0.20701 0.24162 0.30717 ( 9)  3.059  0.307
  51 L   0.00014 0.00839 0.04010 0.09062 0.14906 0.20152 0.23793 0.25562 0.01661 ( 8)  0.905  0.017
  52 F   0.14474 0.36348 0.19889 0.10606 0.06741 0.04799 0.03785 0.03350 0.00009 ( 2)  0.276  0.000
  53 Q   0.00458 0.14533 0.28182 0.23025 0.14212 0.08683 0.05982 0.04925 0.00001 ( 3)  0.438  0.000
  54 W   0.00001 0.00878 0.07893 0.16354 0.19550 0.19275 0.18201 0.17506 0.00342 ( 5)  0.730  0.003
  55 L   0.51091 0.25784 0.10403 0.04858 0.02858 0.01998 0.01589 0.01419 0.00001 ( 1)  0.137  0.000
  56 T   0.00000 0.00117 0.02633 0.09501 0.16357 0.20441 0.22208 0.22774 0.05969 ( 8)  1.217  0.060
  57 E   0.00000 0.00359 0.04111 0.11607 0.18060 0.21190 0.22034 0.22076 0.00562 ( 8)  0.805  0.006
  58 F   0.01267 0.23683 0.25943 0.17466 0.11696 0.08205 0.06278 0.05446 0.00017 ( 3)  0.407  0.000
  59 K   0.00000 0.00033 0.01031 0.05314 0.12708 0.20499 0.26348 0.29313 0.04754 ( 8)  1.179  0.048
  60 V   0.00023 0.01470 0.07028 0.13262 0.17667 0.19671 0.20074 0.19979 0.00827 ( 7)  0.787  0.008
  61 Y   0.00000 0.00006 0.00570 0.04665 0.12749 0.20626 0.25684 0.27913 0.07787 ( 8)  1.399  0.078
  62 T   0.00004 0.00687 0.03314 0.08373 0.14843 0.20368 0.23857 0.25426 0.03128 ( 8)  1.018  0.031
  63 K   0.00019 0.03676 0.13592 0.19089 0.19072 0.16732 0.14495 0.13293 0.00031 ( 4)  0.634  0.000
  64 Y   0.00000 0.00001 0.00112 0.01241 0.04786 0.10292 0.15527 0.18544 0.49498 ( 9)  4.404  0.495
  65 V   0.01175 0.20903 0.24584 0.18311 0.12774 0.09089 0.07021 0.06127 0.00016 ( 3)  0.432  0.000
  66 E   0.00000 0.00008 0.00522 0.04010 0.11581 0.20269 0.26948 0.30347 0.06315 ( 8)  1.304  0.063
  67 P   0.00014 0.03068 0.12953 0.18300 0.18403 0.16920 0.15526 0.14763 0.00051 ( 5)  0.651  0.001
  68 N   0.00000 0.00423 0.04837 0.12632 0.18411 0.20792 0.21163 0.20996 0.00747 ( 7)  0.806  0.007
  69 D   0.00007 0.01413 0.06952 0.13755 0.18234 0.19800 0.19824 0.19555 0.00459 ( 7)  0.758  0.005
  70 K   0.00001 0.00296 0.02743 0.08140 0.14760 0.20713 0.24871 0.26908 0.01569 ( 8)  0.917  0.016
  71 L   0.00000 0.00001 0.00093 0.01103 0.04724 0.11131 0.17910 0.22097 0.42941 ( 9)  3.942  0.429
  72 T   0.00000 0.00349 0.03064 0.08492 0.14675 0.19427 0.22157 0.23300 0.08535 ( 8)  1.405  0.085
  73 I   0.14908 0.32486 0.19034 0.11580 0.07755 0.05634 0.04505 0.04022 0.00077 ( 2)  0.306  0.001
  74 L   0.00004 0.01164 0.07794 0.15635 0.19014 0.19116 0.18303 0.17727 0.01243 ( 6)  0.797  0.012
  75 A   0.00000 0.00202 0.02530 0.08272 0.15047 0.20225 0.23174 0.24399 0.06149 ( 8)  1.241  0.061
  76 G   0.00001 0.00624 0.06498 0.14865 0.19166 0.20060 0.19624 0.19143 0.00020 ( 6)  0.727  0.000
  77 H   0.00000 0.00176 0.03030 0.10417 0.17645 0.21668 0.23164 0.23529 0.00371 ( 8)  0.807  0.004
  78 S   0.00157 0.09523 0.25021 0.23707 0.16339 0.10820 0.07832 0.06595 0.00007 ( 3)  0.492  0.000
  79 V   0.00373 0.10617 0.19803 0.19310 0.15989 0.12928 0.10917 0.09972 0.00091 ( 3)  0.546  0.001
  80 T   0.00001 0.01239 0.11229 0.20690 0.21125 0.17768 0.14738 0.13189 0.00021 ( 5)  0.654  0.000
  81 T   0.73530 0.18999 0.04555 0.01557 0.00654 0.00331 0.00208 0.00165 0.00001 ( 1)  0.054  0.000
  82 Q   0.00000 0.00006 0.00114 0.00531 0.01503 0.03109 0.04895 0.06064 0.83776 ( 9)  6.845  0.838
  83 Y   0.00008 0.02195 0.11635 0.19105 0.19884 0.17635 0.15374 0.14152 0.00011 ( 5)  0.655  0.000
  84 T   0.00012 0.02303 0.10044 0.16610 0.18838 0.18292 0.17102 0.16346 0.00454 ( 5)  0.712  0.005
  85 S   0.00000 0.00026 0.01023 0.05508 0.13340 0.21246 0.26677 0.29198 0.02981 ( 8)  1.049  0.030
  86 Y   0.00000 0.00054 0.01490 0.06780 0.14459 0.21132 0.25285 0.27112 0.03688 ( 8)  1.085  0.037
  87 Y   0.00001 0.01272 0.10775 0.19515 0.20178 0.17642 0.15385 0.14247 0.00985 ( 5)  0.734  0.010
  88 K   0.00000 0.00019 0.00605 0.03361 0.08980 0.15755 0.21242 0.24121 0.25917 ( 9)  2.704  0.259
  89 K   0.00000 0.00106 0.02062 0.07426 0.14296 0.20390 0.24523 0.26506 0.04692 ( 8)  1.150  0.047
  90 -   0.00002 0.00125 0.00774 0.02276 0.04531 0.07030 0.09127 0.10299 0.65836 ( 9)  5.549  0.658
  91 -   0.00020 0.01094 0.05120 0.10829 0.15698 0.18763 0.20329 0.20946 0.07202 ( 8)  1.275  0.072
  92 -   0.00025 0.01376 0.06241 0.12550 0.17073 0.19158 0.19766 0.19844 0.03966 ( 8)  1.022  0.040
  93 -   0.00000 0.00077 0.00994 0.04021 0.09050 0.14482 0.18725 0.20950 0.31700 ( 9)  3.106  0.317
  94 -   0.00000 0.00009 0.00141 0.00701 0.01939 0.03708 0.05445 0.06504 0.81553 ( 9)  6.685  0.816
  95 -   0.00014 0.00810 0.04016 0.09003 0.13675 0.16880 0.18648 0.19389 0.17566 ( 8)  2.035  0.176
  96 -   0.00024 0.01305 0.05844 0.11745 0.16230 0.18677 0.19736 0.20090 0.06349 ( 8)  1.201  0.063
  97 -   0.00894 0.06285 0.12257 0.15635 0.16403 0.15862 0.15084 0.14609 0.02973 ( 5)  0.849  0.030
  98 -   0.17017 0.16095 0.14587 0.12883 0.11305 0.10049 0.09203 0.08786 0.00075 ( 1)  0.433  0.001
  99 -   0.23689 0.20740 0.16430 0.12281 0.09077 0.06941 0.05694 0.05133 0.00015 ( 1)  0.328  0.000
 100 -   0.21993 0.19471 0.15817 0.12317 0.09601 0.07760 0.06664 0.06163 0.00214 ( 1)  0.370  0.002
 101 -   0.00976 0.06769 0.12911 0.16076 0.16535 0.15792 0.14931 0.14433 0.01578 ( 5)  0.738  0.016
 102 -   0.30560 0.24625 0.16923 0.10660 0.06659 0.04425 0.03294 0.02829 0.00025 ( 1)  0.248  0.000
 103 -   0.01376 0.08805 0.14890 0.16549 0.15733 0.14398 0.13357 0.12826 0.02066 ( 4)  0.740  0.021
 104 -   0.30560 0.24625 0.16923 0.10660 0.06659 0.04425 0.03294 0.02829 0.00025 ( 1)  0.248  0.000
 105 -   0.00000 0.00030 0.00393 0.01632 0.03856 0.06549 0.08917 0.10273 0.68350 ( 9)  5.736  0.683
 106 -   0.00019 0.01073 0.05110 0.10952 0.15950 0.19023 0.20521 0.21080 0.06272 ( 8)  1.208  0.063
 107 -   0.00843 0.06027 0.12066 0.15805 0.16925 0.16566 0.15840 0.15365 0.00564 ( 5)  0.679  0.006
 108 -   0.00000 0.00051 0.00669 0.02777 0.06430 0.10556 0.13911 0.15719 0.49888 ( 9)  4.412  0.499
 109 -   0.01038 0.07106 0.13300 0.16276 0.16536 0.15668 0.14740 0.14212 0.01124 ( 5)  0.699  0.011
 110 -   0.00000 0.00000 0.00010 0.00091 0.00374 0.00923 0.01575 0.02015 0.95010 ( 9)  7.647  0.950
 111 -   0.22191 0.19729 0.16070 0.12460 0.09588 0.07611 0.06427 0.05885 0.00040 ( 1)  0.351  0.000
 112 -   0.00355 0.02817 0.06748 0.11030 0.14797 0.17612 0.19391 0.20226 0.07025 ( 8)  1.237  0.070
 113 -   0.00000 0.00036 0.00494 0.02137 0.05160 0.08784 0.11880 0.13605 0.57904 ( 9)  4.989  0.579
 114 -   0.01291 0.08621 0.15379 0.17615 0.16603 0.14658 0.13067 0.12245 0.00520 ( 4)  0.620  0.005
 115 -   0.00893 0.06261 0.12182 0.15581 0.16486 0.16126 0.15498 0.15099 0.01874 ( 5)  0.772  0.019
 116 -   0.00029 0.01570 0.06862 0.13284 0.17505 0.19187 0.19488 0.19412 0.02662 ( 7)  0.918  0.027
 117 -   0.00005 0.00297 0.01579 0.03918 0.06691 0.09239 0.11125 0.12109 0.55036 ( 9)  4.761  0.550
 118 S   0.00017 0.02135 0.07600 0.13828 0.17907 0.19067 0.18798 0.18402 0.02246 ( 6)  0.875  0.022
 119 T   0.02600 0.39928 0.31696 0.13793 0.05911 0.02915 0.01775 0.01380 0.00001 ( 2)  0.260  0.000
 120 F   0.22211 0.42106 0.17051 0.07877 0.04416 0.02753 0.01953 0.01632 0.00001 ( 2)  0.199  0.000
 121 T   0.01035 0.14170 0.18123 0.17820 0.15471 0.12715 0.10729 0.09766 0.00170 ( 3)  0.536  0.002
 122 Y   0.00009 0.02268 0.11395 0.18410 0.19424 0.17723 0.15884 0.14861 0.00025 ( 5)  0.662  0.000
 123 G   0.00061 0.10192 0.27194 0.23716 0.15480 0.10035 0.07229 0.06089 0.00003 ( 3)  0.476  0.000
 124 D   0.00010 0.02178 0.09947 0.16709 0.19061 0.18479 0.17169 0.16326 0.00122 ( 5)  0.689  0.001
 125 T   0.00001 0.00958 0.08672 0.17244 0.19964 0.19069 0.17451 0.16458 0.00185 ( 5)  0.706  0.002
 126 S   0.00848 0.22320 0.32224 0.20426 0.10821 0.06093 0.04020 0.03246 0.00002 ( 3)  0.368  0.000
 127 S   0.00000 0.00245 0.02133 0.06441 0.13301 0.20438 0.25608 0.28134 0.03701 ( 8)  1.087  0.037
 128 A   0.00005 0.01490 0.09843 0.18561 0.20475 0.18502 0.16200 0.14921 0.00004 ( 5)  0.673  0.000
 129 N   0.00036 0.07286 0.23967 0.24247 0.17182 0.11583 0.08488 0.07194 0.00016 ( 4)  0.514  0.000
 130 S   0.00009 0.01943 0.09250 0.16102 0.18705 0.18361 0.17260 0.16542 0.01829 ( 5)  0.821  0.018
 131 S   0.00000 0.00766 0.08028 0.17369 0.20416 0.19264 0.17398 0.16297 0.00461 ( 5)  0.730  0.005
 132 R   0.00000 0.00158 0.02701 0.09683 0.17107 0.21373 0.22832 0.23096 0.03049 ( 8)  1.005  0.030
 133 T   0.00011 0.03006 0.15430 0.22452 0.20076 0.15610 0.12440 0.10959 0.00015 ( 4)  0.605  0.000
 134 F   0.00027 0.05037 0.17580 0.21214 0.18363 0.14696 0.12139 0.10922 0.00022 ( 4)  0.587  0.000
 135 D   0.00316 0.08704 0.16787 0.17660 0.16185 0.14508 0.13238 0.12579 0.00023 ( 4)  0.585  0.000
 136 L   0.00002 0.00589 0.03376 0.07467 0.12388 0.17415 0.21316 0.23350 0.14096 ( 8)  1.810  0.141
 137 L   0.62297 0.24574 0.07368 0.02726 0.01311 0.00762 0.00526 0.00436 0.00000 ( 1)  0.082  0.000
 138 A   0.01552 0.27151 0.28326 0.17606 0.10400 0.06508 0.04605 0.03845 0.00006 ( 3)  0.363  0.000
 139 K   0.01200 0.27326 0.33069 0.18309 0.09061 0.05014 0.03321 0.02697 0.00002 ( 3)  0.334  0.000
 140 D   0.00007 0.01361 0.06746 0.13371 0.17964 0.19815 0.20084 0.19940 0.00713 ( 7)  0.781  0.007
 141 V   0.00009 0.02588 0.14008 0.21507 0.20226 0.16368 0.13374 0.11916 0.00004 ( 4)  0.622  0.000
 142 Y   0.00021 0.04351 0.16518 0.20883 0.18689 0.15283 0.12748 0.11503 0.00003 ( 4)  0.599  0.000
 143 Q   0.00000 0.00192 0.03418 0.11574 0.18662 0.21681 0.22202 0.22050 0.00220 ( 7)  0.784  0.002
 144 V   0.00000 0.00019 0.00570 0.03790 0.11249 0.20319 0.27335 0.30835 0.05882 ( 8)  1.275  0.059
 145 D   0.01139 0.23073 0.28093 0.18998 0.11656 0.07396 0.05252 0.04388 0.00005 ( 3)  0.391  0.000
 146 S   0.00001 0.00264 0.02824 0.09009 0.16088 0.21307 0.24123 0.25220 0.01164 ( 8)  0.878  0.012
 147 V   0.00000 0.00005 0.00308 0.02458 0.07944 0.15412 0.21922 0.25490 0.26461 ( 9)  2.754  0.265
 148 A   0.16928 0.39777 0.20741 0.09937 0.05319 0.03203 0.02235 0.01858 0.00001 ( 2)  0.227  0.000
 149 A   0.00000 0.00001 0.00078 0.00898 0.03540 0.07737 0.11838 0.14260 0.61648 ( 9)  5.270  0.616
 150 A   0.00009 0.01468 0.05855 0.11942 0.17388 0.20123 0.20814 0.20801 0.01600 ( 7)  0.858  0.016
 151 S   0.00000 0.00190 0.03302 0.10235 0.16781 0.20736 0.22455 0.22986 0.03315 ( 8)  1.018  0.033
 152 K   0.01688 0.33295 0.33520 0.16118 0.07298 0.03790 0.02395 0.01896 0.00000 ( 3)  0.294  0.000
 153 S   0.00016 0.02455 0.08499 0.14136 0.17922 0.19201 0.19028 0.18639 0.00104 ( 6)  0.712  0.001
 154 A   0.00451 0.08837 0.14451 0.16949 0.17027 0.15435 0.13765 0.12833 0.00252 ( 5)  0.615  0.003
 155 T   0.01382 0.22427 0.24977 0.18033 0.12196 0.08533 0.06566 0.05737 0.00149 ( 3)  0.428  0.001
 156 W   0.00001 0.00338 0.03284 0.09645 0.16214 0.20698 0.23074 0.24026 0.02721 ( 8)  0.981  0.027
 157 Y   0.22719 0.20070 0.16170 0.12373 0.09399 0.07384 0.06191 0.05649 0.00046 ( 1)  0.345  0.000
 158 L   0.00001 0.00056 0.00341 0.01005 0.02036 0.03237 0.04298 0.04912 0.84115 ( 9)  6.862  0.841
 159 A   0.18515 0.17139 0.14993 0.12720 0.10756 0.09291 0.08352 0.07903 0.00330 ( 1)  0.429  0.003
 160 V   0.22665 0.19982 0.16073 0.12311 0.09399 0.07440 0.06284 0.05761 0.00085 ( 1)  0.350  0.001
 161 P   0.23073 0.20327 0.16287 0.12357 0.09287 0.07213 0.05990 0.05436 0.00029 ( 1)  0.338  0.000
 162 E   0.00000 0.00002 0.00063 0.00423 0.01443 0.03156 0.05005 0.06186 0.83721 ( 9)  6.842  0.837
 163 M   0.00000 0.00015 0.00662 0.04234 0.11425 0.19732 0.26307 0.29727 0.07898 ( 8)  1.415  0.079
 164 R   0.00001 0.00313 0.02986 0.08615 0.14723 0.19171 0.21649 0.22677 0.09867 ( 8)  1.500  0.099
 165 L   0.00000 0.00145 0.02229 0.08292 0.16034 0.21850 0.24895 0.26035 0.00521 ( 8)  0.841  0.005
 166 Y   0.00748 0.17038 0.24358 0.19084 0.13606 0.10013 0.07998 0.07119 0.00035 ( 3)  0.464  0.000
 167 S   0.00000 0.00252 0.02500 0.07702 0.14627 0.20676 0.24483 0.26169 0.03590 ( 8)  1.064  0.036
 168 I   0.00007 0.01568 0.07723 0.14536 0.18429 0.19403 0.19066 0.18645 0.00623 ( 6)  0.758  0.006
 169 N   0.00017 0.04108 0.18251 0.23572 0.19369 0.14223 0.10946 0.09490 0.00023 ( 4)  0.575  0.000
 170 T   0.00000 0.00115 0.01625 0.05774 0.11437 0.16548 0.19964 0.21571 0.22966 ( 9)  2.465  0.230
 171 N   0.00000 0.00152 0.01772 0.06066 0.11975 0.17404 0.21158 0.22986 0.18487 ( 8)  2.143  0.185
 172 N   0.00001 0.01087 0.09028 0.17398 0.19599 0.18388 0.16766 0.15848 0.01885 ( 5)  0.824  0.019
 173 I   0.00000 0.00000 0.00019 0.00254 0.01100 0.02637 0.04339 0.05434 0.86217 ( 9)  7.021  0.862
 174 L   0.00129 0.04807 0.14799 0.20238 0.19081 0.15817 0.13199 0.11896 0.00032 ( 4)  0.609  0.000
 175 S   0.00403 0.09266 0.15475 0.16519 0.16138 0.15017 0.13852 0.13172 0.00157 ( 4)  0.604  0.002
 176 E   0.01123 0.26757 0.33401 0.18691 0.09140 0.04970 0.03264 0.02648 0.00005 ( 3)  0.335  0.000
 177 D   0.00797 0.05689 0.11402 0.15085 0.16492 0.16587 0.16264 0.16011 0.01673 ( 6)  0.771  0.017
 178 Y   0.00003 0.00195 0.01121 0.03020 0.05537 0.08046 0.09997 0.11039 0.61043 ( 9)  5.199  0.610
 179 F   0.22513 0.19905 0.16076 0.12358 0.09453 0.07486 0.06322 0.05794 0.00093 ( 1)  0.352  0.001
 180 S   0.00505 0.10648 0.16657 0.17139 0.16066 0.14293 0.12729 0.11884 0.00080 ( 4)  0.575  0.001
 181 L   0.00014 0.02555 0.10745 0.17635 0.19378 0.18047 0.16280 0.15255 0.00091 ( 5)  0.673  0.001
 182 S   0.00000 0.00006 0.00181 0.01216 0.03863 0.07801 0.11644 0.13945 0.61345 ( 9)  5.245  0.613
 183 T   0.00719 0.16148 0.24911 0.20650 0.14239 0.09737 0.07288 0.06262 0.00046 ( 3)  0.459  0.000
 184 N   0.01442 0.18684 0.21625 0.18671 0.14144 0.10320 0.08001 0.06978 0.00135 ( 3)  0.470  0.001
 185 I   0.76801 0.17191 0.03778 0.01238 0.00496 0.00239 0.00144 0.00112 0.00000 ( 1)  0.046  0.000
 186 P   0.66705 0.24101 0.05845 0.01741 0.00733 0.00397 0.00264 0.00215 0.00000 ( 1)  0.063  0.000
 187 S   0.00358 0.12260 0.26367 0.23546 0.15413 0.09709 0.06765 0.05582 0.00000 ( 3)  0.463  0.000
 188 S   0.00019 0.03682 0.14360 0.20350 0.19547 0.16280 0.13550 0.12177 0.00035 ( 4)  0.621  0.000
 189 K   0.00077 0.03250 0.09396 0.14348 0.17306 0.18445 0.18560 0.18422 0.00196 ( 7)  0.707  0.002
 190 M   0.00000 0.00009 0.00451 0.03252 0.09241 0.16143 0.21512 0.24278 0.25114 ( 9)  2.648  0.251
 191 R   0.00012 0.02609 0.11724 0.18536 0.19516 0.17596 0.15531 0.14393 0.00084 ( 5)  0.660  0.001
 192 R   0.00000 0.00326 0.03041 0.08432 0.14120 0.18283 0.20705 0.21768 0.13327 ( 8)  1.747  0.133
 193 M   0.00006 0.01430 0.07445 0.14231 0.18337 0.19602 0.19466 0.19137 0.00345 ( 6)  0.743  0.003
 194 Y   0.00521 0.15029 0.26698 0.21586 0.14116 0.09337 0.06864 0.05847 0.00002 ( 3)  0.450  0.000
 195 S   0.00120 0.06019 0.19643 0.23008 0.18249 0.13387 0.10423 0.09120 0.00032 ( 4)  0.556  0.000
 196 S   0.00578 0.17157 0.30087 0.22536 0.13027 0.07559 0.05013 0.04043 0.00001 ( 3)  0.409  0.000
 197 E   0.25560 0.41208 0.16420 0.07619 0.04010 0.02328 0.01571 0.01283 0.00002 ( 2)  0.183  0.000
 198 E   0.00533 0.04055 0.09033 0.13474 0.16435 0.17979 0.18606 0.18790 0.01095 ( 8)  0.771  0.011
 199 L   0.19085 0.17596 0.15265 0.12784 0.10636 0.09034 0.08008 0.07518 0.00073 ( 1)  0.400  0.001
 200 P   0.15350 0.14797 0.13870 0.12782 0.11731 0.10860 0.10252 0.09945 0.00414 ( 1)  0.486  0.004
 201 I   0.24750 0.21317 0.16455 0.11973 0.08671 0.06558 0.05362 0.04835 0.00079 ( 1)  0.321  0.001
 202 G   0.00706 0.05177 0.10816 0.14926 0.16843 0.17237 0.17008 0.16763 0.00524 ( 6)  0.698  0.005
 203 I   0.00046 0.00610 0.02467 0.05990 0.10628 0.15273 0.18882 0.20802 0.25303 ( 9)  2.623  0.253
 204 S   0.00325 0.02595 0.06290 0.10431 0.14208 0.17150 0.19089 0.20028 0.09885 ( 8)  1.450  0.099
 205 D   0.24015 0.20826 0.16286 0.12066 0.08921 0.06880 0.05711 0.05191 0.00103 ( 1)  0.333  0.001
 206 T   0.00000 0.00023 0.00323 0.01457 0.03669 0.06485 0.09018 0.10478 0.68546 ( 9)  5.753  0.685
 207 P   0.23073 0.20327 0.16287 0.12357 0.09287 0.07213 0.05990 0.05436 0.00029 ( 1)  0.338  0.000
 208 I   0.26339 0.22238 0.16601 0.11618 0.08111 0.05959 0.04780 0.04271 0.00082 ( 1)  0.302  0.001
 209 Y   0.22719 0.20070 0.16170 0.12373 0.09399 0.07384 0.06191 0.05649 0.00046 ( 1)  0.345  0.000
 210 G   0.20696 0.18740 0.15749 0.12673 0.10111 0.08272 0.07131 0.06598 0.00029 ( 1)  0.372  0.000
 211 D   0.26395 0.22330 0.16700 0.11675 0.08106 0.05901 0.04689 0.04164 0.00039 ( 1)  0.297  0.000
 212 L   0.14139 0.12892 0.11615 0.11113 0.11304 0.11740 0.12102 0.12285 0.02812 ( 1)  0.709  0.028
 213 E   0.17327 0.16322 0.14693 0.12871 0.11203 0.09892 0.09015 0.08586 0.00091 ( 1)  0.429  0.001
 214 E   0.23183 0.20373 0.16266 0.12306 0.09240 0.07183 0.05976 0.05432 0.00040 ( 1)  0.338  0.000
 215 Y   0.73232 0.20909 0.04091 0.01026 0.00370 0.00178 0.00109 0.00085 0.00000 ( 1)  0.047  0.000
 216 S   0.00334 0.08827 0.16848 0.18449 0.16859 0.14462 0.12576 0.11615 0.00029 ( 4)  0.577  0.000
 217 H   0.77132 0.18937 0.02889 0.00634 0.00214 0.00096 0.00056 0.00043 0.00000 ( 1)  0.039  0.000
 218 R   0.69340 0.22871 0.05038 0.01435 0.00599 0.00324 0.00216 0.00176 0.00000 ( 1)  0.057  0.000
 219 L   0.59534 0.26239 0.08138 0.02862 0.01354 0.00808 0.00577 0.00487 0.00000 ( 1)  0.087  0.000
 220 S   0.00926 0.24394 0.34593 0.20459 0.09657 0.04824 0.02907 0.02240 0.00001 ( 3)  0.338  0.000
 221 F   0.00219 0.06529 0.14184 0.17124 0.17220 0.16014 0.14714 0.13965 0.00031 ( 5)  0.621  0.000
 222 I   0.01800 0.27265 0.27456 0.17758 0.10606 0.06594 0.04641 0.03870 0.00008 ( 3)  0.365  0.000
 223 S   0.00386 0.10110 0.18861 0.19065 0.16168 0.13299 0.11376 0.10465 0.00271 ( 4)  0.569  0.003
 224 E   0.00248 0.09905 0.24539 0.23798 0.16419 0.10788 0.07770 0.06531 0.00003 ( 3)  0.491  0.000
 225 I   0.24391 0.44656 0.18035 0.06854 0.02928 0.01479 0.00924 0.00730 0.00002 ( 2)  0.162  0.000
 226 M   0.00019 0.03398 0.12400 0.17519 0.18341 0.17253 0.15894 0.15083 0.00094 ( 5)  0.659  0.001
 227 H   0.00000 0.00114 0.02620 0.09523 0.16749 0.21346 0.23443 0.24131 0.02073 ( 8)  0.939  0.021
 228 N   0.00000 0.00125 0.02618 0.08807 0.15300 0.20179 0.23120 0.24423 0.05429 ( 8)  1.187  0.054
 229 S   0.07006 0.19192 0.16502 0.14506 0.12753 0.11058 0.09795 0.09151 0.00037 ( 2)  0.469  0.000
 230 G   0.00000 0.00014 0.00473 0.03215 0.09716 0.18494 0.26325 0.30719 0.11045 ( 8)  1.652  0.110
 231 S   0.00000 0.00713 0.07559 0.17119 0.20714 0.19685 0.17679 0.16451 0.00078 ( 5)  0.706  0.001
 232 V   0.11642 0.11642 0.11642 0.11642 0.11642 0.11642 0.11642 0.11642 0.06865 ( 8)  1.024  0.069
 233 T   0.11642 0.11642 0.11642 0.11642 0.11642 0.11642 0.11642 0.11642 0.06865 ( 8)  1.024  0.069
 234 G   0.11642 0.11642 0.11642 0.11642 0.11642 0.11642 0.11642 0.11642 0.06865 ( 8)  1.024  0.069
 235 S   0.11642 0.11642 0.11642 0.11642 0.11642 0.11642 0.11642 0.11642 0.06865 ( 8)  1.024  0.069
 236 N   0.11642 0.11642 0.11642 0.11642 0.11642 0.11642 0.11642 0.11642 0.06865 ( 8)  1.024  0.069
 237 N   0.01245 0.23607 0.26905 0.17679 0.11303 0.07826 0.06053 0.05313 0.00068 ( 3)  0.406  0.001
 238 I   0.01226 0.24729 0.29603 0.18617 0.10620 0.06539 0.04654 0.03924 0.00088 ( 3)  0.378  0.001
 239 K   0.17433 0.40890 0.20215 0.09172 0.04941 0.03112 0.02276 0.01946 0.00015 ( 2)  0.223  0.000
 240 G   0.00451 0.13582 0.25214 0.21308 0.14688 0.10216 0.07786 0.06754 0.00001 ( 3)  0.472  0.000
 241 I   0.00929 0.19713 0.27708 0.20546 0.12686 0.07970 0.05665 0.04757 0.00026 ( 3)  0.413  0.000
 242 I   0.78733 0.16345 0.03241 0.00975 0.00365 0.00167 0.00098 0.00075 0.00000 ( 1)  0.041  0.000
 243 P   0.00010 0.03416 0.17710 0.23674 0.19652 0.14558 0.11239 0.09739 0.00002 ( 4)  0.581  0.000
 244 V   0.15934 0.40298 0.21700 0.10011 0.05148 0.03039 0.02110 0.01756 0.00004 ( 2)  0.226  0.000
 245 L   0.00801 0.19970 0.29554 0.20792 0.12221 0.07391 0.05085 0.04186 0.00001 ( 3)  0.399  0.000
 246 G   0.68253 0.23417 0.05343 0.01550 0.00655 0.00355 0.00236 0.00192 0.00000 ( 1)  0.060  0.000
 247 W   0.44112 0.29610 0.14817 0.06302 0.02636 0.01242 0.00726 0.00553 0.00000 ( 1)  0.133  0.000
 248 T   0.67637 0.20100 0.06073 0.02704 0.01450 0.00884 0.00626 0.00525 0.00002 ( 1)  0.079  0.000
 249 H   0.77132 0.18937 0.02889 0.00634 0.00214 0.00096 0.00056 0.00043 0.00000 ( 1)  0.039  0.000
 250 T   0.00000 0.00182 0.01759 0.06192 0.13510 0.20799 0.25767 0.28073 0.03719 ( 8)  1.091  0.037
 251 S   0.66706 0.19929 0.05166 0.02445 0.01731 0.01426 0.01268 0.01199 0.00130 ( 1)  0.105  0.001

Positively selected sites

	Prob(w>1)  mean w

    82 Q      0.838         6.845
    90 -      0.658         5.549
    94 -      0.816         6.685
   105 -      0.683         5.736
   110 -      0.950*        7.647
   113 -      0.579         4.989
   117 -      0.550         4.761
   149 A      0.616         5.270
   158 L      0.841         6.862
   162 E      0.837         6.842
   173 I      0.862         7.021
   178 Y      0.610         5.199
   182 S      0.613         5.245
   206 T      0.685         5.753


lnL = -3455.904276

Bayes Empirical Bayes (BEB) probabilities for 11 classes (class) & postmean_w
(amino acids refer to 1st sequence: BT_Cry7Cb1)

   1 E   0.39824 0.25687 0.14155 0.07691 0.04398 0.02674 0.01734 0.01215 0.00963 0.01636 0.00022 ( 1)  0.200 +-  0.197
   2 T   0.80973 0.09945 0.03706 0.01884 0.01110 0.00713 0.00490 0.00362 0.00300 0.00505 0.00011 ( 1)  0.094 +-  0.127
   3 V   0.00105 0.01258 0.03316 0.05391 0.07181 0.08688 0.10058 0.11593 0.14159 0.34708 0.03544 (10)  0.792 +-  0.409
   4 T   0.40184 0.14750 0.09594 0.07150 0.05656 0.04629 0.03915 0.03473 0.03398 0.06908 0.00341 ( 1)  0.297 +-  0.336
   5 E   0.42274 0.20035 0.11890 0.07332 0.04832 0.03409 0.02568 0.02080 0.01889 0.03611 0.00078 ( 1)  0.231 +-  0.245
   6 L   0.74159 0.12732 0.05155 0.02642 0.01571 0.01036 0.00741 0.00573 0.00497 0.00878 0.00017 ( 1)  0.113 +-  0.152
   7 T   0.80973 0.09945 0.03706 0.01884 0.01110 0.00713 0.00490 0.00362 0.00300 0.00505 0.00011 ( 1)  0.094 +-  0.127
   8 R   0.85409 0.09266 0.02676 0.01101 0.00563 0.00329 0.00211 0.00147 0.00115 0.00182 0.00002 ( 1)  0.077 +-  0.088
   9 Q   0.51490 0.20870 0.10731 0.05854 0.03470 0.02227 0.01536 0.01145 0.00961 0.01690 0.00026 ( 1)  0.175 +-  0.197
  10 I   0.53151 0.15448 0.08701 0.05824 0.04190 0.03137 0.02432 0.01980 0.01777 0.03284 0.00076 ( 1)  0.206 +-  0.247
  11 F   0.05586 0.08373 0.09280 0.09105 0.08718 0.08394 0.08253 0.08451 0.09488 0.22298 0.02056 (10)  0.615 +-  0.435
  12 T   0.82775 0.09489 0.03348 0.01624 0.00920 0.00572 0.00383 0.00277 0.00226 0.00376 0.00009 ( 1)  0.087 +-  0.114
  13 D   0.64365 0.17955 0.07701 0.03853 0.02158 0.01311 0.00851 0.00592 0.00462 0.00744 0.00008 ( 1)  0.130 +-  0.155
  14 P   0.82594 0.10345 0.03270 0.01436 0.00777 0.00480 0.00325 0.00239 0.00197 0.00329 0.00005 ( 1)  0.085 +-  0.106
  15 I   0.13568 0.14826 0.13538 0.11442 0.09500 0.07881 0.06626 0.05772 0.05501 0.11085 0.00261 ( 2)  0.432 +-  0.307
  16 G   0.54346 0.19658 0.10080 0.05662 0.03407 0.02163 0.01446 0.01031 0.00822 0.01368 0.00017 ( 1)  0.166 +-  0.189
  17 L   0.11213 0.13399 0.12955 0.11369 0.09714 0.08269 0.07132 0.06378 0.06248 0.12948 0.00373 ( 2)  0.464 +-  0.312
  18 R   0.03255 0.03713 0.04720 0.05546 0.06292 0.07046 0.07923 0.09156 0.11475 0.29634 0.11239 (10)  1.089 +-  1.458
  19 G   0.34392 0.12549 0.09112 0.07274 0.06102 0.05313 0.04802 0.04567 0.04793 0.10442 0.00652 ( 1)  0.361 +-  0.365
  20 I   0.41904 0.14105 0.09455 0.06991 0.05451 0.04428 0.03749 0.03354 0.03324 0.06850 0.00390 ( 1)  0.293 +-  0.354
  21 N   0.43027 0.14309 0.09475 0.06923 0.05338 0.04289 0.03595 0.03184 0.03127 0.06387 0.00346 ( 1)  0.283 +-  0.342
  22 E   0.30823 0.11621 0.08725 0.07202 0.06246 0.05621 0.05251 0.05161 0.05595 0.12600 0.01156 ( 1)  0.409 +-  0.435
  23 S   0.03128 0.03582 0.04573 0.05395 0.06147 0.06911 0.07802 0.09051 0.11386 0.29513 0.12511 (10)  1.169 +-  1.617
  24 K   0.38988 0.13545 0.09370 0.07141 0.05731 0.04785 0.04157 0.03809 0.03861 0.08134 0.00478 ( 1)  0.318 +-  0.360
  25 Y   0.37162 0.13174 0.09296 0.07219 0.05898 0.05006 0.04417 0.04105 0.04214 0.08988 0.00520 ( 1)  0.334 +-  0.358
  26 P   0.84074 0.09563 0.02917 0.01281 0.00703 0.00441 0.00302 0.00223 0.00184 0.00307 0.00005 ( 1)  0.082 +-  0.102
  27 D   0.54687 0.19187 0.09655 0.05446 0.03365 0.02227 0.01563 0.01171 0.00979 0.01698 0.00023 ( 1)  0.170 +-  0.198
  28 W   0.62668 0.16274 0.08312 0.04689 0.02796 0.01742 0.01137 0.00788 0.00608 0.00973 0.00013 ( 1)  0.143 +-  0.172
  29 Y   0.14436 0.17008 0.14928 0.11682 0.09034 0.07127 0.05825 0.05024 0.04811 0.09856 0.00267 ( 2)  0.406 +-  0.299
  30 G   0.00458 0.03917 0.07692 0.09681 0.10348 0.10363 0.10184 0.10178 0.10988 0.24635 0.01555 (10)  0.669 +-  0.370
  31 A   0.00027 0.00347 0.01078 0.02131 0.03454 0.05024 0.06889 0.09272 0.13068 0.36587 0.22124 (10)  1.750 +-  2.232
  32 A   0.00136 0.01836 0.04971 0.07797 0.09650 0.10629 0.11090 0.11483 0.12617 0.28225 0.01566 (10)  0.711 +-  0.336
  33 S   0.13223 0.17975 0.16840 0.13264 0.09918 0.07373 0.05590 0.04437 0.03898 0.07368 0.00114 ( 2)  0.382 +-  0.274
  34 -   0.53948 0.15612 0.09005 0.05783 0.03959 0.02856 0.02174 0.01770 0.01616 0.03083 0.00195 ( 1)  0.204 +-  0.300
  35 -   0.39969 0.13777 0.09449 0.07135 0.05671 0.04686 0.04028 0.03649 0.03655 0.07602 0.00379 ( 1)  0.307 +-  0.342
  36 D   0.00001 0.00039 0.00219 0.00652 0.01425 0.02606 0.04282 0.06688 0.10707 0.33788 0.39594 (11)  2.677 +-  2.863
  37 S   0.00132 0.01122 0.02789 0.04499 0.06092 0.07624 0.09236 0.11215 0.14470 0.37372 0.05449 (10)  0.850 +-  0.513
  38 F   0.76921 0.11980 0.04485 0.02181 0.01260 0.00826 0.00599 0.00478 0.00433 0.00808 0.00029 ( 1)  0.105 +-  0.145
  39 S   0.00070 0.01010 0.02986 0.05197 0.07177 0.08825 0.10261 0.11797 0.14320 0.34809 0.03549 (10)  0.800 +-  0.442
  40 L   0.18431 0.11116 0.09075 0.07874 0.07193 0.06816 0.06662 0.06786 0.07551 0.17377 0.01120 ( 1)  0.493 +-  0.385
  41 I   0.84624 0.08716 0.02990 0.01426 0.00791 0.00479 0.00311 0.00217 0.00170 0.00270 0.00004 ( 1)  0.082 +-  0.102
  42 E   0.85982 0.09029 0.02555 0.01030 0.00517 0.00298 0.00190 0.00132 0.00103 0.00163 0.00002 ( 1)  0.075 +-  0.085
  43 N   0.58505 0.15174 0.07776 0.04881 0.03388 0.02497 0.01934 0.01589 0.01449 0.02722 0.00084 ( 1)  0.182 +-  0.235
  44 R   0.00011 0.00497 0.02024 0.03989 0.05850 0.07466 0.08933 0.10540 0.13128 0.32825 0.14737 (10)  1.450 +-  2.038
  45 A   0.18392 0.21352 0.17440 0.12363 0.08560 0.06016 0.04371 0.03351 0.02856 0.05233 0.00065 ( 2)  0.328 +-  0.257
  46 V   0.02260 0.06017 0.08025 0.08834 0.09131 0.09212 0.09277 0.09569 0.10692 0.24778 0.02204 (10)  0.673 +-  0.507
  47 P   0.03957 0.06885 0.08482 0.08957 0.09003 0.08928 0.08913 0.09167 0.10250 0.23803 0.01655 (10)  0.630 +-  0.369
  48 Q   0.00056 0.00920 0.02928 0.05294 0.07428 0.09149 0.10557 0.11980 0.14309 0.34197 0.03181 (10)  0.791 +-  0.425
  49 P   0.52751 0.17537 0.08837 0.05323 0.03665 0.02748 0.02186 0.01846 0.01723 0.03307 0.00078 ( 1)  0.201 +-  0.240
  50 S   0.00000 0.00021 0.00176 0.00604 0.01397 0.02611 0.04334 0.06810 0.10957 0.34777 0.38312 (11)  2.568 +-  2.771
  51 L   0.00461 0.01407 0.02577 0.03764 0.05015 0.06399 0.08027 0.10169 0.13759 0.37589 0.10832 (10)  1.027 +-  0.960
  52 F   0.49621 0.17152 0.09027 0.05633 0.03990 0.03078 0.02533 0.02225 0.02173 0.04393 0.00173 ( 1)  0.225 +-  0.270
  53 Q   0.11069 0.16178 0.16188 0.13439 0.10464 0.08024 0.06234 0.05050 0.04516 0.08682 0.00157 ( 3)  0.411 +-  0.281
  54 W   0.00244 0.02348 0.05382 0.07700 0.09088 0.09832 0.10290 0.10860 0.12320 0.28769 0.03167 (10)  0.751 +-  0.510
  55 L   0.66193 0.13418 0.06236 0.03610 0.02407 0.01777 0.01423 0.01234 0.01200 0.02397 0.00105 ( 1)  0.156 +-  0.217
  56 T   0.00018 0.00502 0.01906 0.03785 0.05698 0.07478 0.09176 0.11066 0.14042 0.35634 0.10696 (10)  1.154 +-  1.443
  57 E   0.00091 0.01074 0.02925 0.04978 0.06889 0.08559 0.10067 0.11696 0.14323 0.35074 0.04323 (10)  0.831 +-  0.580
  58 F   0.21692 0.18794 0.13709 0.09911 0.07532 0.05996 0.04980 0.04356 0.04208 0.08586 0.00236 ( 1)  0.362 +-  0.309
  59 K   0.00004 0.00151 0.00711 0.01724 0.03134 0.04901 0.07076 0.09920 0.14475 0.41731 0.16174 (10)  1.283 +-  1.357
  60 V   0.00802 0.02715 0.04747 0.06290 0.07520 0.08585 0.09617 0.10866 0.13100 0.31957 0.03802 (10)  0.792 +-  0.648
  61 Y   0.00000 0.00052 0.00441 0.01434 0.03033 0.05102 0.07562 0.10564 0.15052 0.41545 0.15214 (10)  1.353 +-  1.627
  62 T   0.00342 0.01177 0.02191 0.03402 0.04813 0.06399 0.08204 0.10463 0.14096 0.37959 0.10955 (10)  1.077 +-  1.139
  63 K   0.01862 0.06089 0.08803 0.09893 0.10136 0.09975 0.09705 0.09608 0.10250 0.22671 0.01008 (10)  0.625 +-  0.322
  64 Y   0.00000 0.00010 0.00090 0.00341 0.00864 0.01749 0.03103 0.05153 0.08672 0.28522 0.51497 (11)  3.496 +-  3.277
  65 V   0.19659 0.17054 0.13269 0.10201 0.08069 0.06570 0.05523 0.04870 0.04735 0.09740 0.00310 ( 1)  0.388 +-  0.317
  66 E   0.00001 0.00053 0.00371 0.01148 0.02440 0.04231 0.06545 0.09618 0.14495 0.42703 0.18394 (10)  1.390 +-  1.500
  67 P   0.01426 0.05474 0.08402 0.09510 0.09691 0.09547 0.09415 0.09571 0.10605 0.24540 0.01818 (10)  0.656 +-  0.371
  68 N   0.00104 0.01283 0.03425 0.05584 0.07406 0.08885 0.10169 0.11565 0.13924 0.33689 0.03965 (10)  0.819 +-  0.623
  69 D   0.00678 0.02635 0.04705 0.06428 0.07802 0.08896 0.09863 0.10986 0.13053 0.31461 0.03494 (10)  0.773 +-  0.543
  70 K   0.00098 0.00709 0.01815 0.03145 0.04603 0.06194 0.08024 0.10380 0.14249 0.39274 0.11508 (10)  1.058 +-  0.958
  71 L   0.00000 0.00007 0.00067 0.00262 0.00700 0.01500 0.02824 0.04975 0.08882 0.31188 0.49594 (11)  3.196 +-  3.038
  72 T   0.00102 0.00883 0.02118 0.03516 0.05007 0.06569 0.08259 0.10310 0.13593 0.35863 0.13780 (10)  1.306 +-  1.714
  73 I   0.47539 0.15606 0.08896 0.06019 0.04488 0.03563 0.02980 0.02648 0.02612 0.05345 0.00305 ( 1)  0.251 +-  0.326
  74 L   0.00454 0.02563 0.05256 0.07338 0.08668 0.09460 0.10012 0.10689 0.12261 0.28928 0.04370 (10)  0.805 +-  0.748
  75 A   0.00053 0.00605 0.01777 0.03278 0.04926 0.06646 0.08481 0.10673 0.14127 0.37258 0.12176 (10)  1.207 +-  1.501
  76 G   0.00168 0.01816 0.04553 0.06904 0.08514 0.09570 0.10378 0.11311 0.13180 0.31224 0.02382 (10)  0.739 +-  0.335
  77 H   0.00036 0.00643 0.02191 0.04215 0.06265 0.08149 0.09903 0.11805 0.14775 0.36822 0.05197 (10)  0.859 +-  0.558
  78 S   0.05938 0.12960 0.15052 0.13617 0.11327 0.09198 0.07523 0.06376 0.05934 0.11818 0.00256 ( 3)  0.473 +-  0.290
  79 V   0.08589 0.11641 0.11753 0.10606 0.09383 0.08352 0.07590 0.07190 0.07485 0.16470 0.00943 (10)  0.522 +-  0.383
  80 T   0.00326 0.03413 0.07627 0.10266 0.11249 0.11230 0.10799 0.10428 0.10781 0.23056 0.00825 (10)  0.647 +-  0.288
  81 T   0.82564 0.09568 0.03404 0.01660 0.00942 0.00585 0.00390 0.00280 0.00226 0.00371 0.00008 ( 1)  0.088 +-  0.115
  82 Q   0.00002 0.00027 0.00096 0.00214 0.00395 0.00670 0.01093 0.01775 0.03041 0.10550 0.82138 (11)  5.466 +-  3.297
  83 Y   0.00946 0.04385 0.07743 0.09622 0.10342 0.10407 0.10229 0.10179 0.10898 0.24151 0.01097 (10)  0.649 +-  0.302
  84 T   0.01122 0.04091 0.06635 0.08197 0.09072 0.09535 0.09844 0.10308 0.11619 0.26985 0.02592 (10)  0.715 +-  0.530
  85 S   0.00002 0.00147 0.00750 0.01869 0.03443 0.05413 0.07788 0.10786 0.15408 0.42843 0.11550 (10)  1.120 +-  1.110
  86 Y   0.00007 0.00248 0.01075 0.02428 0.04136 0.06079 0.08258 0.10894 0.14956 0.40434 0.11485 (10)  1.131 +-  1.211
  87 Y   0.00345 0.03352 0.07245 0.09637 0.10543 0.10584 0.10313 0.10182 0.10873 0.24247 0.02679 (10)  0.724 +-  0.670
  88 K   0.00002 0.00093 0.00440 0.01105 0.02118 0.03512 0.05360 0.07894 0.12016 0.35981 0.31478 (10)  2.280 +-  2.684
  89 K   0.00016 0.00396 0.01385 0.02716 0.04222 0.05875 0.07756 0.10135 0.13981 0.38665 0.14854 (10)  1.233 +-  1.337
  90 -   0.00080 0.00286 0.00627 0.01065 0.01602 0.02258 0.03086 0.04227 0.06161 0.18158 0.62451 (11)  4.356 +-  3.545
  91 -   0.00645 0.01881 0.03407 0.04824 0.06101 0.07291 0.08516 0.10042 0.12685 0.32614 0.11994 (10)  1.190 +-  1.579
  92 -   0.00825 0.02363 0.04181 0.05763 0.07071 0.08172 0.09213 0.10468 0.12727 0.31498 0.07718 (10)  0.981 +-  1.215
  93 -   0.00024 0.00221 0.00701 0.01454 0.02459 0.03721 0.05300 0.07414 0.10882 0.31970 0.35853 (11)  2.553 +-  2.895
  94 -   0.00003 0.00036 0.00127 0.00295 0.00556 0.00934 0.01472 0.02273 0.03672 0.11884 0.78748 (11)  5.315 +-  3.380
  95 -   0.00482 0.01473 0.02772 0.04058 0.05280 0.06465 0.07711 0.09258 0.11874 0.30895 0.19731 (10)  1.703 +-  2.355
  96 -   0.00783 0.02210 0.03884 0.05346 0.06582 0.07669 0.08749 0.10095 0.12498 0.31588 0.10595 (10)  1.122 +-  1.495
  97 -   0.06670 0.06734 0.07617 0.07991 0.08122 0.08176 0.08293 0.08674 0.09875 0.23330 0.04520 (10)  0.774 +-  1.091
  98 -   0.29045 0.11157 0.08531 0.07165 0.06319 0.05778 0.05481 0.05465 0.06007 0.13709 0.01344 ( 1)  0.429 +-  0.435
  99 -   0.38520 0.13509 0.09420 0.07225 0.05825 0.04876 0.04239 0.03879 0.03919 0.08217 0.00372 ( 1)  0.317 +-  0.329
 100 -   0.36062 0.12834 0.09116 0.07143 0.05900 0.05073 0.04542 0.04290 0.04482 0.09740 0.00819 ( 1)  0.357 +-  0.448
 101 -   0.07167 0.07106 0.07916 0.08193 0.08229 0.08199 0.08246 0.08569 0.09711 0.22908 0.03757 (10)  0.705 +-  0.834
 102 -   0.47285 0.15082 0.09553 0.06672 0.04914 0.03770 0.03014 0.02546 0.02382 0.04625 0.00157 ( 1)  0.243 +-  0.286
 103 -   0.09597 0.08658 0.08914 0.08641 0.08230 0.07863 0.07659 0.07773 0.08665 0.20257 0.03743 (10)  0.682 +-  0.928
 104 -   0.47285 0.15082 0.09553 0.06672 0.04914 0.03770 0.03014 0.02546 0.02382 0.04625 0.00157 ( 1)  0.243 +-  0.286
 105 -   0.00011 0.00101 0.00322 0.00675 0.01162 0.01799 0.02635 0.03809 0.05798 0.17782 0.65905 (11)  4.521 +-  3.503
 106 -   0.00629 0.01864 0.03414 0.04875 0.06197 0.07423 0.08672 0.10210 0.12854 0.32878 0.10986 (10)  1.139 +-  1.486
 107 -   0.06320 0.06513 0.07497 0.07985 0.08221 0.08365 0.08560 0.09013 0.10310 0.24410 0.02807 (10)  0.668 +-  0.592
 108 -   0.00017 0.00160 0.00513 0.01078 0.01849 0.02836 0.04094 0.05802 0.08624 0.25632 0.49394 (11)  3.494 +-  3.385
 109 -   0.07567 0.07394 0.08137 0.08338 0.08306 0.08221 0.08224 0.08507 0.09602 0.22565 0.03138 (10)  0.671 +-  0.736
 110 -   0.00000 0.00002 0.00013 0.00042 0.00101 0.00207 0.00384 0.00675 0.01211 0.04194 0.93171 (11)  6.237 +-  3.019
 111 -   0.36447 0.13017 0.09254 0.07239 0.05955 0.05088 0.04518 0.04224 0.04361 0.09351 0.00545 ( 1)  0.341 +-  0.359
 112 -   0.02756 0.03223 0.04201 0.05057 0.05873 0.06725 0.07727 0.09113 0.11645 0.30623 0.13057 (10)  1.175 +-  1.564
 113 -   0.00012 0.00117 0.00386 0.00830 0.01456 0.02283 0.03369 0.04879 0.07411 0.22560 0.56696 (11)  3.932 +-  3.462
 114 -   0.09265 0.08738 0.09291 0.09185 0.08815 0.08397 0.08077 0.08029 0.08709 0.19722 0.01771 (10)  0.589 +-  0.557
 115 -   0.06614 0.06658 0.07524 0.07902 0.08054 0.08142 0.08305 0.08745 0.10034 0.23906 0.04117 (10)  0.734 +-  0.901
 116 -   0.00955 0.02661 0.04595 0.06198 0.07460 0.08478 0.09415 0.10552 0.12669 0.30995 0.06021 (10)  0.895 +-  1.026
 117 -   0.00196 0.00629 0.01245 0.01924 0.02650 0.03445 0.04371 0.05592 0.07652 0.21235 0.51060 (11)  3.701 +-  3.520
 118 S   0.01270 0.03291 0.05048 0.06526 0.07751 0.08736 0.09590 0.10574 0.12434 0.29746 0.05035 (10)  0.850 +-  0.951
 119 T   0.36294 0.25280 0.14767 0.08438 0.05045 0.03183 0.02126 0.01521 0.01222 0.02097 0.00027 ( 1)  0.219 +-  0.212
 120 F   0.61691 0.16157 0.07230 0.04150 0.02764 0.02001 0.01534 0.01247 0.01122 0.02062 0.00043 ( 1)  0.160 +-  0.207
 121 T   0.15093 0.11772 0.10326 0.09287 0.08442 0.07712 0.07130 0.06810 0.07092 0.15427 0.00909 (10)  0.493 +-  0.422
 122 Y   0.01003 0.04400 0.07555 0.09279 0.09961 0.10086 0.10031 0.10142 0.11069 0.25032 0.01441 (10)  0.661 +-  0.328
 123 G   0.05438 0.14431 0.16271 0.14038 0.11215 0.08843 0.07093 0.05944 0.05503 0.10978 0.00246 ( 3)  0.460 +-  0.285
 124 D   0.01034 0.03990 0.06617 0.08254 0.09183 0.09682 0.10006 0.10464 0.11748 0.27090 0.01934 (10)  0.692 +-  0.390
 125 T   0.00252 0.02631 0.05947 0.08307 0.09607 0.10219 0.10522 0.10905 0.12104 0.27566 0.01940 (10)  0.709 +-  0.404
 126 S   0.17902 0.20998 0.17368 0.12424 0.08654 0.06115 0.04472 0.03459 0.02982 0.05543 0.00085 ( 2)  0.334 +-  0.262
 127 S   0.00067 0.00597 0.01418 0.02439 0.03752 0.05409 0.07470 0.10171 0.14498 0.40857 0.13323 (10)  1.172 +-  1.234
 128 A   0.00589 0.03318 0.06688 0.09048 0.10251 0.10646 0.10657 0.10706 0.11507 0.25453 0.01137 (10)  0.668 +-  0.289
 129 N   0.03594 0.11514 0.14730 0.13883 0.11805 0.09727 0.08046 0.06889 0.06472 0.13020 0.00320 ( 3)  0.500 +-  0.294
 130 S   0.00910 0.03605 0.06151 0.07842 0.08853 0.09428 0.09819 0.10344 0.11713 0.27297 0.04038 (10)  0.797 +-  0.864
 131 S   0.00191 0.02253 0.05559 0.08195 0.09740 0.10458 0.10753 0.11064 0.12163 0.27429 0.02196 (10)  0.727 +-  0.508
 132 R   0.00033 0.00572 0.01969 0.03872 0.05901 0.07851 0.09704 0.11681 0.14659 0.36405 0.07353 (10)  0.993 +-  1.075
 133 T   0.01279 0.05923 0.10060 0.11741 0.11719 0.10913 0.09939 0.09197 0.09211 0.19376 0.00643 (10)  0.597 +-  0.295
 134 F   0.02545 0.08140 0.11117 0.11508 0.10839 0.09894 0.09039 0.08509 0.08737 0.18915 0.00756 (10)  0.576 +-  0.316
 135 D   0.07133 0.09722 0.10137 0.09520 0.08814 0.08255 0.07929 0.07956 0.08770 0.20297 0.01466 (10)  0.572 +-  0.377
 136 L   0.00240 0.01136 0.02176 0.03139 0.04138 0.05298 0.06757 0.08778 0.12241 0.34685 0.21413 (10)  1.640 +-  2.096
 137 L   0.76000 0.12061 0.04689 0.02377 0.01419 0.00944 0.00681 0.00531 0.00462 0.00819 0.00017 ( 1)  0.108 +-  0.147
 138 A   0.25017 0.20522 0.14556 0.10129 0.07286 0.05440 0.04227 0.03467 0.03150 0.06077 0.00128 ( 1)  0.318 +-  0.280
 139 K   0.22716 0.23072 0.17124 0.11306 0.07439 0.05061 0.03619 0.02771 0.02384 0.04433 0.00074 ( 2)  0.298 +-  0.252
 140 D   0.00641 0.02551 0.04556 0.06224 0.07583 0.08706 0.09733 0.10939 0.13119 0.31905 0.04041 (10)  0.796 +-  0.622
 141 V   0.01080 0.05244 0.09222 0.11090 0.11379 0.10875 0.10145 0.09597 0.09796 0.20883 0.00688 (10)  0.613 +-  0.285
 142 Y   0.02106 0.07380 0.10550 0.11223 0.10788 0.10019 0.09290 0.08849 0.09163 0.19905 0.00727 (10)  0.588 +-  0.299
 143 Q   0.00039 0.00722 0.02496 0.04776 0.06977 0.08848 0.10437 0.12048 0.14589 0.35234 0.03834 (10)  0.815 +-  0.464
 144 V   0.00003 0.00083 0.00413 0.01151 0.02405 0.04220 0.06649 0.09917 0.15061 0.44099 0.16000 (10)  1.321 +-  1.455
 145 D   0.20458 0.19344 0.14963 0.10958 0.08140 0.06206 0.04887 0.04041 0.03691 0.07167 0.00146 ( 1)  0.350 +-  0.286
 146 S   0.00088 0.00712 0.01995 0.03628 0.05391 0.07199 0.09095 0.11330 0.14832 0.38539 0.07190 (10)  0.935 +-  0.779
 147 V   0.00000 0.00033 0.00222 0.00696 0.01546 0.02846 0.04693 0.07344 0.11749 0.36831 0.34040 (10)  2.342 +-  2.641
 148 A   0.54221 0.17905 0.09135 0.05415 0.03563 0.02519 0.01887 0.01506 0.01338 0.02462 0.00049 ( 1)  0.185 +-  0.220
 149 A   0.00000 0.00007 0.00065 0.00252 0.00649 0.01328 0.02380 0.03992 0.06794 0.22728 0.61806 (11)  4.166 +-  3.419
 150 A   0.00796 0.02435 0.03964 0.05448 0.06906 0.08275 0.09587 0.11067 0.13512 0.33115 0.04896 (10)  0.852 +-  0.825
 151 S   0.00031 0.00732 0.02364 0.04268 0.06095 0.07781 0.09416 0.11276 0.14249 0.35988 0.07799 (10)  1.004 +-  1.128
 152 K   0.28503 0.24989 0.16563 0.10065 0.06231 0.04044 0.02780 0.02052 0.01702 0.03033 0.00036 ( 1)  0.256 +-  0.229
 153 S   0.01347 0.03892 0.05643 0.06893 0.07929 0.08821 0.09664 0.10685 0.12608 0.30158 0.02362 (10)  0.718 +-  0.392
 154 A   0.08408 0.08764 0.08759 0.08697 0.08628 0.08507 0.08396 0.08468 0.09223 0.20764 0.01386 (10)  0.586 +-  0.457
 155 T   0.21638 0.17489 0.13274 0.10038 0.07805 0.06250 0.05183 0.04526 0.04377 0.08985 0.00435 ( 1)  0.379 +-  0.383
 156 W   0.00112 0.00854 0.02240 0.03883 0.05557 0.07195 0.08868 0.10847 0.14044 0.36555 0.09845 (10)  1.035 +-  1.059
 157 Y   0.37162 0.13174 0.09296 0.07219 0.05898 0.05006 0.04417 0.04105 0.04214 0.08988 0.00520 ( 1)  0.334 +-  0.358
 158 L   0.00045 0.00161 0.00352 0.00597 0.00899 0.01270 0.01742 0.02395 0.03499 0.10202 0.78838 (11)  5.456 +-  3.435
 159 A   0.31199 0.11689 0.08727 0.07168 0.06191 0.05554 0.05175 0.05077 0.05498 0.12376 0.01345 ( 1)  0.416 +-  0.517
 160 V   0.37037 0.13106 0.09241 0.07179 0.05872 0.04996 0.04423 0.04128 0.04260 0.09141 0.00616 ( 1)  0.339 +-  0.383
 161 P   0.37672 0.13310 0.09355 0.07233 0.05879 0.04963 0.04353 0.04020 0.04098 0.08674 0.00443 ( 1)  0.327 +-  0.343
 162 E   0.00000 0.00012 0.00056 0.00155 0.00336 0.00630 0.01092 0.01826 0.03157 0.10881 0.81855 (11)  5.482 +-  3.317
 163 M   0.00002 0.00081 0.00462 0.01277 0.02538 0.04237 0.06433 0.09387 0.14153 0.41938 0.19492 (10)  1.455 +-  1.628
 164 R   0.00100 0.00808 0.02066 0.03530 0.05055 0.06599 0.08225 0.10177 0.13320 0.35024 0.15096 (10)  1.368 +-  1.797
 165 L   0.00032 0.00488 0.01610 0.03209 0.05082 0.07085 0.09198 0.11633 0.15328 0.39750 0.06584 (10)  0.911 +-  0.630
 166 Y   0.14762 0.15923 0.13627 0.10831 0.08675 0.07135 0.06085 0.05470 0.05449 0.11556 0.00488 ( 2)  0.429 +-  0.338
 167 S   0.00067 0.00661 0.01700 0.02994 0.04507 0.06219 0.08171 0.10595 0.14421 0.38987 0.11677 (10)  1.119 +-  1.183
 168 I   0.00734 0.02952 0.05197 0.06908 0.08161 0.09090 0.09879 0.10817 0.12668 0.30227 0.03366 (10)  0.766 +-  0.590
 169 N   0.01841 0.07525 0.11669 0.12706 0.12012 0.10703 0.09395 0.08427 0.08219 0.16975 0.00526 (10)  0.565 +-  0.301
 170 T   0.00027 0.00379 0.01183 0.02285 0.03589 0.05064 0.06754 0.08873 0.12243 0.33620 0.25981 (10)  2.088 +-  2.684
 171 N   0.00040 0.00428 0.01225 0.02307 0.03602 0.05079 0.06792 0.08972 0.12489 0.34846 0.24219 (10)  1.864 +-  2.363
 172 N   0.00305 0.02821 0.06124 0.08402 0.09582 0.10053 0.10223 0.10497 0.11602 0.26531 0.03861 (10)  0.799 +-  0.876
 173 I   0.00000 0.00002 0.00019 0.00081 0.00218 0.00467 0.00875 0.01538 0.02745 0.09621 0.84435 (11)  5.668 +-  3.274
 174 L   0.03440 0.06820 0.09444 0.10496 0.10530 0.10066 0.09483 0.09095 0.09428 0.20381 0.00816 (10)  0.595 +-  0.323
 175 S   0.08231 0.09526 0.09307 0.08739 0.08319 0.08060 0.07971 0.08165 0.09103 0.21065 0.01514 (10)  0.581 +-  0.432
 176 E   0.21951 0.23054 0.17391 0.11573 0.07620 0.05156 0.03653 0.02768 0.02363 0.04381 0.00089 ( 2)  0.300 +-  0.254
 177 D   0.05939 0.06111 0.07047 0.07542 0.07825 0.08047 0.08344 0.08928 0.10402 0.25144 0.04671 (10)  0.754 +-  0.871
 178 Y   0.00129 0.00438 0.00913 0.01477 0.02121 0.02861 0.03751 0.04938 0.06929 0.19628 0.56815 (11)  4.065 +-  3.573
 179 F   0.36848 0.13079 0.09246 0.07198 0.05897 0.05023 0.04449 0.04154 0.04287 0.09197 0.00623 ( 1)  0.341 +-  0.386
 180 S   0.09755 0.10471 0.09883 0.09090 0.08495 0.08063 0.07791 0.07782 0.08454 0.19099 0.01118 (10)  0.547 +-  0.388
 181 L   0.01305 0.04424 0.07106 0.08759 0.09608 0.09943 0.10058 0.10286 0.11298 0.25582 0.01632 (10)  0.672 +-  0.370
 182 S   0.00001 0.00027 0.00138 0.00385 0.00817 0.01487 0.02481 0.03986 0.06627 0.22027 0.62024 (11)  4.128 +-  3.381
 183 T   0.14044 0.15513 0.14061 0.11625 0.09406 0.07627 0.06305 0.05437 0.05169 0.10467 0.00346 ( 2)  0.424 +-  0.330
 184 N   0.19855 0.14426 0.11797 0.09886 0.08374 0.07134 0.06158 0.05502 0.05374 0.11020 0.00474 ( 1)  0.418 +-  0.387
 185 I   0.84624 0.08716 0.02990 0.01426 0.00791 0.00479 0.00311 0.00217 0.00170 0.00270 0.00004 ( 1)  0.082 +-  0.102
 186 P   0.80480 0.11241 0.03773 0.01685 0.00913 0.00565 0.00386 0.00289 0.00243 0.00417 0.00008 ( 1)  0.090 +-  0.116
 187 S   0.09109 0.14468 0.15460 0.13514 0.10956 0.08668 0.06897 0.05684 0.05140 0.09942 0.00161 ( 3)  0.437 +-  0.282
 188 S   0.01836 0.06236 0.09295 0.10551 0.10731 0.10363 0.09826 0.09448 0.09787 0.21104 0.00821 (10)  0.611 +-  0.316
 189 K   0.02276 0.04506 0.06077 0.07071 0.07816 0.08461 0.09142 0.10093 0.12015 0.29300 0.03242 (10)  0.725 +-  0.480
 190 M   0.00001 0.00053 0.00332 0.00984 0.02051 0.03526 0.05438 0.07995 0.12089 0.36006 0.31526 (10)  2.244 +-  2.616
 191 R   0.01234 0.04747 0.07727 0.09343 0.10006 0.10127 0.10043 0.10089 0.10904 0.24379 0.01402 (10)  0.657 +-  0.358
 192 R   0.00097 0.00834 0.02069 0.03452 0.04866 0.06287 0.07792 0.09628 0.12641 0.33588 0.18746 (10)  1.546 +-  2.019
 193 M   0.00639 0.02786 0.05019 0.06730 0.08010 0.08996 0.09861 0.10891 0.12857 0.30878 0.03333 (10)  0.762 +-  0.511
 194 Y   0.11886 0.15954 0.15254 0.12505 0.09847 0.07763 0.06268 0.05308 0.04977 0.10001 0.00237 ( 2)  0.421 +-  0.294
 195 S   0.03812 0.09013 0.12265 0.12573 0.11480 0.10029 0.08726 0.07825 0.07679 0.16028 0.00570 (10)  0.542 +-  0.317
 196 S   0.13334 0.18017 0.16909 0.13351 0.09986 0.07401 0.05577 0.04388 0.03814 0.07125 0.00099 ( 2)  0.379 +-  0.271
 197 E   0.64092 0.15338 0.06974 0.04045 0.02654 0.01861 0.01372 0.01070 0.00924 0.01634 0.00033 ( 1)  0.150 +-  0.195
 198 E   0.04099 0.04574 0.05670 0.06490 0.07166 0.07802 0.08524 0.09561 0.11620 0.29044 0.05451 (10)  0.795 +-  0.774
 199 L   0.32075 0.11957 0.08873 0.07239 0.06206 0.05521 0.05098 0.04953 0.05309 0.11820 0.00949 ( 1)  0.391 +-  0.406
 200 P   0.26463 0.10396 0.08135 0.06993 0.06311 0.05907 0.05734 0.05852 0.06584 0.15387 0.02238 ( 1)  0.486 +-  0.580
 201 I   0.39850 0.13721 0.09407 0.07106 0.05654 0.04682 0.04036 0.03670 0.03693 0.07727 0.00454 ( 1)  0.311 +-  0.362
 202 G   0.05364 0.05710 0.06770 0.07422 0.07859 0.08216 0.08629 0.09317 0.10914 0.26379 0.03419 (10)  0.702 +-  0.599
 203 I   0.00473 0.00889 0.01584 0.02402 0.03348 0.04457 0.05820 0.07675 0.10836 0.31257 0.31259 (11)  2.180 +-  2.577
 204 S   0.02527 0.02973 0.03905 0.04739 0.05548 0.06407 0.07424 0.08834 0.11395 0.30299 0.15949 (10)  1.324 +-  1.777
 205 D   0.38843 0.13485 0.09330 0.07116 0.05720 0.04786 0.04171 0.03836 0.03904 0.08264 0.00545 ( 1)  0.323 +-  0.382
 206 T   0.00008 0.00079 0.00266 0.00584 0.01046 0.01676 0.02526 0.03739 0.05804 0.18104 0.66168 (11)  4.510 +-  3.479
 207 P   0.37672 0.13310 0.09355 0.07233 0.05879 0.04963 0.04353 0.04020 0.04098 0.08674 0.00443 ( 1)  0.327 +-  0.343
 208 I   0.41904 0.14105 0.09455 0.06991 0.05451 0.04428 0.03749 0.03354 0.03324 0.06850 0.00390 ( 1)  0.293 +-  0.354
 209 Y   0.37162 0.13174 0.09296 0.07219 0.05898 0.05006 0.04417 0.04105 0.04214 0.08988 0.00520 ( 1)  0.334 +-  0.358
 210 G   0.34392 0.12549 0.09112 0.07274 0.06102 0.05313 0.04802 0.04567 0.04793 0.10442 0.00652 ( 1)  0.361 +-  0.365
 211 D   0.42028 0.14173 0.09508 0.07029 0.05473 0.04434 0.03740 0.03328 0.03277 0.06702 0.00307 ( 1)  0.288 +-  0.326
 212 L   0.23672 0.08852 0.06822 0.05948 0.05568 0.05488 0.05665 0.06176 0.07433 0.18538 0.05838 ( 1)  0.681 +-  1.113
 213 E   0.29503 0.11280 0.08585 0.07179 0.06303 0.05740 0.05423 0.05386 0.05898 0.13412 0.01292 ( 1)  0.424 +-  0.437
 214 E   0.37796 0.13318 0.09339 0.07208 0.05853 0.04938 0.04331 0.04001 0.04084 0.08658 0.00474 ( 1)  0.327 +-  0.351
 215 Y   0.84787 0.09630 0.02861 0.01161 0.00576 0.00329 0.00209 0.00145 0.00115 0.00184 0.00003 ( 1)  0.078 +-  0.089
 216 S   0.07409 0.09725 0.10212 0.09825 0.09246 0.08669 0.08213 0.08037 0.08571 0.19111 0.00983 (10)  0.556 +-  0.352
 217 H   0.87907 0.08247 0.02107 0.00786 0.00373 0.00206 0.00126 0.00085 0.00064 0.00098 0.00001 ( 1)  0.070 +-  0.072
 218 R   0.82275 0.10534 0.03347 0.01452 0.00777 0.00479 0.00327 0.00244 0.00205 0.00352 0.00007 ( 1)  0.086 +-  0.108
 219 L   0.74782 0.12820 0.04982 0.02454 0.01428 0.00940 0.00681 0.00538 0.00480 0.00876 0.00021 ( 1)  0.110 +-  0.150
 220 S   0.19381 0.22615 0.18379 0.12715 0.08445 0.05629 0.03859 0.02789 0.02245 0.03905 0.00039 ( 2)  0.306 +-  0.241
 221 F   0.05220 0.07786 0.08814 0.08954 0.08858 0.08723 0.08667 0.08870 0.09859 0.22752 0.01496 (10)  0.610 +-  0.367
 222 I   0.26385 0.19700 0.14020 0.09994 0.07313 0.05497 0.04269 0.03486 0.03152 0.06047 0.00139 ( 1)  0.317 +-  0.283
 223 S   0.08427 0.10980 0.11241 0.10360 0.09320 0.08400 0.07712 0.07375 0.07749 0.17193 0.01243 (10)  0.544 +-  0.465
 224 E   0.06944 0.12712 0.14707 0.13504 0.11330 0.09211 0.07509 0.06334 0.05867 0.11634 0.00248 ( 3)  0.469 +-  0.288
 225 I   0.64700 0.17034 0.07486 0.03911 0.02277 0.01430 0.00958 0.00691 0.00559 0.00938 0.00017 ( 1)  0.134 +-  0.166
 226 M   0.01737 0.05590 0.08040 0.09040 0.09362 0.09421 0.09465 0.09742 0.10857 0.25053 0.01691 (10)  0.658 +-  0.380
 227 H   0.00016 0.00501 0.01905 0.03793 0.05752 0.07627 0.09463 0.11527 0.14738 0.37450 0.07227 (10)  0.962 +-  0.935
 228 N   0.00018 0.00507 0.01811 0.03439 0.05076 0.06685 0.08379 0.10452 0.13829 0.36824 0.12981 (10)  1.194 +-  1.388
 229 S   0.28000 0.12040 0.08817 0.07360 0.06529 0.05985 0.05646 0.05551 0.05972 0.13276 0.00822 ( 1)  0.415 +-  0.381
 230 G   0.00002 0.00058 0.00313 0.00888 0.01862 0.03305 0.05339 0.08276 0.13224 0.41636 0.25096 (10)  1.694 +-  1.883
 231 S   0.00182 0.02102 0.05289 0.08003 0.09721 0.10602 0.11003 0.11359 0.12456 0.27829 0.01453 (10)  0.704 +-  0.329
 232 V   0.20742 0.08503 0.06955 0.06250 0.05898 0.05770 0.05857 0.06249 0.07351 0.17987 0.08440 ( 1)  0.877 +-  1.593
 233 T   0.20742 0.08503 0.06955 0.06250 0.05898 0.05770 0.05857 0.06249 0.07351 0.17987 0.08440 ( 1)  0.877 +-  1.593
 234 G   0.20742 0.08503 0.06955 0.06250 0.05898 0.05770 0.05857 0.06249 0.07351 0.17987 0.08440 ( 1)  0.877 +-  1.593
 235 S   0.20742 0.08503 0.06955 0.06250 0.05898 0.05770 0.05857 0.06249 0.07351 0.17987 0.08440 ( 1)  0.877 +-  1.593
 236 N   0.20742 0.08503 0.06955 0.06250 0.05898 0.05770 0.05857 0.06249 0.07351 0.17987 0.08440 ( 1)  0.877 +-  1.593
 237 N   0.21396 0.19100 0.14222 0.10197 0.07561 0.05868 0.04787 0.04157 0.04029 0.08334 0.00351 ( 1)  0.362 +-  0.339
 238 I   0.21724 0.20494 0.15558 0.10974 0.07803 0.05718 0.04372 0.03554 0.03231 0.06320 0.00252 ( 1)  0.336 +-  0.329
 239 K   0.55522 0.17974 0.08802 0.05039 0.03259 0.02305 0.01753 0.01435 0.01317 0.02510 0.00085 ( 1)  0.181 +-  0.231
 240 G   0.10612 0.14851 0.14589 0.12247 0.09885 0.08004 0.06646 0.05789 0.05578 0.11492 0.00307 ( 2)  0.444 +-  0.300
 241 I   0.17292 0.17818 0.15173 0.11805 0.08996 0.06888 0.05399 0.04439 0.04047 0.07916 0.00226 ( 2)  0.376 +-  0.304
 242 I   0.86242 0.08203 0.02638 0.01199 0.00638 0.00373 0.00235 0.00159 0.00122 0.00189 0.00003 ( 1)  0.077 +-  0.091
 243 P   0.01365 0.06877 0.11432 0.12735 0.12137 0.10868 0.09588 0.08641 0.08456 0.17469 0.00432 (10)  0.571 +-  0.278
 244 V   0.53310 0.18627 0.09555 0.05557 0.03568 0.02468 0.01819 0.01436 0.01268 0.02334 0.00059 ( 1)  0.184 +-  0.220
 245 L   0.16483 0.18939 0.16200 0.12252 0.09057 0.06758 0.05182 0.04172 0.03721 0.07113 0.00122 ( 2)  0.364 +-  0.277
 246 G   0.81573 0.10822 0.03503 0.01536 0.00828 0.00514 0.00352 0.00264 0.00222 0.00379 0.00006 ( 1)  0.088 +-  0.111
 247 W   0.62668 0.16274 0.08312 0.04689 0.02796 0.01742 0.01137 0.00788 0.00608 0.00973 0.00013 ( 1)  0.143 +-  0.172
 248 T   0.76831 0.10437 0.04336 0.02448 0.01594 0.01125 0.00844 0.00675 0.00601 0.01081 0.00029 ( 1)  0.113 +-  0.165
 249 H   0.87907 0.08247 0.02107 0.00786 0.00373 0.00206 0.00126 0.00085 0.00064 0.00098 0.00001 ( 1)  0.070 +-  0.072
 250 T   0.00051 0.00463 0.01208 0.02281 0.03729 0.05541 0.07736 0.10525 0.14876 0.41264 0.12326 (10)  1.151 +-  1.215
 251 S   0.76359 0.09571 0.03614 0.02056 0.01470 0.01194 0.01053 0.01000 0.01058 0.02260 0.00364 ( 1)  0.141 +-  0.335

Positively selected sites

	Prob(w>1)  mean w

    64 Y      0.515         3.496 +- 3.277
    82 Q      0.821         5.466 +- 3.297
    90 -      0.625         4.356 +- 3.545
    94 -      0.787         5.315 +- 3.380
   105 -      0.659         4.521 +- 3.503
   110 -      0.932         6.237 +- 3.019
   113 -      0.567         3.932 +- 3.462
   117 -      0.511         3.701 +- 3.520
   149 A      0.618         4.166 +- 3.419
   158 L      0.788         5.456 +- 3.435
   162 E      0.819         5.482 +- 3.317
   173 I      0.844         5.668 +- 3.274
   178 Y      0.568         4.065 +- 3.573
   182 S      0.620         4.128 +- 3.381
   206 T      0.662         4.510 +- 3.479

