Supplemental results for CODEML (seqf: algn  treef: tree)


dN/dS (w) for site classes (K=4)

site class             0        1       2a       2b
proportion       0.71195  0.28805  0.00000  0.00000
background w     0.07529  1.14185  0.07529  1.14185
foreground w     0.07529  1.14185  0.00000  0.00000

Naive Empirical Bayes (NEB) probabilities for 4 classes
(amino acids refer to 1st sequence: BT_Cry1Ca11)

   1 N   0.93909 0.06091 0.00000 0.00000 ( 1)
   2 F   0.98705 0.01295 0.00000 0.00000 ( 1)
   3 V   0.98180 0.01820 0.00000 0.00000 ( 1)
   4 P   0.97653 0.02347 0.00000 0.00000 ( 1)
   5 G   0.91784 0.08216 0.00000 0.00000 ( 1)
   6 G   0.97402 0.02598 0.00000 0.00000 ( 1)
   7 G   0.94586 0.05414 0.00000 0.00000 ( 1)
   8 F   0.98705 0.01295 0.00000 0.00000 ( 1)
   9 L   0.63199 0.36801 0.00000 0.00000 ( 1)
  10 V   0.11376 0.88624 0.00000 0.00000 ( 2)
  11 G   0.98425 0.01575 0.00000 0.00000 ( 1)
  12 L   0.96073 0.03927 0.00000 0.00000 ( 1)
  13 I   0.00008 0.99992 0.00000 0.00000 ( 2)
  14 D   0.99001 0.00999 0.00000 0.00000 ( 1)
  15 F   0.05561 0.94439 0.00000 0.00000 ( 2)
  16 V   0.87376 0.12624 0.00000 0.00000 ( 1)
  17 W   0.88136 0.11864 0.00000 0.00000 ( 1)
  18 G   0.95678 0.04322 0.00000 0.00000 ( 1)
  19 I   0.31798 0.68202 0.00000 0.00000 ( 2)
  20 V   0.48188 0.51812 0.00000 0.00000 ( 2)
  21 G   0.63862 0.36138 0.00000 0.00000 ( 1)
  22 P   0.97327 0.02673 0.00000 0.00000 ( 1)
  23 S   0.97751 0.02249 0.00000 0.00000 ( 1)
  24 Q   0.00052 0.99948 0.00000 0.00000 ( 2)
  25 W   0.88136 0.11864 0.00000 0.00000 ( 1)
  26 D   0.77040 0.22960 0.00000 0.00000 ( 1)
  27 A   0.14743 0.85257 0.00000 0.00000 ( 2)
  28 F   0.98705 0.01295 0.00000 0.00000 ( 1)
  29 L   0.96896 0.03104 0.00000 0.00000 ( 1)
  30 V   0.21607 0.78393 0.00000 0.00000 ( 2)
  31 Q   0.93503 0.06497 0.00000 0.00000 ( 1)
  32 I   0.98497 0.01503 0.00000 0.00000 ( 1)
  33 E   0.98722 0.01278 0.00000 0.00000 ( 1)
  34 Q   0.29722 0.70278 0.00000 0.00000 ( 2)
  35 L   0.93255 0.06745 0.00000 0.00000 ( 1)
  36 I   0.98497 0.01503 0.00000 0.00000 ( 1)
  37 N   0.90869 0.09131 0.00000 0.00000 ( 1)
  38 E   0.12154 0.87846 0.00000 0.00000 ( 2)
  39 R   0.98672 0.01328 0.00000 0.00000 ( 1)
  40 I   0.98818 0.01182 0.00000 0.00000 ( 1)
  41 A   0.62847 0.37153 0.00000 0.00000 ( 1)
  42 E   0.01218 0.98782 0.00000 0.00000 ( 2)
  43 F   0.00766 0.99234 0.00000 0.00000 ( 2)
  44 A   0.84128 0.15872 0.00000 0.00000 ( 1)
  45 R   0.97486 0.02514 0.00000 0.00000 ( 1)
  46 N   0.00973 0.99027 0.00000 0.00000 ( 2)
  47 A   0.21671 0.78329 0.00000 0.00000 ( 2)
  48 A   0.98653 0.01347 0.00000 0.00000 ( 1)
  49 I   0.95305 0.04695 0.00000 0.00000 ( 1)
  50 A   0.04599 0.95401 0.00000 0.00000 ( 2)
  51 N   0.39836 0.60164 0.00000 0.00000 ( 2)
  52 L   0.96073 0.03927 0.00000 0.00000 ( 1)
  53 E   0.98722 0.01278 0.00000 0.00000 ( 1)
  54 G   0.98397 0.01603 0.00000 0.00000 ( 1)
  55 L   0.96073 0.03927 0.00000 0.00000 ( 1)
  56 G   0.95678 0.04322 0.00000 0.00000 ( 1)
  57 N   0.19603 0.80397 0.00000 0.00000 ( 2)
  58 N   0.83779 0.16221 0.00000 0.00000 ( 1)
  59 F   0.09289 0.90711 0.00000 0.00000 ( 2)
  60 N   0.15697 0.84303 0.00000 0.00000 ( 2)
  61 I   0.72263 0.27737 0.00000 0.00000 ( 1)
  62 Y   0.96087 0.03913 0.00000 0.00000 ( 1)
  63 V   0.03581 0.96419 0.00000 0.00000 ( 2)
  64 E   0.97901 0.02099 0.00000 0.00000 ( 1)
  65 A   0.98710 0.01290 0.00000 0.00000 ( 1)
  66 F   0.98705 0.01295 0.00000 0.00000 ( 1)
  67 K   0.98760 0.01240 0.00000 0.00000 ( 1)
  68 E   0.98401 0.01599 0.00000 0.00000 ( 1)
  69 W   0.88136 0.11864 0.00000 0.00000 ( 1)
  70 E   0.98722 0.01278 0.00000 0.00000 ( 1)
  71 E   0.00018 0.99982 0.00000 0.00000 ( 2)
  72 D   0.18410 0.81590 0.00000 0.00000 ( 2)
  73 P   0.97463 0.02537 0.00000 0.00000 ( 1)
  74 N   0.80834 0.19166 0.00000 0.00000 ( 1)
  75 N   0.96960 0.03040 0.00000 0.00000 ( 1)
  76 P   0.00369 0.99631 0.00000 0.00000 ( 2)
  77 A   0.06350 0.93650 0.00000 0.00000 ( 2)
  78 T   0.69663 0.30337 0.00000 0.00000 ( 1)
  79 R   0.34367 0.65633 0.00000 0.00000 ( 2)
  80 T   0.05241 0.94759 0.00000 0.00000 ( 2)
  81 R   0.98672 0.01328 0.00000 0.00000 ( 1)
  82 V   0.98157 0.01843 0.00000 0.00000 ( 1)
  83 I   0.10469 0.89531 0.00000 0.00000 ( 2)
  84 D   0.78399 0.21601 0.00000 0.00000 ( 1)
  85 R   0.82936 0.17064 0.00000 0.00000 ( 1)
  86 F   0.98705 0.01295 0.00000 0.00000 ( 1)
  87 R   0.97140 0.02860 0.00000 0.00000 ( 1)
  88 I   0.98818 0.01182 0.00000 0.00000 ( 1)
  89 L   0.75450 0.24550 0.00000 0.00000 ( 1)
  90 D   0.99052 0.00948 0.00000 0.00000 ( 1)
  91 G   0.63473 0.36527 0.00000 0.00000 ( 1)
  92 L   0.55049 0.44951 0.00000 0.00000 ( 1)
  93 L   0.74314 0.25686 0.00000 0.00000 ( 1)
  94 E   0.98722 0.01278 0.00000 0.00000 ( 1)
  95 R   0.11028 0.88972 0.00000 0.00000 ( 2)
  96 D   0.82550 0.17450 0.00000 0.00000 ( 1)
  97 I   0.91339 0.08661 0.00000 0.00000 ( 1)
  98 P   0.97410 0.02590 0.00000 0.00000 ( 1)
  99 S   0.92674 0.07326 0.00000 0.00000 ( 1)
 100 F   0.98705 0.01295 0.00000 0.00000 ( 1)
 101 R   0.89413 0.10587 0.00000 0.00000 ( 1)
 102 I   0.76357 0.23643 0.00000 0.00000 ( 1)
 103 S   0.00005 0.99995 0.00000 0.00000 ( 2)
 104 G   0.98425 0.01575 0.00000 0.00000 ( 1)
 105 F   0.98705 0.01295 0.00000 0.00000 ( 1)
 106 E   0.98722 0.01278 0.00000 0.00000 ( 1)
 107 V   0.95705 0.04295 0.00000 0.00000 ( 1)
 108 P   0.94558 0.05442 0.00000 0.00000 ( 1)
 109 L   0.98087 0.01913 0.00000 0.00000 ( 1)
 110 L   0.95655 0.04345 0.00000 0.00000 ( 1)
 111 S   0.31460 0.68540 0.00000 0.00000 ( 2)
 112 V   0.98017 0.01983 0.00000 0.00000 ( 1)
 113 Y   0.97812 0.02188 0.00000 0.00000 ( 1)
 114 A   0.05811 0.94189 0.00000 0.00000 ( 2)
 115 Q   0.96996 0.03004 0.00000 0.00000 ( 1)
 116 A   0.97588 0.02412 0.00000 0.00000 ( 1)
 117 A   0.96846 0.03154 0.00000 0.00000 ( 1)
 118 N   0.99076 0.00924 0.00000 0.00000 ( 1)
 119 L   0.90863 0.09137 0.00000 0.00000 ( 1)
 120 H   0.98600 0.01400 0.00000 0.00000 ( 1)
 121 L   0.90612 0.09388 0.00000 0.00000 ( 1)
 122 A   0.98572 0.01428 0.00000 0.00000 ( 1)
 123 I   0.67945 0.32055 0.00000 0.00000 ( 1)
 124 L   0.94808 0.05192 0.00000 0.00000 ( 1)
 125 R   0.98672 0.01328 0.00000 0.00000 ( 1)
 126 D   0.99052 0.00948 0.00000 0.00000 ( 1)
 127 S   0.97751 0.02249 0.00000 0.00000 ( 1)
 128 V   0.06255 0.93745 0.00000 0.00000 ( 2)
 129 I   0.80765 0.19235 0.00000 0.00000 ( 1)
 130 F   0.98558 0.01442 0.00000 0.00000 ( 1)
 131 G   0.98425 0.01575 0.00000 0.00000 ( 1)
 132 E   0.56713 0.43287 0.00000 0.00000 ( 1)
 133 R   0.98672 0.01328 0.00000 0.00000 ( 1)
 134 W   0.88136 0.11864 0.00000 0.00000 ( 1)
 135 G   0.98425 0.01575 0.00000 0.00000 ( 1)
 136 L   0.91166 0.08834 0.00000 0.00000 ( 1)
 137 T   0.60387 0.39613 0.00000 0.00000 ( 1)
 138 T   0.98098 0.01902 0.00000 0.00000 ( 1)
 139 I   0.21227 0.78773 0.00000 0.00000 ( 2)
 140 N   0.99076 0.00924 0.00000 0.00000 ( 1)
 141 V   0.87661 0.12339 0.00000 0.00000 ( 1)
 142 N   0.99076 0.00924 0.00000 0.00000 ( 1)
 143 E   0.88393 0.11607 0.00000 0.00000 ( 1)
 144 N   0.38826 0.61174 0.00000 0.00000 ( 2)
 145 Y   0.97812 0.02188 0.00000 0.00000 ( 1)
 146 N   0.99076 0.00924 0.00000 0.00000 ( 1)
 147 R   0.98215 0.01785 0.00000 0.00000 ( 1)
 148 L   0.57348 0.42652 0.00000 0.00000 ( 1)
 149 I   0.77830 0.22170 0.00000 0.00000 ( 1)
 150 R   0.08443 0.91557 0.00000 0.00000 ( 2)
 151 H   0.00109 0.99891 0.00000 0.00000 ( 2)
 152 I   0.98497 0.01503 0.00000 0.00000 ( 1)
 153 D   0.01512 0.98488 0.00000 0.00000 ( 2)
 154 E   0.98722 0.01278 0.00000 0.00000 ( 1)
 155 Y   0.97812 0.02188 0.00000 0.00000 ( 1)
 156 A   0.06513 0.93487 0.00000 0.00000 ( 2)
 157 D   0.00117 0.99883 0.00000 0.00000 ( 2)
 158 H   0.96665 0.03335 0.00000 0.00000 ( 1)
 159 C   0.96062 0.03938 0.00000 0.00000 ( 1)
 160 A   0.84881 0.15119 0.00000 0.00000 ( 1)
 161 N   0.80834 0.19166 0.00000 0.00000 ( 1)
 162 T   0.91649 0.08351 0.00000 0.00000 ( 1)
 163 Y   0.97812 0.02188 0.00000 0.00000 ( 1)
 164 N   0.76132 0.23868 0.00000 0.00000 ( 1)
 165 R   0.35002 0.64998 0.00000 0.00000 ( 2)
 166 G   0.86138 0.13862 0.00000 0.00000 ( 1)
 167 L   0.95513 0.04487 0.00000 0.00000 ( 1)
 168 N   0.39836 0.60164 0.00000 0.00000 ( 2)
 169 N   0.14390 0.85610 0.00000 0.00000 ( 2)
 170 L   0.95309 0.04691 0.00000 0.00000 ( 1)
 171 P   0.00214 0.99786 0.00000 0.00000 ( 2)
 172 K   0.05226 0.94774 0.00000 0.00000 ( 2)
 173 S   0.00157 0.99843 0.00000 0.00000 ( 2)
 174 T   0.57188 0.42812 0.00000 0.00000 ( 1)
 175 Y   0.00517 0.99483 0.00000 0.00000 ( 2)
 176 Q   0.05157 0.94843 0.00000 0.00000 ( 2)
 177 D   0.09806 0.90194 0.00000 0.00000 ( 2)
 178 W   0.88136 0.11864 0.00000 0.00000 ( 1)
 179 I   0.16508 0.83492 0.00000 0.00000 ( 2)
 180 T   0.87518 0.12482 0.00000 0.00000 ( 1)
 181 Y   0.97812 0.02188 0.00000 0.00000 ( 1)
 182 N   0.99076 0.00924 0.00000 0.00000 ( 1)
 183 R   0.43143 0.56857 0.00000 0.00000 ( 2)
 184 L   0.78452 0.21548 0.00000 0.00000 ( 1)
 185 R   0.95020 0.04980 0.00000 0.00000 ( 1)
 186 R   0.98414 0.01586 0.00000 0.00000 ( 1)
 187 D   0.80147 0.19853 0.00000 0.00000 ( 1)
 188 L   0.95073 0.04927 0.00000 0.00000 ( 1)
 189 T   0.98700 0.01300 0.00000 0.00000 ( 1)
 190 L   0.94679 0.05321 0.00000 0.00000 ( 1)
 191 T   0.97682 0.02318 0.00000 0.00000 ( 1)
 192 V   0.98157 0.01843 0.00000 0.00000 ( 1)
 193 L   0.96073 0.03927 0.00000 0.00000 ( 1)
 194 D   0.99052 0.00948 0.00000 0.00000 ( 1)
 195 I   0.97244 0.02756 0.00000 0.00000 ( 1)
 196 A   0.42993 0.57007 0.00000 0.00000 ( 2)
 197 A   0.98572 0.01428 0.00000 0.00000 ( 1)
 198 F   0.00843 0.99157 0.00000 0.00000 ( 2)
 199 F   0.95874 0.04126 0.00000 0.00000 ( 1)
 200 P   0.93483 0.06517 0.00000 0.00000 ( 1)
 201 N   0.41675 0.58325 0.00000 0.00000 ( 2)


lnL = -1834.241080

