Supplemental results for CODEML (seqf: algn  treef: tree)


dN/dS (w) for site classes (K=9)

p:   0.09200  0.09200  0.09200  0.09200  0.09200  0.09200  0.09200  0.09200  0.26400
w:   0.00764  0.05353  0.13217  0.23938  0.37242  0.52897  0.70651  0.90103  3.69372

Naive Empirical Bayes (NEB) probabilities for 9 classes & postmean_w & P(w>1)
(amino acids refer to 1st sequence: BT_Cry24Da1)

   1 -   0.18005 0.16901 0.15189 0.13174 0.11101 0.09149 0.07425 0.05984 0.03073 ( 1)  0.372  0.031
   2 I   0.00000 0.00014 0.00375 0.02574 0.08706 0.18770 0.29478 0.36599 0.03484 ( 8)  0.805  0.035
   3 D   0.44689 0.30193 0.15563 0.06433 0.02222 0.00669 0.00183 0.00048 0.00000 ( 1)  0.069  0.000
   4 E   0.04612 0.22318 0.29378 0.22841 0.12689 0.05519 0.02001 0.00642 0.00000 ( 3)  0.202  0.000
   5 I   0.44949 0.30247 0.15482 0.06332 0.02152 0.00631 0.00166 0.00041 0.00000 ( 1)  0.068  0.000
   6 T   0.00041 0.01659 0.07218 0.15010 0.20779 0.21937 0.19022 0.14263 0.00070 ( 6)  0.505  0.001
   7 Q   0.34216 0.27149 0.18291 0.10712 0.05543 0.02572 0.01088 0.00429 0.00000 ( 1)  0.113  0.000
   8 I   0.43656 0.30017 0.15939 0.06851 0.02475 0.00779 0.00222 0.00060 0.00000 ( 1)  0.072  0.000
   9 P   0.01866 0.10692 0.18749 0.21400 0.18923 0.13988 0.09049 0.05321 0.00012 ( 4)  0.339  0.000
  10 A   0.40680 0.29373 0.16911 0.08068 0.03288 0.01179 0.00384 0.00118 0.00000 ( 1)  0.083  0.000
  11 V   0.25311 0.22240 0.17845 0.13259 0.09215 0.06047 0.03783 0.02287 0.00015 ( 1)  0.183  0.000
  12 K   0.41082 0.29507 0.16824 0.07907 0.03151 0.01093 0.00339 0.00098 0.00000 ( 1)  0.081  0.000
  13 A   0.44684 0.30219 0.15587 0.06432 0.02207 0.00653 0.00174 0.00043 0.00000 ( 1)  0.069  0.000
  14 F   0.04886 0.23321 0.29984 0.22562 0.12029 0.04986 0.01713 0.00519 0.00000 ( 3)  0.194  0.000
  15 N   0.00000 0.00000 0.00003 0.00134 0.01640 0.08505 0.24437 0.45959 0.19322 ( 8)  1.352  0.193
  16 I   0.00080 0.03001 0.11520 0.20305 0.23133 0.19746 0.13783 0.08405 0.00025 ( 5)  0.430  0.000
  17 -   0.09200 0.09200 0.09200 0.09200 0.09200 0.09200 0.09200 0.09200 0.26400 ( 9)  1.246  0.264
  18 -   0.09200 0.09200 0.09200 0.09200 0.09200 0.09200 0.09200 0.09200 0.26400 ( 9)  1.246  0.264
  19 -   0.09200 0.09200 0.09200 0.09200 0.09200 0.09200 0.09200 0.09200 0.26400 ( 9)  1.246  0.264
  20 S   0.00000 0.00013 0.00338 0.02351 0.08081 0.17766 0.28550 0.36399 0.06502 ( 8)  0.900  0.065
  21 D   0.00000 0.00000 0.00029 0.00394 0.02188 0.06882 0.14579 0.23277 0.52650 ( 9)  2.303  0.527
  22 T   0.00000 0.00000 0.00000 0.00000 0.00000 0.00000 0.00001 0.00006 0.99992 ( 9)  3.694  1.000
  23 G   0.01523 0.08937 0.16344 0.19802 0.18934 0.15434 0.11241 0.07593 0.00193 ( 4)  0.381  0.002
  24 -   0.09200 0.09200 0.09200 0.09200 0.09200 0.09200 0.09200 0.09200 0.26400 ( 9)  1.246  0.264
  25 -   0.09200 0.09200 0.09200 0.09200 0.09200 0.09200 0.09200 0.09200 0.26400 ( 9)  1.246  0.264
  26 A   0.00000 0.00000 0.00005 0.00073 0.00453 0.01680 0.04392 0.08861 0.84534 ( 9)  3.244  0.845
  27 G   0.00003 0.00805 0.06650 0.17668 0.25081 0.23583 0.16611 0.09589 0.00007 ( 5)  0.474  0.000
  28 S   0.00000 0.00000 0.00000 0.00000 0.00000 0.00000 0.00007 0.00053 0.99939 ( 9)  3.692  0.999
  29 V   0.28442 0.24167 0.18310 0.12582 0.07939 0.04651 0.02560 0.01347 0.00001 ( 1)  0.154  0.000
  30 V   0.00000 0.00000 0.00000 0.00006 0.00075 0.00474 0.01814 0.04808 0.92824 ( 9)  3.488  0.928
  31 A   0.00004 0.01034 0.08088 0.20030 0.26190 0.22522 0.14479 0.07650 0.00003 ( 5)  0.447  0.000
  32 G   0.37601 0.28443 0.17695 0.09342 0.04287 0.01750 0.00652 0.00230 0.00000 ( 1)  0.096  0.000
  33 P   0.00711 0.04945 0.11781 0.18646 0.21739 0.19539 0.14101 0.08536 0.00002 ( 5)  0.424  0.000
  34 G   0.43145 0.29987 0.16168 0.07049 0.02566 0.00804 0.00224 0.00058 0.00000 ( 1)  0.073  0.000
  35 H   0.00000 0.00000 0.00028 0.00563 0.03897 0.13749 0.30128 0.46358 0.05276 ( 8)  0.914  0.053
  36 T   0.40699 0.29387 0.16915 0.08061 0.03277 0.01169 0.00377 0.00115 0.00000 ( 1)  0.083  0.000
  37 G   0.36103 0.27892 0.17983 0.09954 0.04831 0.02097 0.00831 0.00309 0.00000 ( 1)  0.103  0.000
  38 G   0.35913 0.27819 0.18016 0.10031 0.04902 0.02143 0.00856 0.00321 0.00000 ( 1)  0.104  0.000
  39 D   0.00308 0.09473 0.26152 0.29768 0.20097 0.09529 0.03542 0.01133 0.00000 ( 4)  0.271  0.000
  40 L   0.00000 0.00050 0.01120 0.06162 0.15887 0.25041 0.27805 0.23880 0.00055 ( 7)  0.622  0.001
  41 I   0.03632 0.18519 0.26659 0.23407 0.15111 0.07836 0.03462 0.01373 0.00000 ( 3)  0.236  0.000
  42 R   0.00000 0.00000 0.00000 0.00001 0.00008 0.00058 0.00256 0.00811 0.98866 ( 9)  3.661  0.989
  43 L   0.33411 0.26755 0.18326 0.10994 0.05876 0.02843 0.01265 0.00530 0.00000 ( 1)  0.118  0.000
  44 P   0.00000 0.00000 0.00000 0.00015 0.00194 0.01187 0.04409 0.11279 0.82916 ( 9)  3.202  0.829
  45 N   0.09200 0.09200 0.09200 0.09200 0.09200 0.09200 0.09200 0.09200 0.26400 ( 9)  1.246  0.264
  46 N   0.00000 0.00000 0.00000 0.00009 0.00205 0.01788 0.08096 0.22642 0.67261 ( 9)  2.756  0.673
  47 N   0.00000 0.00000 0.00000 0.00000 0.00000 0.00001 0.00008 0.00048 0.99944 ( 9)  3.692  0.999
  48 A   0.00000 0.00001 0.00087 0.00976 0.04566 0.12320 0.22790 0.32241 0.27018 ( 8)  1.534  0.270
  49 R   0.00045 0.01856 0.08201 0.16968 0.22630 0.22156 0.17121 0.11020 0.00002 ( 5)  0.474  0.000
  50 L   0.31701 0.25899 0.18372 0.11573 0.06584 0.03434 0.01667 0.00770 0.00000 ( 1)  0.130  0.000
  51 K   0.04525 0.21973 0.29123 0.22886 0.12910 0.05735 0.02138 0.00710 0.00000 ( 3)  0.205  0.000
  52 I   0.42872 0.29888 0.16224 0.07164 0.02665 0.00864 0.00253 0.00070 0.00000 ( 1)  0.075  0.000
  53 R   0.36988 0.28280 0.17886 0.09616 0.04480 0.01840 0.00679 0.00231 0.00000 ( 1)  0.098  0.000
  54 L   0.33411 0.26755 0.18326 0.10994 0.05876 0.02843 0.01265 0.00530 0.00000 ( 1)  0.118  0.000
  55 T   0.00000 0.00005 0.00277 0.02713 0.10525 0.22443 0.31356 0.32215 0.00466 ( 8)  0.694  0.005
  56 P   0.00002 0.00553 0.04966 0.14654 0.23387 0.24755 0.19437 0.12243 0.00002 ( 6)  0.508  0.000
  57 S   0.00002 0.00459 0.04239 0.13033 0.21934 0.24789 0.21042 0.14493 0.00010 ( 6)  0.529  0.000
  58 T   0.00000 0.00000 0.00000 0.00000 0.00004 0.00023 0.00102 0.00331 0.99539 ( 9)  3.681  0.995
  59 S   0.00010 0.00454 0.02389 0.06408 0.12100 0.18257 0.23481 0.26757 0.10143 ( 8)  0.942  0.101
  60 D   0.00000 0.00228 0.03970 0.15453 0.26409 0.26343 0.18048 0.09548 0.00001 ( 5)  0.494  0.000
  61 K   0.42324 0.29791 0.16425 0.07391 0.02802 0.00921 0.00271 0.00074 0.00000 ( 1)  0.076  0.000
  62 R   0.00008 0.01723 0.12102 0.25817 0.27963 0.19177 0.09480 0.03731 0.00000 ( 5)  0.385  0.000
  63 F   0.00800 0.05074 0.10577 0.15230 0.17867 0.18262 0.16865 0.14425 0.00901 ( 6)  0.499  0.009
  64 R   0.00000 0.00031 0.00753 0.04542 0.13068 0.23270 0.29408 0.28783 0.00144 ( 7)  0.656  0.001
  65 V   0.45702 0.30337 0.15184 0.06037 0.01990 0.00567 0.00146 0.00036 0.00000 ( 1)  0.066  0.000
  66 R   0.40412 0.29356 0.17041 0.08184 0.03338 0.01184 0.00375 0.00110 0.00000 ( 1)  0.083  0.000
  67 V   0.00003 0.00697 0.05890 0.16184 0.24040 0.23928 0.18029 0.11214 0.00016 ( 5)  0.492  0.000
  68 R   0.18595 0.17499 0.15771 0.13689 0.11487 0.09349 0.07406 0.05742 0.00462 ( 1)  0.278  0.005
  69 Y   0.03749 0.19025 0.27143 0.23485 0.14827 0.07445 0.03147 0.01179 0.00000 ( 3)  0.230  0.000
  70 A   0.00000 0.00000 0.00002 0.00055 0.00575 0.03015 0.09641 0.21293 0.65419 ( 9)  2.695  0.654
  71 S   0.00000 0.00131 0.02536 0.11295 0.22640 0.26946 0.22241 0.14203 0.00008 ( 6)  0.543  0.000
  72 T   0.00000 0.00000 0.00000 0.00000 0.00000 0.00000 0.00000 0.00001 0.99999 ( 9)  3.694  1.000
  73 T   0.00000 0.00000 0.00000 0.00000 0.00000 0.00000 0.00000 0.00004 0.99995 ( 9)  3.694  1.000
  74 A   0.00000 0.00000 0.00000 0.00000 0.00000 0.00004 0.00042 0.00225 0.99729 ( 9)  3.686  0.997
  75 G   0.04456 0.21741 0.29020 0.22983 0.13058 0.05833 0.02183 0.00727 0.00000 ( 3)  0.207  0.000
  76 R   0.00000 0.00000 0.00000 0.00000 0.00000 0.00000 0.00000 0.00001 0.99999 ( 9)  3.694  1.000
  77 M   0.00000 0.00000 0.00003 0.00085 0.00856 0.04413 0.14090 0.31307 0.49246 ( 9)  2.227  0.492
  78 R   0.00000 0.00000 0.00000 0.00006 0.00061 0.00359 0.01355 0.03654 0.94565 ( 9)  3.538  0.946
  79 I   0.00125 0.04418 0.15517 0.24269 0.23872 0.17149 0.09832 0.04818 0.00001 ( 4)  0.373  0.000
  80 T   0.00000 0.00053 0.01176 0.06374 0.16179 0.25128 0.27561 0.23466 0.00063 ( 7)  0.619  0.001
  81 K   0.00119 0.04254 0.15155 0.24093 0.24059 0.17457 0.10015 0.04848 0.00000 ( 4)  0.376  0.000
  82 Y   0.09200 0.09200 0.09200 0.09200 0.09200 0.09200 0.09200 0.09200 0.26400 ( 9)  1.246  0.264
  83 W   0.21334 0.19560 0.16859 0.13771 0.10718 0.07986 0.05724 0.03979 0.00069 ( 1)  0.228  0.001
  84 S   0.00008 0.00363 0.01928 0.05254 0.10129 0.15695 0.20859 0.24717 0.21047 ( 8)  1.284  0.210
  85 P   0.01035 0.06372 0.12639 0.17051 0.18534 0.17430 0.14770 0.11615 0.00554 ( 5)  0.452  0.006
  86 G   0.00005 0.01191 0.09122 0.21846 0.27198 0.21837 0.12798 0.06004 0.00000 ( 5)  0.426  0.000
  87 Y   0.00000 0.00004 0.00228 0.02293 0.09292 0.21048 0.31630 0.35142 0.00362 ( 8)  0.705  0.004
  88 V   0.00000 0.00000 0.00000 0.00000 0.00005 0.00072 0.00513 0.02105 0.97305 ( 9)  3.617  0.973
  89 Q   0.00000 0.00000 0.00000 0.00000 0.00000 0.00010 0.00089 0.00469 0.99432 ( 9)  3.678  0.994
  90 -   0.09200 0.09200 0.09200 0.09200 0.09200 0.09200 0.09200 0.09200 0.26400 ( 9)  1.246  0.264
  91 H   0.00000 0.00015 0.00716 0.05578 0.16693 0.26943 0.28237 0.21786 0.00032 ( 7)  0.616  0.000
  92 Y   0.00000 0.00000 0.00000 0.00000 0.00000 0.00008 0.00070 0.00354 0.99568 ( 9)  3.681  0.996
  93 D   0.00000 0.00000 0.00000 0.00003 0.00060 0.00530 0.02435 0.07020 0.89953 ( 9)  3.406  0.900
  94 F   0.04959 0.23581 0.30122 0.22472 0.11860 0.04861 0.01651 0.00495 0.00000 ( 3)  0.193  0.000
  95 N   0.00000 0.00000 0.00000 0.00000 0.00000 0.00000 0.00000 0.00002 0.99997 ( 9)  3.694  1.000
  96 F   0.00000 0.00000 0.00000 0.00000 0.00000 0.00001 0.00014 0.00093 0.99891 ( 9)  3.691  0.999
  97 D   0.00000 0.00000 0.00000 0.00000 0.00007 0.00071 0.00424 0.01635 0.97863 ( 9)  3.633  0.979
  98 A   0.00000 0.00000 0.00000 0.00000 0.00000 0.00004 0.00039 0.00205 0.99751 ( 9)  3.687  0.998
  99 Q   0.00000 0.00049 0.00612 0.02793 0.07608 0.14968 0.23442 0.30950 0.19576 ( 8)  1.283  0.196
 100 Y   0.00000 0.00000 0.00044 0.00795 0.04958 0.15778 0.31348 0.44054 0.03022 ( 8)  0.834  0.030
 101 Y   0.00000 0.00000 0.00000 0.00000 0.00000 0.00000 0.00001 0.00008 0.99991 ( 9)  3.693  1.000
 102 D   0.09200 0.09200 0.09200 0.09200 0.09200 0.09200 0.09200 0.09200 0.26400 ( 9)  1.246  0.264
 103 S   0.09200 0.09200 0.09200 0.09200 0.09200 0.09200 0.09200 0.09200 0.26400 ( 9)  1.246  0.264
 104 N   0.00001 0.00026 0.00151 0.00460 0.01027 0.01899 0.03098 0.04610 0.88729 ( 9)  3.356  0.887
 105 L   0.00001 0.00039 0.00244 0.00800 0.01880 0.03561 0.05789 0.08378 0.79309 ( 9)  3.074  0.793
 106 T   0.00489 0.03124 0.06615 0.09807 0.12078 0.13303 0.13671 0.13488 0.27426 ( 9)  1.380  0.274
 107 F   0.00000 0.00000 0.00001 0.00023 0.00248 0.01302 0.04159 0.09329 0.84939 ( 9)  3.259  0.849
 108 R   0.00000 0.00000 0.00000 0.00007 0.00113 0.00840 0.03489 0.09453 0.86098 ( 9)  3.295  0.861
 109 S   0.00000 0.00000 0.00002 0.00040 0.00351 0.01640 0.04986 0.11018 0.81962 ( 9)  3.172  0.820
 110 F   0.00004 0.00924 0.07465 0.19203 0.26077 0.23139 0.15161 0.08028 0.00001 ( 5)  0.455  0.000
 111 H   0.00000 0.00000 0.00000 0.00000 0.00002 0.00021 0.00123 0.00487 0.99367 ( 9)  3.676  0.994
 112 Y   0.40939 0.29484 0.16876 0.07963 0.03185 0.01108 0.00345 0.00100 0.00000 ( 1)  0.081  0.000
 113 L   0.00000 0.00000 0.00002 0.00035 0.00237 0.00982 0.02876 0.06480 0.89387 ( 9)  3.387  0.894
 114 D   0.00000 0.00027 0.00655 0.03934 0.11465 0.21233 0.28858 0.31523 0.02305 ( 8)  0.738  0.023
 115 T   0.29490 0.24678 0.18257 0.12203 0.07496 0.04299 0.02340 0.01234 0.00004 ( 1)  0.147  0.000
 116 M   0.00692 0.04992 0.11749 0.17892 0.20499 0.18980 0.14886 0.10285 0.00025 ( 5)  0.437  0.000
 117 V   0.00205 0.06744 0.20883 0.27732 0.22564 0.13219 0.06168 0.02485 0.00000 ( 4)  0.318  0.000
 118 T   0.00108 0.03974 0.14653 0.23996 0.24403 0.17807 0.10175 0.04884 0.00001 ( 5)  0.380  0.000
 119 R   0.00096 0.03517 0.13128 0.22209 0.23901 0.18885 0.11899 0.06365 0.00001 ( 5)  0.403  0.000
 120 L   0.00162 0.05549 0.18424 0.26637 0.23684 0.15031 0.07436 0.03076 0.00000 ( 4)  0.339  0.000
 121 D   0.00000 0.00223 0.03896 0.15245 0.26225 0.26377 0.18256 0.09777 0.00001 ( 6)  0.496  0.000
 122 D   0.00000 0.00021 0.00527 0.03419 0.10763 0.21272 0.30170 0.33371 0.00457 ( 8)  0.692  0.005
 123 P   0.00000 0.00011 0.00315 0.02239 0.07890 0.17780 0.29219 0.37917 0.04629 ( 8)  0.848  0.046
 124 G   0.00004 0.01019 0.08058 0.20162 0.26505 0.22688 0.14299 0.07264 0.00001 ( 5)  0.445  0.000
 125 V   0.46220 0.30404 0.14985 0.05836 0.01876 0.00519 0.00130 0.00031 0.00000 ( 1)  0.065  0.000
 126 E   0.04318 0.21208 0.28649 0.23080 0.13407 0.06151 0.02372 0.00815 0.00000 ( 3)  0.211  0.000
 127 I   0.04117 0.20406 0.28021 0.23134 0.13904 0.06677 0.02732 0.01009 0.00000 ( 3)  0.219  0.000
 128 I   0.47331 0.30511 0.14535 0.05414 0.01652 0.00432 0.00102 0.00023 0.00000 ( 1)  0.061  0.000
 129 V   0.04424 0.21575 0.28819 0.22920 0.13158 0.05991 0.02311 0.00802 0.00000 ( 3)  0.209  0.000
 130 Q   0.00001 0.00329 0.03227 0.10723 0.19783 0.24740 0.23338 0.17842 0.00018 ( 6)  0.561  0.000
 131 N   0.48603 0.30608 0.14010 0.04941 0.01409 0.00341 0.00073 0.00015 0.00000 ( 1)  0.058  0.000
 132 I   0.00000 0.00014 0.00376 0.02582 0.08726 0.18796 0.29501 0.36617 0.03388 ( 8)  0.802  0.034
 133 G   0.00000 0.00000 0.00002 0.00061 0.00688 0.03684 0.11815 0.25949 0.57800 ( 9)  2.474  0.578
 134 G   0.00000 0.00000 0.00000 0.00006 0.00092 0.00624 0.02420 0.06277 0.90580 ( 9)  3.423  0.906
 135 S   0.00000 0.00000 0.00000 0.00000 0.00000 0.00000 0.00002 0.00014 0.99984 ( 9)  3.693  1.000
 136 I   0.00000 0.00000 0.00000 0.00001 0.00014 0.00156 0.00879 0.03063 0.95887 ( 9)  3.577  0.959
 137 L   0.00000 0.00072 0.01520 0.07720 0.18156 0.25943 0.26106 0.20434 0.00050 ( 7)  0.596  0.001
 138 Y   0.00000 0.00000 0.00000 0.00001 0.00012 0.00088 0.00405 0.01298 0.98197 ( 9)  3.642  0.982
 139 I   0.00000 0.00064 0.01445 0.07663 0.18398 0.26280 0.26072 0.20019 0.00059 ( 6)  0.595  0.001
 140 D   0.28476 0.24212 0.18353 0.12604 0.07930 0.04616 0.02512 0.01298 0.00001 ( 1)  0.153  0.000
 141 K   0.43642 0.30069 0.15984 0.06847 0.02446 0.00752 0.00206 0.00053 0.00000 ( 1)  0.072  0.000
 142 I   0.00000 0.00090 0.01833 0.08855 0.19649 0.26365 0.24880 0.18298 0.00029 ( 6)  0.578  0.000
 143 E   0.04220 0.20831 0.28389 0.23158 0.13660 0.06375 0.02498 0.00869 0.00000 ( 3)  0.215  0.000
 144 I   0.00004 0.00894 0.07280 0.18913 0.25975 0.23314 0.15419 0.08201 0.00001 ( 5)  0.458  0.000
 145 I   0.01087 0.06604 0.12835 0.16947 0.18101 0.16882 0.14380 0.11552 0.01613 ( 5)  0.483  0.016
 146 -   0.15045 0.14541 0.13722 0.12689 0.11527 0.10312 0.09111 0.07977 0.05076 ( 1)  0.479  0.051

Positively selected sites

	Prob(w>1)  mean w

    21 D      0.527         2.303
    22 T      1.000**       3.694
    26 A      0.845         3.244
    28 S      0.999**       3.692
    30 V      0.928         3.488
    42 R      0.989*        3.661
    44 P      0.829         3.202
    46 N      0.673         2.756
    47 N      0.999**       3.692
    58 T      0.995**       3.681
    70 A      0.654         2.695
    72 T      1.000**       3.694
    73 T      1.000**       3.694
    74 A      0.997**       3.686
    76 R      1.000**       3.694
    78 R      0.946         3.538
    88 V      0.973*        3.617
    89 Q      0.994**       3.678
    92 Y      0.996**       3.681
    93 D      0.900         3.406
    95 N      1.000**       3.694
    96 F      0.999**       3.691
    97 D      0.979*        3.633
    98 A      0.998**       3.687
   101 Y      1.000**       3.693
   104 N      0.887         3.356
   105 L      0.793         3.074
   107 F      0.849         3.259
   108 R      0.861         3.295
   109 S      0.820         3.172
   111 H      0.994**       3.676
   113 L      0.894         3.387
   133 G      0.578         2.474
   134 G      0.906         3.423
   135 S      1.000**       3.693
   136 I      0.959*        3.577
   138 Y      0.982*        3.642


lnL = -3170.355307

Bayes Empirical Bayes (BEB) probabilities for 11 classes (class) & postmean_w
(amino acids refer to 1st sequence: BT_Cry24Da1)

   1 -   0.35228 0.16065 0.11499 0.08745 0.06825 0.05396 0.04294 0.03427 0.02746 0.02549 0.03227 ( 1)  0.379 +-  0.644
   2 I   0.00025 0.00687 0.02835 0.06194 0.09881 0.13038 0.15119 0.15927 0.15568 0.15986 0.04740 (10)  0.815 +-  0.637
   3 D   0.72674 0.17036 0.06178 0.02412 0.00982 0.00412 0.00177 0.00077 0.00035 0.00018 0.00000 ( 1)  0.095 +-  0.091
   4 E   0.37923 0.26557 0.16461 0.09196 0.04888 0.02528 0.01285 0.00646 0.00325 0.00191 0.00000 ( 1)  0.186 +-  0.157
   5 I   0.72989 0.16963 0.06091 0.02350 0.00942 0.00388 0.00163 0.00070 0.00030 0.00015 0.00000 ( 1)  0.094 +-  0.090
   6 T   0.03113 0.09219 0.13579 0.15061 0.14496 0.12802 0.10662 0.08508 0.06603 0.05863 0.00095 ( 4)  0.486 +-  0.257
   7 Q   0.59852 0.19371 0.09665 0.05111 0.02769 0.01518 0.00837 0.00462 0.00255 0.00162 0.00000 ( 1)  0.134 +-  0.140
   8 I   0.71500 0.17378 0.06532 0.02638 0.01107 0.00477 0.00210 0.00094 0.00042 0.00022 0.00000 ( 1)  0.098 +-  0.095
   9 P   0.19576 0.19351 0.17065 0.13491 0.10086 0.07285 0.05138 0.03563 0.02452 0.01978 0.00014 ( 1)  0.314 +-  0.234
  10 A   0.68032 0.18234 0.07542 0.03334 0.01524 0.00712 0.00338 0.00162 0.00078 0.00044 0.00000 ( 1)  0.107 +-  0.108
  11 V   0.47033 0.18732 0.11632 0.07665 0.05178 0.03541 0.02435 0.01678 0.01159 0.00926 0.00019 ( 1)  0.198 +-  0.207
  12 K   0.68562 0.18161 0.07406 0.03220 0.01444 0.00659 0.00305 0.00142 0.00066 0.00036 0.00000 ( 1)  0.105 +-  0.105
  13 A   0.72712 0.17057 0.06174 0.02399 0.00968 0.00401 0.00169 0.00073 0.00032 0.00016 0.00000 ( 1)  0.094 +-  0.091
  14 F   0.39421 0.26844 0.16145 0.08746 0.04508 0.02260 0.01114 0.00544 0.00265 0.00151 0.00000 ( 1)  0.179 +-  0.151
  15 N   0.00000 0.00008 0.00172 0.01009 0.03118 0.06597 0.10858 0.14921 0.17861 0.21028 0.24428 (11)  1.455 +-  1.203
  16 I   0.05535 0.13876 0.17530 0.16801 0.14084 0.10926 0.08066 0.05762 0.04050 0.03338 0.00032 ( 3)  0.413 +-  0.237
  17 -   0.19140 0.09950 0.08115 0.07011 0.06195 0.05527 0.04945 0.04420 0.03950 0.04062 0.26685 (11)  1.237 +-  1.484
  18 -   0.19140 0.09950 0.08115 0.07011 0.06195 0.05527 0.04945 0.04420 0.03950 0.04062 0.26685 (11)  1.237 +-  1.484
  19 -   0.19140 0.09950 0.08115 0.07011 0.06195 0.05527 0.04945 0.04420 0.03950 0.04062 0.26685 (11)  1.237 +-  1.484
  20 S   0.00022 0.00617 0.02579 0.05706 0.09217 0.12319 0.14473 0.15453 0.15315 0.15952 0.08347 (10)  0.924 +-  0.814
  21 D   0.00001 0.00059 0.00433 0.01386 0.02919 0.04783 0.06628 0.08139 0.09144 0.10836 0.55673 (11)  2.342 +-  1.450
  22 T   0.00000 0.00000 0.00000 0.00000 0.00000 0.00000 0.00000 0.00001 0.00002 0.00005 0.99992 (11)  3.653 +-  0.367
  23 G   0.16607 0.17315 0.16143 0.13526 0.10743 0.08265 0.06224 0.04617 0.03407 0.02944 0.00209 ( 2)  0.355 +-  0.285
  24 -   0.19140 0.09950 0.08115 0.07011 0.06195 0.05527 0.04945 0.04420 0.03950 0.04062 0.26685 (11)  1.237 +-  1.484
  25 -   0.19140 0.09950 0.08115 0.07011 0.06195 0.05527 0.04945 0.04420 0.03950 0.04062 0.26685 (11)  1.237 +-  1.484
  26 A   0.00000 0.00010 0.00079 0.00275 0.00642 0.01181 0.01852 0.02588 0.03324 0.04612 0.85434 (11)  3.222 +-  1.060
  27 G   0.01432 0.09005 0.15967 0.18114 0.16563 0.13362 0.09946 0.07013 0.04790 0.03796 0.00010 ( 4)  0.460 +-  0.220
  28 S   0.00000 0.00000 0.00000 0.00000 0.00000 0.00000 0.00002 0.00006 0.00015 0.00039 0.99937 (11)  3.651 +-  0.372
  29 V   0.51700 0.19237 0.11119 0.06817 0.04285 0.02726 0.01744 0.01118 0.00718 0.00532 0.00002 ( 1)  0.172 +-  0.180
  30 V   0.00000 0.00000 0.00007 0.00041 0.00143 0.00352 0.00692 0.01155 0.01714 0.02697 0.93198 (11)  3.453 +-  0.791
  31 A   0.01832 0.10725 0.17816 0.19001 0.16392 0.12522 0.08859 0.05959 0.03900 0.02989 0.00004 ( 4)  0.435 +-  0.214
  32 G   0.64232 0.18899 0.08576 0.04144 0.02063 0.01045 0.00535 0.00276 0.00144 0.00086 0.00000 ( 1)  0.119 +-  0.123
  33 P   0.09416 0.13526 0.15934 0.15538 0.13474 0.10774 0.08117 0.05844 0.04084 0.03290 0.00003 ( 3)  0.402 +-  0.240
  34 G   0.71019 0.17579 0.06690 0.02717 0.01140 0.00488 0.00212 0.00093 0.00041 0.00021 0.00000 ( 1)  0.099 +-  0.096
  35 H   0.00000 0.00069 0.00701 0.02649 0.06114 0.10491 0.14729 0.17840 0.19243 0.20731 0.07433 (10)  0.949 +-  0.751
  36 T   0.68070 0.18238 0.07535 0.03325 0.01516 0.00706 0.00333 0.00159 0.00076 0.00042 0.00000 ( 1)  0.107 +-  0.108
  37 G   0.62299 0.19132 0.09068 0.04570 0.02368 0.01246 0.00661 0.00352 0.00189 0.00116 0.00000 ( 1)  0.126 +-  0.131
  38 G   0.62052 0.19157 0.09129 0.04624 0.02408 0.01273 0.00678 0.00363 0.00195 0.00121 0.00000 ( 1)  0.127 +-  0.132
  39 D   0.16571 0.27443 0.23154 0.14998 0.08603 0.04624 0.02396 0.01218 0.00617 0.00375 0.00000 ( 2)  0.257 +-  0.171
  40 L   0.00085 0.01885 0.06316 0.11257 0.14713 0.15978 0.15326 0.13440 0.11041 0.09873 0.00085 ( 6)  0.603 +-  0.228
  41 I   0.32148 0.25038 0.17357 0.10848 0.06451 0.03731 0.02121 0.01193 0.00670 0.00442 0.00000 ( 1)  0.217 +-  0.180
  42 R   0.00000 0.00000 0.00001 0.00005 0.00017 0.00044 0.00094 0.00172 0.00280 0.00485 0.98902 (11)  3.621 +-  0.467
  43 L   0.58714 0.19381 0.09890 0.05357 0.02978 0.01678 0.00951 0.00541 0.00308 0.00202 0.00000 ( 1)  0.139 +-  0.146
  44 P   0.00000 0.00001 0.00018 0.00106 0.00359 0.00868 0.01673 0.02739 0.03975 0.06057 0.84205 (11)  3.186 +-  1.073
  45 N   0.19140 0.09950 0.08115 0.07011 0.06195 0.05527 0.04945 0.04420 0.03950 0.04062 0.26685 (11)  1.237 +-  1.484
  46 N   0.00000 0.00000 0.00011 0.00105 0.00471 0.01360 0.02941 0.05165 0.07775 0.11775 0.70397 (11)  2.779 +-  1.291
  47 N   0.00000 0.00000 0.00000 0.00000 0.00000 0.00001 0.00002 0.00006 0.00014 0.00033 0.99944 (11)  3.651 +-  0.372
  48 A   0.00002 0.00172 0.01081 0.03031 0.05727 0.08557 0.10934 0.12480 0.13088 0.14393 0.30534 (11)  1.592 +-  1.335
  49 R   0.03457 0.10360 0.15132 0.16338 0.15089 0.12642 0.09898 0.07372 0.05312 0.04397 0.00004 ( 4)  0.456 +-  0.233
  50 L   0.56307 0.19377 0.10344 0.05870 0.03422 0.02023 0.01205 0.00720 0.00432 0.00299 0.00000 ( 1)  0.150 +-  0.158
  51 K   0.37410 0.26413 0.16536 0.09344 0.05031 0.02638 0.01362 0.00697 0.00356 0.00214 0.00000 ( 1)  0.189 +-  0.159
  52 I   0.70632 0.17630 0.06792 0.02804 0.01200 0.00527 0.00235 0.00106 0.00049 0.00026 0.00000 ( 1)  0.100 +-  0.098
  53 R   0.63529 0.19063 0.08792 0.04298 0.02153 0.01092 0.00557 0.00285 0.00146 0.00085 0.00000 ( 1)  0.121 +-  0.124
  54 L   0.58714 0.19381 0.09890 0.05357 0.02978 0.01678 0.00951 0.00541 0.00308 0.00202 0.00000 ( 1)  0.139 +-  0.146
  55 T   0.00008 0.00550 0.03023 0.07355 0.11978 0.15346 0.16747 0.16274 0.14498 0.13583 0.00638 ( 7)  0.678 +-  0.302
  56 P   0.00989 0.06936 0.13552 0.16790 0.16619 0.14383 0.11381 0.08450 0.06015 0.04883 0.00004 ( 4)  0.492 +-  0.221
  57 S   0.00823 0.06015 0.12217 0.15749 0.16236 0.14649 0.12094 0.09373 0.06964 0.05865 0.00015 ( 5)  0.513 +-  0.226
  58 T   0.00000 0.00000 0.00000 0.00002 0.00007 0.00018 0.00038 0.00070 0.00114 0.00198 0.99552 (11)  3.640 +-  0.411
  59 S   0.00864 0.03334 0.06238 0.08732 0.10551 0.11637 0.12032 0.11838 0.11209 0.11686 0.11878 ( 7)  0.958 +-  0.980
  60 D   0.00385 0.05925 0.14370 0.18810 0.18306 0.15011 0.11035 0.07538 0.04923 0.03698 0.00002 ( 4)  0.481 +-  0.206
  61 K   0.70022 0.17810 0.06980 0.02923 0.01265 0.00559 0.00250 0.00113 0.00052 0.00027 0.00000 ( 1)  0.101 +-  0.100
  62 R   0.03031 0.15363 0.22197 0.20566 0.15389 0.10181 0.06229 0.03621 0.02049 0.01373 0.00000 ( 3)  0.375 +-  0.194
  63 F   0.09771 0.12061 0.13187 0.12873 0.11833 0.10463 0.08992 0.07555 0.06257 0.05951 0.01058 ( 3)  0.474 +-  0.412
  64 R   0.00054 0.01316 0.04805 0.09297 0.13144 0.15383 0.15840 0.14846 0.12963 0.12127 0.00225 ( 7)  0.638 +-  0.249
  65 V   0.73803 0.16691 0.05841 0.02202 0.00866 0.00351 0.00145 0.00061 0.00026 0.00013 0.00000 ( 1)  0.092 +-  0.087
  66 R   0.67793 0.18349 0.07631 0.03376 0.01537 0.00711 0.00332 0.00156 0.00074 0.00040 0.00000 ( 1)  0.107 +-  0.108
  67 V   0.01243 0.08073 0.14779 0.17342 0.16427 0.13742 0.10614 0.07766 0.05499 0.04493 0.00021 ( 4)  0.477 +-  0.225
  68 R   0.36454 0.16680 0.11942 0.09055 0.07023 0.05501 0.04322 0.03393 0.02666 0.02420 0.00543 ( 1)  0.285 +-  0.346
  69 Y   0.32918 0.25364 0.17340 0.10660 0.06220 0.03520 0.01953 0.01069 0.00583 0.00373 0.00000 ( 1)  0.212 +-  0.175
  70 A   0.00000 0.00004 0.00063 0.00328 0.00998 0.02192 0.03865 0.05807 0.07742 0.10675 0.68325 (11)  2.717 +-  1.332
  71 S   0.00223 0.03949 0.10862 0.16026 0.17482 0.15979 0.13019 0.09799 0.07002 0.05647 0.00012 ( 5)  0.528 +-  0.214
  72 T   0.00000 0.00000 0.00000 0.00000 0.00000 0.00000 0.00000 0.00000 0.00000 0.00001 0.99999 (11)  3.653 +-  0.366
  73 T   0.00000 0.00000 0.00000 0.00000 0.00000 0.00000 0.00000 0.00000 0.00001 0.00003 0.99995 (11)  3.653 +-  0.367
  74 A   0.00000 0.00000 0.00000 0.00000 0.00001 0.00004 0.00013 0.00032 0.00069 0.00147 0.99735 (11)  3.645 +-  0.392
  75 G   0.37055 0.26382 0.16632 0.09449 0.05108 0.02687 0.01390 0.00713 0.00365 0.00219 0.00000 ( 1)  0.190 +-  0.160
  76 R   0.00000 0.00000 0.00000 0.00000 0.00000 0.00000 0.00000 0.00000 0.00000 0.00001 0.99998 (11)  3.653 +-  0.366
  77 M   0.00000 0.00007 0.00098 0.00494 0.01479 0.03220 0.05648 0.08459 0.11224 0.15165 0.54206 (11)  2.300 +-  1.396
  78 R   0.00000 0.00000 0.00006 0.00034 0.00111 0.00266 0.00516 0.00863 0.01292 0.02061 0.94850 (11)  3.502 +-  0.717
  79 I   0.08035 0.17934 0.20276 0.17413 0.13089 0.09106 0.06029 0.03863 0.02437 0.01817 0.00001 ( 3)  0.358 +-  0.214
  80 T   0.00091 0.01970 0.06511 0.11468 0.14838 0.15977 0.15219 0.13273 0.10861 0.09698 0.00095 ( 6)  0.600 +-  0.231
  81 K   0.07745 0.17591 0.20183 0.17533 0.13286 0.09286 0.06155 0.03934 0.02466 0.01821 0.00000 ( 3)  0.361 +-  0.213
  82 Y   0.19140 0.09950 0.08115 0.07011 0.06195 0.05527 0.04945 0.04420 0.03950 0.04062 0.26685 (11)  1.237 +-  1.484
  83 W   0.40920 0.17745 0.12016 0.08615 0.06318 0.04679 0.03476 0.02580 0.01917 0.01646 0.00089 ( 1)  0.238 +-  0.249
  84 S   0.00684 0.02678 0.05089 0.07240 0.08900 0.09994 0.10532 0.10572 0.10226 0.10922 0.23162 (11)  1.303 +-  1.269
  85 P   0.12116 0.14014 0.14428 0.13303 0.11587 0.09737 0.07977 0.06412 0.05099 0.04697 0.00631 ( 3)  0.426 +-  0.359
  86 G   0.02105 0.11952 0.19228 0.19775 0.16376 0.11952 0.08041 0.05122 0.03162 0.02287 0.00000 ( 4)  0.415 +-  0.206
  87 Y   0.00007 0.00461 0.02599 0.06529 0.11029 0.14691 0.16681 0.16855 0.15578 0.15013 0.00557 ( 8)  0.690 +-  0.287
  88 V   0.00000 0.00000 0.00000 0.00002 0.00014 0.00058 0.00165 0.00365 0.00680 0.01292 0.97423 (11)  3.578 +-  0.569
  89 Q   0.00000 0.00000 0.00000 0.00000 0.00002 0.00008 0.00027 0.00068 0.00143 0.00305 0.99448 (11)  3.637 +-  0.419
  90 -   0.19140 0.09950 0.08115 0.07011 0.06195 0.05527 0.04945 0.04420 0.03950 0.04062 0.26685 (11)  1.237 +-  1.484
  91 H   0.00025 0.01305 0.05799 0.11605 0.15765 0.17054 0.15888 0.13327 0.10382 0.08804 0.00045 ( 6)  0.599 +-  0.213
  92 Y   0.00000 0.00000 0.00000 0.00000 0.00002 0.00007 0.00021 0.00053 0.00109 0.00229 0.99579 (11)  3.641 +-  0.407
  93 D   0.00000 0.00000 0.00003 0.00031 0.00139 0.00407 0.00893 0.01601 0.02483 0.04024 0.90418 (11)  3.369 +-  0.890
  94 F   0.39808 0.26900 0.16052 0.08630 0.04416 0.02198 0.01077 0.00522 0.00253 0.00144 0.00000 ( 1)  0.177 +-  0.150
  95 N   0.00000 0.00000 0.00000 0.00000 0.00000 0.00000 0.00000 0.00000 0.00001 0.00002 0.99997 (11)  3.653 +-  0.367
  96 F   0.00000 0.00000 0.00000 0.00000 0.00000 0.00001 0.00004 0.00012 0.00027 0.00064 0.99892 (11)  3.650 +-  0.377
  97 D   0.00000 0.00000 0.00000 0.00003 0.00017 0.00057 0.00145 0.00303 0.00549 0.01054 0.97871 (11)  3.590 +-  0.539
  98 A   0.00000 0.00000 0.00000 0.00000 0.00001 0.00004 0.00012 0.00030 0.00063 0.00136 0.99754 (11)  3.646 +-  0.391
  99 Q   0.00089 0.00975 0.02873 0.05319 0.07813 0.09966 0.11533 0.12401 0.12593 0.13739 0.22700 (11)  1.330 +-  1.226
 100 Y   0.00001 0.00105 0.00978 0.03411 0.07343 0.11845 0.15737 0.18138 0.18717 0.19459 0.04265 (10)  0.846 +-  0.594
 101 Y   0.00000 0.00000 0.00000 0.00000 0.00000 0.00000 0.00000 0.00001 0.00002 0.00006 0.99991 (11)  3.652 +-  0.367
 102 D   0.19140 0.09950 0.08115 0.07011 0.06195 0.05527 0.04945 0.04420 0.03950 0.04062 0.26685 (11)  1.237 +-  1.484
 103 S   0.19140 0.09950 0.08115 0.07011 0.06195 0.05527 0.04945 0.04420 0.03950 0.04062 0.26685 (11)  1.237 +-  1.484
 104 N   0.00049 0.00215 0.00456 0.00726 0.01000 0.01263 0.01498 0.01697 0.01856 0.02263 0.88977 (11)  3.325 +-  0.995
 105 L   0.00073 0.00349 0.00789 0.01307 0.01842 0.02346 0.02781 0.03121 0.03364 0.04020 0.80009 (11)  3.056 +-  1.233
 106 T   0.06074 0.07710 0.08683 0.08791 0.08443 0.07857 0.07155 0.06413 0.05697 0.05808 0.27369 (11)  1.342 +-  1.439
 107 F   0.00000 0.00002 0.00026 0.00140 0.00430 0.00945 0.01670 0.02530 0.03432 0.04942 0.85883 (11)  3.236 +-  1.039
 108 R   0.00000 0.00000 0.00008 0.00060 0.00235 0.00628 0.01292 0.02212 0.03306 0.05133 0.87127 (11)  3.275 +-  0.997
 109 S   0.00000 0.00004 0.00045 0.00204 0.00568 0.01182 0.02025 0.03018 0.04062 0.05820 0.83072 (11)  3.151 +-  1.108
 110 F   0.01638 0.09992 0.17183 0.18860 0.16645 0.12933 0.09255 0.06263 0.04102 0.03127 0.00002 ( 4)  0.443 +-  0.213
 111 H   0.00000 0.00000 0.00000 0.00001 0.00005 0.00017 0.00042 0.00088 0.00160 0.00304 0.99384 (11)  3.635 +-  0.425
 112 Y   0.68413 0.18206 0.07451 0.03248 0.01459 0.00667 0.00309 0.00144 0.00067 0.00036 0.00000 ( 1)  0.106 +-  0.106
 113 L   0.00000 0.00005 0.00038 0.00143 0.00359 0.00708 0.01187 0.01769 0.02419 0.03605 0.89768 (11)  3.347 +-  0.923
 114 D   0.00048 0.01148 0.04187 0.08176 0.11786 0.14203 0.15196 0.14918 0.13736 0.13554 0.03049 ( 7)  0.736 +-  0.537
 115 T   0.53101 0.19209 0.10831 0.06508 0.04026 0.02532 0.01608 0.01028 0.00661 0.00491 0.00005 ( 1)  0.166 +-  0.176
 116 M   0.09507 0.13460 0.15320 0.14723 0.12873 0.10586 0.08332 0.06345 0.04735 0.04084 0.00035 ( 3)  0.413 +-  0.254
 117 V   0.12038 0.22951 0.22323 0.16628 0.10933 0.06711 0.03955 0.02275 0.01299 0.00887 0.00000 ( 2)  0.303 +-  0.194
 118 T   0.07240 0.17147 0.20181 0.17779 0.13559 0.09488 0.06277 0.03997 0.02495 0.01836 0.00001 ( 3)  0.365 +-  0.213
 119 R   0.06447 0.15554 0.18903 0.17366 0.13898 0.10246 0.07154 0.04811 0.03170 0.02450 0.00002 ( 3)  0.386 +-  0.222
 120 L   0.09990 0.20751 0.21803 0.17366 0.12080 0.07761 0.04735 0.02790 0.01616 0.01108 0.00000 ( 3)  0.324 +-  0.200
 121 D   0.00376 0.05825 0.14197 0.18675 0.18267 0.15059 0.11131 0.07648 0.05024 0.03795 0.00002 ( 4)  0.483 +-  0.207
 122 D   0.00036 0.00950 0.03718 0.07696 0.11624 0.14512 0.15914 0.15850 0.14655 0.14333 0.00711 ( 7)  0.678 +-  0.315
 123 P   0.00020 0.00582 0.02483 0.05595 0.09188 0.12457 0.14815 0.15976 0.15951 0.16654 0.06279 (10)  0.868 +-  0.716
 124 G   0.01805 0.10697 0.17929 0.19206 0.16562 0.12586 0.08814 0.05842 0.03750 0.02809 0.00001 ( 4)  0.432 +-  0.211
 125 V   0.74378 0.16508 0.05667 0.02096 0.00809 0.00322 0.00131 0.00054 0.00023 0.00011 0.00000 ( 1)  0.090 +-  0.085
 126 E   0.36254 0.26180 0.16768 0.09685 0.05325 0.02850 0.01500 0.00782 0.00407 0.00249 0.00000 ( 1)  0.194 +-  0.163
 127 I   0.35047 0.25807 0.16911 0.10018 0.05664 0.03124 0.01699 0.00918 0.00496 0.00316 0.00000 ( 1)  0.201 +-  0.169
 128 I   0.75575 0.16092 0.05303 0.01886 0.00701 0.00269 0.00106 0.00043 0.00017 0.00008 0.00000 ( 1)  0.088 +-  0.081
 129 V   0.36817 0.26235 0.16611 0.09509 0.05196 0.02771 0.01457 0.00761 0.00398 0.00245 0.00000 ( 1)  0.192 +-  0.162
 130 Q   0.00594 0.04708 0.10282 0.14199 0.15628 0.15000 0.13125 0.10738 0.08380 0.07318 0.00028 ( 5)  0.543 +-  0.230
 131 N   0.76939 0.15598 0.04886 0.01652 0.00584 0.00213 0.00080 0.00031 0.00012 0.00005 0.00000 ( 1)  0.085 +-  0.076
 132 I   0.00025 0.00689 0.02844 0.06209 0.09898 0.13054 0.15132 0.15937 0.15575 0.15992 0.04645 (10)  0.812 +-  0.631
 133 G   0.00000 0.00004 0.00072 0.00393 0.01218 0.02693 0.04748 0.07109 0.09413 0.12768 0.61584 (11)  2.519 +-  1.380
 134 G   0.00000 0.00000 0.00007 0.00050 0.00184 0.00466 0.00922 0.01532 0.02244 0.03463 0.91133 (11)  3.393 +-  0.871
 135 S   0.00000 0.00000 0.00000 0.00000 0.00000 0.00000 0.00001 0.00002 0.00004 0.00010 0.99983 (11)  3.652 +-  0.368
 136 I   0.00000 0.00000 0.00001 0.00007 0.00037 0.00122 0.00300 0.00598 0.01023 0.01809 0.96104 (11)  3.539 +-  0.647
 137 L   0.00123 0.02485 0.07728 0.12854 0.15757 0.16127 0.14650 0.12230 0.09622 0.08353 0.00071 ( 6)  0.578 +-  0.228
 138 Y   0.00000 0.00000 0.00001 0.00006 0.00025 0.00068 0.00148 0.00273 0.00448 0.00784 0.98248 (11)  3.602 +-  0.516
 139 I   0.00110 0.02382 0.07683 0.12986 0.15980 0.16299 0.14695 0.12154 0.09471 0.08158 0.00081 ( 6)  0.577 +-  0.228
 140 D   0.51785 0.19279 0.11135 0.06813 0.04268 0.02702 0.01718 0.01093 0.00696 0.00510 0.00001 ( 1)  0.171 +-  0.178
 141 K   0.71571 0.17415 0.06522 0.02612 0.01082 0.00458 0.00197 0.00086 0.00038 0.00019 0.00000 ( 1)  0.097 +-  0.094
 142 I   0.00153 0.02944 0.08738 0.13912 0.16369 0.16126 0.14140 0.11426 0.08730 0.07421 0.00041 ( 5)  0.561 +-  0.222
 143 E   0.35683 0.26041 0.16872 0.09858 0.05481 0.02964 0.01575 0.00827 0.00434 0.00266 0.00000 ( 1)  0.197 +-  0.166
 144 I   0.01587 0.09771 0.16956 0.18770 0.16695 0.13059 0.09396 0.06383 0.04189 0.03192 0.00001 ( 4)  0.445 +-  0.213
 145 I   0.12528 0.14142 0.14285 0.12997 0.11230 0.09412 0.07727 0.06251 0.05025 0.04693 0.01711 ( 3)  0.456 +-  0.486
 146 -   0.30211 0.14619 0.11093 0.08922 0.07345 0.06110 0.05101 0.04258 0.03559 0.03434 0.05348 ( 1)  0.483 +-  0.790

Positively selected sites

	Prob(w>1)  mean w

    21 D      0.557         2.342 +- 1.450
    22 T      1.000**       3.653 +- 0.367
    26 A      0.854         3.222 +- 1.060
    28 S      0.999**       3.651 +- 0.372
    30 V      0.932         3.453 +- 0.791
    42 R      0.989*        3.621 +- 0.467
    44 P      0.842         3.186 +- 1.073
    46 N      0.704         2.779 +- 1.291
    47 N      0.999**       3.651 +- 0.372
    58 T      0.996**       3.640 +- 0.411
    70 A      0.683         2.717 +- 1.332
    72 T      1.000**       3.653 +- 0.366
    73 T      1.000**       3.653 +- 0.367
    74 A      0.997**       3.645 +- 0.392
    76 R      1.000**       3.653 +- 0.366
    77 M      0.542         2.300 +- 1.396
    78 R      0.948         3.502 +- 0.717
    88 V      0.974*        3.578 +- 0.569
    89 Q      0.994**       3.637 +- 0.419
    92 Y      0.996**       3.641 +- 0.407
    93 D      0.904         3.369 +- 0.890
    95 N      1.000**       3.653 +- 0.367
    96 F      0.999**       3.650 +- 0.377
    97 D      0.979*        3.590 +- 0.539
    98 A      0.998**       3.646 +- 0.391
   101 Y      1.000**       3.652 +- 0.367
   104 N      0.890         3.325 +- 0.995
   105 L      0.800         3.056 +- 1.233
   107 F      0.859         3.236 +- 1.039
   108 R      0.871         3.275 +- 0.997
   109 S      0.831         3.151 +- 1.108
   111 H      0.994**       3.635 +- 0.425
   113 L      0.898         3.347 +- 0.923
   133 G      0.616         2.519 +- 1.380
   134 G      0.911         3.393 +- 0.871
   135 S      1.000**       3.652 +- 0.368
   136 I      0.961*        3.539 +- 0.647
   138 Y      0.982*        3.602 +- 0.516

