Supplemental results for CODEML (seqf: algn  treef: tree)


dN/dS (w) for site classes (K=9)

p:   0.11930  0.11930  0.11930  0.11930  0.11930  0.11930  0.11930  0.11930  0.04561
w:   0.02476  0.09004  0.16693  0.25445  0.35397  0.46905  0.60799  0.79811  2.86003

Naive Empirical Bayes (NEB) probabilities for 9 classes & postmean_w & P(w>1)
(amino acids refer to 1st sequence: BT_Cry21Aa1)

   1 -   0.22040 0.18565 0.15359 0.12589 0.10264 0.08338 0.06733 0.05320 0.00791 ( 1)  0.261  0.008
   2 -   0.00043 0.00541 0.01758 0.03835 0.06912 0.11185 0.17042 0.25722 0.32963 ( 9)  1.342  0.330
   3 -   0.31785 0.23549 0.16681 0.11401 0.07517 0.04750 0.02825 0.01477 0.00016 ( 1)  0.164  0.000
   4 -   0.33909 0.24403 0.16677 0.10915 0.06829 0.04042 0.02206 0.01015 0.00003 ( 1)  0.151  0.000
   5 -   0.00001 0.00169 0.01522 0.05354 0.11920 0.19941 0.27166 0.31142 0.02785 ( 8)  0.645  0.028
   6 L   0.00011 0.00793 0.03860 0.08856 0.14493 0.19669 0.23629 0.25744 0.02944 ( 8)  0.607  0.029
   7 K   0.06184 0.25696 0.26876 0.19289 0.11630 0.06232 0.02959 0.01132 0.00001 ( 3)  0.216  0.000
   8 G   0.03145 0.18650 0.25768 0.22374 0.15222 0.08787 0.04362 0.01693 0.00000 ( 3)  0.253  0.000
   9 F   0.00105 0.05238 0.16246 0.22762 0.22100 0.17128 0.10976 0.05437 0.00009 ( 4)  0.359  0.000
  10 P   0.22300 0.32113 0.22031 0.12245 0.06253 0.03059 0.01425 0.00573 0.00000 ( 2)  0.152  0.000
  11 A   0.73668 0.19345 0.04995 0.01383 0.00419 0.00135 0.00044 0.00012 0.00000 ( 1)  0.050  0.000
  12 E   0.37394 0.35658 0.16821 0.06641 0.02399 0.00798 0.00236 0.00053 0.00000 ( 1)  0.100  0.000
  13 K   0.77660 0.16994 0.03936 0.01017 0.00284 0.00082 0.00023 0.00005 0.00000 ( 1)  0.045  0.000
  14 G   0.00014 0.01222 0.06712 0.15421 0.22349 0.23689 0.19271 0.11321 0.00003 ( 6)  0.449  0.000
  15 -   0.00017 0.01337 0.06534 0.13972 0.19904 0.22097 0.20374 0.15452 0.00312 ( 6)  0.478  0.003
  16 -   0.00081 0.02095 0.06922 0.12555 0.17152 0.19887 0.20614 0.19284 0.01410 ( 7)  0.519  0.014
  17 Y   0.00011 0.00913 0.04928 0.11653 0.18372 0.22532 0.22798 0.18696 0.00097 ( 7)  0.500  0.001
  18 G   0.03730 0.32649 0.33539 0.18557 0.07757 0.02744 0.00833 0.00192 0.00000 ( 3)  0.180  0.000
  19 D   0.00015 0.01107 0.05368 0.11763 0.17797 0.21649 0.22413 0.19568 0.00320 ( 7)  0.506  0.003
  20 S   0.00028 0.01921 0.08211 0.15585 0.20262 0.21187 0.18851 0.13873 0.00083 ( 6)  0.454  0.001
  21 I   0.00026 0.03534 0.15194 0.23986 0.23783 0.17868 0.10757 0.04847 0.00005 ( 4)  0.362  0.000
  22 A   0.00000 0.00294 0.02913 0.09071 0.16692 0.22780 0.25228 0.22748 0.00275 ( 7)  0.537  0.003
  23 Y   0.00532 0.10487 0.23505 0.26179 0.20040 0.11841 0.05549 0.01865 0.00000 ( 4)  0.291  0.000
  24 V   0.00560 0.08745 0.17829 0.20927 0.19234 0.15298 0.10822 0.06530 0.00056 ( 4)  0.350  0.001
  25 S   0.00026 0.02075 0.09752 0.19071 0.23620 0.21642 0.15513 0.08290 0.00010 ( 5)  0.413  0.000
  26 E   0.38786 0.36581 0.16152 0.05782 0.01900 0.00591 0.00169 0.00038 0.00000 ( 1)  0.095  0.000
  27 P   0.64213 0.23542 0.08061 0.02743 0.00952 0.00337 0.00118 0.00036 0.00000 ( 1)  0.063  0.000
  28 -   0.24367 0.31074 0.20247 0.11680 0.06550 0.03557 0.01790 0.00734 0.00000 ( 2)  0.154  0.000
  29 -   0.11930 0.11930 0.11930 0.11930 0.11930 0.11930 0.11930 0.11930 0.04561 ( 6)  0.460  0.046
  30 L   0.02569 0.14613 0.21707 0.21815 0.17627 0.11978 0.06796 0.02895 0.00000 ( 4)  0.289  0.000
  31 N   0.37932 0.35919 0.16450 0.06320 0.02277 0.00784 0.00251 0.00066 0.00000 ( 1)  0.099  0.000
  32 G   0.69028 0.21971 0.06399 0.01834 0.00539 0.00165 0.00050 0.00013 0.00000 ( 1)  0.055  0.000
  33 A   0.02267 0.14042 0.21247 0.21207 0.17278 0.12300 0.07709 0.03947 0.00004 ( 3)  0.300  0.000
  34 N   0.19295 0.42468 0.23555 0.09540 0.03487 0.01194 0.00370 0.00089 0.00000 ( 2)  0.128  0.000
  35 A   0.00461 0.09002 0.20515 0.24076 0.20275 0.13881 0.08050 0.03736 0.00005 ( 4)  0.320  0.000
  36 V   0.00738 0.10730 0.20768 0.22713 0.19099 0.13604 0.08319 0.04022 0.00007 ( 4)  0.317  0.000
  37 K   0.01266 0.18048 0.29418 0.24703 0.14993 0.07441 0.03119 0.01011 0.00000 ( 3)  0.244  0.000
  38 L   0.06335 0.26152 0.26664 0.18648 0.11239 0.06286 0.03261 0.01415 0.00001 ( 3)  0.217  0.000
  39 T   0.00054 0.02605 0.08911 0.15374 0.19533 0.20507 0.18515 0.14162 0.00339 ( 6)  0.457  0.003
  40 S   0.00000 0.00053 0.00887 0.04332 0.11431 0.20726 0.28924 0.32404 0.01243 ( 8)  0.620  0.012
  41 Y   0.00911 0.10615 0.18500 0.20572 0.18729 0.14823 0.10195 0.05648 0.00008 ( 4)  0.336  0.000
  42 Q   0.00000 0.00056 0.01036 0.05264 0.13710 0.23425 0.29313 0.27116 0.00080 ( 7)  0.570  0.001
  43 V   0.00011 0.01488 0.07314 0.14669 0.19838 0.21374 0.19572 0.15248 0.00486 ( 6)  0.476  0.005
  44 L   0.01552 0.10465 0.17542 0.19578 0.18018 0.14755 0.10972 0.07084 0.00034 ( 4)  0.346  0.000
  45 Q   0.00000 0.00000 0.00003 0.00037 0.00255 0.01159 0.04089 0.13033 0.81424 ( 9)  2.464  0.814
  46 -   0.11930 0.11930 0.11930 0.11930 0.11930 0.11930 0.11930 0.11930 0.04561 ( 6)  0.460  0.046
  47 -   0.29407 0.22766 0.16902 0.12102 0.08331 0.05457 0.03316 0.01716 0.00003 ( 1)  0.176  0.000
  48 -   0.06398 0.16245 0.19836 0.18938 0.15633 0.11491 0.07472 0.03977 0.00010 ( 3)  0.284  0.000
  49 -   0.35932 0.25219 0.16661 0.10430 0.06150 0.03359 0.01632 0.00618 0.00000 ( 1)  0.138  0.000
  50 -   0.00257 0.02659 0.06887 0.11700 0.16053 0.19245 0.20873 0.20569 0.01757 ( 7)  0.532  0.018
  51 -   0.25273 0.20733 0.16502 0.12806 0.09674 0.07062 0.04895 0.03032 0.00023 ( 1)  0.207  0.000
  52 -   0.00231 0.02464 0.06592 0.11545 0.16252 0.19840 0.21631 0.20873 0.00572 ( 7)  0.508  0.006
  53 -   0.29091 0.22703 0.16982 0.12231 0.08447 0.05528 0.03332 0.01684 0.00001 ( 1)  0.177  0.000
  54 -   0.07384 0.17834 0.20671 0.18760 0.14784 0.10450 0.06610 0.03494 0.00013 ( 3)  0.270  0.000
  55 M   0.00004 0.01097 0.07510 0.16943 0.22770 0.22686 0.18032 0.10938 0.00020 ( 5)  0.441  0.000
  56 E   0.00000 0.00342 0.04415 0.14397 0.23660 0.25540 0.20195 0.11438 0.00013 ( 6)  0.462  0.000
  57 V   0.01080 0.13297 0.22436 0.22348 0.17534 0.11968 0.07362 0.03941 0.00036 ( 3)  0.302  0.000
  58 T   0.09831 0.34264 0.28584 0.15792 0.07223 0.02940 0.01064 0.00302 0.00000 ( 2)  0.169  0.000
  59 N   0.13192 0.32596 0.24017 0.14327 0.08086 0.04423 0.02303 0.01051 0.00005 ( 2)  0.181  0.000
  60 Q   0.00002 0.00445 0.03850 0.11458 0.19891 0.24528 0.23232 0.16545 0.00048 ( 6)  0.496  0.000
  61 T   0.00700 0.10337 0.19720 0.21558 0.18569 0.14018 0.09532 0.05547 0.00018 ( 4)  0.331  0.000
  62 T   0.00001 0.00122 0.01018 0.03507 0.08119 0.14937 0.23592 0.33702 0.15004 ( 8)  0.951  0.150
  63 Q   0.04276 0.24214 0.29568 0.21667 0.12059 0.05535 0.02103 0.00578 0.00000 ( 3)  0.213  0.000
  64 K   0.00140 0.03640 0.11453 0.17904 0.20163 0.19009 0.15890 0.11621 0.00180 ( 5)  0.423  0.002
  65 Y   0.65971 0.22979 0.07513 0.02423 0.00777 0.00245 0.00073 0.00018 0.00000 ( 1)  0.060  0.000
  66 R   0.00010 0.00904 0.05172 0.12469 0.19370 0.22868 0.22013 0.17099 0.00096 ( 6)  0.490  0.001
  67 I   0.00051 0.02814 0.10279 0.17419 0.20700 0.20030 0.16723 0.11870 0.00116 ( 5)  0.431  0.001
  68 R   0.47638 0.26115 0.13532 0.06799 0.03332 0.01586 0.00716 0.00281 0.00001 ( 1)  0.101  0.000
  69 I   0.01115 0.12469 0.21234 0.21618 0.17718 0.12837 0.08367 0.04623 0.00019 ( 4)  0.313  0.000
  70 R   0.64682 0.23991 0.07926 0.02435 0.00709 0.00197 0.00051 0.00011 0.00000 ( 1)  0.061  0.000
  71 Y   0.29208 0.34922 0.19998 0.09370 0.04035 0.01646 0.00625 0.00196 0.00000 ( 2)  0.123  0.000
  72 A   0.78327 0.16906 0.03614 0.00851 0.00222 0.00061 0.00016 0.00003 0.00000 ( 1)  0.044  0.000
  73 T   0.39680 0.35361 0.15650 0.05985 0.02202 0.00788 0.00263 0.00071 0.00000 ( 1)  0.097  0.000
  74 G   0.00149 0.05630 0.15954 0.21938 0.21520 0.17098 0.11458 0.06217 0.00037 ( 4)  0.364  0.000
  75 G   0.00007 0.00820 0.04891 0.11796 0.18684 0.22904 0.22848 0.17941 0.00110 ( 6)  0.498  0.001
  76 D   0.00000 0.00032 0.00647 0.03538 0.10071 0.19364 0.28683 0.34883 0.02781 ( 8)  0.669  0.028
  77 T   0.00120 0.05058 0.14899 0.21330 0.21712 0.17814 0.12274 0.06777 0.00017 ( 5)  0.373  0.000
  78 A   0.00000 0.00010 0.00264 0.01747 0.06037 0.14442 0.27316 0.43990 0.06194 ( 8)  0.788  0.062
  79 A   0.00000 0.00106 0.01088 0.04096 0.09532 0.16755 0.24661 0.32422 0.11340 ( 8)  0.858  0.113
  80 S   0.00000 0.00301 0.03485 0.11493 0.20359 0.24721 0.22949 0.16521 0.00170 ( 6)  0.500  0.002
  81 I   0.00002 0.00342 0.02210 0.06034 0.11595 0.18245 0.24735 0.29436 0.07401 ( 8)  0.743  0.074
  82 W   0.00002 0.00211 0.01570 0.05121 0.11129 0.18924 0.27158 0.33974 0.01911 ( 8)  0.635  0.019
  83 F   0.00770 0.11896 0.22587 0.23494 0.18543 0.12375 0.07111 0.03223 0.00001 ( 4)  0.301  0.000
  84 H   0.00000 0.00002 0.00101 0.01143 0.05469 0.15451 0.30412 0.45221 0.02202 ( 8)  0.704  0.022
  85 I   0.02239 0.13003 0.19018 0.19014 0.16260 0.12940 0.09878 0.07135 0.00514 ( 3)  0.342  0.005
  86 I   0.00000 0.00009 0.00171 0.01024 0.03478 0.08534 0.17184 0.31397 0.38203 ( 9)  1.503  0.382
  87 -   0.00000 0.00000 0.00003 0.00035 0.00212 0.00881 0.02993 0.09602 0.86274 ( 9)  2.567  0.863
  88 -   0.00289 0.04620 0.10447 0.14784 0.17454 0.18539 0.17966 0.15450 0.00451 ( 6)  0.453  0.005
  89 -   0.11930 0.11930 0.11930 0.11930 0.11930 0.11930 0.11930 0.11930 0.04561 ( 6)  0.460  0.046
  90 -   0.11930 0.11930 0.11930 0.11930 0.11930 0.11930 0.11930 0.11930 0.04561 ( 6)  0.460  0.046
  91 -   0.11930 0.11930 0.11930 0.11930 0.11930 0.11930 0.11930 0.11930 0.04561 ( 6)  0.460  0.046
  92 -   0.11930 0.11930 0.11930 0.11930 0.11930 0.11930 0.11930 0.11930 0.04561 ( 6)  0.460  0.046
  93 G   0.00000 0.00010 0.00298 0.02075 0.07209 0.16601 0.28991 0.40971 0.03845 ( 8)  0.722  0.038
  94 P   0.00001 0.00292 0.02428 0.07386 0.14089 0.20795 0.26022 0.28130 0.00857 ( 8)  0.578  0.009
  95 S   0.00000 0.00017 0.00367 0.02066 0.06350 0.14036 0.25218 0.39336 0.12610 ( 8)  0.922  0.126
  96 G   0.00000 0.00000 0.00020 0.00210 0.01086 0.03830 0.10839 0.28122 0.55893 ( 9)  1.911  0.559
  97 N   0.00000 0.00005 0.00214 0.01785 0.06701 0.15694 0.26961 0.37192 0.11449 ( 8)  0.890  0.114
  98 D   0.00000 0.00170 0.01911 0.06496 0.12775 0.18794 0.23475 0.26696 0.09682 ( 8)  0.786  0.097
  99 L   0.00000 0.00042 0.00431 0.01874 0.05309 0.11539 0.20994 0.34158 0.25653 ( 8)  1.212  0.257
 100 T   0.00000 0.00000 0.00001 0.00013 0.00097 0.00470 0.01771 0.06140 0.91509 ( 9)  2.680  0.915
 101 N   0.00083 0.04145 0.13325 0.19987 0.21249 0.18492 0.13855 0.08720 0.00143 ( 5)  0.397  0.001
 102 -   0.11930 0.11930 0.11930 0.11930 0.11930 0.11930 0.11930 0.11930 0.04561 ( 6)  0.460  0.046
 103 -   0.11930 0.11930 0.11930 0.11930 0.11930 0.11930 0.11930 0.11930 0.04561 ( 6)  0.460  0.046
 104 -   0.11930 0.11930 0.11930 0.11930 0.11930 0.11930 0.11930 0.11930 0.04561 ( 6)  0.460  0.046
 105 E   0.00008 0.00588 0.02760 0.06293 0.10639 0.15452 0.20562 0.26197 0.17499 ( 8)  0.966  0.175
 106 G   0.00005 0.00440 0.02516 0.06471 0.11579 0.17075 0.22483 0.27661 0.11771 ( 8)  0.836  0.118
 107 H   0.00000 0.00004 0.00194 0.01867 0.07669 0.18688 0.31526 0.39005 0.01048 ( 8)  0.653  0.010
 108 N   0.00000 0.00000 0.00000 0.00012 0.00126 0.00748 0.03194 0.11823 0.84097 ( 9)  2.523  0.841
 109 F   0.00000 0.00024 0.00324 0.01440 0.03931 0.08252 0.14886 0.25137 0.46007 ( 9)  1.664  0.460
 110 S   0.00000 0.00242 0.02909 0.09985 0.18589 0.24119 0.24404 0.19541 0.00211 ( 7)  0.520  0.002
 111 S   0.00002 0.00428 0.03189 0.08712 0.15062 0.20484 0.24290 0.26174 0.01659 ( 8)  0.581  0.017
 112 V   0.11930 0.11930 0.11930 0.11930 0.11930 0.11930 0.11930 0.11930 0.04561 ( 6)  0.460  0.046
 113 S   0.00020 0.01279 0.05410 0.10776 0.15764 0.19781 0.22308 0.22430 0.02233 ( 8)  0.565  0.022
 114 S   0.00573 0.09974 0.21021 0.23575 0.19515 0.13452 0.08012 0.03875 0.00004 ( 4)  0.316  0.000
 115 R   0.00000 0.00164 0.01654 0.05885 0.12931 0.21144 0.27740 0.29565 0.00917 ( 8)  0.594  0.009
 116 N   0.51534 0.32046 0.11140 0.03626 0.01163 0.00362 0.00105 0.00024 0.00000 ( 1)  0.076  0.000
 117 K   0.01138 0.15013 0.25489 0.24144 0.17167 0.10088 0.05008 0.01951 0.00003 ( 3)  0.272  0.000
 118 M   0.49774 0.34945 0.11294 0.03004 0.00754 0.00182 0.00040 0.00007 0.00000 ( 1)  0.074  0.000
 119 F   0.01123 0.16592 0.28456 0.25099 0.15880 0.08160 0.03523 0.01166 0.00000 ( 3)  0.252  0.000
 120 V   0.00018 0.02659 0.12390 0.21358 0.23349 0.19599 0.13437 0.07172 0.00018 ( 5)  0.391  0.000
 121 Q   0.06906 0.30485 0.30255 0.18587 0.08847 0.03504 0.01148 0.00268 0.00000 ( 2)  0.184  0.000
 122 G   0.03069 0.18818 0.26584 0.23115 0.15281 0.08251 0.03668 0.01213 0.00000 ( 3)  0.246  0.000
 123 N   0.00218 0.08056 0.20144 0.23813 0.20334 0.14403 0.08750 0.04275 0.00009 ( 4)  0.329  0.000
 124 N   0.33292 0.35326 0.18277 0.07923 0.03245 0.01292 0.00489 0.00156 0.00000 ( 2)  0.112  0.000
 125 G   0.06034 0.26024 0.27434 0.19342 0.11349 0.05954 0.02800 0.01063 0.00000 ( 3)  0.214  0.000
 126 K   0.00937 0.12423 0.21129 0.20973 0.17007 0.12661 0.08954 0.05836 0.00080 ( 3)  0.323  0.001
 127 Y   0.33801 0.36542 0.18384 0.07394 0.02673 0.00888 0.00261 0.00057 0.00000 ( 2)  0.106  0.000
 128 V   0.00012 0.02025 0.10674 0.20097 0.23231 0.20336 0.14755 0.08817 0.00053 ( 5)  0.410  0.001
 129 L   0.01831 0.11951 0.19240 0.20492 0.17865 0.13713 0.09416 0.05474 0.00018 ( 4)  0.324  0.000
 130 N   0.00000 0.00132 0.02016 0.07870 0.16353 0.23609 0.26442 0.23301 0.00275 ( 7)  0.547  0.003
 131 I   0.00031 0.02233 0.09533 0.17465 0.21390 0.20738 0.17005 0.11557 0.00048 ( 5)  0.432  0.000
 132 L   0.00320 0.05890 0.13891 0.18519 0.19254 0.17476 0.14329 0.10235 0.00087 ( 5)  0.397  0.001
 133 T   0.00000 0.00009 0.00253 0.01812 0.06593 0.16036 0.29466 0.43095 0.02737 ( 8)  0.705  0.027
 134 D   0.14457 0.37007 0.25138 0.12988 0.06186 0.02764 0.01110 0.00350 0.00000 ( 2)  0.156  0.000
 135 -   0.00001 0.00112 0.00930 0.03395 0.08232 0.15584 0.24960 0.35582 0.11205 ( 8)  0.869  0.112
 136 -   0.40673 0.25967 0.15548 0.08862 0.04815 0.02476 0.01179 0.00477 0.00002 ( 1)  0.122  0.000
 137 -   0.00117 0.01317 0.03878 0.07722 0.12633 0.18200 0.23810 0.28623 0.03699 ( 8)  0.636  0.037
 138 S   0.00436 0.08420 0.19454 0.23475 0.20488 0.14602 0.08837 0.04282 0.00005 ( 4)  0.329  0.000
 139 I   0.14549 0.38733 0.25470 0.12128 0.05383 0.02373 0.01006 0.00357 0.00000 ( 2)  0.151  0.000
 140 E   0.00006 0.01016 0.06453 0.14746 0.20642 0.22006 0.19720 0.15078 0.00333 ( 6)  0.475  0.003
 141 L   0.02928 0.16507 0.22674 0.20674 0.15701 0.10801 0.06872 0.03827 0.00016 ( 3)  0.285  0.000
 142 P   0.00820 0.13031 0.24525 0.24297 0.17788 0.10969 0.05934 0.02633 0.00002 ( 3)  0.286  0.000
 143 S   0.00365 0.06965 0.16381 0.20851 0.19971 0.16295 0.11820 0.07324 0.00028 ( 4)  0.365  0.000
 144 G   0.00080 0.04510 0.15479 0.23029 0.22799 0.17568 0.11100 0.05432 0.00003 ( 4)  0.363  0.000
 145 Q   0.00036 0.02412 0.09956 0.17696 0.21013 0.19971 0.16595 0.12201 0.00122 ( 5)  0.434  0.001
 146 Q   0.00162 0.03640 0.10271 0.15875 0.18627 0.18825 0.17300 0.14507 0.00794 ( 6)  0.459  0.008
 147 T   0.00017 0.02206 0.09926 0.18035 0.21846 0.20789 0.16469 0.10615 0.00096 ( 5)  0.427  0.001
 148 -   0.40126 0.25927 0.15709 0.09047 0.04952 0.02553 0.01208 0.00477 0.00001 ( 1)  0.123  0.000
 149 -   0.08021 0.18836 0.21171 0.18621 0.14237 0.09796 0.06079 0.03211 0.00027 ( 3)  0.261  0.000
 150 -   0.00016 0.00597 0.02777 0.06923 0.12635 0.19017 0.24965 0.29261 0.03807 ( 8)  0.651  0.038
 151 I   0.79763 0.15355 0.03501 0.00957 0.00292 0.00094 0.00030 0.00008 0.00000 ( 1)  0.044  0.000
 152 L   0.00000 0.00009 0.00206 0.01350 0.04906 0.12606 0.25872 0.45832 0.09218 ( 8)  0.867  0.092
 153 I   0.00064 0.03395 0.11553 0.18172 0.20353 0.19035 0.15792 0.11477 0.00159 ( 5)  0.422  0.002
 154 Q   0.00000 0.00044 0.00586 0.02765 0.07887 0.16587 0.28222 0.40682 0.03227 ( 8)  0.702  0.032
 155 N   0.79841 0.15556 0.03380 0.00864 0.00250 0.00078 0.00025 0.00007 0.00000 ( 1)  0.043  0.000
 156 T   0.00000 0.00024 0.00459 0.02311 0.06588 0.13911 0.24400 0.38073 0.14234 ( 8)  0.955  0.142
 157 N   0.00000 0.00018 0.00424 0.02654 0.08582 0.18400 0.29596 0.37850 0.02477 ( 8)  0.677  0.025
 158 -   0.02084 0.13080 0.19935 0.20050 0.16773 0.12801 0.09207 0.06028 0.00041 ( 4)  0.321  0.000
 159 S   0.00007 0.01108 0.05874 0.12413 0.17774 0.20760 0.21288 0.19464 0.01312 ( 7)  0.525  0.013
 160 Q   0.00006 0.01151 0.07318 0.16643 0.22858 0.22980 0.18163 0.10866 0.00014 ( 6)  0.442  0.000
 161 D   0.00004 0.00873 0.05960 0.14350 0.20960 0.22849 0.20277 0.14602 0.00126 ( 6)  0.472  0.001
 162 L   0.10261 0.20978 0.21029 0.17105 0.12622 0.08777 0.05775 0.03424 0.00030 ( 3)  0.249  0.000
 163 F   0.09317 0.32247 0.27910 0.16614 0.08323 0.03697 0.01444 0.00446 0.00000 ( 2)  0.179  0.000
 164 L   0.30372 0.34980 0.19758 0.09110 0.03766 0.01418 0.00474 0.00124 0.00000 ( 2)  0.119  0.000
 165 D   0.75651 0.18228 0.04423 0.01182 0.00352 0.00114 0.00038 0.00012 0.00000 ( 1)  0.048  0.000
 166 R   0.62036 0.23982 0.08800 0.03251 0.01235 0.00474 0.00172 0.00050 0.00000 ( 1)  0.068  0.000
 167 I   0.33370 0.30376 0.16652 0.09046 0.05083 0.02919 0.01667 0.00879 0.00007 ( 1)  0.135  0.000
 168 E   0.78153 0.17103 0.03646 0.00828 0.00203 0.00052 0.00013 0.00003 0.00000 ( 1)  0.044  0.000
 169 -   0.36307 0.35187 0.16704 0.06971 0.02915 0.01233 0.00505 0.00178 0.00000 ( 1)  0.107  0.000
 170 -   0.45976 0.33901 0.13046 0.04587 0.01626 0.00586 0.00210 0.00067 0.00000 ( 1)  0.086  0.000
 171 -   0.14308 0.13844 0.13321 0.12755 0.12145 0.11484 0.10743 0.09821 0.01578 ( 1)  0.356  0.016

Positively selected sites

	Prob(w>1)  mean w

    45 Q      0.814         2.464
    87 -      0.863         2.567
    96 G      0.559         1.911
   100 T      0.915         2.680
   108 N      0.841         2.523


lnL = -3248.555193

Bayes Empirical Bayes (BEB) probabilities for 11 classes (class) & postmean_w
(amino acids refer to 1st sequence: BT_Cry21Aa1)

   1 -   0.35958 0.19397 0.13142 0.09340 0.06811 0.05036 0.03729 0.02717 0.01879 0.01070 0.00920 ( 1)  0.269 +-  0.365
   2 -   0.00291 0.01687 0.03705 0.05886 0.07913 0.09537 0.10548 0.10741 0.09831 0.07008 0.32854 (11)  1.526 +-  1.505
   3 -   0.49419 0.21962 0.12121 0.06968 0.04091 0.02428 0.01443 0.00846 0.00473 0.00219 0.00029 ( 1)  0.167 +-  0.167
   4 -   0.52154 0.22171 0.11655 0.06358 0.03528 0.01972 0.01100 0.00603 0.00314 0.00135 0.00010 ( 1)  0.153 +-  0.151
   5 -   0.00027 0.01287 0.05216 0.10347 0.14503 0.16518 0.16318 0.14368 0.11176 0.06729 0.03510 ( 6)  0.665 +-  0.432
   6 L   0.00225 0.03658 0.08823 0.12767 0.14774 0.15052 0.14018 0.12045 0.09356 0.05731 0.03554 ( 6)  0.625 +-  0.456
   7 K   0.26899 0.32611 0.19674 0.10366 0.05287 0.02678 0.01352 0.00675 0.00322 0.00129 0.00006 ( 2)  0.204 +-  0.153
   8 G   0.16566 0.30704 0.23364 0.13934 0.07610 0.04011 0.02070 0.01042 0.00496 0.00197 0.00005 ( 2)  0.245 +-  0.163
   9 F   0.01959 0.17637 0.24115 0.20644 0.14668 0.09452 0.05714 0.03269 0.01738 0.00762 0.00042 ( 3)  0.362 +-  0.186
  10 P   0.50108 0.27443 0.12122 0.05388 0.02522 0.01240 0.00630 0.00322 0.00159 0.00065 0.00003 ( 1)  0.142 +-  0.129
  11 A   0.87823 0.09614 0.01835 0.00479 0.00154 0.00057 0.00023 0.00010 0.00004 0.00001 0.00000 ( 1)  0.066 +-  0.049
  12 E   0.68333 0.22018 0.06532 0.02051 0.00686 0.00242 0.00089 0.00033 0.00012 0.00004 0.00000 ( 1)  0.096 +-  0.083
  13 K   0.89928 0.08143 0.01431 0.00345 0.00100 0.00033 0.00012 0.00004 0.00002 0.00001 0.00000 ( 1)  0.063 +-  0.043
  14 G   0.00321 0.06478 0.15926 0.20501 0.19314 0.15135 0.10459 0.06529 0.03649 0.01625 0.00063 ( 4)  0.456 +-  0.192
  15 -   0.00376 0.06377 0.14324 0.18073 0.17625 0.14906 0.11478 0.08181 0.05317 0.02782 0.00559 ( 4)  0.490 +-  0.250
  16 -   0.00932 0.07063 0.12775 0.15385 0.15485 0.14094 0.11956 0.09504 0.06924 0.04045 0.01836 ( 5)  0.534 +-  0.355
  17 Y   0.00242 0.04694 0.11846 0.16556 0.17628 0.16028 0.13057 0.09688 0.06452 0.03398 0.00411 ( 5)  0.514 +-  0.222
  18 G   0.26878 0.42538 0.19491 0.07116 0.02524 0.00915 0.00342 0.00131 0.00049 0.00016 0.00000 ( 2)  0.171 +-  0.112
  19 D   0.00313 0.05196 0.11946 0.15991 0.16859 0.15495 0.12929 0.09912 0.06860 0.03768 0.00730 ( 5)  0.522 +-  0.250
  20 S   0.00587 0.08254 0.16096 0.18494 0.17069 0.13999 0.10581 0.07431 0.04756 0.02445 0.00288 ( 4)  0.465 +-  0.221
  21 I   0.00868 0.15806 0.25394 0.22271 0.15445 0.09545 0.05500 0.02994 0.01515 0.00635 0.00027 ( 3)  0.365 +-  0.177
  22 A   0.00035 0.02526 0.09078 0.14877 0.17438 0.17003 0.14658 0.11414 0.07927 0.04317 0.00726 ( 5)  0.554 +-  0.237
  23 Y   0.05708 0.26829 0.27962 0.18860 0.10589 0.05429 0.02642 0.01233 0.00543 0.00200 0.00004 ( 3)  0.290 +-  0.157
  24 V   0.05333 0.20336 0.22044 0.17784 0.12850 0.08789 0.05792 0.03673 0.02186 0.01077 0.00135 ( 3)  0.353 +-  0.211
  25 S   0.00594 0.09753 0.19893 0.21848 0.18084 0.12811 0.08222 0.04887 0.02662 0.01183 0.00063 ( 4)  0.418 +-  0.190
  26 E   0.70530 0.21386 0.05681 0.01620 0.00509 0.00174 0.00063 0.00024 0.00009 0.00003 0.00000 ( 1)  0.091 +-  0.076
  27 P   0.81511 0.13576 0.03328 0.00999 0.00350 0.00137 0.00058 0.00026 0.00011 0.00004 0.00000 ( 1)  0.076 +-  0.065
  28 -   0.51736 0.25253 0.11504 0.05613 0.02883 0.01516 0.00799 0.00413 0.00201 0.00080 0.00002 ( 1)  0.144 +-  0.136
  29 -   0.20689 0.14304 0.12171 0.10616 0.09288 0.08063 0.06873 0.05664 0.04360 0.02721 0.05252 ( 1)  0.512 +-  0.790
  30 L   0.13224 0.25442 0.22732 0.16117 0.10182 0.05986 0.03334 0.01762 0.00864 0.00348 0.00009 ( 2)  0.282 +-  0.180
  31 N   0.69165 0.21617 0.06204 0.01940 0.00667 0.00248 0.00098 0.00040 0.00016 0.00006 0.00000 ( 1)  0.095 +-  0.082
  32 G   0.85310 0.11503 0.02314 0.00588 0.00180 0.00064 0.00025 0.00010 0.00004 0.00001 0.00000 ( 1)  0.069 +-  0.054
  33 A   0.12219 0.24939 0.22136 0.15805 0.10362 0.06490 0.03926 0.02285 0.01246 0.00561 0.00031 ( 2)  0.296 +-  0.192
  34 N   0.57398 0.29186 0.09004 0.02858 0.00979 0.00358 0.00137 0.00053 0.00020 0.00007 0.00000 ( 1)  0.113 +-  0.092
  35 A   0.04910 0.23239 0.25585 0.18960 0.12059 0.07161 0.04095 0.02264 0.01183 0.00517 0.00028 ( 3)  0.320 +-  0.179
  36 V   0.06750 0.24016 0.24058 0.17760 0.11673 0.07214 0.04264 0.02409 0.01271 0.00554 0.00030 ( 3)  0.316 +-  0.186
  37 K   0.11725 0.35380 0.26430 0.14076 0.06743 0.03132 0.01445 0.00662 0.00293 0.00111 0.00003 ( 2)  0.240 +-  0.144
  38 L   0.27487 0.32484 0.18997 0.09989 0.05270 0.02831 0.01531 0.00816 0.00414 0.00174 0.00007 ( 2)  0.206 +-  0.158
  39 T   0.00967 0.09249 0.15880 0.17791 0.16460 0.13620 0.10432 0.07472 0.04917 0.02621 0.00589 ( 4)  0.468 +-  0.255
  40 S   0.00004 0.00680 0.04179 0.09890 0.14965 0.17534 0.17363 0.15096 0.11486 0.06719 0.02083 ( 6)  0.641 +-  0.305
  41 Y   0.07540 0.21478 0.21605 0.17249 0.12423 0.08377 0.05359 0.03250 0.01827 0.00841 0.00052 ( 3)  0.336 +-  0.201
  42 Q   0.00004 0.00797 0.05163 0.12085 0.17427 0.19017 0.17265 0.13600 0.09291 0.04866 0.00486 ( 6)  0.587 +-  0.204
  43 V   0.00350 0.07204 0.15066 0.18021 0.17084 0.14300 0.11047 0.07985 0.05311 0.02865 0.00768 ( 4)  0.488 +-  0.269
  44 L   0.08682 0.20220 0.20394 0.16452 0.12174 0.08615 0.05892 0.03871 0.02375 0.01195 0.00129 ( 3)  0.347 +-  0.217
  45 Q   0.00000 0.00002 0.00034 0.00217 0.00739 0.01749 0.03215 0.04854 0.06065 0.05558 0.77566 (11)  2.840 +-  1.643
  46 -   0.20689 0.14304 0.12171 0.10616 0.09288 0.08063 0.06873 0.05664 0.04360 0.02721 0.05252 ( 1)  0.512 +-  0.790
  47 -   0.46521 0.21998 0.12812 0.07694 0.04665 0.02826 0.01693 0.00988 0.00543 0.00244 0.00017 ( 1)  0.177 +-  0.172
  48 -   0.19617 0.23441 0.19448 0.14057 0.09473 0.06099 0.03779 0.02242 0.01242 0.00564 0.00038 ( 2)  0.277 +-  0.200
  49 -   0.54762 0.22359 0.11185 0.05753 0.02980 0.01539 0.00784 0.00388 0.00180 0.00068 0.00002 ( 1)  0.141 +-  0.137
  50 -   0.01693 0.07203 0.11858 0.14314 0.14816 0.13934 0.12190 0.09955 0.07418 0.04410 0.02210 ( 5)  0.546 +-  0.381
  51 -   0.40908 0.21103 0.13462 0.08870 0.05908 0.03934 0.02591 0.01662 0.01003 0.00495 0.00063 ( 1)  0.209 +-  0.200
  52 -   0.01541 0.06857 0.11696 0.14493 0.15254 0.14452 0.12619 0.10194 0.07451 0.04311 0.01133 ( 5)  0.525 +-  0.285
  53 -   0.46174 0.22065 0.12942 0.07798 0.04727 0.02851 0.01694 0.00977 0.00528 0.00232 0.00012 ( 1)  0.178 +-  0.171
  54 -   0.22040 0.24558 0.19212 0.13250 0.08621 0.05418 0.03312 0.01958 0.01089 0.00501 0.00041 ( 2)  0.262 +-  0.196
  55 M   0.00186 0.07123 0.17538 0.20932 0.18623 0.14207 0.09802 0.06224 0.03589 0.01669 0.00107 ( 4)  0.448 +-  0.197
  56 E   0.00031 0.03776 0.14721 0.21660 0.20855 0.16083 0.10850 0.06638 0.03669 0.01633 0.00084 ( 4)  0.469 +-  0.186
  57 V   0.09203 0.26386 0.23602 0.16233 0.10245 0.06278 0.03801 0.02264 0.01290 0.00618 0.00078 ( 2)  0.301 +-  0.193
  58 T   0.38399 0.35234 0.15784 0.06297 0.02519 0.01037 0.00438 0.00187 0.00077 0.00027 0.00001 ( 1)  0.156 +-  0.119
  59 N   0.42685 0.29144 0.13899 0.06827 0.03524 0.01887 0.01031 0.00563 0.00296 0.00130 0.00011 ( 1)  0.165 +-  0.147
  60 Q   0.00070 0.03433 0.11634 0.18005 0.19393 0.17007 0.13030 0.08979 0.05528 0.02697 0.00224 ( 5)  0.507 +-  0.203
  61 T   0.06512 0.22801 0.22768 0.17197 0.11855 0.07851 0.05057 0.03148 0.01842 0.00890 0.00078 ( 2)  0.333 +-  0.201
  62 T   0.00020 0.00854 0.03351 0.06900 0.10469 0.13194 0.14568 0.14383 0.12527 0.08377 0.15357 (11)  1.014 +-  1.022
  63 Q   0.22011 0.35861 0.22563 0.11004 0.04924 0.02136 0.00913 0.00383 0.00154 0.00052 0.00001 ( 2)  0.204 +-  0.136
  64 K   0.01619 0.12092 0.18624 0.18481 0.15520 0.12030 0.08855 0.06203 0.04037 0.02146 0.00394 ( 3)  0.433 +-  0.236
  65 Y   0.82846 0.12929 0.02985 0.00829 0.00263 0.00092 0.00035 0.00014 0.00005 0.00002 0.00000 ( 1)  0.073 +-  0.060
  66 R   0.00228 0.04895 0.12707 0.17519 0.18065 0.15840 0.12479 0.09003 0.05863 0.03040 0.00361 ( 5)  0.503 +-  0.219
  67 I   0.00970 0.10645 0.18100 0.18983 0.16350 0.12731 0.09292 0.06407 0.04086 0.02123 0.00312 ( 4)  0.441 +-  0.225
  68 R   0.66847 0.19546 0.07556 0.03221 0.01471 0.00707 0.00351 0.00177 0.00086 0.00035 0.00002 ( 1)  0.108 +-  0.108
  69 I   0.08758 0.24909 0.22795 0.16369 0.10881 0.06985 0.04370 0.02647 0.01510 0.00714 0.00062 ( 2)  0.312 +-  0.197
  70 R   0.82506 0.13469 0.02964 0.00747 0.00212 0.00067 0.00023 0.00008 0.00003 0.00001 0.00000 ( 1)  0.073 +-  0.058
  71 Y   0.59526 0.25419 0.09208 0.03448 0.01377 0.00583 0.00257 0.00115 0.00050 0.00018 0.00000 ( 1)  0.116 +-  0.103
  72 A   0.90805 0.07614 0.01199 0.00270 0.00075 0.00024 0.00008 0.00003 0.00001 0.00000 0.00000 ( 1)  0.061 +-  0.040
  73 T   0.70449 0.20698 0.05883 0.01878 0.00667 0.00256 0.00103 0.00043 0.00017 0.00006 0.00000 ( 1)  0.093 +-  0.082
  74 G   0.02365 0.17468 0.23186 0.20039 0.14534 0.09638 0.06050 0.03628 0.02041 0.00954 0.00096 ( 3)  0.369 +-  0.198
  75 G   0.00184 0.04622 0.12018 0.16879 0.17978 0.16235 0.13026 0.09449 0.06122 0.03131 0.00356 ( 5)  0.510 +-  0.220
  76 D   0.00002 0.00478 0.03374 0.08631 0.13760 0.16837 0.17383 0.15765 0.12516 0.07621 0.03635 ( 7)  0.688 +-  0.402
  77 T   0.02054 0.16180 0.22501 0.20190 0.15069 0.10217 0.06517 0.03945 0.02222 0.01031 0.00075 ( 3)  0.378 +-  0.196
  78 A   0.00001 0.00181 0.01607 0.04997 0.09633 0.14115 0.17175 0.18009 0.16189 0.10859 0.07234 ( 8)  0.798 +-  0.511
  79 A   0.00015 0.00892 0.03937 0.08170 0.11945 0.14316 0.15047 0.14226 0.11952 0.07775 0.11726 ( 7)  0.903 +-  0.888
  80 S   0.00032 0.02982 0.11620 0.18399 0.19579 0.16881 0.12821 0.08879 0.05579 0.02819 0.00409 ( 5)  0.511 +-  0.218
  81 I   0.00066 0.01984 0.05907 0.10053 0.13276 0.14923 0.14877 0.13367 0.10676 0.06627 0.08244 ( 6)  0.798 +-  0.797
  82 W   0.00045 0.01349 0.04950 0.09563 0.13552 0.15941 0.16435 0.15145 0.12299 0.07669 0.03054 ( 7)  0.658 +-  0.344
  83 F   0.07365 0.26318 0.24967 0.17296 0.10732 0.06322 0.03592 0.01962 0.01005 0.00426 0.00016 ( 2)  0.300 +-  0.177
  84 H   0.00000 0.00060 0.01041 0.04531 0.10233 0.15837 0.19144 0.19233 0.16227 0.10108 0.03585 ( 8)  0.730 +-  0.349
  85 I   0.11619 0.22274 0.19696 0.14731 0.10585 0.07545 0.05348 0.03725 0.02467 0.01358 0.00651 ( 2)  0.343 +-  0.303
  86 I   0.00001 0.00121 0.00936 0.02858 0.05622 0.08578 0.11032 0.12385 0.12061 0.08883 0.37523 (11)  1.690 +-  1.535
  87 -   0.00000 0.00002 0.00033 0.00179 0.00563 0.01281 0.02328 0.03528 0.04472 0.04188 0.83426 (11)  3.031 +-  1.636
  88 -   0.02721 0.11451 0.15237 0.15783 0.14666 0.12673 0.10295 0.07844 0.05466 0.03056 0.00808 ( 4)  0.467 +-  0.293
  89 -   0.20689 0.14304 0.12171 0.10616 0.09288 0.08063 0.06873 0.05664 0.04360 0.02721 0.05252 ( 1)  0.512 +-  0.790
  90 -   0.20689 0.14304 0.12171 0.10616 0.09288 0.08063 0.06873 0.05664 0.04360 0.02721 0.05252 ( 1)  0.512 +-  0.790
  91 -   0.20689 0.14304 0.12171 0.10616 0.09288 0.08063 0.06873 0.05664 0.04360 0.02721 0.05252 ( 1)  0.512 +-  0.790
  92 -   0.20689 0.14304 0.12171 0.10616 0.09288 0.08063 0.06873 0.05664 0.04360 0.02721 0.05252 ( 1)  0.512 +-  0.790
  93 G   0.00000 0.00204 0.01933 0.06052 0.11323 0.15754 0.17991 0.17626 0.14811 0.09346 0.04960 ( 7)  0.746 +-  0.465
  94 P   0.00047 0.02115 0.07285 0.12353 0.15455 0.16372 0.15471 0.13233 0.10063 0.05941 0.01666 ( 6)  0.600 +-  0.295
  95 S   0.00001 0.00264 0.01927 0.05315 0.09532 0.13370 0.15844 0.16357 0.14589 0.09789 0.13012 ( 8)  0.962 +-  0.885
  96 G   0.00000 0.00014 0.00206 0.00963 0.02618 0.05192 0.08315 0.11225 0.12755 0.10653 0.48060 (11)  1.882 +-  1.427
  97 N   0.00000 0.00139 0.01663 0.05654 0.10781 0.14890 0.16753 0.16206 0.13551 0.08608 0.11756 ( 7)  0.933 +-  0.870
  98 D   0.00018 0.01585 0.06342 0.11121 0.13892 0.14643 0.13932 0.12228 0.09741 0.06139 0.10358 ( 6)  0.848 +-  0.901
  99 L   0.00006 0.00343 0.01768 0.04471 0.07879 0.11108 0.13370 0.14123 0.12979 0.09045 0.24909 (11)  1.297 +-  1.253
 100 T   0.00000 0.00000 0.00012 0.00082 0.00295 0.00734 0.01412 0.02228 0.02910 0.02792 0.89535 (11)  3.222 +-  1.591
 101 N   0.01538 0.14235 0.20980 0.19660 0.15425 0.11077 0.07528 0.04877 0.02951 0.01475 0.00255 ( 3)  0.404 +-  0.224
 102 -   0.20689 0.14304 0.12171 0.10616 0.09288 0.08063 0.06873 0.05664 0.04360 0.02721 0.05252 ( 1)  0.512 +-  0.790
 103 -   0.20689 0.14304 0.12171 0.10616 0.09288 0.08063 0.06873 0.05664 0.04360 0.02721 0.05252 ( 1)  0.512 +-  0.790
 104 -   0.20689 0.14304 0.12171 0.10616 0.09288 0.08063 0.06873 0.05664 0.04360 0.02721 0.05252 ( 1)  0.512 +-  0.790
 105 E   0.00164 0.02542 0.06061 0.09050 0.11086 0.12114 0.12186 0.11355 0.09585 0.06367 0.19489 (11)  1.147 +-  1.324
 106 G   0.00108 0.02269 0.06294 0.09973 0.12413 0.13517 0.13420 0.12276 0.10138 0.06573 0.13019 ( 6)  0.938 +-  1.057
 107 H   0.00000 0.00123 0.01746 0.06514 0.12918 0.17830 0.19432 0.17757 0.13742 0.07954 0.01985 ( 7)  0.677 +-  0.289
 108 N   0.00000 0.00000 0.00012 0.00113 0.00492 0.01364 0.02797 0.04569 0.06060 0.05819 0.78774 (11)  2.838 +-  1.598
 109 F   0.00002 0.00237 0.01280 0.03121 0.05328 0.07417 0.08977 0.09683 0.09196 0.06701 0.48058 (11)  2.067 +-  1.760
 110 S   0.00025 0.02459 0.10029 0.16687 0.18789 0.17221 0.13898 0.10174 0.06694 0.03494 0.00529 ( 5)  0.534 +-  0.229
 111 S   0.00073 0.02838 0.08625 0.13239 0.15384 0.15532 0.14339 0.12249 0.09477 0.05781 0.02464 ( 6)  0.601 +-  0.347
 112 V   0.20689 0.14304 0.12171 0.10616 0.09288 0.08063 0.06873 0.05664 0.04360 0.02721 0.05252 ( 1)  0.512 +-  0.790
 113 S   0.00391 0.05327 0.10887 0.14045 0.15137 0.14692 0.13131 0.10832 0.08072 0.04756 0.02729 ( 5)  0.586 +-  0.446
 114 S   0.05775 0.24079 0.25037 0.18215 0.11634 0.07024 0.04105 0.02320 0.01236 0.00547 0.00028 ( 3)  0.317 +-  0.182
 115 R   0.00021 0.01395 0.05773 0.11305 0.15545 0.17278 0.16551 0.14036 0.10454 0.06006 0.01637 ( 6)  0.615 +-  0.299
 116 N   0.79159 0.15665 0.03664 0.01018 0.00320 0.00110 0.00040 0.00015 0.00006 0.00002 0.00000 ( 1)  0.078 +-  0.065
 117 K   0.10071 0.30166 0.25657 0.16014 0.08901 0.04704 0.02424 0.01222 0.00590 0.00241 0.00012 ( 2)  0.269 +-  0.163
 118 M   0.80164 0.15960 0.02997 0.00650 0.00163 0.00046 0.00014 0.00004 0.00001 0.00000 0.00000 ( 1)  0.075 +-  0.057
 119 F   0.10552 0.33929 0.26849 0.14915 0.07371 0.03506 0.01646 0.00762 0.00339 0.00128 0.00003 ( 2)  0.249 +-  0.147
 120 V   0.00623 0.12629 0.22441 0.21707 0.16573 0.11252 0.07103 0.04222 0.02325 0.01053 0.00071 ( 3)  0.397 +-  0.190
 121 Q   0.30873 0.37165 0.19003 0.07912 0.03108 0.01205 0.00467 0.00179 0.00067 0.00021 0.00000 ( 2)  0.172 +-  0.121
 122 G   0.16429 0.31619 0.24186 0.14033 0.07252 0.03546 0.01682 0.00778 0.00343 0.00128 0.00003 ( 2)  0.238 +-  0.154
 123 N   0.03515 0.22763 0.25397 0.19067 0.12478 0.07664 0.04523 0.02570 0.01374 0.00611 0.00038 ( 3)  0.331 +-  0.183
 124 N   0.64015 0.23567 0.07775 0.02765 0.01079 0.00453 0.00200 0.00090 0.00040 0.00015 0.00000 ( 1)  0.106 +-  0.096
 125 G   0.26766 0.33362 0.19778 0.10139 0.05071 0.02544 0.01280 0.00636 0.00302 0.00119 0.00004 ( 2)  0.202 +-  0.150
 126 K   0.08298 0.24857 0.22114 0.15689 0.10638 0.07174 0.04821 0.03185 0.02000 0.01044 0.00180 ( 2)  0.325 +-  0.215
 127 Y   0.65467 0.23816 0.07255 0.02280 0.00762 0.00269 0.00098 0.00036 0.00013 0.00004 0.00000 ( 1)  0.101 +-  0.086
 128 V   0.00435 0.10599 0.20981 0.21492 0.17024 0.11993 0.07933 0.05000 0.02948 0.01436 0.00158 ( 4)  0.417 +-  0.202
 129 L   0.10104 0.22356 0.21383 0.16341 0.11435 0.07644 0.04940 0.03072 0.01790 0.00860 0.00075 ( 2)  0.323 +-  0.205
 130 N   0.00010 0.01637 0.07821 0.14540 0.17989 0.17833 0.15326 0.11783 0.08049 0.04309 0.00704 ( 5)  0.563 +-  0.232
 131 I   0.00671 0.09647 0.18136 0.19640 0.16976 0.13090 0.09391 0.06330 0.03929 0.01981 0.00208 ( 4)  0.442 +-  0.212
 132 L   0.03259 0.15376 0.19359 0.17678 0.14327 0.10923 0.07954 0.05508 0.03529 0.01838 0.00249 ( 3)  0.405 +-  0.228
 133 T   0.00000 0.00173 0.01680 0.05512 0.10819 0.15673 0.18433 0.18381 0.15546 0.09763 0.04019 ( 7)  0.732 +-  0.400
 134 D   0.47398 0.30838 0.12536 0.05195 0.02252 0.01004 0.00453 0.00203 0.00088 0.00032 0.00001 ( 1)  0.141 +-  0.119
 135 -   0.00022 0.00777 0.03252 0.07021 0.10937 0.13969 0.15498 0.15279 0.13223 0.08746 0.11277 ( 7)  0.889 +-  0.807
 136 -   0.59945 0.21450 0.09620 0.04554 0.02232 0.01122 0.00574 0.00294 0.00145 0.00060 0.00005 ( 1)  0.126 +-  0.126
 137 -   0.00777 0.03876 0.07644 0.11013 0.13391 0.14504 0.14322 0.12950 0.10489 0.06623 0.04412 ( 6)  0.655 +-  0.493
 138 S   0.04602 0.21938 0.24900 0.19124 0.12598 0.07725 0.04541 0.02569 0.01366 0.00604 0.00033 ( 3)  0.330 +-  0.184
 139 I   0.48663 0.31544 0.11723 0.04516 0.01923 0.00881 0.00420 0.00201 0.00093 0.00035 0.00001 ( 1)  0.136 +-  0.115
 140 E   0.00205 0.06087 0.15098 0.18756 0.17650 0.14537 0.11078 0.07930 0.05236 0.02805 0.00618 ( 4)  0.488 +-  0.249
 141 L   0.15037 0.26924 0.21494 0.14282 0.09051 0.05669 0.03521 0.02141 0.01235 0.00591 0.00055 ( 2)  0.280 +-  0.194
 142 P   0.07956 0.28721 0.25899 0.16644 0.09625 0.05385 0.02969 0.01604 0.00825 0.00355 0.00017 ( 2)  0.285 +-  0.170
 143 S   0.03804 0.18285 0.21957 0.18486 0.13665 0.09520 0.06382 0.04105 0.02465 0.01217 0.00114 ( 3)  0.370 +-  0.208
 144 G   0.01574 0.16511 0.24363 0.21300 0.15077 0.09617 0.05761 0.03274 0.01733 0.00757 0.00034 ( 3)  0.366 +-  0.183
 145 Q   0.00743 0.10106 0.18346 0.19255 0.16322 0.12596 0.09246 0.06494 0.04253 0.02276 0.00362 ( 4)  0.445 +-  0.226
 146 Q   0.01779 0.10910 0.16383 0.16916 0.15070 0.12479 0.09845 0.07402 0.05169 0.02937 0.01110 ( 4)  0.471 +-  0.310
 147 T   0.00549 0.10053 0.18774 0.20107 0.17118 0.12906 0.09010 0.05905 0.03577 0.01772 0.00230 ( 4)  0.435 +-  0.215
 148 -   0.59382 0.21598 0.09806 0.04677 0.02298 0.01153 0.00585 0.00295 0.00144 0.00058 0.00004 ( 1)  0.128 +-  0.126
 149 -   0.23575 0.25228 0.19035 0.12733 0.08087 0.04998 0.03028 0.01789 0.01003 0.00468 0.00056 ( 2)  0.253 +-  0.196
 150 -   0.00211 0.02596 0.06823 0.11018 0.13980 0.15285 0.14996 0.13373 0.10652 0.06610 0.04457 ( 6)  0.671 +-  0.502
 151 I   0.90493 0.07543 0.01404 0.00369 0.00119 0.00043 0.00017 0.00007 0.00003 0.00001 0.00000 ( 1)  0.062 +-  0.044
 152 L   0.00001 0.00142 0.01232 0.04025 0.08254 0.12845 0.16518 0.18199 0.17088 0.11883 0.09813 ( 8)  0.862 +-  0.596
 153 I   0.01206 0.12148 0.18937 0.18690 0.15587 0.12010 0.08800 0.06145 0.03990 0.02117 0.00371 ( 3)  0.432 +-  0.232
 154 Q   0.00005 0.00451 0.02598 0.06628 0.11371 0.15338 0.17464 0.17299 0.14792 0.09518 0.04536 ( 7)  0.724 +-  0.402
 155 N   0.90947 0.07321 0.01261 0.00315 0.00098 0.00035 0.00014 0.00006 0.00002 0.00001 0.00000 ( 1)  0.062 +-  0.042
 156 T   0.00002 0.00344 0.02195 0.05601 0.09629 0.13208 0.15501 0.16007 0.14409 0.09838 0.13268 ( 8)  0.934 +-  0.791
 157 N   0.00001 0.00303 0.02505 0.07291 0.12820 0.16802 0.18132 0.16868 0.13546 0.08245 0.03488 ( 7)  0.699 +-  0.383
 158 -   0.11274 0.23328 0.20874 0.15285 0.10601 0.07252 0.04914 0.03254 0.02034 0.01049 0.00135 ( 2)  0.320 +-  0.215
 159 S   0.00242 0.05658 0.12601 0.15955 0.16195 0.14661 0.12306 0.09664 0.06956 0.04019 0.01745 ( 5)  0.540 +-  0.346
 160 Q   0.00223 0.06980 0.17215 0.21006 0.18864 0.14365 0.09846 0.06205 0.03555 0.01643 0.00098 ( 4)  0.449 +-  0.195
 161 D   0.00159 0.05572 0.14698 0.19073 0.18347 0.15117 0.11317 0.07851 0.04976 0.02545 0.00346 ( 4)  0.483 +-  0.219
 162 L   0.28032 0.25303 0.17345 0.11175 0.07136 0.04565 0.02913 0.01829 0.01091 0.00539 0.00072 ( 1)  0.240 +-  0.199
 163 F   0.36357 0.34197 0.16619 0.07266 0.03143 0.01374 0.00609 0.00271 0.00118 0.00043 0.00001 ( 1)  0.166 +-  0.128
 164 L   0.60665 0.25169 0.08965 0.03226 0.01205 0.00467 0.00187 0.00076 0.00030 0.00010 0.00000 ( 1)  0.112 +-  0.098
 165 D   0.88946 0.08813 0.01608 0.00413 0.00133 0.00050 0.00021 0.00009 0.00004 0.00001 0.00000 ( 1)  0.064 +-  0.047
 166 R   0.79569 0.14444 0.03888 0.01279 0.00483 0.00198 0.00084 0.00036 0.00015 0.00005 0.00000 ( 1)  0.080 +-  0.072
 167 I   0.60158 0.21262 0.08921 0.04354 0.02338 0.01331 0.00781 0.00460 0.00260 0.00122 0.00015 ( 1)  0.130 +-  0.137
 168 E   0.90823 0.07672 0.01166 0.00246 0.00065 0.00020 0.00007 0.00002 0.00001 0.00000 0.00000 ( 1)  0.061 +-  0.039
 169 -   0.67081 0.21784 0.06821 0.02471 0.01015 0.00452 0.00211 0.00100 0.00046 0.00018 0.00001 ( 1)  0.102 +-  0.095
 170 -   0.75436 0.17775 0.04550 0.01395 0.00497 0.00198 0.00086 0.00039 0.00017 0.00007 0.00000 ( 1)  0.085 +-  0.075
 171 -   0.24675 0.16233 0.13149 0.10922 0.09105 0.07535 0.06127 0.04819 0.03544 0.02117 0.01774 ( 1)  0.366 +-  0.439

Positively selected sites

	Prob(w>1)  mean w

    45 Q      0.776         2.840 +- 1.643
    87 -      0.834         3.031 +- 1.636
   100 T      0.895         3.222 +- 1.591
   108 N      0.788         2.838 +- 1.598

