Supplemental results for CODEML (seqf: algn  treef: tree)


dN/dS (w) for site classes (K=9)

p:   0.11344  0.11344  0.11344  0.11344  0.11344  0.11344  0.11344  0.11344  0.09247
w:   0.02272  0.05555  0.08762  0.12205  0.16130  0.20921  0.27455  0.39342  1.55898

Naive Empirical Bayes (NEB) probabilities for 9 classes & postmean_w & P(w>1)
(amino acids refer to 1st sequence: BT_Cry9Ca1)

   1 S   0.04636 0.09409 0.12411 0.14323 0.15348 0.15519 0.14690 0.12087 0.01577 ( 6)  0.204  0.016
   2 N   0.27244 0.20926 0.16304 0.12582 0.09469 0.06799 0.04445 0.02205 0.00027 ( 1)  0.098  0.000
   3 P   0.24425 0.19835 0.16234 0.13137 0.10364 0.07808 0.05366 0.02804 0.00028 ( 1)  0.106  0.000
   4 Q   0.17770 0.16184 0.14777 0.13408 0.12008 0.10502 0.08760 0.06321 0.00269 ( 1)  0.137  0.003
   5 L   0.26282 0.20690 0.16435 0.12886 0.09813 0.07088 0.04607 0.02187 0.00012 ( 1)  0.100  0.000
   6 T   0.23821 0.19475 0.16066 0.13130 0.10495 0.08055 0.05703 0.03183 0.00072 ( 1)  0.109  0.001
   7 R   0.25619 0.20414 0.16400 0.13005 0.10023 0.07336 0.04844 0.02348 0.00012 ( 1)  0.102  0.000
   8 E   0.05172 0.10295 0.13324 0.15060 0.15752 0.15451 0.14003 0.10560 0.00385 ( 5)  0.181  0.004
   9 V   0.04157 0.08661 0.11710 0.13861 0.15265 0.15922 0.15656 0.13606 0.01163 ( 6)  0.206  0.012
  10 Y   0.26944 0.20951 0.16457 0.12758 0.09602 0.06848 0.04387 0.02043 0.00011 ( 1)  0.098  0.000
  11 T   0.23582 0.19365 0.16041 0.13164 0.10568 0.08149 0.05801 0.03259 0.00070 ( 1)  0.110  0.001
  12 D   0.30724 0.22350 0.16488 0.11983 0.08409 0.05537 0.03213 0.01289 0.00005 ( 1)  0.088  0.000
  13 P   0.20017 0.17504 0.15383 0.13416 0.11507 0.09577 0.07503 0.04907 0.00186 ( 1)  0.126  0.002
  14 I   0.05624 0.10908 0.13803 0.15272 0.15645 0.15031 0.13344 0.09884 0.00488 ( 5)  0.178  0.005
  15 V   0.23203 0.19249 0.16076 0.13283 0.10720 0.08292 0.05892 0.03246 0.00039 ( 1)  0.110  0.000
  16 F   0.05913 0.11435 0.14385 0.15769 0.15925 0.14965 0.12794 0.08686 0.00127 ( 5)  0.168  0.001
  17 N   0.31566 0.22536 0.16369 0.11736 0.08141 0.05314 0.03075 0.01254 0.00008 ( 1)  0.086  0.000
  18 P   0.22285 0.18780 0.15920 0.13360 0.10970 0.08659 0.06320 0.03647 0.00061 ( 1)  0.114  0.001
  19 P   0.04300 0.08911 0.11981 0.14092 0.15400 0.15902 0.15406 0.13008 0.01000 ( 6)  0.201  0.010
  20 A   0.25832 0.20380 0.16265 0.12852 0.09907 0.07296 0.04906 0.02523 0.00038 ( 1)  0.102  0.000
  21 N   0.31566 0.22536 0.16369 0.11736 0.08141 0.05314 0.03075 0.01254 0.00008 ( 1)  0.086  0.000
  22 V   0.00149 0.00825 0.01908 0.03431 0.05508 0.08378 0.12629 0.20563 0.46610 ( 9)  0.875  0.466
  23 G   0.21837 0.18546 0.15839 0.13398 0.11097 0.08849 0.06540 0.03841 0.00053 ( 1)  0.116  0.001
  24 L   0.04685 0.09384 0.12270 0.14083 0.15067 0.15301 0.14704 0.12671 0.01835 ( 6)  0.209  0.018
  25 C   0.21053 0.18075 0.15616 0.13385 0.11266 0.09174 0.06989 0.04354 0.00088 ( 1)  0.120  0.001
  26 R   0.21361 0.18235 0.15667 0.13353 0.11170 0.09034 0.06828 0.04218 0.00134 ( 1)  0.119  0.001
  27 R   0.25619 0.20414 0.16400 0.13005 0.10023 0.07336 0.04844 0.02348 0.00012 ( 1)  0.102  0.000
  28 W   0.16613 0.15429 0.14355 0.13287 0.12169 0.10934 0.09453 0.07265 0.00494 ( 1)  0.146  0.005
  29 G   0.03948 0.08309 0.11347 0.13574 0.15128 0.16003 0.16020 0.14315 0.01357 ( 7)  0.211  0.014
  30 T   0.07828 0.13837 0.16063 0.16291 0.15224 0.13228 0.10459 0.06672 0.00400 ( 4)  0.157  0.004
  31 N   0.27455 0.20980 0.16280 0.12523 0.09399 0.06737 0.04402 0.02193 0.00031 ( 1)  0.098  0.000
  32 P   0.22411 0.18772 0.15851 0.13273 0.10896 0.08625 0.06346 0.03751 0.00075 ( 1)  0.115  0.001
  33 Y   0.26944 0.20951 0.16457 0.12758 0.09602 0.06848 0.04387 0.02043 0.00011 ( 1)  0.098  0.000
  34 N   0.00793 0.03593 0.06905 0.10302 0.13568 0.16560 0.19135 0.20922 0.08222 ( 8)  0.340  0.082
  35 T   0.24465 0.19783 0.16151 0.13058 0.10313 0.07806 0.05428 0.02939 0.00055 ( 1)  0.107  0.001
  36 F   0.27947 0.21405 0.16555 0.12613 0.09298 0.06459 0.03986 0.01732 0.00006 ( 1)  0.095  0.000
  37 S   0.20697 0.17829 0.15467 0.13329 0.11302 0.09300 0.07206 0.04665 0.00205 ( 1)  0.123  0.002
  38 E   0.04931 0.09900 0.12925 0.14750 0.15602 0.15523 0.14360 0.11283 0.00728 ( 5)  0.189  0.007
  39 L   0.25009 0.20080 0.16270 0.13035 0.10180 0.07589 0.05155 0.02656 0.00027 ( 1)  0.104  0.000
  40 E   0.23789 0.19524 0.16145 0.13207 0.10547 0.08062 0.05646 0.03045 0.00034 ( 1)  0.108  0.000
  41 N   0.31566 0.22536 0.16369 0.11736 0.08141 0.05314 0.03075 0.01254 0.00008 ( 1)  0.086  0.000
  42 A   0.05001 0.09949 0.12899 0.14645 0.15440 0.15355 0.14274 0.11463 0.00974 ( 5)  0.192  0.010
  43 F   0.21343 0.18241 0.15686 0.13374 0.11189 0.09044 0.06823 0.04189 0.00111 ( 1)  0.119  0.001
  44 I   0.29807 0.21983 0.16449 0.12148 0.08691 0.05866 0.03529 0.01518 0.00011 ( 1)  0.090  0.000
  45 R   0.16660 0.15443 0.14347 0.13264 0.12135 0.10895 0.09420 0.07258 0.00578 ( 1)  0.147  0.006
  46 P   0.20326 0.17670 0.15448 0.13404 0.11437 0.09463 0.07360 0.04753 0.00138 ( 1)  0.124  0.001
  47 P   0.21917 0.18578 0.15838 0.13374 0.11060 0.08809 0.06507 0.03840 0.00076 ( 1)  0.116  0.001
  48 H   0.28593 0.21624 0.16536 0.12461 0.09086 0.06242 0.03810 0.01641 0.00007 ( 1)  0.093  0.000
  49 L   0.05957 0.11478 0.14398 0.15746 0.15872 0.14899 0.12744 0.08712 0.00195 ( 5)  0.169  0.002
  50 F   0.27947 0.21405 0.16555 0.12613 0.09298 0.06459 0.03986 0.01732 0.00006 ( 1)  0.095  0.000
  51 D   0.06351 0.11960 0.14720 0.15827 0.15709 0.14543 0.12298 0.08368 0.00222 ( 4)  0.166  0.002
  52 R   0.20558 0.17851 0.15572 0.13466 0.11429 0.09377 0.07189 0.04483 0.00074 ( 1)  0.121  0.001
  53 L   0.16779 0.15531 0.14406 0.13294 0.12135 0.10864 0.09351 0.07140 0.00501 ( 1)  0.145  0.005
  54 N   0.29997 0.22033 0.16434 0.12103 0.08637 0.05814 0.03486 0.01486 0.00010 ( 1)  0.090  0.000
  55 S   0.04672 0.09507 0.12569 0.14532 0.15588 0.15756 0.14852 0.11963 0.00560 ( 6)  0.190  0.006
  56 L   0.19546 0.17260 0.15302 0.13463 0.11650 0.09786 0.07743 0.05111 0.00138 ( 1)  0.127  0.001
  57 T   0.25274 0.20139 0.16221 0.12936 0.10071 0.07500 0.05116 0.02694 0.00049 ( 1)  0.104  0.000
  58 I   0.27957 0.21241 0.16367 0.12477 0.09256 0.06530 0.04167 0.01983 0.00022 ( 1)  0.096  0.000
  59 S   0.00039 0.00475 0.01575 0.03567 0.06751 0.11613 0.19130 0.32395 0.24455 ( 8)  0.602  0.245
  60 S   0.00667 0.03226 0.06552 0.10270 0.14139 0.17923 0.21251 0.22924 0.03047 ( 8)  0.277  0.030
  61 N   0.06345 0.11888 0.14578 0.15639 0.15520 0.14418 0.12334 0.08742 0.00536 ( 4)  0.172  0.005
  62 R   0.18668 0.16710 0.15016 0.13405 0.11799 0.10122 0.08247 0.05751 0.00282 ( 1)  0.133  0.003
  63 F   0.05913 0.11435 0.14385 0.15769 0.15925 0.14965 0.12794 0.08686 0.00127 ( 5)  0.168  0.001
  64 -   0.12085 0.11983 0.11885 0.11781 0.11663 0.11521 0.11332 0.10996 0.06754 ( 1)  0.257  0.068
  65 -   0.12378 0.12230 0.12087 0.11937 0.11767 0.11565 0.11295 0.10823 0.05918 ( 1)  0.244  0.059
  66 P   0.00281 0.01495 0.03330 0.05747 0.08800 0.12646 0.17660 0.25169 0.24872 ( 8)  0.587  0.249
  67 V   0.00638 0.03138 0.06460 0.10243 0.14238 0.18180 0.21627 0.23132 0.02344 ( 8)  0.268  0.023
  68 S   0.00018 0.00232 0.00799 0.01880 0.03715 0.06732 0.11892 0.22815 0.51917 ( 9)  0.955  0.519
  69 S   0.00456 0.02334 0.05000 0.08284 0.12118 0.16485 0.21397 0.26780 0.07145 ( 8)  0.345  0.071
  70 N   0.06519 0.12247 0.15013 0.16045 0.15789 0.14434 0.11968 0.07829 0.00156 ( 4)  0.163  0.002
  71 F   0.05439 0.10714 0.13724 0.15341 0.15842 0.15297 0.13567 0.09831 0.00245 ( 5)  0.175  0.002
  72 M   0.00255 0.01488 0.03549 0.06482 0.10409 0.15549 0.22311 0.31646 0.08310 ( 8)  0.377  0.083
  73 D   0.06175 0.11754 0.14591 0.15802 0.15783 0.14688 0.12470 0.08503 0.00235 ( 4)  0.168  0.002
  74 Y   0.00790 0.03717 0.07352 0.11207 0.14957 0.18275 0.20663 0.20648 0.02391 ( 7)  0.260  0.024
  75 W   0.16613 0.15429 0.14355 0.13287 0.12169 0.10934 0.09453 0.07265 0.00494 ( 1)  0.146  0.005
  76 S   0.03811 0.08069 0.11084 0.13341 0.14970 0.15968 0.16167 0.14761 0.01829 ( 7)  0.220  0.018
  77 G   0.23383 0.19330 0.16091 0.13252 0.10659 0.08216 0.05817 0.03200 0.00052 ( 1)  0.110  0.001
  78 H   0.28593 0.21624 0.16536 0.12461 0.09086 0.06242 0.03810 0.01641 0.00007 ( 1)  0.093  0.000
  79 T   0.21187 0.18073 0.15539 0.13272 0.11151 0.09088 0.06971 0.04472 0.00248 ( 1)  0.122  0.002
  80 L   0.19546 0.17260 0.15302 0.13463 0.11650 0.09786 0.07743 0.05111 0.00138 ( 1)  0.127  0.001
  81 R   0.02418 0.05582 0.08304 0.10840 0.13275 0.15648 0.17961 0.20040 0.05932 ( 8)  0.299  0.059
  82 R   0.05030 0.10076 0.13120 0.14927 0.15727 0.15560 0.14260 0.10948 0.00351 ( 5)  0.182  0.004
  83 S   0.00328 0.01960 0.04647 0.08289 0.12791 0.18006 0.23587 0.28044 0.02348 ( 8)  0.285  0.023
  84 Y   0.00539 0.02728 0.05758 0.09360 0.13358 0.17572 0.21699 0.24678 0.04307 ( 8)  0.300  0.043
  85 L   0.00013 0.00174 0.00630 0.01559 0.03243 0.06210 0.11694 0.24489 0.51989 ( 9)  0.960  0.520
  86 N   0.25335 0.20108 0.16160 0.12877 0.10034 0.07500 0.05158 0.02775 0.00053 ( 1)  0.105  0.001
  87 D   0.00793 0.03669 0.07163 0.10813 0.14347 0.17525 0.20027 0.20920 0.04743 ( 8)  0.293  0.047
  88 S   0.02574 0.05824 0.08523 0.10964 0.13246 0.15415 0.17486 0.19335 0.06634 ( 8)  0.306  0.066
  89 A   0.04509 0.09255 0.12332 0.14369 0.15541 0.15853 0.15114 0.12393 0.00634 ( 6)  0.193  0.006
  90 V   0.00604 0.02990 0.06202 0.09920 0.13937 0.18040 0.21870 0.24166 0.02270 ( 8)  0.270  0.023
  91 Q   0.00590 0.02931 0.06093 0.09772 0.13773 0.17900 0.21830 0.24409 0.02702 ( 8)  0.277  0.027
  92 E   0.25152 0.20194 0.16343 0.13063 0.10159 0.07519 0.05041 0.02514 0.00016 ( 1)  0.103  0.000
  93 D   0.01013 0.04598 0.08777 0.12871 0.16423 0.18973 0.19833 0.17070 0.00442 ( 7)  0.221  0.004
  94 S   0.30958 0.22448 0.16502 0.11943 0.08336 0.05450 0.03129 0.01230 0.00004 ( 1)  0.087  0.000
  95 Y   0.24358 0.19803 0.16229 0.13150 0.10389 0.07839 0.05395 0.02816 0.00021 ( 1)  0.106  0.000
  96 G   0.20479 0.17744 0.15466 0.13382 0.11385 0.09392 0.07284 0.04693 0.00176 ( 1)  0.124  0.002
  97 L   0.00002 0.00032 0.00122 0.00317 0.00697 0.01433 0.02981 0.07517 0.86898 ( 9)  1.397  0.869
  98 I   0.06916 0.12710 0.15288 0.16057 0.15549 0.14019 0.11519 0.07618 0.00324 ( 4)  0.163  0.003
  99 T   0.25619 0.20296 0.16260 0.12896 0.09977 0.07375 0.04977 0.02563 0.00037 ( 1)  0.103  0.000
 100 T   0.00005 0.00070 0.00263 0.00675 0.01455 0.02899 0.05735 0.13081 0.75817 ( 9)  1.259  0.758
 101 T   0.00017 0.00222 0.00775 0.01850 0.03711 0.06829 0.12270 0.24041 0.50285 ( 9)  0.936  0.503
 102 R   0.04385 0.09078 0.12187 0.14300 0.15569 0.15985 0.15331 0.12620 0.00545 ( 6)  0.193  0.005
 103 A   0.00001 0.00018 0.00097 0.00321 0.00847 0.02012 0.04711 0.13048 0.78946 ( 9)  1.301  0.789
 104 T   0.00507 0.02571 0.05457 0.08944 0.12915 0.17272 0.21868 0.26053 0.04413 ( 8)  0.306  0.044
 105 I   0.05740 0.11148 0.14096 0.15550 0.15834 0.15050 0.13096 0.09231 0.00255 ( 5)  0.172  0.003
 106 N   0.31566 0.22536 0.16369 0.11736 0.08141 0.05314 0.03075 0.01254 0.00008 ( 1)  0.086  0.000
 107 P   0.00009 0.00123 0.00437 0.01062 0.02178 0.04123 0.07717 0.16345 0.68005 ( 9)  1.160  0.680
 108 G   0.00127 0.00719 0.01698 0.03115 0.05106 0.07951 0.12331 0.20968 0.47985 ( 9)  0.895  0.480
 109 V   0.00101 0.01124 0.03401 0.06984 0.11843 0.17859 0.24696 0.30855 0.03137 ( 8)  0.307  0.031
 110 D   0.07497 0.13362 0.15667 0.16087 0.15270 0.13538 0.10996 0.07287 0.00295 ( 4)  0.159  0.003
 111 G   0.21837 0.18546 0.15839 0.13398 0.11097 0.08849 0.06540 0.03841 0.00053 ( 1)  0.116  0.001
 112 T   0.04943 0.09931 0.12971 0.14807 0.15662 0.15573 0.14374 0.11198 0.00541 ( 5)  0.186  0.005
 113 N   0.00000 0.00002 0.00009 0.00034 0.00098 0.00258 0.00692 0.02434 0.96475 ( 9)  1.516  0.965
 114 R   0.00006 0.00085 0.00309 0.00768 0.01614 0.03143 0.06104 0.13737 0.74234 ( 9)  1.239  0.742
 115 I   0.04869 0.09772 0.12760 0.14575 0.15448 0.15436 0.14410 0.11632 0.01098 ( 5)  0.195  0.011
 116 E   0.04606 0.09389 0.12438 0.14417 0.15518 0.15760 0.14966 0.12248 0.00659 ( 6)  0.192  0.007
 117 S   0.20285 0.17669 0.15466 0.13430 0.11461 0.09476 0.07355 0.04721 0.00137 ( 1)  0.124  0.001
 118 T   0.02962 0.06587 0.09474 0.11957 0.14129 0.15996 0.17462 0.17984 0.03449 ( 8)  0.256  0.034
 119 A   0.23637 0.19445 0.16116 0.13216 0.10583 0.08119 0.05718 0.03121 0.00045 ( 1)  0.109  0.000
 120 V   0.00492 0.02517 0.05386 0.08895 0.12941 0.17437 0.22241 0.26660 0.03431 ( 8)  0.294  0.034
 121 D   0.08101 0.14379 0.16685 0.16827 0.15519 0.13138 0.09854 0.05453 0.00044 ( 4)  0.147  0.000
 122 F   0.27947 0.21405 0.16555 0.12613 0.09298 0.06459 0.03986 0.01732 0.00006 ( 1)  0.095  0.000
 123 R   0.05068 0.10165 0.13237 0.15044 0.15811 0.15571 0.14151 0.10656 0.00296 ( 5)  0.180  0.003
 124 S   0.00001 0.00037 0.00198 0.00631 0.01599 0.03621 0.07975 0.19924 0.66014 ( 9)  1.141  0.660
 125 A   0.00026 0.00337 0.01158 0.02719 0.05353 0.09628 0.16759 0.30922 0.33098 ( 9)  0.717  0.331
 126 L   0.00177 0.00965 0.02197 0.03888 0.06135 0.09160 0.13510 0.21347 0.42621 ( 9)  0.822  0.426
 127 I   0.00016 0.00204 0.00694 0.01614 0.03152 0.05646 0.09866 0.18801 0.60008 ( 9)  1.056  0.600
 128 G   0.00938 0.04315 0.08343 0.12400 0.16062 0.18894 0.20236 0.18191 0.00620 ( 7)  0.227  0.006
 129 I   0.00401 0.02105 0.04607 0.07788 0.11626 0.16151 0.21453 0.27645 0.08223 ( 8)  0.363  0.082
 130 Y   0.25867 0.20468 0.16355 0.12914 0.09924 0.07259 0.04812 0.02383 0.00020 ( 1)  0.101  0.000
 131 G   0.18001 0.16292 0.14799 0.13367 0.11922 0.10391 0.08647 0.06249 0.00332 ( 1)  0.137  0.003
 132 V   0.04138 0.08601 0.11612 0.13734 0.15125 0.15794 0.15578 0.13668 0.01750 ( 6)  0.214  0.018
 133 N   0.00876 0.04029 0.07805 0.11655 0.15233 0.18206 0.20094 0.19518 0.02585 ( 7)  0.258  0.026
 134 R   0.00051 0.00615 0.01991 0.04398 0.08097 0.13481 0.21277 0.33502 0.16587 ( 8)  0.498  0.166
 135 A   0.00475 0.02453 0.05285 0.08780 0.12837 0.17370 0.22218 0.26623 0.03959 ( 8)  0.301  0.040
 136 S   0.00515 0.02597 0.05482 0.08937 0.12838 0.17082 0.21523 0.25569 0.05456 ( 8)  0.318  0.055
 137 F   0.06172 0.11782 0.14650 0.15880 0.15858 0.14731 0.12443 0.08350 0.00133 ( 4)  0.166  0.001
 138 V   0.00336 0.01779 0.03937 0.06749 0.10255 0.14594 0.20096 0.27825 0.14429 ( 8)  0.449  0.144
 139 P   0.21297 0.18231 0.15694 0.13392 0.11209 0.09059 0.06829 0.04179 0.00110 ( 1)  0.119  0.001
 140 G   0.00520 0.02621 0.05533 0.09022 0.12960 0.17240 0.21704 0.25699 0.04701 ( 8)  0.308  0.047
 141 G   0.21565 0.18347 0.15715 0.13349 0.11127 0.08959 0.06729 0.04103 0.00105 ( 1)  0.118  0.001
 142 L   0.00213 0.01177 0.02709 0.04835 0.07683 0.11524 0.16992 0.26404 0.28462 ( 9)  0.640  0.285
 143 F   0.00774 0.03690 0.07373 0.11337 0.15242 0.18720 0.21174 0.20758 0.00931 ( 7)  0.241  0.009
 144 N   0.08327 0.14661 0.16882 0.16890 0.15442 0.12943 0.09589 0.05214 0.00052 ( 4)  0.145  0.001
 145 G   0.04098 0.08724 0.11951 0.14249 0.15709 0.16275 0.15680 0.12834 0.00479 ( 6)  0.194  0.005
 146 T   0.03542 0.07575 0.10514 0.12809 0.14585 0.15854 0.16494 0.15856 0.02771 ( 7)  0.237  0.028
 147 T   0.05302 0.10413 0.13340 0.14959 0.15558 0.15224 0.13848 0.10687 0.00669 ( 5)  0.184  0.007
 148 S   0.00000 0.00004 0.00020 0.00069 0.00187 0.00462 0.01150 0.03621 0.94487 ( 9)  1.492  0.945
 149 P   0.04991 0.10037 0.13110 0.14949 0.15773 0.15613 0.14288 0.10892 0.00347 ( 5)  0.182  0.003
 150 A   0.00794 0.03686 0.07218 0.10911 0.14473 0.17638 0.20035 0.20623 0.04623 ( 8)  0.290  0.046
 151 N   0.07762 0.13805 0.16105 0.16397 0.15362 0.13348 0.10494 0.06513 0.00214 ( 4)  0.154  0.002
 152 G   0.00374 0.01942 0.04220 0.07106 0.10604 0.14802 0.19947 0.26872 0.14134 ( 8)  0.442  0.141
 153 G   0.15510 0.14649 0.13857 0.13058 0.12207 0.11249 0.10071 0.08256 0.01144 ( 1)  0.161  0.011
 154 C   0.26206 0.20685 0.16464 0.12924 0.09846 0.07106 0.04603 0.02157 0.00009 ( 1)  0.100  0.000
 155 R   0.03981 0.08358 0.11388 0.13592 0.15110 0.15941 0.15911 0.14183 0.01538 ( 6)  0.213  0.015
 156 D   0.00080 0.00926 0.02887 0.06111 0.10712 0.16783 0.24361 0.32908 0.05230 ( 8)  0.341  0.052
 157 L   0.00112 0.00636 0.01501 0.02757 0.04526 0.07071 0.11031 0.19026 0.53339 ( 9)  0.964  0.533
 158 Y   0.00524 0.02659 0.05638 0.09219 0.13258 0.17619 0.22069 0.25686 0.03328 ( 8)  0.290  0.033
 159 D   0.01013 0.04598 0.08777 0.12871 0.16423 0.18973 0.19833 0.17070 0.00442 ( 7)  0.221  0.004
 160 T   0.04651 0.09410 0.12389 0.14282 0.15303 0.15496 0.14733 0.12276 0.01461 ( 6)  0.203  0.015
 161 N   0.00054 0.00643 0.02058 0.04491 0.08160 0.13386 0.20766 0.32002 0.18441 ( 8)  0.519  0.184
 162 D   0.06319 0.11974 0.14796 0.15942 0.15825 0.14607 0.12249 0.08133 0.00155 ( 4)  0.165  0.002
 163 E   0.05366 0.10595 0.13604 0.15246 0.15792 0.15307 0.13656 0.10031 0.00403 ( 5)  0.178  0.004
 164 L   0.19507 0.17224 0.15272 0.13440 0.11639 0.09790 0.07768 0.05170 0.00189 ( 1)  0.128  0.002
 165 P   0.22285 0.18780 0.15920 0.13360 0.10970 0.08659 0.06320 0.03647 0.00061 ( 1)  0.114  0.001
 166 P   0.02732 0.06067 0.08731 0.11047 0.13121 0.14997 0.16676 0.18011 0.08619 ( 8)  0.329  0.086
 167 D   0.00508 0.02556 0.05392 0.08791 0.12638 0.16849 0.21316 0.25589 0.06361 ( 8)  0.331  0.064
 168 E   0.00867 0.04042 0.07918 0.11933 0.15699 0.18811 0.20639 0.19321 0.00770 ( 7)  0.233  0.008
 169 S   0.05856 0.11372 0.14338 0.15734 0.15897 0.14947 0.12808 0.08814 0.00234 ( 5)  0.170  0.002
 170 T   0.00630 0.03005 0.06039 0.09397 0.12893 0.16388 0.19729 0.22532 0.09387 ( 8)  0.363  0.094
 171 G   0.16330 0.15225 0.14222 0.13223 0.12173 0.11010 0.09610 0.07525 0.00682 ( 1)  0.150  0.007
 172 S   0.02292 0.05222 0.07696 0.09978 0.12170 0.14341 0.16575 0.19056 0.12670 ( 8)  0.390  0.127
 173 S   0.00243 0.01325 0.03013 0.05311 0.08325 0.12286 0.17737 0.26609 0.25150 ( 8)  0.595  0.252
 174 T   0.00000 0.00008 0.00044 0.00148 0.00397 0.00958 0.02304 0.06753 0.89387 ( 9)  1.429  0.894
 175 H   0.06473 0.12210 0.15012 0.16081 0.15850 0.14497 0.11997 0.07772 0.00108 ( 4)  0.162  0.001
 176 R   0.02389 0.05449 0.08077 0.10571 0.13055 0.15623 0.18371 0.21356 0.05108 ( 8)  0.291  0.051
 177 L   0.19527 0.17245 0.15291 0.13455 0.11648 0.09790 0.07755 0.05134 0.00156 ( 1)  0.127  0.002
 178 S   0.26807 0.20882 0.16434 0.12770 0.09639 0.06902 0.04449 0.02101 0.00014 ( 1)  0.098  0.000
 179 H   0.28593 0.21624 0.16536 0.12461 0.09086 0.06242 0.03810 0.01641 0.00007 ( 1)  0.093  0.000
 180 V   0.28160 0.21435 0.16503 0.12532 0.09221 0.06407 0.03973 0.01759 0.00009 ( 1)  0.094  0.000
 181 T   0.24509 0.19714 0.16050 0.12968 0.10265 0.07817 0.05511 0.03091 0.00075 ( 1)  0.108  0.001
 182 F   0.24560 0.19900 0.16254 0.13124 0.10328 0.07758 0.05308 0.02747 0.00020 ( 1)  0.105  0.000
 183 F   0.03528 0.07610 0.10633 0.13019 0.14874 0.16184 0.16772 0.15801 0.01578 ( 7)  0.221  0.016
 184 S   0.00027 0.00333 0.01114 0.02547 0.04884 0.08557 0.14507 0.26112 0.41920 ( 9)  0.826  0.419
 185 F   0.24560 0.19900 0.16254 0.13124 0.10328 0.07758 0.05308 0.02747 0.00020 ( 1)  0.105  0.000
 186 Q   0.00000 0.00002 0.00017 0.00076 0.00250 0.00720 0.02027 0.06972 0.89935 ( 9)  1.437  0.899
 187 T   0.28160 0.21291 0.16342 0.12418 0.09188 0.06469 0.04128 0.01975 0.00029 ( 1)  0.096  0.000
 188 N   0.00973 0.04406 0.08407 0.12352 0.15846 0.18511 0.19798 0.18146 0.01561 ( 7)  0.239  0.016
 189 Q   0.17770 0.16184 0.14777 0.13408 0.12008 0.10502 0.08760 0.06321 0.00269 ( 1)  0.137  0.003
 190 A   0.05998 0.11543 0.14459 0.15785 0.15879 0.14867 0.12674 0.08618 0.00178 ( 5)  0.168  0.002
 191 G   0.19748 0.17357 0.15325 0.13431 0.11580 0.09693 0.07647 0.05044 0.00175 ( 1)  0.126  0.002
 192 S   0.04789 0.09700 0.12764 0.14681 0.15653 0.15703 0.14650 0.11586 0.00474 ( 6)  0.187  0.005
 193 I   0.00649 0.03138 0.06369 0.09980 0.13741 0.17432 0.20729 0.22637 0.05325 ( 8)  0.307  0.053
 194 A   0.00562 0.02767 0.05717 0.09127 0.12830 0.16681 0.20487 0.23638 0.08190 ( 8)  0.350  0.082
 195 N   0.07002 0.12905 0.15538 0.16301 0.15720 0.14042 0.11306 0.07061 0.00126 ( 4)  0.158  0.001
 196 A   0.00001 0.00018 0.00095 0.00303 0.00773 0.01771 0.03984 0.10496 0.82560 ( 9)  1.345  0.826
 197 G   0.18518 0.16609 0.14956 0.13387 0.11820 0.10183 0.08348 0.05891 0.00288 ( 1)  0.134  0.003
 198 S   0.00000 0.00002 0.00017 0.00074 0.00246 0.00712 0.02022 0.07043 0.89885 ( 9)  1.437  0.899
 199 V   0.22740 0.19008 0.15991 0.13317 0.10843 0.08479 0.06113 0.03457 0.00052 ( 1)  0.112  0.001
 200 P   0.24328 0.19790 0.16226 0.13153 0.10397 0.07849 0.05406 0.02827 0.00023 ( 1)  0.106  0.000
 201 T   0.00372 0.01872 0.03961 0.06503 0.09464 0.12887 0.16952 0.22434 0.25554 ( 9)  0.588  0.256
 202 Y   0.26944 0.20951 0.16457 0.12758 0.09602 0.06848 0.04387 0.02043 0.00011 ( 1)  0.098  0.000
 203 V   0.23929 0.19581 0.16151 0.13181 0.10502 0.08010 0.05598 0.03013 0.00034 ( 1)  0.108  0.000
 204 W   0.16613 0.15429 0.14355 0.13287 0.12169 0.10934 0.09453 0.07265 0.00494 ( 1)  0.146  0.005
 205 T   0.03961 0.08270 0.11223 0.13360 0.14841 0.15686 0.15770 0.14413 0.02476 ( 7)  0.227  0.025
 206 R   0.05772 0.11222 0.14193 0.15648 0.15907 0.15066 0.13015 0.08998 0.00180 ( 5)  0.170  0.002
 207 R   0.00226 0.01233 0.02809 0.04967 0.07823 0.11626 0.16973 0.26038 0.28306 ( 9)  0.637  0.283
 208 D   0.30724 0.22350 0.16488 0.11983 0.08409 0.05537 0.03213 0.01289 0.00005 ( 1)  0.088  0.000

Positively selected sites

	Prob(w>1)  mean w

    68 S      0.519         0.955
    85 L      0.520         0.960
    97 L      0.869         1.397
   100 T      0.758         1.259
   101 T      0.503         0.936
   103 A      0.789         1.301
   107 P      0.680         1.160
   113 N      0.965*        1.516
   114 R      0.742         1.239
   124 S      0.660         1.141
   127 I      0.600         1.056
   148 S      0.945         1.492
   157 L      0.533         0.964
   174 T      0.894         1.429
   186 Q      0.899         1.437
   196 A      0.826         1.345
   198 S      0.899         1.437


lnL = -2391.575658

Bayes Empirical Bayes (BEB) probabilities for 11 classes (class) & postmean_w
(amino acids refer to 1st sequence: BT_Cry9Ca1)

   1 S   0.37617 0.21479 0.14788 0.09703 0.06268 0.04024 0.02562 0.01594 0.00930 0.00428 0.00607 ( 1)  0.224 +-  0.234
   2 N   0.79639 0.12573 0.04409 0.01812 0.00817 0.00391 0.00193 0.00096 0.00045 0.00017 0.00008 ( 1)  0.085 +-  0.087
   3 P   0.76442 0.13860 0.05339 0.02318 0.01071 0.00513 0.00250 0.00121 0.00056 0.00020 0.00008 ( 1)  0.091 +-  0.096
   4 Q   0.63893 0.16075 0.08417 0.04837 0.02880 0.01733 0.01034 0.00598 0.00320 0.00133 0.00080 ( 1)  0.133 +-  0.152
   5 L   0.79023 0.13086 0.04621 0.01848 0.00790 0.00352 0.00161 0.00073 0.00032 0.00011 0.00004 ( 1)  0.085 +-  0.084
   6 T   0.75211 0.14017 0.05623 0.02572 0.01264 0.00649 0.00341 0.00178 0.00089 0.00035 0.00022 ( 1)  0.096 +-  0.105
   7 R   0.78229 0.13387 0.04855 0.01980 0.00858 0.00385 0.00176 0.00080 0.00034 0.00012 0.00003 ( 1)  0.086 +-  0.087
   8 E   0.41866 0.22542 0.14557 0.08902 0.05315 0.03125 0.01806 0.01011 0.00527 0.00216 0.00134 ( 1)  0.191 +-  0.181
   9 V   0.34299 0.21053 0.15435 0.10654 0.07136 0.04678 0.02993 0.01841 0.01047 0.00464 0.00399 ( 1)  0.236 +-  0.219
  10 Y   0.79776 0.12787 0.04401 0.01728 0.00730 0.00323 0.00147 0.00067 0.00029 0.00010 0.00003 ( 1)  0.083 +-  0.082
  11 T   0.74879 0.14123 0.05719 0.02633 0.01299 0.00668 0.00350 0.00183 0.00090 0.00035 0.00021 ( 1)  0.097 +-  0.106
  12 D   0.83760 0.11139 0.03260 0.01118 0.00424 0.00173 0.00074 0.00032 0.00014 0.00005 0.00001 ( 1)  0.074 +-  0.067
  13 P   0.68682 0.15431 0.07300 0.03844 0.02127 0.01206 0.00687 0.00384 0.00201 0.00082 0.00057 ( 1)  0.116 +-  0.133
  14 I   0.44096 0.22316 0.13845 0.08293 0.04925 0.02915 0.01710 0.00978 0.00523 0.00220 0.00177 ( 1)  0.185 +-  0.184
  15 V   0.74633 0.14368 0.05841 0.02658 0.01278 0.00634 0.00318 0.00158 0.00074 0.00027 0.00011 ( 1)  0.096 +-  0.103
  16 F   0.46843 0.23131 0.13665 0.07647 0.04184 0.02258 0.01200 0.00619 0.00298 0.00112 0.00043 ( 1)  0.167 +-  0.157
  17 N   0.84323 0.10769 0.03106 0.01074 0.00417 0.00175 0.00078 0.00035 0.00015 0.00005 0.00002 ( 1)  0.074 +-  0.067
  18 P   0.73106 0.14717 0.06240 0.02954 0.01475 0.00759 0.00394 0.00202 0.00098 0.00037 0.00018 ( 1)  0.101 +-  0.110
  19 P   0.35597 0.21463 0.15403 0.10382 0.06785 0.04342 0.02717 0.01640 0.00919 0.00403 0.00348 ( 1)  0.227 +-  0.212
  20 A   0.78018 0.13192 0.04865 0.02070 0.00955 0.00464 0.00232 0.00116 0.00055 0.00021 0.00011 ( 1)  0.088 +-  0.093
  21 N   0.84323 0.10769 0.03106 0.01074 0.00417 0.00175 0.00078 0.00035 0.00015 0.00005 0.00002 ( 1)  0.074 +-  0.067
  22 V   0.02326 0.05505 0.08562 0.10395 0.11093 0.10862 0.09905 0.08378 0.06347 0.03609 0.23019 (11)  0.961 +-  1.022
  23 G   0.72374 0.14902 0.06450 0.03104 0.01568 0.00811 0.00421 0.00214 0.00102 0.00038 0.00016 ( 1)  0.103 +-  0.112
  24 L   0.36853 0.20673 0.14413 0.09784 0.06614 0.04458 0.02968 0.01915 0.01146 0.00535 0.00641 ( 1)  0.234 +-  0.238
  25 C   0.70704 0.15110 0.06836 0.03454 0.01836 0.00998 0.00545 0.00291 0.00145 0.00056 0.00026 ( 1)  0.109 +-  0.121
  26 R   0.71191 0.14968 0.06679 0.03345 0.01772 0.00968 0.00535 0.00291 0.00149 0.00060 0.00042 ( 1)  0.108 +-  0.123
  27 R   0.78229 0.13387 0.04855 0.01980 0.00858 0.00385 0.00176 0.00080 0.00034 0.00012 0.00003 ( 1)  0.086 +-  0.087
  28 W   0.60852 0.16202 0.08969 0.05439 0.03410 0.02157 0.01350 0.00818 0.00458 0.00198 0.00148 ( 1)  0.146 +-  0.170
  29 G   0.32687 0.20675 0.15600 0.11039 0.07546 0.05025 0.03252 0.02018 0.01155 0.00515 0.00488 ( 1)  0.246 +-  0.232
  30 T   0.54753 0.21599 0.10965 0.05686 0.03081 0.01738 0.01003 0.00578 0.00316 0.00137 0.00144 ( 1)  0.148 +-  0.161
  31 N   0.79796 0.12472 0.04361 0.01796 0.00814 0.00393 0.00196 0.00098 0.00047 0.00018 0.00009 ( 1)  0.084 +-  0.087
  32 P   0.72994 0.14586 0.06231 0.03003 0.01536 0.00811 0.00433 0.00228 0.00112 0.00043 0.00022 ( 1)  0.102 +-  0.113
  33 Y   0.79776 0.12787 0.04401 0.01728 0.00730 0.00323 0.00147 0.00067 0.00029 0.00010 0.00003 ( 1)  0.083 +-  0.082
  34 N   0.12509 0.16998 0.16932 0.14364 0.11456 0.08817 0.06565 0.04667 0.03047 0.01540 0.03105 ( 2)  0.402 +-  0.371
  35 T   0.76188 0.13765 0.05366 0.02391 0.01147 0.00576 0.00296 0.00152 0.00074 0.00028 0.00017 ( 1)  0.093 +-  0.101
  36 F   0.81086 0.12369 0.04028 0.01492 0.00595 0.00249 0.00107 0.00047 0.00019 0.00006 0.00002 ( 1)  0.080 +-  0.076
  37 S   0.69720 0.15122 0.07000 0.03645 0.02009 0.01141 0.00654 0.00369 0.00195 0.00081 0.00064 ( 1)  0.114 +-  0.133
  38 E   0.39967 0.22107 0.14712 0.09301 0.05761 0.03528 0.02130 0.01250 0.00685 0.00295 0.00265 ( 1)  0.204 +-  0.199
  39 L   0.77168 0.13594 0.05128 0.02196 0.01006 0.00481 0.00235 0.00114 0.00053 0.00019 0.00008 ( 1)  0.090 +-  0.093
  40 E   0.75483 0.14118 0.05604 0.02501 0.01184 0.00580 0.00288 0.00142 0.00066 0.00024 0.00010 ( 1)  0.094 +-  0.100
  41 N   0.84323 0.10769 0.03106 0.01074 0.00417 0.00175 0.00078 0.00035 0.00015 0.00005 0.00002 ( 1)  0.074 +-  0.067
  42 A   0.39814 0.21675 0.14442 0.09265 0.05881 0.03711 0.02316 0.01405 0.00795 0.00353 0.00343 ( 1)  0.209 +-  0.208
  43 F   0.71249 0.15003 0.06684 0.03332 0.01754 0.00950 0.00519 0.00279 0.00141 0.00056 0.00033 ( 1)  0.107 +-  0.121
  44 I   0.82718 0.11515 0.03552 0.01291 0.00520 0.00225 0.00102 0.00047 0.00021 0.00007 0.00003 ( 1)  0.077 +-  0.073
  45 R   0.60865 0.16144 0.08927 0.05421 0.03411 0.02169 0.01368 0.00836 0.00473 0.00208 0.00177 ( 1)  0.147 +-  0.173
  46 P   0.69279 0.15336 0.07170 0.03736 0.02044 0.01145 0.00643 0.00353 0.00181 0.00072 0.00041 ( 1)  0.114 +-  0.129
  47 P   0.72422 0.14839 0.06409 0.03091 0.01573 0.00824 0.00436 0.00228 0.00112 0.00043 0.00023 ( 1)  0.103 +-  0.114
  48 H   0.81698 0.12069 0.03848 0.01410 0.00561 0.00237 0.00103 0.00046 0.00019 0.00006 0.00002 ( 1)  0.079 +-  0.074
  49 L   0.46885 0.22988 0.13560 0.07619 0.04208 0.02305 0.01250 0.00661 0.00328 0.00129 0.00067 ( 1)  0.168 +-  0.160
  50 F   0.81086 0.12369 0.04028 0.01492 0.00595 0.00249 0.00107 0.00047 0.00019 0.00006 0.00002 ( 1)  0.080 +-  0.076
  51 D   0.48496 0.22616 0.13000 0.07244 0.04013 0.02219 0.01218 0.00654 0.00329 0.00131 0.00080 ( 1)  0.165 +-  0.161
  52 R   0.70049 0.15365 0.07051 0.03577 0.01892 0.01018 0.00547 0.00286 0.00140 0.00053 0.00022 ( 1)  0.110 +-  0.122
  53 L   0.61249 0.16165 0.08882 0.05354 0.03342 0.02106 0.01316 0.00796 0.00446 0.00193 0.00152 ( 1)  0.145 +-  0.169
  54 N   0.82890 0.11443 0.03510 0.01267 0.00506 0.00216 0.00096 0.00044 0.00019 0.00007 0.00003 ( 1)  0.077 +-  0.072
  55 S   0.38349 0.22011 0.15120 0.09790 0.06154 0.03787 0.02276 0.01317 0.00706 0.00296 0.00192 ( 1)  0.209 +-  0.194
  56 L   0.67913 0.15646 0.07538 0.04012 0.02225 0.01255 0.00706 0.00387 0.00198 0.00078 0.00041 ( 1)  0.118 +-  0.133
  57 T   0.77272 0.13420 0.05064 0.02199 0.01034 0.00512 0.00261 0.00133 0.00065 0.00025 0.00015 ( 1)  0.090 +-  0.096
  58 I   0.80570 0.12284 0.04152 0.01646 0.00719 0.00334 0.00161 0.00078 0.00036 0.00013 0.00006 ( 1)  0.082 +-  0.082
  59 S   0.01097 0.05775 0.11255 0.14548 0.15357 0.14299 0.12115 0.09386 0.06460 0.03327 0.06382 ( 5)  0.589 +-  0.418
  60 S   0.11321 0.17774 0.18961 0.16176 0.12407 0.08919 0.06090 0.03931 0.02319 0.01062 0.01038 ( 3)  0.358 +-  0.259
  61 N   0.47746 0.22107 0.12834 0.07357 0.04264 0.02502 0.01473 0.00853 0.00465 0.00201 0.00197 ( 1)  0.173 +-  0.181
  62 R   0.65802 0.15802 0.07956 0.04432 0.02577 0.01525 0.00901 0.00520 0.00279 0.00117 0.00088 ( 1)  0.127 +-  0.148
  63 F   0.46843 0.23131 0.13665 0.07647 0.04184 0.02258 0.01200 0.00619 0.00298 0.00112 0.00043 ( 1)  0.167 +-  0.157
  64 -   0.46208 0.14938 0.10068 0.07428 0.05661 0.04346 0.03299 0.02421 0.01640 0.00858 0.03134 ( 1)  0.278 +-  0.454
  65 -   0.47261 0.15117 0.10081 0.07358 0.05549 0.04216 0.03168 0.02301 0.01543 0.00800 0.02607 ( 1)  0.261 +-  0.410
  66 P   0.04383 0.09162 0.12657 0.13714 0.13144 0.11643 0.09677 0.07519 0.05278 0.02817 0.10007 ( 4)  0.628 +-  0.638
  67 V   0.11098 0.18033 0.19478 0.16565 0.12534 0.08828 0.05882 0.03696 0.02122 0.00947 0.00816 ( 3)  0.351 +-  0.248
  68 S   0.00575 0.03408 0.07405 0.10639 0.12452 0.12832 0.12010 0.10257 0.07756 0.04351 0.18314 (11)  0.839 +-  0.731
  69 S   0.07288 0.13464 0.16599 0.16116 0.13874 0.11051 0.08263 0.05775 0.03648 0.01764 0.02159 ( 3)  0.427 +-  0.303
  70 N   0.49776 0.22847 0.12780 0.06895 0.03693 0.01977 0.01053 0.00550 0.00269 0.00104 0.00055 ( 1)  0.158 +-  0.153
  71 F   0.43761 0.22834 0.14271 0.08441 0.04872 0.02768 0.01545 0.00835 0.00420 0.00166 0.00086 ( 1)  0.181 +-  0.171
  72 M   0.04116 0.10196 0.15113 0.16554 0.15421 0.12911 0.09933 0.07030 0.04442 0.02123 0.02162 ( 4)  0.464 +-  0.286
  73 D   0.47785 0.22773 0.13217 0.07386 0.04094 0.02266 0.01248 0.00673 0.00340 0.00136 0.00082 ( 1)  0.167 +-  0.162
  74 Y   0.13720 0.19874 0.19658 0.15677 0.11353 0.07787 0.05127 0.03223 0.01869 0.00849 0.00864 ( 2)  0.331 +-  0.250
  75 W   0.60852 0.16202 0.08969 0.05439 0.03410 0.02157 0.01350 0.00818 0.00458 0.00198 0.00148 ( 1)  0.146 +-  0.170
  76 S   0.31511 0.20284 0.15572 0.11216 0.07812 0.05308 0.03510 0.02228 0.01306 0.00596 0.00656 ( 1)  0.257 +-  0.245
  77 G   0.74851 0.14275 0.05764 0.02615 0.01260 0.00630 0.00320 0.00162 0.00078 0.00029 0.00015 ( 1)  0.096 +-  0.103
  78 H   0.81698 0.12069 0.03848 0.01410 0.00561 0.00237 0.00103 0.00046 0.00019 0.00006 0.00002 ( 1)  0.079 +-  0.074
  79 T   0.70476 0.14898 0.06768 0.03487 0.01918 0.01095 0.00635 0.00365 0.00197 0.00084 0.00078 ( 1)  0.112 +-  0.133
  80 L   0.67913 0.15646 0.07538 0.04012 0.02225 0.01255 0.00706 0.00387 0.00198 0.00078 0.00041 ( 1)  0.118 +-  0.133
  81 R   0.19950 0.16235 0.15275 0.13123 0.10654 0.08272 0.06142 0.04311 0.02754 0.01351 0.01932 ( 1)  0.354 +-  0.313
  82 R   0.40919 0.22440 0.14751 0.09165 0.05544 0.03292 0.01913 0.01073 0.00557 0.00227 0.00119 ( 1)  0.195 +-  0.181
  83 S   0.06341 0.14803 0.19312 0.18280 0.14681 0.10639 0.07139 0.04450 0.02506 0.01089 0.00759 ( 3)  0.386 +-  0.239
  84 Y   0.09213 0.16115 0.18496 0.16588 0.13180 0.09728 0.06788 0.04469 0.02688 0.01254 0.01480 ( 3)  0.385 +-  0.284
  85 L   0.00403 0.02770 0.06722 0.10479 0.13006 0.13944 0.13366 0.11536 0.08715 0.04827 0.14233 (11)  0.761 +-  0.570
  86 N   0.77147 0.13356 0.05085 0.02245 0.01078 0.00545 0.00283 0.00147 0.00072 0.00028 0.00015 ( 1)  0.091 +-  0.098
  87 D   0.13120 0.18464 0.18335 0.15071 0.11456 0.08340 0.05861 0.03938 0.02437 0.01175 0.01803 ( 2)  0.363 +-  0.312
  88 S   0.20939 0.16318 0.14984 0.12731 0.10317 0.08047 0.06029 0.04283 0.02774 0.01381 0.02197 ( 1)  0.355 +-  0.327
  89 A   0.37229 0.21852 0.15294 0.10060 0.06411 0.03994 0.02427 0.01419 0.00768 0.00325 0.00220 ( 1)  0.215 +-  0.199
  90 V   0.10325 0.17196 0.19112 0.16717 0.12971 0.09324 0.06306 0.03998 0.02302 0.01023 0.00727 ( 3)  0.359 +-  0.239
  91 Q   0.10023 0.16825 0.18861 0.16657 0.13061 0.09498 0.06503 0.04178 0.02438 0.01098 0.00858 ( 3)  0.365 +-  0.246
  92 E   0.77559 0.13577 0.05039 0.02105 0.00934 0.00430 0.00201 0.00094 0.00041 0.00014 0.00005 ( 1)  0.088 +-  0.090
  93 D   0.18496 0.23958 0.21076 0.14860 0.09460 0.05678 0.03261 0.01785 0.00902 0.00359 0.00167 ( 2)  0.272 +-  0.194
  94 S   0.84028 0.11043 0.03182 0.01073 0.00400 0.00160 0.00068 0.00029 0.00012 0.00004 0.00001 ( 1)  0.074 +-  0.066
  95 Y   0.76373 0.13900 0.05371 0.02333 0.01074 0.00510 0.00246 0.00117 0.00052 0.00018 0.00006 ( 1)  0.091 +-  0.095
  96 G   0.69502 0.15258 0.07092 0.03685 0.02017 0.01134 0.00641 0.00356 0.00186 0.00076 0.00054 ( 1)  0.114 +-  0.131
  97 L   0.00091 0.00722 0.02035 0.03707 0.05390 0.06774 0.07604 0.07670 0.06754 0.04346 0.54907 (11)  1.668 +-  1.281
  98 I   0.51054 0.22272 0.12152 0.06562 0.03600 0.02010 0.01132 0.00630 0.00331 0.00138 0.00118 ( 1)  0.158 +-  0.163
  99 T   0.77785 0.13295 0.04938 0.02106 0.00971 0.00470 0.00233 0.00116 0.00055 0.00020 0.00012 ( 1)  0.089 +-  0.093
 100 T   0.00180 0.01383 0.03641 0.06105 0.08143 0.09400 0.09734 0.09107 0.07482 0.04519 0.40306 (11)  1.361 +-  1.192
 101 T   0.00531 0.03284 0.07354 0.10784 0.12783 0.13257 0.12424 0.10578 0.07948 0.04416 0.16643 (11)  0.812 +-  0.701
 102 R   0.36584 0.21914 0.15526 0.10267 0.06541 0.04056 0.02444 0.01413 0.00754 0.00314 0.00186 ( 1)  0.217 +-  0.196
 103 A   0.00043 0.00799 0.02955 0.05998 0.09019 0.11245 0.12207 0.11709 0.09686 0.05777 0.30561 (11)  1.104 +-  0.884
 104 T   0.08360 0.14957 0.17786 0.16589 0.13679 0.10418 0.07442 0.04971 0.03006 0.01397 0.01397 ( 3)  0.396 +-  0.274
 105 I   0.45488 0.22857 0.13838 0.07980 0.04518 0.02533 0.01403 0.00756 0.00382 0.00152 0.00092 ( 1)  0.175 +-  0.168
 106 N   0.84323 0.10769 0.03106 0.01074 0.00417 0.00175 0.00078 0.00035 0.00015 0.00005 0.00002 ( 1)  0.074 +-  0.067
 107 P   0.00318 0.02083 0.04956 0.07753 0.09823 0.10889 0.10899 0.09896 0.07910 0.04655 0.30818 (11)  1.132 +-  1.029
 108 G   0.02073 0.05209 0.08495 0.10723 0.11810 0.11859 0.11022 0.09443 0.07203 0.04093 0.18070 (11)  0.814 +-  0.747
 109 V   0.03287 0.12904 0.19142 0.19090 0.15768 0.11658 0.07963 0.05052 0.02898 0.01281 0.00956 ( 3)  0.413 +-  0.240
 110 D   0.53075 0.21659 0.11463 0.06165 0.03415 0.01935 0.01104 0.00620 0.00327 0.00136 0.00102 ( 1)  0.153 +-  0.159
 111 G   0.72374 0.14902 0.06450 0.03104 0.01568 0.00811 0.00421 0.00214 0.00102 0.00038 0.00016 ( 1)  0.103 +-  0.112
 112 T   0.40221 0.22266 0.14791 0.09298 0.05701 0.03439 0.02036 0.01166 0.00622 0.00261 0.00200 ( 1)  0.201 +-  0.193
 113 N   0.00004 0.00099 0.00452 0.01128 0.02067 0.03125 0.04093 0.04713 0.04663 0.03339 0.76317 (11)  2.132 +-  1.360
 114 R   0.00235 0.01642 0.04146 0.06839 0.09084 0.10502 0.10907 0.10224 0.08394 0.05043 0.32984 (11)  1.148 +-  0.959
 115 I   0.39103 0.21678 0.14573 0.09394 0.05988 0.03802 0.02392 0.01465 0.00838 0.00376 0.00390 ( 1)  0.213 +-  0.212
 116 E   0.37710 0.21798 0.15128 0.09920 0.06327 0.03955 0.02416 0.01421 0.00774 0.00329 0.00222 ( 1)  0.214 +-  0.198
 117 S   0.69308 0.15381 0.07177 0.03722 0.02025 0.01127 0.00629 0.00344 0.00176 0.00070 0.00041 ( 1)  0.114 +-  0.129
 118 T   0.24528 0.18093 0.15683 0.12559 0.09588 0.07046 0.04980 0.03342 0.02050 0.00971 0.01160 ( 1)  0.309 +-  0.278
 119 A   0.75208 0.14166 0.05666 0.02553 0.01223 0.00608 0.00307 0.00154 0.00073 0.00027 0.00013 ( 1)  0.095 +-  0.102
 120 V   0.08136 0.14883 0.17957 0.16872 0.13927 0.10558 0.07470 0.04919 0.02921 0.01328 0.01030 ( 3)  0.391 +-  0.253
 121 D   0.57511 0.22390 0.10693 0.04988 0.02343 0.01116 0.00535 0.00254 0.00115 0.00041 0.00015 ( 1)  0.130 +-  0.125
 122 F   0.81086 0.12369 0.04028 0.01492 0.00595 0.00249 0.00107 0.00047 0.00019 0.00006 0.00002 ( 1)  0.080 +-  0.076
 123 R   0.41458 0.22683 0.14756 0.09029 0.05367 0.03129 0.01786 0.00985 0.00504 0.00202 0.00101 ( 1)  0.191 +-  0.177
 124 S   0.00080 0.01328 0.04451 0.08262 0.11447 0.13240 0.13418 0.12088 0.09447 0.05363 0.20875 (11)  0.913 +-  0.742
 125 A   0.00749 0.04401 0.09393 0.13104 0.14748 0.14490 0.12842 0.10329 0.07330 0.03859 0.08753 ( 5)  0.650 +-  0.492
 126 L   0.02825 0.06374 0.09549 0.11273 0.11788 0.11375 0.10263 0.08608 0.06475 0.03658 0.17812 (11)  0.810 +-  0.809
 127 I   0.00537 0.03077 0.06540 0.09308 0.10913 0.11376 0.10858 0.09515 0.07417 0.04302 0.26158 (11)  1.007 +-  0.914
 128 G   0.16986 0.22870 0.20885 0.15275 0.10084 0.06274 0.03733 0.02114 0.01103 0.00451 0.00226 ( 2)  0.286 +-  0.202
 129 I   0.06427 0.12607 0.16203 0.16180 0.14187 0.11431 0.08607 0.06041 0.03829 0.01856 0.02631 ( 3)  0.446 +-  0.335
 130 Y   0.78337 0.13233 0.04802 0.01985 0.00882 0.00410 0.00195 0.00093 0.00042 0.00015 0.00006 ( 1)  0.087 +-  0.088
 131 G   0.64201 0.15935 0.08291 0.04763 0.02849 0.01729 0.01044 0.00613 0.00334 0.00141 0.00101 ( 1)  0.133 +-  0.155
 132 V   0.33951 0.20785 0.15283 0.10621 0.07188 0.04777 0.03109 0.01955 0.01141 0.00522 0.00668 ( 1)  0.244 +-  0.245
 133 N   0.15088 0.20590 0.19500 0.15115 0.10778 0.07356 0.04857 0.03079 0.01808 0.00833 0.00995 ( 2)  0.325 +-  0.263
 134 R   0.01474 0.07194 0.13106 0.15914 0.15853 0.13991 0.11286 0.08361 0.05530 0.02759 0.04532 ( 4)  0.541 +-  0.381
 135 A   0.07949 0.14803 0.17995 0.16927 0.13940 0.10533 0.07433 0.04891 0.02912 0.01333 0.01285 ( 3)  0.396 +-  0.272
 136 S   0.08472 0.14929 0.17580 0.16328 0.13477 0.10323 0.07450 0.05046 0.03105 0.01472 0.01818 ( 3)  0.404 +-  0.302
 137 F   0.48060 0.22975 0.13270 0.07332 0.03994 0.02161 0.01156 0.00602 0.00293 0.00112 0.00045 ( 1)  0.163 +-  0.155
 138 V   0.05171 0.10573 0.14306 0.15147 0.14134 0.12132 0.09721 0.07242 0.04851 0.02464 0.04260 ( 4)  0.497 +-  0.375
 139 P   0.71228 0.15036 0.06696 0.03331 0.01748 0.00943 0.00514 0.00276 0.00139 0.00055 0.00033 ( 1)  0.107 +-  0.120
 140 G   0.08565 0.15094 0.17763 0.16462 0.13534 0.10308 0.07382 0.04953 0.03014 0.01411 0.01514 ( 3)  0.397 +-  0.282
 141 G   0.71603 0.14915 0.06594 0.03268 0.01711 0.00922 0.00501 0.00268 0.00135 0.00053 0.00032 ( 1)  0.106 +-  0.119
 142 L   0.03270 0.07553 0.11391 0.13321 0.13621 0.12722 0.11021 0.08821 0.06306 0.03380 0.08594 ( 5)  0.607 +-  0.497
 143 F   0.13869 0.20601 0.20545 0.16222 0.11432 0.07510 0.04671 0.02741 0.01470 0.00614 0.00326 ( 2)  0.313 +-  0.214
 144 N   0.58415 0.22229 0.10403 0.04774 0.02217 0.01049 0.00504 0.00241 0.00110 0.00040 0.00018 ( 1)  0.128 +-  0.124
 145 G   0.35382 0.22260 0.16021 0.10580 0.06676 0.04084 0.02425 0.01382 0.00727 0.00299 0.00164 ( 1)  0.218 +-  0.194
 146 T   0.28999 0.19312 0.15428 0.11598 0.08438 0.05985 0.04123 0.02720 0.01651 0.00778 0.00969 ( 1)  0.279 +-  0.266
 147 T   0.41941 0.22040 0.14202 0.08813 0.05407 0.03295 0.01985 0.01163 0.00636 0.00273 0.00246 ( 1)  0.197 +-  0.196
 148 S   0.00009 0.00175 0.00703 0.01582 0.02674 0.03787 0.04697 0.05166 0.04910 0.03388 0.72910 (11)  2.118 +-  1.456
 149 P   0.40881 0.22576 0.14842 0.09178 0.05509 0.03240 0.01865 0.01036 0.00535 0.00216 0.00121 ( 1)  0.195 +-  0.181
 150 A   0.13300 0.18807 0.18563 0.15081 0.11319 0.08150 0.05682 0.03799 0.02346 0.01132 0.01821 ( 2)  0.361 +-  0.318
 151 N   0.54955 0.21934 0.11110 0.05660 0.02969 0.01601 0.00876 0.00476 0.00245 0.00100 0.00075 ( 1)  0.144 +-  0.148
 152 G   0.05781 0.11220 0.14611 0.15067 0.13824 0.11755 0.09384 0.06992 0.04697 0.02398 0.04270 ( 4)  0.489 +-  0.379
 153 G   0.57547 0.16117 0.09405 0.06019 0.03988 0.02667 0.01768 0.01135 0.00674 0.00310 0.00371 ( 1)  0.165 +-  0.203
 154 C   0.79030 0.13140 0.04627 0.01834 0.00773 0.00338 0.00151 0.00067 0.00028 0.00009 0.00003 ( 1)  0.084 +-  0.083
 155 R   0.32879 0.20660 0.15506 0.10939 0.07477 0.04994 0.03252 0.02036 0.01178 0.00532 0.00547 ( 1)  0.247 +-  0.234
 156 D   0.02521 0.10830 0.17373 0.18554 0.16269 0.12671 0.09059 0.05984 0.03557 0.01620 0.01562 ( 4)  0.445 +-  0.272
 157 L   0.01868 0.04708 0.07736 0.09872 0.11022 0.11236 0.10615 0.09250 0.07180 0.04150 0.22364 (11)  0.909 +-  0.848
 158 Y   0.08809 0.15656 0.18357 0.16807 0.13571 0.10110 0.07063 0.04613 0.02729 0.01243 0.01042 ( 3)  0.382 +-  0.255
 159 D   0.18496 0.23958 0.21076 0.14860 0.09460 0.05678 0.03261 0.01785 0.00902 0.00359 0.00167 ( 2)  0.272 +-  0.194
 160 T   0.37438 0.21299 0.14723 0.09752 0.06376 0.04142 0.02661 0.01662 0.00968 0.00443 0.00537 ( 1)  0.225 +-  0.229
 161 N   0.01586 0.07480 0.13229 0.15727 0.15480 0.13615 0.11025 0.08247 0.05529 0.02804 0.05278 ( 4)  0.550 +-  0.405
 162 D   0.48782 0.22918 0.13070 0.07152 0.03867 0.02080 0.01109 0.00577 0.00282 0.00109 0.00055 ( 1)  0.161 +-  0.155
 163 E   0.43172 0.22690 0.14299 0.08546 0.05001 0.02894 0.01653 0.00920 0.00480 0.00198 0.00147 ( 1)  0.186 +-  0.179
 164 L   0.67730 0.15617 0.07548 0.04041 0.02262 0.01291 0.00738 0.00413 0.00215 0.00088 0.00057 ( 1)  0.119 +-  0.136
 165 P   0.73106 0.14717 0.06240 0.02954 0.01475 0.00759 0.00394 0.00202 0.00098 0.00037 0.00018 ( 1)  0.101 +-  0.110
 166 P   0.22172 0.16473 0.14597 0.12113 0.09695 0.07545 0.05692 0.04104 0.02717 0.01391 0.03501 ( 1)  0.375 +-  0.420
 167 D   0.08272 0.14579 0.17247 0.16146 0.13463 0.10432 0.07622 0.05229 0.03259 0.01564 0.02189 ( 3)  0.416 +-  0.328
 168 E   0.15582 0.21832 0.20709 0.15688 0.10690 0.06840 0.04169 0.02409 0.01278 0.00530 0.00273 ( 2)  0.298 +-  0.208
 169 S   0.46420 0.23017 0.13621 0.07685 0.04281 0.02377 0.01311 0.00706 0.00357 0.00142 0.00083 ( 1)  0.171 +-  0.164
 170 T   0.10159 0.15629 0.16845 0.14944 0.12204 0.09507 0.07122 0.05082 0.03327 0.01685 0.03497 ( 3)  0.426 +-  0.384
 171 G   0.59980 0.16169 0.09076 0.05589 0.03563 0.02294 0.01464 0.00905 0.00518 0.00230 0.00211 ( 1)  0.152 +-  0.180
 172 S   0.18559 0.14807 0.13965 0.12240 0.10278 0.08344 0.06535 0.04872 0.03322 0.01744 0.05334 ( 1)  0.438 +-  0.507
 173 S   0.03726 0.08294 0.12096 0.13722 0.13650 0.12440 0.10548 0.08290 0.05838 0.03098 0.08298 ( 4)  0.600 +-  0.540
 174 T   0.00021 0.00401 0.01540 0.03273 0.05187 0.06859 0.07935 0.08144 0.07234 0.04663 0.54743 (11)  1.651 +-  1.237
 175 H   0.49762 0.23004 0.12868 0.06898 0.03652 0.01924 0.01005 0.00512 0.00245 0.00092 0.00037 ( 1)  0.157 +-  0.149
 176 R   0.18957 0.15468 0.15039 0.13398 0.11197 0.08851 0.06616 0.04626 0.02918 0.01402 0.01529 ( 1)  0.358 +-  0.291
 177 L   0.67842 0.15639 0.07545 0.04024 0.02239 0.01268 0.00717 0.00395 0.00203 0.00081 0.00048 ( 1)  0.118 +-  0.134
 178 S   0.79561 0.12836 0.04457 0.01769 0.00757 0.00341 0.00158 0.00073 0.00032 0.00011 0.00004 ( 1)  0.084 +-  0.083
 179 H   0.81698 0.12069 0.03848 0.01410 0.00561 0.00237 0.00103 0.00046 0.00019 0.00006 0.00002 ( 1)  0.079 +-  0.074
 180 V   0.81166 0.12254 0.04000 0.01501 0.00611 0.00263 0.00117 0.00053 0.00023 0.00008 0.00003 ( 1)  0.080 +-  0.077
 181 T   0.75902 0.13672 0.05410 0.02476 0.01229 0.00640 0.00341 0.00181 0.00091 0.00036 0.00022 ( 1)  0.095 +-  0.104
 182 F   0.76661 0.13813 0.05287 0.02278 0.01043 0.00494 0.00237 0.00113 0.00051 0.00018 0.00006 ( 1)  0.091 +-  0.094
 183 F   0.29458 0.19915 0.15908 0.11803 0.08387 0.05759 0.03816 0.02409 0.01394 0.00625 0.00525 ( 1)  0.264 +-  0.234
 184 S   0.00793 0.04308 0.08740 0.11864 0.13232 0.13072 0.11782 0.09723 0.07126 0.03893 0.15468 (11)  0.805 +-  0.811
 185 F   0.76661 0.13813 0.05287 0.02278 0.01043 0.00494 0.00237 0.00113 0.00051 0.00018 0.00006 ( 1)  0.091 +-  0.094
 186 Q   0.00005 0.00231 0.01235 0.03098 0.05363 0.07416 0.08741 0.08990 0.07917 0.05016 0.51987 (11)  1.625 +-  1.282
 187 T   0.80711 0.12185 0.04107 0.01633 0.00718 0.00338 0.00165 0.00082 0.00039 0.00015 0.00009 ( 1)  0.082 +-  0.083
 188 N   0.17065 0.22219 0.20063 0.14816 0.10059 0.06537 0.04114 0.02490 0.01400 0.00620 0.00616 ( 2)  0.299 +-  0.236
 189 Q   0.63893 0.16075 0.08417 0.04837 0.02880 0.01733 0.01034 0.00598 0.00320 0.00133 0.00080 ( 1)  0.133 +-  0.152
 190 A   0.47147 0.23008 0.13500 0.07550 0.04153 0.02267 0.01225 0.00645 0.00318 0.00124 0.00062 ( 1)  0.167 +-  0.159
 191 G   0.68195 0.15536 0.07436 0.03949 0.02196 0.01246 0.00708 0.00394 0.00205 0.00083 0.00054 ( 1)  0.118 +-  0.134
 192 S   0.39249 0.22202 0.15014 0.09571 0.05929 0.03599 0.02135 0.01221 0.00647 0.00269 0.00162 ( 1)  0.204 +-  0.189
 193 I   0.10910 0.17129 0.18316 0.15749 0.12263 0.09017 0.06346 0.04251 0.02619 0.01257 0.02142 ( 3)  0.387 +-  0.343
 194 A   0.09260 0.15357 0.17276 0.15574 0.12671 0.09709 0.07104 0.04938 0.03150 0.01560 0.03401 ( 3)  0.432 +-  0.425
 195 N   0.52235 0.22741 0.12133 0.06282 0.03249 0.01689 0.00878 0.00450 0.00217 0.00083 0.00044 ( 1)  0.149 +-  0.145
 196 A   0.00038 0.00629 0.02162 0.04181 0.06101 0.07492 0.08111 0.07840 0.06600 0.04060 0.52787 (11)  1.749 +-  1.497
 197 G   0.65390 0.15815 0.08034 0.04519 0.02654 0.01586 0.00945 0.00549 0.00296 0.00124 0.00087 ( 1)  0.128 +-  0.149
 198 S   0.00005 0.00234 0.01271 0.03225 0.05632 0.07836 0.09274 0.09559 0.08419 0.05321 0.49226 (11)  1.543 +-  1.213
 199 V   0.73846 0.14539 0.06045 0.02812 0.01382 0.00700 0.00359 0.00182 0.00087 0.00033 0.00015 ( 1)  0.099 +-  0.107
 200 P   0.76327 0.13910 0.05381 0.02340 0.01080 0.00515 0.00249 0.00119 0.00054 0.00019 0.00007 ( 1)  0.092 +-  0.095
 201 T   0.05865 0.10587 0.13145 0.13249 0.12150 0.10531 0.08712 0.06822 0.04868 0.02659 0.11411 ( 4)  0.639 +-  0.689
 202 Y   0.79776 0.12787 0.04401 0.01728 0.00730 0.00323 0.00147 0.00067 0.00029 0.00010 0.00003 ( 1)  0.083 +-  0.082
 203 V   0.75651 0.14052 0.05554 0.02473 0.01170 0.00573 0.00285 0.00140 0.00065 0.00024 0.00010 ( 1)  0.094 +-  0.099
 204 W   0.60852 0.16202 0.08969 0.05439 0.03410 0.02157 0.01350 0.00818 0.00458 0.00198 0.00148 ( 1)  0.146 +-  0.170
 205 T   0.32167 0.20052 0.15136 0.10866 0.07631 0.05274 0.03572 0.02333 0.01411 0.00665 0.00893 ( 1)  0.260 +-  0.261
 206 R   0.45955 0.23065 0.13848 0.07871 0.04371 0.02395 0.01293 0.00679 0.00333 0.00129 0.00062 ( 1)  0.171 +-  0.161
 207 R   0.03461 0.07779 0.11521 0.13310 0.13495 0.12530 0.10810 0.08631 0.06164 0.03307 0.08991 ( 5)  0.614 +-  0.526
 208 D   0.83760 0.11139 0.03260 0.01118 0.00424 0.00173 0.00074 0.00032 0.00014 0.00005 0.00001 ( 1)  0.074 +-  0.067

Positively selected sites

	Prob(w>1)  mean w

    97 L      0.549         1.668 +- 1.281
   113 N      0.763         2.132 +- 1.360
   148 S      0.729         2.118 +- 1.456
   174 T      0.547         1.651 +- 1.237
   186 Q      0.520         1.625 +- 1.282
   196 A      0.528         1.749 +- 1.497

