Supplemental results for CODEML (seqf: algn  treef: tree)


dN/dS (w) for site classes (K=9)

p:   0.11835  0.11835  0.11835  0.11835  0.11835  0.11835  0.11835  0.11835  0.05319
w:   0.01808  0.08877  0.18601  0.30276  0.43558  0.58229  0.74133  0.91141  1.82794

Naive Empirical Bayes (NEB) probabilities for 9 classes & postmean_w & P(w>1)
(amino acids refer to 1st sequence: BT_Cry1Ba1)

   1 -   0.11835 0.11835 0.11835 0.11835 0.11835 0.11835 0.11835 0.11835 0.05319 ( 4)  0.484  0.053
   2 -   0.11835 0.11835 0.11835 0.11835 0.11835 0.11835 0.11835 0.11835 0.05319 ( 5)  0.484  0.053
   3 -   0.11835 0.11835 0.11835 0.11835 0.11835 0.11835 0.11835 0.11835 0.05319 ( 4)  0.484  0.053
   4 -   0.11835 0.11835 0.11835 0.11835 0.11835 0.11835 0.11835 0.11835 0.05319 ( 8)  0.484  0.053
   5 -   0.11835 0.11835 0.11835 0.11835 0.11835 0.11835 0.11835 0.11835 0.05319 ( 3)  0.484  0.053
   6 -   0.28814 0.22702 0.16576 0.11611 0.07977 0.05469 0.03794 0.02691 0.00365 ( 1)  0.217  0.004
   7 -   0.06492 0.20195 0.23194 0.19114 0.13395 0.08648 0.05393 0.03347 0.00221 ( 3)  0.303  0.002
   8 -   0.00004 0.01156 0.08222 0.18431 0.23276 0.21239 0.16064 0.10963 0.00646 ( 5)  0.528  0.006
   9 -   0.00393 0.15796 0.34302 0.28030 0.13922 0.05262 0.01739 0.00553 0.00002 ( 3)  0.272  0.000
  10 R   0.00319 0.13876 0.32879 0.29097 0.15352 0.05969 0.01936 0.00570 0.00001 ( 3)  0.283  0.000
  11 I   0.74762 0.20755 0.03829 0.00566 0.00076 0.00010 0.00001 0.00000 0.00000 ( 1)  0.041  0.000
  12 T   0.71827 0.22421 0.04786 0.00820 0.00125 0.00018 0.00003 0.00000 0.00000 ( 1)  0.045  0.000
  13 Q   0.13649 0.33826 0.27956 0.15121 0.06341 0.02228 0.00687 0.00192 0.00000 ( 2)  0.178  0.000
  14 I   0.00071 0.03975 0.14187 0.21778 0.22229 0.17836 0.12213 0.07509 0.00201 ( 5)  0.459  0.002
  15 P   0.64299 0.25943 0.07565 0.01768 0.00351 0.00062 0.00010 0.00002 0.00000 ( 1)  0.056  0.000
  16 M   0.00000 0.00000 0.00004 0.00116 0.01046 0.04920 0.14868 0.32561 0.46485 ( 9)  1.290  0.465
  17 V   0.00534 0.19516 0.37413 0.26517 0.11250 0.03565 0.00962 0.00242 0.00000 ( 3)  0.246  0.000
  18 K   0.57553 0.27611 0.10307 0.03275 0.00932 0.00246 0.00062 0.00015 0.00000 ( 1)  0.070  0.000
  19 A   0.00397 0.15991 0.34770 0.28238 0.13725 0.04949 0.01506 0.00423 0.00001 ( 3)  0.268  0.000
  20 S   0.00000 0.00006 0.00362 0.03415 0.12047 0.23289 0.30074 0.29204 0.01603 ( 7)  0.718  0.016
  21 E   0.00000 0.00000 0.00068 0.01325 0.07389 0.19406 0.31205 0.36054 0.04552 ( 8)  0.792  0.046
  22 L   0.00000 0.00006 0.00359 0.03334 0.11670 0.22615 0.29654 0.29730 0.02633 ( 8)  0.732  0.026
  23 P   0.00000 0.00000 0.00001 0.00035 0.00492 0.03069 0.11088 0.27281 0.58034 ( 9)  1.412  0.580
  24 Q   0.00000 0.00000 0.00004 0.00117 0.01081 0.04915 0.14123 0.29618 0.50142 ( 9)  1.325  0.501
  25 G   0.68550 0.24097 0.05941 0.01174 0.00201 0.00032 0.00005 0.00001 0.00000 ( 1)  0.049  0.000
  26 T   0.00000 0.00012 0.00666 0.05306 0.15634 0.25336 0.27915 0.23843 0.01289 ( 7)  0.681  0.013
  27 T   0.00001 0.01234 0.11904 0.26224 0.27455 0.18716 0.09894 0.04531 0.00040 ( 5)  0.447  0.000
  28 V   0.00014 0.01071 0.05628 0.12715 0.18753 0.21412 0.20686 0.17832 0.01890 ( 6)  0.607  0.019
  29 V   0.19948 0.39156 0.24796 0.10585 0.03762 0.01233 0.00394 0.00126 0.00000 ( 2)  0.144  0.000
  30 R   0.00003 0.02610 0.19784 0.32946 0.25463 0.12669 0.04882 0.01639 0.00004 ( 4)  0.375  0.000
  31 G   0.24482 0.43019 0.22695 0.07445 0.01867 0.00399 0.00078 0.00015 0.00000 ( 2)  0.119  0.000
  32 P   0.62768 0.26446 0.08186 0.02055 0.00442 0.00085 0.00015 0.00003 0.00000 ( 1)  0.059  0.000
  33 G   0.67142 0.24708 0.06476 0.01372 0.00253 0.00043 0.00007 0.00001 0.00000 ( 1)  0.052  0.000
  34 F   0.70334 0.23348 0.05253 0.00913 0.00133 0.00017 0.00002 0.00000 0.00000 ( 1)  0.047  0.000
  35 T   0.32109 0.44928 0.17740 0.04272 0.00796 0.00131 0.00021 0.00003 0.00000 ( 2)  0.096  0.000
  36 G   0.68666 0.24055 0.05894 0.01154 0.00195 0.00030 0.00005 0.00001 0.00000 ( 1)  0.049  0.000
  37 G   0.54202 0.28029 0.11608 0.04186 0.01379 0.00429 0.00130 0.00039 0.00000 ( 1)  0.079  0.000
  38 D   0.05777 0.41114 0.34997 0.13740 0.03528 0.00703 0.00121 0.00020 0.00000 ( 2)  0.165  0.000
  39 I   0.00546 0.19471 0.36739 0.26174 0.11533 0.03958 0.01214 0.00364 0.00001 ( 3)  0.251  0.000
  40 L   0.00901 0.11938 0.23492 0.24539 0.18424 0.11352 0.06186 0.03126 0.00042 ( 4)  0.350  0.000
  41 R   0.09400 0.26720 0.26826 0.18492 0.10330 0.05042 0.02245 0.00939 0.00005 ( 3)  0.231  0.000
  42 R   0.02816 0.27709 0.35256 0.21526 0.08822 0.02853 0.00805 0.00213 0.00000 ( 3)  0.219  0.000
  43 T   0.18109 0.38024 0.25933 0.11730 0.04276 0.01382 0.00420 0.00125 0.00000 ( 2)  0.152  0.000
  44 N   0.00000 0.00000 0.00000 0.00001 0.00026 0.00302 0.01888 0.07564 0.90219 ( 9)  1.734  0.902
  45 T   0.00000 0.00000 0.00020 0.00561 0.04090 0.13708 0.28093 0.41330 0.12196 ( 8)  0.907  0.122
  46 -   0.16574 0.15571 0.14303 0.12937 0.11567 0.10250 0.09021 0.07902 0.01875 ( 1)  0.366  0.019
  47 G   0.22845 0.42146 0.23719 0.08372 0.02265 0.00521 0.00109 0.00022 0.00000 ( 2)  0.125  0.000
  48 G   0.00000 0.00001 0.00086 0.01308 0.06553 0.16882 0.28349 0.35904 0.10918 ( 8)  0.868  0.109
  49 F   0.00000 0.00003 0.00250 0.02595 0.09938 0.20805 0.29472 0.32250 0.04688 ( 8)  0.771  0.047
  50 G   0.00219 0.10431 0.28296 0.29488 0.18566 0.08605 0.03283 0.01111 0.00002 ( 4)  0.317  0.000
  51 P   0.00000 0.00237 0.04766 0.17121 0.26093 0.24379 0.17066 0.10117 0.00221 ( 5)  0.539  0.002
  52 I   0.04181 0.34029 0.35255 0.17849 0.06269 0.01812 0.00479 0.00125 0.00000 ( 3)  0.193  0.000
  53 R   0.24208 0.42503 0.22761 0.07784 0.02104 0.00502 0.00113 0.00025 0.00000 ( 2)  0.121  0.000
  54 V   0.03923 0.32834 0.35267 0.18553 0.06747 0.02001 0.00536 0.00139 0.00000 ( 3)  0.198  0.000
  55 T   0.00000 0.00000 0.00037 0.00583 0.03168 0.09428 0.19464 0.31926 0.35394 ( 9)  1.153  0.354
  56 V   0.00001 0.01059 0.10806 0.25204 0.27753 0.19651 0.10614 0.04877 0.00035 ( 5)  0.456  0.000
  57 N   0.00000 0.00034 0.01520 0.09423 0.21617 0.27420 0.23742 0.15956 0.00289 ( 6)  0.612  0.003
  58 G   0.00000 0.00001 0.00069 0.00971 0.05033 0.14173 0.26693 0.38120 0.14940 ( 8)  0.926  0.149
  59 P   0.00001 0.00284 0.03088 0.10515 0.19381 0.24239 0.23235 0.18442 0.00815 ( 6)  0.619  0.008
  60 L   0.03566 0.19467 0.28387 0.23662 0.14182 0.06836 0.02836 0.01061 0.00003 ( 3)  0.275  0.000
  61 T   0.01731 0.21866 0.34019 0.24441 0.11632 0.04386 0.01462 0.00463 0.00001 ( 3)  0.248  0.000
  62 Q   0.59083 0.27494 0.09698 0.02821 0.00708 0.00158 0.00032 0.00006 0.00000 ( 1)  0.066  0.000
  63 R   0.00000 0.00139 0.02390 0.09957 0.19956 0.25413 0.23783 0.17886 0.00476 ( 6)  0.618  0.005
  64 Y   0.61961 0.26706 0.08516 0.02209 0.00491 0.00097 0.00018 0.00003 0.00000 ( 1)  0.060  0.000
  65 R   0.40395 0.27324 0.16077 0.08600 0.04281 0.02016 0.00908 0.00396 0.00003 ( 1)  0.128  0.000
  66 I   0.00719 0.22746 0.37313 0.23703 0.10010 0.03664 0.01333 0.00508 0.00005 ( 3)  0.241  0.000
  67 G   0.29317 0.44552 0.19542 0.05263 0.01090 0.00196 0.00033 0.00006 0.00000 ( 2)  0.103  0.000
  68 F   0.00000 0.00034 0.00757 0.04258 0.11856 0.21323 0.28363 0.30227 0.03182 ( 8)  0.734  0.032
  69 R   0.58804 0.27529 0.09812 0.02898 0.00743 0.00171 0.00036 0.00007 0.00000 ( 1)  0.067  0.000
  70 Y   0.01983 0.21681 0.32583 0.24397 0.12386 0.04881 0.01615 0.00473 0.00000 ( 3)  0.253  0.000
  71 A   0.71015 0.22909 0.05044 0.00878 0.00132 0.00019 0.00003 0.00000 0.00000 ( 1)  0.046  0.000
  72 S   0.09001 0.25980 0.26618 0.18775 0.10743 0.05372 0.02452 0.01052 0.00007 ( 3)  0.237  0.000
  73 T   0.25333 0.43206 0.22064 0.07093 0.01793 0.00403 0.00088 0.00020 0.00000 ( 2)  0.116  0.000
  74 V   0.00000 0.00129 0.03151 0.13404 0.23703 0.25371 0.20194 0.13545 0.00502 ( 6)  0.580  0.005
  75 D   0.00003 0.02251 0.18526 0.33028 0.26546 0.13223 0.04898 0.01524 0.00002 ( 4)  0.379  0.000
  76 F   0.00180 0.08938 0.25769 0.28949 0.19912 0.10213 0.04364 0.01670 0.00006 ( 4)  0.337  0.000
  77 D   0.00000 0.00000 0.00000 0.00025 0.00579 0.04585 0.17913 0.42526 0.34371 ( 8)  1.178  0.344
  78 F   0.00004 0.01104 0.07955 0.18102 0.23227 0.21505 0.16418 0.11194 0.00493 ( 5)  0.530  0.005
  79 F   0.00000 0.00000 0.00054 0.01083 0.06354 0.17864 0.31022 0.38625 0.04997 ( 8)  0.808  0.050
  80 V   0.00019 0.04009 0.20157 0.29993 0.23981 0.13372 0.06031 0.02424 0.00014 ( 4)  0.381  0.000
  81 S   0.00000 0.00000 0.00000 0.00003 0.00089 0.00888 0.04575 0.14991 0.79455 ( 9)  1.628  0.795
  82 R   0.00000 0.00154 0.02407 0.09516 0.18930 0.24747 0.24261 0.19297 0.00689 ( 6)  0.628  0.007
  83 G   0.00000 0.00077 0.02084 0.10293 0.21430 0.26464 0.23203 0.16120 0.00329 ( 6)  0.607  0.003
  84 G   0.00000 0.00000 0.00016 0.00437 0.03482 0.12861 0.28285 0.43125 0.11795 ( 8)  0.910  0.118
  85 T   0.00000 0.00020 0.00973 0.06729 0.17619 0.26028 0.26627 0.21270 0.00735 ( 7)  0.655  0.007
  86 T   0.00000 0.00000 0.00056 0.01093 0.06269 0.17345 0.29997 0.37848 0.07392 ( 8)  0.834  0.074
  87 -   0.16877 0.15785 0.14415 0.12952 0.11499 0.10118 0.08846 0.07702 0.01806 ( 1)  0.361  0.018
  88 -   0.00015 0.00347 0.01457 0.03663 0.07148 0.11981 0.18132 0.25493 0.31764 ( 9)  1.062  0.318
  89 V   0.00001 0.01376 0.12541 0.26421 0.26953 0.18268 0.09781 0.04607 0.00051 ( 5)  0.444  0.001
  90 N   0.00000 0.00005 0.00535 0.05549 0.17878 0.28197 0.27759 0.19815 0.00261 ( 6)  0.651  0.003
  91 N   0.00000 0.00002 0.00202 0.02299 0.09462 0.20874 0.30401 0.33208 0.03552 ( 8)  0.763  0.036
  92 F   0.00000 0.00009 0.00525 0.04524 0.14434 0.25099 0.29102 0.25408 0.00900 ( 7)  0.687  0.009
  93 R   0.00000 0.00000 0.00004 0.00184 0.01957 0.09034 0.23948 0.43117 0.21755 ( 8)  1.030  0.218
  94 F   0.00000 0.00050 0.01035 0.05414 0.13910 0.22945 0.27864 0.27011 0.01770 ( 7)  0.698  0.018
  95 L   0.00000 0.00000 0.00001 0.00076 0.01011 0.05712 0.18237 0.38891 0.36071 ( 8)  1.187  0.361
  96 R   0.00001 0.00831 0.09040 0.22720 0.27210 0.21135 0.12602 0.06401 0.00060 ( 5)  0.481  0.001
  97 T   0.74485 0.20962 0.03897 0.00571 0.00074 0.00009 0.00001 0.00000 0.00000 ( 1)  0.041  0.000
  98 M   0.71083 0.23027 0.04964 0.00807 0.00106 0.00012 0.00001 0.00000 0.00000 ( 1)  0.046  0.000
  99 N   0.00000 0.00011 0.00476 0.03690 0.11939 0.22497 0.29428 0.29720 0.02239 ( 8)  0.725  0.022
 100 S   0.00000 0.00002 0.00241 0.02900 0.11471 0.23208 0.30359 0.29635 0.02184 ( 7)  0.729  0.022
 101 G   0.02257 0.24051 0.34099 0.23452 0.10786 0.03855 0.01174 0.00325 0.00000 ( 3)  0.237  0.000
 102 D   0.00000 0.00000 0.00000 0.00017 0.00212 0.01382 0.05697 0.16750 0.75942 ( 9)  1.592  0.759
 103 E   0.00304 0.13439 0.32619 0.29491 0.15698 0.06035 0.01889 0.00524 0.00000 ( 3)  0.284  0.000
 104 L   0.00072 0.04306 0.15883 0.23813 0.22656 0.16633 0.10491 0.06037 0.00109 ( 4)  0.436  0.001
 105 K   0.00001 0.00987 0.10364 0.24775 0.27810 0.19993 0.10941 0.05090 0.00038 ( 5)  0.461  0.000
 106 Y   0.06076 0.19880 0.23986 0.20317 0.14082 0.08534 0.04694 0.02403 0.00028 ( 3)  0.293  0.000
 107 G   0.00453 0.17679 0.36574 0.27748 0.12322 0.03950 0.01034 0.00240 0.00000 ( 3)  0.254  0.000
 108 N   0.00604 0.08723 0.19304 0.23092 0.20022 0.14237 0.08874 0.05052 0.00092 ( 4)  0.397  0.001
 109 F   0.03591 0.31767 0.35920 0.19364 0.06909 0.01904 0.00448 0.00097 0.00000 ( 3)  0.200  0.000
 110 V   0.00000 0.00007 0.00416 0.03561 0.11701 0.21929 0.28776 0.29829 0.03781 ( 8)  0.745  0.038
 111 R   0.00251 0.11482 0.29593 0.29243 0.17574 0.07880 0.02964 0.01010 0.00003 ( 3)  0.307  0.000
 112 R   0.00000 0.00061 0.01634 0.08503 0.18850 0.25192 0.24620 0.19838 0.01303 ( 6)  0.645  0.013
 113 A   0.00373 0.06361 0.16694 0.22968 0.21892 0.16259 0.10039 0.05374 0.00040 ( 4)  0.420  0.000
 114 F   0.00102 0.06656 0.23965 0.30764 0.22093 0.10893 0.04171 0.01354 0.00002 ( 4)  0.347  0.000
 115 T   0.00000 0.00200 0.04190 0.15786 0.25271 0.24756 0.18127 0.11258 0.00411 ( 5)  0.555  0.004
 116 T   0.00018 0.03835 0.19401 0.29344 0.24114 0.13950 0.06564 0.02755 0.00019 ( 4)  0.389  0.000
 117 P   0.00000 0.00002 0.00216 0.02771 0.11475 0.23776 0.31036 0.29381 0.01344 ( 7)  0.720  0.013
 118 -   0.11835 0.11835 0.11835 0.11835 0.11835 0.11835 0.11835 0.11835 0.05319 ( 5)  0.484  0.053
 119 -   0.11835 0.11835 0.11835 0.11835 0.11835 0.11835 0.11835 0.11835 0.05319 ( 5)  0.484  0.053
 120 -   0.11835 0.11835 0.11835 0.11835 0.11835 0.11835 0.11835 0.11835 0.05319 ( 5)  0.484  0.053
 121 -   0.11835 0.11835 0.11835 0.11835 0.11835 0.11835 0.11835 0.11835 0.05319 ( 4)  0.484  0.053
 122 -   0.11835 0.11835 0.11835 0.11835 0.11835 0.11835 0.11835 0.11835 0.05319 ( 5)  0.484  0.053
 123 -   0.11835 0.11835 0.11835 0.11835 0.11835 0.11835 0.11835 0.11835 0.05319 ( 5)  0.484  0.053
 124 F   0.04153 0.34511 0.35998 0.17750 0.05772 0.01447 0.00308 0.00060 0.00000 ( 3)  0.188  0.000
 125 T   0.00000 0.00000 0.00038 0.00936 0.06108 0.17807 0.30879 0.37969 0.06263 ( 8)  0.823  0.063
 126 F   0.00008 0.02121 0.14169 0.27342 0.27003 0.17454 0.08488 0.03408 0.00009 ( 4)  0.424  0.000
 127 T   0.00000 0.00020 0.00942 0.06247 0.15998 0.23980 0.26209 0.23755 0.02848 ( 7)  0.693  0.028
 128 Q   0.00001 0.00531 0.05002 0.14531 0.22779 0.24210 0.19645 0.13089 0.00212 ( 6)  0.563  0.002
 129 I   0.00000 0.00008 0.00666 0.05944 0.17306 0.26278 0.26851 0.21623 0.01324 ( 7)  0.668  0.013
 130 Q   0.00000 0.00150 0.02551 0.10517 0.20751 0.25800 0.23307 0.16665 0.00260 ( 6)  0.607  0.003
 131 D   0.00000 0.00156 0.03618 0.14948 0.25631 0.25934 0.18725 0.10866 0.00124 ( 6)  0.555  0.001
 132 I   0.00000 0.00000 0.00022 0.00506 0.03371 0.10890 0.22279 0.34085 0.28846 ( 8)  1.083  0.288
 133 I   0.00225 0.10555 0.28177 0.29089 0.18397 0.08744 0.03515 0.01293 0.00006 ( 4)  0.319  0.000
 134 R   0.00042 0.02747 0.11422 0.19870 0.22327 0.19406 0.14334 0.09513 0.00338 ( 5)  0.493  0.003
 135 T   0.00000 0.00001 0.00059 0.00788 0.04136 0.12320 0.25131 0.39139 0.18427 ( 8)  0.972  0.184
 136 S   0.00000 0.00000 0.00046 0.00911 0.05319 0.15289 0.28160 0.38738 0.11537 ( 8)  0.888  0.115
 137 I   0.00000 0.00201 0.02947 0.10703 0.19425 0.23664 0.22664 0.18719 0.01676 ( 6)  0.630  0.017
 138 Q   0.00000 0.00001 0.00073 0.01201 0.06472 0.17691 0.30646 0.38455 0.05462 ( 8)  0.812  0.055
 139 G   0.00000 0.00008 0.00478 0.04163 0.13519 0.24169 0.29159 0.26881 0.01622 ( 7)  0.704  0.016
 140 L   0.00001 0.00901 0.09987 0.25002 0.28739 0.20416 0.10545 0.04398 0.00011 ( 5)  0.458  0.000
 141 S   0.00000 0.00177 0.02902 0.11413 0.21473 0.25589 0.22389 0.15747 0.00311 ( 6)  0.598  0.003
 142 G   0.00000 0.00000 0.00040 0.00856 0.05369 0.16064 0.29619 0.39271 0.08780 ( 8)  0.858  0.088
 143 N   0.00023 0.04776 0.22656 0.31344 0.23018 0.11678 0.04766 0.01732 0.00007 ( 4)  0.361  0.000
 144 G   0.00000 0.00001 0.00072 0.01154 0.06145 0.16863 0.29802 0.38713 0.07249 ( 8)  0.835  0.072
 145 E   0.00321 0.13732 0.32455 0.29060 0.15632 0.06186 0.02022 0.00591 0.00001 ( 3)  0.285  0.000
 146 V   0.00035 0.02372 0.10503 0.19375 0.22743 0.20209 0.14896 0.09632 0.00236 ( 5)  0.500  0.002
 147 Y   0.17861 0.38621 0.26590 0.11646 0.03886 0.01077 0.00262 0.00058 0.00000 ( 2)  0.148  0.000
 148 I   0.00000 0.00076 0.02008 0.09830 0.20563 0.25925 0.23620 0.17381 0.00597 ( 6)  0.619  0.006
 149 D   0.73739 0.21481 0.04100 0.00599 0.00073 0.00008 0.00001 0.00000 0.00000 ( 1)  0.042  0.000
 150 K   0.00048 0.08288 0.31266 0.33118 0.18114 0.06702 0.01960 0.00503 0.00000 ( 4)  0.303  0.000
 151 I   0.05068 0.37809 0.34983 0.15652 0.04863 0.01255 0.00300 0.00071 0.00000 ( 2)  0.178  0.000
 152 E   0.71676 0.22593 0.04805 0.00798 0.00113 0.00015 0.00002 0.00000 0.00000 ( 1)  0.045  0.000
 153 I   0.00864 0.11652 0.23399 0.24852 0.18782 0.11464 0.06060 0.02903 0.00024 ( 4)  0.350  0.000
 154 I   0.00937 0.12176 0.23560 0.24374 0.18267 0.11301 0.06196 0.03148 0.00042 ( 4)  0.349  0.000
 155 P   0.37218 0.26380 0.16571 0.09610 0.05267 0.02777 0.01430 0.00729 0.00018 ( 1)  0.147  0.000

Positively selected sites

	Prob(w>1)  mean w

    23 P      0.580         1.412
    24 Q      0.501         1.325
    44 N      0.902         1.734
    81 S      0.795         1.628
   102 D      0.759         1.592


lnL = -4061.249127

Bayes Empirical Bayes (BEB) probabilities for 11 classes (class) & postmean_w
(amino acids refer to 1st sequence: BT_Cry1Ba1)

   1 -   0.18819 0.12109 0.10431 0.09360 0.08532 0.07824 0.07182 0.06575 0.05993 0.05779 0.07396 ( 1)  0.504 +-  0.495
   2 -   0.18819 0.12109 0.10431 0.09360 0.08532 0.07824 0.07182 0.06575 0.05993 0.05779 0.07396 ( 1)  0.504 +-  0.495
   3 -   0.18819 0.12109 0.10431 0.09360 0.08532 0.07824 0.07182 0.06575 0.05993 0.05779 0.07396 ( 1)  0.504 +-  0.495
   4 -   0.18819 0.12109 0.10431 0.09360 0.08532 0.07824 0.07182 0.06575 0.05993 0.05779 0.07396 ( 1)  0.504 +-  0.495
   5 -   0.18819 0.12109 0.10431 0.09360 0.08532 0.07824 0.07182 0.06575 0.05993 0.05779 0.07396 ( 1)  0.504 +-  0.495
   6 -   0.41699 0.19476 0.12308 0.08239 0.05701 0.04040 0.02918 0.02139 0.01587 0.01268 0.00626 ( 1)  0.228 +-  0.245
   7 -   0.21958 0.22424 0.17700 0.12650 0.08724 0.05948 0.04054 0.02776 0.01917 0.01434 0.00416 ( 2)  0.289 +-  0.234
   8 -   0.00287 0.05192 0.12671 0.16819 0.16921 0.14675 0.11680 0.08829 0.06477 0.05008 0.01442 ( 5)  0.522 +-  0.249
   9 -   0.07976 0.30160 0.28119 0.17216 0.08846 0.04204 0.01940 0.00893 0.00418 0.00218 0.00010 ( 2)  0.268 +-  0.152
  10 R   0.06750 0.28129 0.28306 0.18364 0.09819 0.04765 0.02201 0.00994 0.00447 0.00219 0.00005 ( 3)  0.279 +-  0.153
  11 I   0.87943 0.10042 0.01631 0.00302 0.00063 0.00014 0.00004 0.00001 0.00000 0.00000 0.00000 ( 1)  0.065 +-  0.043
  12 T   0.85839 0.11454 0.02131 0.00442 0.00100 0.00025 0.00006 0.00002 0.00001 0.00000 0.00000 ( 1)  0.068 +-  0.048
  13 Q   0.39512 0.29334 0.16346 0.08066 0.03759 0.01696 0.00751 0.00328 0.00142 0.00065 0.00001 ( 1)  0.168 +-  0.137
  14 I   0.01725 0.10712 0.16969 0.17896 0.15727 0.12488 0.09303 0.06635 0.04597 0.03362 0.00586 ( 4)  0.452 +-  0.233
  15 P   0.80019 0.14932 0.03705 0.00974 0.00265 0.00074 0.00021 0.00006 0.00002 0.00001 0.00000 ( 1)  0.077 +-  0.062
  16 M   0.00000 0.00001 0.00032 0.00244 0.00977 0.02636 0.05464 0.09370 0.13906 0.19360 0.48010 (11)  1.265 +-  0.570
  17 V   0.10300 0.34236 0.28211 0.15327 0.06997 0.02950 0.01203 0.00486 0.00198 0.00089 0.00002 ( 2)  0.242 +-  0.137
  18 K   0.73724 0.17583 0.05650 0.01939 0.00693 0.00256 0.00097 0.00037 0.00015 0.00006 0.00000 ( 1)  0.090 +-  0.081
  19 A   0.08057 0.30555 0.28425 0.17236 0.08686 0.04002 0.01768 0.00769 0.00336 0.00161 0.00004 ( 2)  0.264 +-  0.147
  20 S   0.00000 0.00126 0.01415 0.04987 0.10059 0.14636 0.17202 0.17385 0.15690 0.13638 0.04862 ( 8)  0.726 +-  0.253
  21 E   0.00000 0.00017 0.00418 0.02343 0.06398 0.11521 0.15870 0.18169 0.18174 0.17188 0.09901 ( 9)  0.811 +-  0.298
  22 L   0.00000 0.00125 0.01382 0.04824 0.09694 0.14126 0.16715 0.17098 0.15708 0.13983 0.06344 ( 8)  0.742 +-  0.276
  23 P   0.00000 0.00000 0.00007 0.00084 0.00453 0.01490 0.03542 0.06701 0.10697 0.15779 0.61247 (11)  1.481 +-  0.716
  24 Q   0.00000 0.00001 0.00029 0.00240 0.00960 0.02530 0.05080 0.08430 0.12154 0.16545 0.54031 (11)  1.384 +-  0.690
  25 G   0.83391 0.12997 0.02761 0.00638 0.00157 0.00041 0.00011 0.00003 0.00001 0.00000 0.00000 ( 1)  0.071 +-  0.054
  26 T   0.00001 0.00243 0.02349 0.07187 0.12703 0.16387 0.17306 0.15953 0.13349 0.10997 0.03526 ( 7)  0.683 +-  0.247
  27 T   0.00205 0.07005 0.18362 0.22328 0.19171 0.13678 0.08779 0.05299 0.03095 0.01925 0.00153 ( 4)  0.440 +-  0.193
  28 V   0.00395 0.03795 0.08595 0.12273 0.14062 0.14186 0.13180 0.11553 0.09703 0.08393 0.03863 ( 6)  0.606 +-  0.294
  29 V   0.50498 0.28054 0.12421 0.05191 0.02176 0.00932 0.00411 0.00186 0.00086 0.00043 0.00002 ( 1)  0.137 +-  0.119
  30 R   0.00472 0.12543 0.25777 0.24796 0.17008 0.09795 0.05130 0.02555 0.01245 0.00657 0.00022 ( 3)  0.370 +-  0.166
  31 G   0.58144 0.27310 0.09812 0.03217 0.01029 0.00330 0.00107 0.00036 0.00012 0.00005 0.00000 ( 1)  0.113 +-  0.093
  32 P   0.78669 0.15593 0.04113 0.01149 0.00333 0.00099 0.00030 0.00009 0.00003 0.00001 0.00000 ( 1)  0.079 +-  0.066
  33 G   0.82242 0.13651 0.03082 0.00754 0.00196 0.00053 0.00015 0.00004 0.00001 0.00000 0.00000 ( 1)  0.073 +-  0.057
  34 F   0.84930 0.12132 0.02325 0.00478 0.00103 0.00023 0.00005 0.00001 0.00000 0.00000 0.00000 ( 1)  0.069 +-  0.050
  35 T   0.67801 0.23556 0.06415 0.01644 0.00425 0.00114 0.00032 0.00009 0.00003 0.00001 0.00000 ( 1)  0.094 +-  0.075
  36 G   0.83498 0.12941 0.02729 0.00625 0.00152 0.00039 0.00011 0.00003 0.00001 0.00000 0.00000 ( 1)  0.071 +-  0.054
  37 G   0.70410 0.18630 0.06663 0.02549 0.01019 0.00421 0.00179 0.00078 0.00034 0.00016 0.00001 ( 1)  0.098 +-  0.093
  38 D   0.35843 0.37892 0.17330 0.06123 0.01953 0.00598 0.00181 0.00055 0.00017 0.00006 0.00000 ( 2)  0.153 +-  0.106
  39 I   0.10395 0.33755 0.27697 0.15278 0.07219 0.03209 0.01403 0.00619 0.00279 0.00141 0.00006 ( 2)  0.246 +-  0.143
  40 L   0.08247 0.20350 0.21616 0.17376 0.12313 0.08162 0.05208 0.03250 0.02005 0.01330 0.00143 ( 3)  0.340 +-  0.209
  41 R   0.29763 0.26713 0.18231 0.11104 0.06432 0.03630 0.02020 0.01114 0.00612 0.00360 0.00022 ( 1)  0.219 +-  0.176
  42 R   0.21421 0.34416 0.23197 0.11793 0.05318 0.02270 0.00948 0.00394 0.00165 0.00076 0.00002 ( 2)  0.209 +-  0.139
  43 T   0.47599 0.28724 0.13508 0.05849 0.02481 0.01054 0.00454 0.00198 0.00088 0.00043 0.00001 ( 1)  0.144 +-  0.122
  44 N   0.00000 0.00000 0.00000 0.00003 0.00029 0.00146 0.00506 0.01326 0.02839 0.05473 0.89677 (11)  1.867 +-  0.783
  45 T   0.00000 0.00004 0.00151 0.01078 0.03563 0.07593 0.12254 0.16332 0.18905 0.20509 0.19611 (10)  0.929 +-  0.370
  46 -   0.25731 0.15186 0.12005 0.09897 0.08299 0.07011 0.05937 0.05022 0.04237 0.03795 0.02878 ( 1)  0.372 +-  0.356
  47 G   0.55718 0.27947 0.10704 0.03727 0.01260 0.00425 0.00144 0.00050 0.00018 0.00007 0.00000 ( 1)  0.119 +-  0.098
  48 G   0.00000 0.00024 0.00440 0.02153 0.05542 0.09838 0.13765 0.16356 0.17264 0.17482 0.17137 (10)  0.897 +-  0.422
  49 F   0.00000 0.00083 0.01021 0.03866 0.08275 0.12718 0.15807 0.16980 0.16410 0.15388 0.09452 ( 8)  0.785 +-  0.306
  50 G   0.04856 0.23156 0.26808 0.19953 0.12153 0.06653 0.03427 0.01705 0.00835 0.00441 0.00013 ( 3)  0.312 +-  0.169
  51 P   0.00022 0.02313 0.10100 0.17266 0.19239 0.17019 0.13156 0.09367 0.06346 0.04476 0.00697 ( 5)  0.532 +-  0.214
  52 I   0.28308 0.36192 0.20416 0.09036 0.03664 0.01445 0.00571 0.00229 0.00095 0.00043 0.00001 ( 2)  0.182 +-  0.127
  53 R   0.57498 0.27210 0.10047 0.03447 0.01172 0.00404 0.00143 0.00052 0.00019 0.00008 0.00000 ( 1)  0.116 +-  0.097
  54 V   0.27028 0.35865 0.20942 0.09551 0.03968 0.01594 0.00638 0.00258 0.00106 0.00049 0.00001 ( 2)  0.187 +-  0.129
  55 T   0.00000 0.00010 0.00189 0.00960 0.02656 0.05208 0.08236 0.11268 0.13903 0.16676 0.40894 (11)  1.212 +-  0.657
  56 V   0.00172 0.06248 0.17262 0.21934 0.19507 0.14290 0.09339 0.05695 0.03337 0.02067 0.00150 ( 4)  0.449 +-  0.194
  57 N   0.00002 0.00597 0.04591 0.11473 0.16905 0.18464 0.16710 0.13326 0.09731 0.07103 0.01099 ( 6)  0.605 +-  0.214
  58 G   0.00000 0.00020 0.00330 0.01597 0.04271 0.08058 0.12104 0.15489 0.17587 0.19071 0.21474 (11)  0.944 +-  0.419
  59 P   0.00059 0.01724 0.06206 0.11379 0.14947 0.16096 0.15198 0.13069 0.10486 0.08482 0.02353 ( 6)  0.616 +-  0.250
  60 L   0.16966 0.26135 0.22368 0.15077 0.09041 0.05073 0.02734 0.01435 0.00743 0.00411 0.00016 ( 2)  0.264 +-  0.178
  61 T   0.15358 0.31719 0.25028 0.14383 0.07234 0.03429 0.01589 0.00734 0.00343 0.00176 0.00006 ( 2)  0.240 +-  0.152
  62 Q   0.75374 0.17094 0.05130 0.01618 0.00524 0.00173 0.00058 0.00020 0.00007 0.00002 0.00000 ( 1)  0.086 +-  0.075
  63 R   0.00019 0.01193 0.05514 0.11271 0.15519 0.16944 0.15893 0.13393 0.10429 0.08128 0.01696 ( 6)  0.613 +-  0.232
  64 Y   0.77965 0.15937 0.04327 0.01242 0.00368 0.00112 0.00034 0.00011 0.00003 0.00001 0.00000 ( 1)  0.081 +-  0.068
  65 R   0.55860 0.21149 0.10676 0.05651 0.03061 0.01681 0.00931 0.00518 0.00289 0.00171 0.00013 ( 1)  0.143 +-  0.146
  66 I   0.12864 0.35813 0.26109 0.13431 0.06253 0.02892 0.01378 0.00684 0.00354 0.00206 0.00016 ( 2)  0.236 +-  0.146
  67 G   0.64520 0.25013 0.07532 0.02110 0.00588 0.00167 0.00049 0.00015 0.00005 0.00002 0.00000 ( 1)  0.100 +-  0.081
  68 F   0.00004 0.00345 0.02077 0.05471 0.09617 0.13276 0.15585 0.16254 0.15464 0.14373 0.07534 ( 8)  0.747 +-  0.291
  69 R   0.75085 0.17191 0.05221 0.01671 0.00551 0.00185 0.00063 0.00022 0.00008 0.00003 0.00000 ( 1)  0.086 +-  0.076
  70 Y   0.16088 0.30307 0.24324 0.14657 0.07726 0.03782 0.01771 0.00806 0.00362 0.00174 0.00003 ( 2)  0.244 +-  0.156
  71 A   0.85318 0.11827 0.02248 0.00469 0.00105 0.00025 0.00006 0.00002 0.00000 0.00000 0.00000 ( 1)  0.068 +-  0.049
  72 S   0.28784 0.26371 0.18361 0.11396 0.06718 0.03856 0.02179 0.01220 0.00680 0.00407 0.00028 ( 1)  0.225 +-  0.179
  73 T   0.59234 0.26813 0.09401 0.03059 0.00991 0.00328 0.00113 0.00040 0.00015 0.00006 0.00000 ( 1)  0.112 +-  0.093
  74 V   0.00011 0.01447 0.07442 0.14444 0.17889 0.17357 0.14583 0.11207 0.08145 0.06104 0.01370 ( 5)  0.574 +-  0.229
  75 D   0.00392 0.11430 0.25169 0.25328 0.17771 0.10258 0.05291 0.02556 0.01194 0.00598 0.00014 ( 4)  0.375 +-  0.164
  76 F   0.04079 0.20694 0.25525 0.20276 0.13205 0.07743 0.04279 0.02286 0.01202 0.00682 0.00031 ( 3)  0.332 +-  0.179
  77 D   0.00000 0.00000 0.00004 0.00077 0.00561 0.02181 0.05638 0.10937 0.17142 0.23840 0.39621 (11)  1.160 +-  0.475
  78 F   0.00273 0.05007 0.12379 0.16639 0.16935 0.14835 0.11898 0.09033 0.06629 0.05101 0.01270 ( 5)  0.524 +-  0.242
  79 F   0.00000 0.00013 0.00335 0.01938 0.05513 0.10396 0.15031 0.18050 0.18878 0.18543 0.11303 ( 9)  0.832 +-  0.297
  80 V   0.01125 0.14086 0.24125 0.22632 0.16199 0.10067 0.05786 0.03188 0.01725 0.01008 0.00059 ( 3)  0.376 +-  0.182
  81 S   0.00000 0.00000 0.00000 0.00011 0.00090 0.00408 0.01250 0.02911 0.05544 0.09570 0.80217 (11)  1.745 +-  0.776
  82 R   0.00022 0.01236 0.05364 0.10700 0.14751 0.16383 0.15769 0.13696 0.11011 0.08850 0.02218 ( 6)  0.626 +-  0.242
  83 G   0.00007 0.00930 0.05404 0.11931 0.16631 0.17809 0.16124 0.13017 0.09686 0.07230 0.01232 ( 6)  0.601 +-  0.221
  84 G   0.00000 0.00003 0.00115 0.00865 0.03068 0.06993 0.11906 0.16479 0.19518 0.21371 0.19683 (10)  0.935 +-  0.365
  85 T   0.00001 0.00373 0.03149 0.08668 0.14117 0.17086 0.17146 0.15143 0.12199 0.09719 0.02400 ( 7)  0.654 +-  0.233
  86 T   0.00000 0.00014 0.00339 0.01927 0.05400 0.10075 0.14489 0.17414 0.18354 0.18319 0.13669 ( 9)  0.856 +-  0.335
  87 -   0.26149 0.15341 0.12057 0.09886 0.08247 0.06933 0.05846 0.04925 0.04140 0.03697 0.02781 ( 1)  0.368 +-  0.353
  88 -   0.00173 0.00960 0.02196 0.03691 0.05315 0.06956 0.08518 0.09907 0.11042 0.12494 0.38749 (11)  1.198 +-  0.825
  89 V   0.00235 0.07516 0.18812 0.22217 0.18783 0.13339 0.08595 0.05242 0.03110 0.01972 0.00180 ( 4)  0.437 +-  0.195
  90 N   0.00000 0.00169 0.02260 0.07927 0.14611 0.18565 0.18593 0.15823 0.11985 0.08829 0.01239 ( 7)  0.645 +-  0.206
  91 N   0.00000 0.00065 0.00879 0.03550 0.07982 0.12720 0.16192 0.17601 0.17012 0.15758 0.08242 ( 8)  0.778 +-  0.287
  92 F   0.00000 0.00188 0.01950 0.06361 0.11905 0.16119 0.17684 0.16741 0.14211 0.11702 0.03139 ( 7)  0.689 +-  0.236
  93 R   0.00000 0.00001 0.00041 0.00407 0.01761 0.04693 0.09103 0.14126 0.18562 0.22412 0.28894 (11)  1.039 +-  0.429
  94 F   0.00006 0.00485 0.02737 0.06778 0.11217 0.14599 0.16177 0.15946 0.14361 0.12681 0.05012 ( 7)  0.705 +-  0.267
  95 L   0.00000 0.00000 0.00016 0.00186 0.00942 0.02892 0.06373 0.11105 0.16239 0.21726 0.40520 (11)  1.176 +-  0.517
  96 R   0.00132 0.05135 0.15134 0.20488 0.19402 0.15130 0.10520 0.06815 0.04231 0.02761 0.00251 ( 4)  0.473 +-  0.202
  97 T   0.87815 0.10159 0.01648 0.00301 0.00060 0.00013 0.00003 0.00001 0.00000 0.00000 0.00000 ( 1)  0.065 +-  0.043
  98 M   0.85587 0.11757 0.02140 0.00412 0.00082 0.00017 0.00004 0.00001 0.00000 0.00000 0.00000 ( 1)  0.068 +-  0.048
  99 N   0.00001 0.00185 0.01624 0.05137 0.09857 0.14077 0.16552 0.16949 0.15637 0.13985 0.05995 ( 8)  0.736 +-  0.269
 100 S   0.00000 0.00074 0.01104 0.04466 0.09646 0.14500 0.17280 0.17556 0.15886 0.13859 0.05629 ( 8)  0.738 +-  0.263
 101 G   0.18015 0.32300 0.24200 0.13532 0.06628 0.03033 0.01339 0.00581 0.00251 0.00118 0.00002 ( 2)  0.228 +-  0.148
 102 D   0.00000 0.00000 0.00004 0.00042 0.00218 0.00736 0.01880 0.03915 0.06979 0.11670 0.74556 (11)  1.629 +-  0.685
 103 E   0.06478 0.27679 0.28460 0.18714 0.10041 0.04840 0.02198 0.00967 0.00421 0.00199 0.00004 ( 3)  0.280 +-  0.152
 104 L   0.01806 0.11874 0.18788 0.19058 0.15821 0.11825 0.08331 0.05666 0.03776 0.02678 0.00376 ( 4)  0.428 +-  0.222
 105 K   0.00158 0.05941 0.16816 0.21748 0.19598 0.14506 0.09564 0.05877 0.03468 0.02162 0.00162 ( 4)  0.454 +-  0.194
 106 Y   0.21104 0.22847 0.18668 0.13466 0.09139 0.05982 0.03822 0.02400 0.01488 0.00984 0.00102 ( 2)  0.279 +-  0.210
 107 G   0.09041 0.32676 0.28773 0.16394 0.07700 0.03277 0.01324 0.00522 0.00204 0.00087 0.00001 ( 2)  0.251 +-  0.138
 108 N   0.05818 0.16217 0.19381 0.17435 0.13732 0.10037 0.07001 0.04733 0.03135 0.02208 0.00304 ( 3)  0.387 +-  0.227
 109 F   0.25557 0.36114 0.21812 0.09996 0.04059 0.01555 0.00580 0.00215 0.00080 0.00033 0.00000 ( 2)  0.190 +-  0.127
 110 V   0.00000 0.00149 0.01516 0.04981 0.09601 0.13663 0.16045 0.16519 0.15456 0.14154 0.07915 ( 8)  0.756 +-  0.298
 111 R   0.05449 0.24622 0.27153 0.19400 0.11441 0.06119 0.03108 0.01537 0.00754 0.00402 0.00015 ( 3)  0.303 +-  0.166
 112 R   0.00006 0.00722 0.04362 0.10089 0.14751 0.16650 0.16020 0.13887 0.11215 0.09151 0.03148 ( 6)  0.644 +-  0.255
 113 A   0.03933 0.13365 0.18377 0.18197 0.15228 0.11487 0.08069 0.05379 0.03450 0.02317 0.00199 ( 3)  0.410 +-  0.221
 114 F   0.02669 0.18031 0.25936 0.22151 0.14666 0.08394 0.04393 0.02173 0.01042 0.00533 0.00013 ( 3)  0.342 +-  0.171
 115 T   0.00019 0.02008 0.09146 0.16259 0.18776 0.17155 0.13652 0.09985 0.06942 0.05022 0.01035 ( 5)  0.548 +-  0.224
 116 T   0.01077 0.13534 0.23437 0.22370 0.16365 0.10424 0.06151 0.03480 0.01931 0.01155 0.00076 ( 3)  0.383 +-  0.186
 117 P   0.00000 0.00065 0.01036 0.04381 0.09749 0.14904 0.17851 0.18026 0.16046 0.13636 0.04307 ( 8)  0.726 +-  0.242
 118 -   0.18819 0.12109 0.10431 0.09360 0.08532 0.07824 0.07182 0.06575 0.05993 0.05779 0.07396 ( 1)  0.504 +-  0.495
 119 -   0.18819 0.12109 0.10431 0.09360 0.08532 0.07824 0.07182 0.06575 0.05993 0.05779 0.07396 ( 1)  0.504 +-  0.495
 120 -   0.18819 0.12109 0.10431 0.09360 0.08532 0.07824 0.07182 0.06575 0.05993 0.05779 0.07396 ( 1)  0.504 +-  0.495
 121 -   0.18819 0.12109 0.10431 0.09360 0.08532 0.07824 0.07182 0.06575 0.05993 0.05779 0.07396 ( 1)  0.504 +-  0.495
 122 -   0.18819 0.12109 0.10431 0.09360 0.08532 0.07824 0.07182 0.06575 0.05993 0.05779 0.07396 ( 1)  0.504 +-  0.495
 123 -   0.18819 0.12109 0.10431 0.09360 0.08532 0.07824 0.07182 0.06575 0.05993 0.05779 0.07396 ( 1)  0.504 +-  0.495
 124 F   0.28424 0.36970 0.20644 0.08794 0.03335 0.01197 0.00419 0.00146 0.00051 0.00019 0.00000 ( 2)  0.178 +-  0.120
 125 T   0.00000 0.00008 0.00268 0.01761 0.05337 0.10337 0.15038 0.17988 0.18681 0.18259 0.12321 ( 9)  0.844 +-  0.319
 126 F   0.00524 0.09055 0.19893 0.22610 0.18699 0.12883 0.07916 0.04513 0.02453 0.01400 0.00054 ( 4)  0.418 +-  0.186
 127 T   0.00001 0.00364 0.02947 0.07887 0.12707 0.15510 0.16022 0.14872 0.12842 0.11152 0.05696 ( 7)  0.698 +-  0.292
 128 Q   0.00117 0.02913 0.09099 0.14659 0.17108 0.16503 0.14033 0.10907 0.07931 0.05859 0.00871 ( 5)  0.555 +-  0.226
 129 I   0.00000 0.00221 0.02547 0.08054 0.13922 0.17193 0.17297 0.15250 0.12315 0.09924 0.03278 ( 7)  0.668 +-  0.247
 130 Q   0.00020 0.01276 0.05850 0.11839 0.16096 0.17300 0.15915 0.13102 0.09924 0.07498 0.01178 ( 6)  0.601 +-  0.223
 131 D   0.00014 0.01681 0.08366 0.15899 0.19205 0.17967 0.14345 0.10320 0.06926 0.04750 0.00527 ( 5)  0.547 +-  0.207
 132 I   0.00000 0.00005 0.00143 0.00915 0.02869 0.05964 0.09553 0.12824 0.15191 0.17241 0.35295 (11)  1.148 +-  0.629
 133 I   0.04954 0.23185 0.26529 0.19684 0.12065 0.06712 0.03550 0.01832 0.00939 0.00524 0.00026 ( 3)  0.314 +-  0.172
 134 R   0.01109 0.08254 0.14822 0.17073 0.16029 0.13439 0.10508 0.07844 0.05675 0.04315 0.00932 ( 4)  0.486 +-  0.243
 135 T   0.00000 0.00018 0.00270 0.01291 0.03519 0.06898 0.10875 0.14668 0.17563 0.20036 0.24861 (11)  0.980 +-  0.422
 136 S   0.00000 0.00011 0.00279 0.01598 0.04553 0.08721 0.12997 0.16329 0.18122 0.19159 0.18231 (10)  0.905 +-  0.368
 137 I   0.00029 0.01537 0.06209 0.11514 0.14866 0.15714 0.14707 0.12715 0.10411 0.08718 0.03580 ( 6)  0.629 +-  0.275
 138 Q   0.00000 0.00020 0.00397 0.02058 0.05577 0.10308 0.14817 0.17814 0.18717 0.18506 0.11786 ( 9)  0.836 +-  0.305
 139 G   0.00000 0.00171 0.01780 0.05869 0.11148 0.15377 0.17252 0.16770 0.14676 0.12500 0.04457 ( 7)  0.709 +-  0.255
 140 L   0.00141 0.05616 0.16654 0.22199 0.20252 0.14897 0.09579 0.05640 0.03135 0.01815 0.00073 ( 4)  0.450 +-  0.187
 141 S   0.00024 0.01468 0.06455 0.12569 0.16513 0.17239 0.15494 0.12539 0.09400 0.07086 0.01212 ( 6)  0.592 +-  0.225
 142 G   0.00000 0.00009 0.00255 0.01558 0.04656 0.09171 0.13800 0.17217 0.18707 0.19125 0.15502 (10)  0.882 +-  0.352
 143 N   0.01367 0.16127 0.25975 0.22876 0.15359 0.08951 0.04830 0.02502 0.01276 0.00706 0.00032 ( 3)  0.356 +-  0.173
 144 G   0.00000 0.00020 0.00383 0.01954 0.05263 0.09752 0.14152 0.17280 0.18532 0.18785 0.13880 (10)  0.858 +-  0.328
 145 E   0.06725 0.27746 0.28091 0.18467 0.10020 0.04923 0.02292 0.01038 0.00465 0.00227 0.00005 ( 3)  0.281 +-  0.155
 146 V   0.00934 0.07446 0.14145 0.16998 0.16421 0.13988 0.10988 0.08159 0.05823 0.04334 0.00763 ( 4)  0.492 +-  0.236
 147 Y   0.47644 0.29441 0.13673 0.05656 0.02224 0.00853 0.00323 0.00122 0.00046 0.00018 0.00000 ( 1)  0.140 +-  0.115
 148 I   0.00007 0.00901 0.05174 0.11397 0.15983 0.17346 0.16022 0.13276 0.10196 0.07886 0.01812 ( 6)  0.614 +-  0.233
 149 D   0.87412 0.10489 0.01718 0.00307 0.00059 0.00012 0.00003 0.00001 0.00000 0.00000 0.00000 ( 1)  0.065 +-  0.044
 150 K   0.02581 0.24011 0.30698 0.21590 0.11638 0.05471 0.02391 0.01007 0.00419 0.00190 0.00003 ( 3)  0.301 +-  0.146
 151 I   0.32468 0.36969 0.18690 0.07488 0.02778 0.01013 0.00374 0.00141 0.00055 0.00024 0.00000 ( 2)  0.167 +-  0.118
 152 E   0.85857 0.11504 0.02104 0.00420 0.00089 0.00020 0.00005 0.00001 0.00000 0.00000 0.00000 ( 1)  0.067 +-  0.048
 153 I   0.07981 0.20141 0.21762 0.17675 0.12556 0.08276 0.05208 0.03179 0.01905 0.01219 0.00098 ( 3)  0.339 +-  0.205
 154 I   0.08485 0.20502 0.21526 0.17224 0.12205 0.08111 0.05195 0.03254 0.02015 0.01339 0.00144 ( 3)  0.339 +-  0.210
 155 P   0.52128 0.21041 0.11365 0.06453 0.03761 0.02230 0.01339 0.00812 0.00496 0.00325 0.00051 ( 1)  0.161 +-  0.166

Positively selected sites

	Prob(w>1)  mean w

    23 P      0.612         1.481 +- 0.716
    24 Q      0.540         1.384 +- 0.690
    44 N      0.897         1.867 +- 0.783
    81 S      0.802         1.745 +- 0.776
   102 D      0.746         1.629 +- 0.685

