Supplemental results for CODEML (seqf: algn  treef: tree)


dN/dS (w) for site classes (K=3)

p:   0.46090  0.51860  0.02050
w:   0.12997  1.00000 39.70256

Naive Empirical Bayes (NEB) probabilities for 3 classes & postmean_w & P(w>1)
(amino acids refer to 1st sequence: BT_Cry32Ha1)

   1 P   0.24587 0.73966 0.01447 ( 2)  1.346  0.014
   2 T   0.36630 0.63271 0.00099 ( 2)  0.720  0.001
   3 K   0.99573 0.00427 0.00000 ( 1)  0.134  0.000
   4 S   0.89085 0.10912 0.00002 ( 1)  0.226  0.000
   5 Q   0.98199 0.01801 0.00000 ( 1)  0.146  0.000
   6 L   0.97069 0.02930 0.00000 ( 1)  0.156  0.000
   7 T   0.99190 0.00810 0.00000 ( 1)  0.137  0.000
   8 R   0.98182 0.01818 0.00000 ( 1)  0.146  0.000
   9 I   0.65545 0.34451 0.00003 ( 1)  0.431  0.000
  10 V   0.62612 0.37350 0.00038 ( 1)  0.470  0.000
  11 Y   0.99772 0.00228 0.00000 ( 1)  0.132  0.000
  12 T   0.98373 0.01627 0.00000 ( 1)  0.144  0.000
  13 P   0.89677 0.10323 0.00000 ( 1)  0.220  0.000
  14 R   0.86422 0.13577 0.00001 ( 1)  0.249  0.000
  15 V   0.72828 0.27170 0.00002 ( 1)  0.367  0.000
  16 G   0.99276 0.00724 0.00000 ( 1)  0.136  0.000
  17 D   0.38626 0.61333 0.00041 ( 2)  0.680  0.000
  18 T   0.99222 0.00778 0.00000 ( 1)  0.137  0.000
  19 A   0.02769 0.97228 0.00003 ( 2)  0.977  0.000
  20 R   0.01305 0.98562 0.00132 ( 2)  1.040  0.001
  21 S   0.92451 0.07549 0.00000 ( 1)  0.196  0.000
  22 N   0.36027 0.63915 0.00058 ( 2)  0.709  0.001
  23 R   0.01809 0.98055 0.00136 ( 2)  1.037  0.001
  24 P   0.13941 0.86049 0.00011 ( 2)  0.883  0.000
  25 S   0.40082 0.59914 0.00004 ( 2)  0.653  0.000
  26 A   0.22783 0.77086 0.00131 ( 2)  0.852  0.001
  27 S   0.77752 0.22245 0.00003 ( 1)  0.325  0.000
  28 I   0.46428 0.53400 0.00172 ( 2)  0.663  0.002
  29 D   0.22108 0.77753 0.00139 ( 2)  0.862  0.001
  30 A   0.03321 0.95061 0.01618 ( 2)  1.597  0.016
  31 Q   0.61958 0.38019 0.00023 ( 1)  0.470  0.000
  32 E   0.99724 0.00276 0.00000 ( 1)  0.132  0.000
  33 N   0.33369 0.66561 0.00069 ( 2)  0.737  0.001
  34 N   0.85264 0.14735 0.00001 ( 1)  0.259  0.000
  35 I   0.99407 0.00593 0.00000 ( 1)  0.135  0.000
  36 V   0.97525 0.02475 0.00000 ( 1)  0.152  0.000
  37 S   0.04398 0.95584 0.00017 ( 2)  0.968  0.000
  38 S   0.63752 0.36237 0.00010 ( 1)  0.449  0.000
  39 P   0.87767 0.12232 0.00001 ( 1)  0.237  0.000
  40 -   0.46681 0.51991 0.01328 ( 2)  1.108  0.013
  41 -   0.46521 0.51970 0.01508 ( 2)  1.179  0.015
  42 R   0.28067 0.71930 0.00003 ( 2)  0.757  0.000
  43 L   0.98929 0.01071 0.00000 ( 1)  0.139  0.000
  44 F   0.99831 0.00169 0.00000 ( 1)  0.131  0.000
  45 A   0.17793 0.78530 0.03678 ( 2)  2.269  0.037
  46 W   0.99302 0.00698 0.00000 ( 1)  0.136  0.000
  47 L   0.98722 0.01278 0.00000 ( 1)  0.141  0.000
  48 R   0.00059 0.97744 0.02197 ( 2)  1.850  0.022
  49 M   0.00269 0.97289 0.02443 ( 2)  1.943  0.024
  50 V   0.17219 0.82772 0.00010 ( 2)  0.854  0.000
  51 D   0.04618 0.95288 0.00094 ( 2)  0.996  0.001
  52 V   0.68307 0.31686 0.00007 ( 1)  0.409  0.000
  53 S   0.00463 0.99218 0.00319 ( 2)  1.119  0.003
  54 L   0.62521 0.37470 0.00009 ( 1)  0.460  0.000
  55 Q   0.18559 0.80888 0.00554 ( 2)  1.053  0.006
  56 K   0.08186 0.90770 0.01044 ( 2)  1.333  0.010
  57 N   0.41750 0.58222 0.00028 ( 2)  0.648  0.000
  58 G   0.00597 0.98874 0.00529 ( 2)  1.200  0.005
  59 L   0.03766 0.93950 0.02283 ( 2)  1.851  0.023
  60 S   0.26985 0.72695 0.00320 ( 2)  0.889  0.003
  61 N   0.64562 0.35377 0.00062 ( 1)  0.462  0.001
  62 E   0.10948 0.87812 0.01241 ( 2)  1.385  0.012
  63 I   0.36818 0.63108 0.00074 ( 2)  0.708  0.001
  64 A   0.02983 0.96880 0.00137 ( 2)  1.027  0.001
  65 S   0.05348 0.93531 0.01122 ( 2)  1.388  0.011
  66 Y   0.72256 0.27744 0.00000 ( 1)  0.371  0.000
  67 -   0.93171 0.06815 0.00014 ( 1)  0.195  0.000
  68 -   0.02021 0.95876 0.02102 ( 2)  1.796  0.021
  69 -   0.85421 0.14577 0.00002 ( 1)  0.258  0.000
  70 -   0.20668 0.78790 0.00542 ( 2)  1.030  0.005
  71 -   0.66814 0.33101 0.00085 ( 1)  0.452  0.001
  72 -   0.09864 0.89589 0.00546 ( 2)  1.126  0.005
  73 -   0.14396 0.84587 0.01017 ( 2)  1.268  0.010
  74 -   0.88309 0.11660 0.00031 ( 1)  0.244  0.000
  75 -   0.82715 0.17283 0.00001 ( 1)  0.281  0.000
  76 K   0.89051 0.10948 0.00001 ( 1)  0.225  0.000
  77 Q   0.00959 0.96638 0.02403 ( 2)  1.921  0.024
  78 T   0.83846 0.16147 0.00007 ( 1)  0.273  0.000
  79 F   0.76005 0.23994 0.00000 ( 1)  0.339  0.000
  80 H   0.56151 0.43846 0.00003 ( 1)  0.513  0.000
  81 N   0.90510 0.09487 0.00002 ( 1)  0.213  0.000
  82 T   0.99079 0.00921 0.00000 ( 1)  0.138  0.000
  83 L   0.04419 0.95289 0.00292 ( 2)  1.075  0.003
  84 H   0.00555 0.98400 0.01045 ( 2)  1.400  0.010
  85 T   0.00594 0.98430 0.00976 ( 2)  1.372  0.010
  86 N   0.00000 0.05441 0.94558 ( 3) 37.597  0.946
  87 L   0.00419 0.05278 0.94302 ( 3) 37.494  0.943
  88 W   0.52572 0.47427 0.00001 ( 1)  0.543  0.000
  89 S   0.68473 0.31525 0.00002 ( 1)  0.405  0.000
  90 I   0.89873 0.10127 0.00000 ( 1)  0.218  0.000
  91 T   0.57519 0.42479 0.00002 ( 1)  0.500  0.000
  92 K   0.25683 0.74298 0.00019 ( 2)  0.784  0.000
  93 G   0.99646 0.00354 0.00000 ( 1)  0.133  0.000
  94 T   0.00210 0.99593 0.00196 ( 2)  1.074  0.002
  95 P   0.00475 0.97702 0.01823 ( 2)  1.701  0.018
  96 T   0.05764 0.94179 0.00057 ( 2)  0.972  0.001
  97 N   0.01035 0.97912 0.01053 ( 2)  1.399  0.011
  98 D   0.03657 0.96250 0.00094 ( 2)  1.004  0.001
  99 V   0.82622 0.17373 0.00005 ( 1)  0.283  0.000
 100 R   0.38786 0.61179 0.00035 ( 2)  0.676  0.000
 101 -   0.46090 0.51860 0.02050 ( 2)  1.393  0.021
 102 N   0.78598 0.21365 0.00037 ( 1)  0.331  0.000
 103 M   0.11928 0.86745 0.01327 ( 2)  1.410  0.013
 104 F   0.26126 0.73703 0.00171 ( 2)  0.839  0.002
 105 T   0.71969 0.27846 0.00184 ( 1)  0.445  0.002
 106 T   0.16961 0.62459 0.20580 ( 2)  8.818  0.206
 107 P   0.68353 0.31624 0.00024 ( 1)  0.414  0.000
 108 Y   0.19308 0.77883 0.02808 ( 2)  1.919  0.028
 109 -   0.46090 0.51860 0.02050 ( 2)  1.393  0.021
 110 F   0.01134 0.91421 0.07446 ( 2)  3.872  0.074
 111 P   0.24581 0.75200 0.00219 ( 2)  0.871  0.002
 112 Y   0.03820 0.94402 0.01777 ( 2)  1.655  0.018
 113 D   0.78935 0.21038 0.00027 ( 1)  0.324  0.000
 114 D   0.78935 0.21038 0.00027 ( 1)  0.324  0.000
 115 I   0.21408 0.76982 0.01610 ( 2)  1.437  0.016
 116 W   0.60463 0.39524 0.00013 ( 1)  0.479  0.000
 117 K   0.74186 0.25775 0.00039 ( 1)  0.369  0.000
 118 I   0.75889 0.24078 0.00033 ( 1)  0.353  0.000
 119 K   0.74186 0.25775 0.00039 ( 1)  0.369  0.000
 120 N   0.78598 0.21365 0.00037 ( 1)  0.331  0.000
 121 E   0.02583 0.92984 0.04434 ( 2)  2.693  0.044
 122 F   0.75808 0.24172 0.00020 ( 1)  0.348  0.000
 123 F   0.00589 0.63850 0.35561 ( 2) 14.758  0.356
 124 D   0.71363 0.28582 0.00055 ( 1)  0.400  0.001
 125 -   0.46090 0.51860 0.02050 ( 2)  1.393  0.021
 126 -   0.46090 0.51860 0.02050 ( 2)  1.393  0.021
 127 Y   0.00335 0.99057 0.00608 ( 2)  1.232  0.006
 128 D   0.00163 0.93669 0.06167 ( 2)  3.385  0.062
 129 S   0.00120 0.98123 0.01757 ( 2)  1.679  0.018
 130 P   0.82773 0.17227 0.00000 ( 1)  0.280  0.000
 131 -   0.46090 0.51860 0.02050 ( 2)  1.393  0.021
 132 -   0.46090 0.51860 0.02050 ( 2)  1.393  0.021
 133 F   0.00248 0.97678 0.02074 ( 2)  1.800  0.021
 134 D   0.07445 0.92514 0.00041 ( 2)  0.951  0.000
 135 D   0.94120 0.05879 0.00001 ( 1)  0.182  0.000
 136 L   0.00200 0.88495 0.11306 ( 2)  5.374  0.113
 137 A   0.05293 0.94658 0.00049 ( 2)  0.973  0.000
 138 V   0.37589 0.62394 0.00017 ( 2)  0.680  0.000
 139 D   0.03027 0.95590 0.01383 ( 2)  1.509  0.014
 140 N   0.00163 0.51942 0.47895 ( 2) 19.535  0.479
 141 W   0.96639 0.03361 0.00000 ( 1)  0.159  0.000
 142 T   0.62366 0.37595 0.00038 ( 1)  0.472  0.000
 143 F   0.24304 0.75419 0.00276 ( 2)  0.896  0.003
 144 S   0.72653 0.27318 0.00029 ( 1)  0.379  0.000
 145 F   0.66895 0.32962 0.00142 ( 1)  0.473  0.001
 146 R   0.20115 0.79533 0.00352 ( 2)  0.961  0.004
 147 Y   0.02695 0.87435 0.09870 ( 2)  4.796  0.099
 148 S   0.63297 0.36668 0.00035 ( 1)  0.463  0.000
 149 D   0.00166 0.43756 0.56078 ( 3) 22.702  0.561
 150 D   0.78935 0.21038 0.00027 ( 1)  0.324  0.000
 151 Q   0.69324 0.30650 0.00026 ( 1)  0.407  0.000
 152 Y   0.03365 0.95243 0.01392 ( 2)  1.509  0.014
 153 F   0.82752 0.17237 0.00011 ( 1)  0.284  0.000
 154 E   0.00010 0.63537 0.36452 ( 2) 15.108  0.365
 155 L   0.03966 0.95731 0.00302 ( 2)  1.083  0.003
 156 S   0.01798 0.98050 0.00152 ( 2)  1.043  0.002
 157 T   0.73145 0.26818 0.00037 ( 1)  0.378  0.000
 158 Y   0.03933 0.96030 0.00037 ( 2)  0.980  0.000
 159 D   0.30072 0.69926 0.00002 ( 2)  0.739  0.000
 160 K   0.03301 0.96697 0.00002 ( 2)  0.972  0.000
 161 S   0.98954 0.01046 0.00000 ( 1)  0.139  0.000
 162 V   0.55630 0.44364 0.00006 ( 1)  0.518  0.000
 163 T   0.92065 0.07935 0.00000 ( 1)  0.199  0.000
 164 R   0.99037 0.00963 0.00000 ( 1)  0.138  0.000
 165 F   0.06684 0.93304 0.00012 ( 2)  0.946  0.000
 166 Y   0.07360 0.92618 0.00021 ( 2)  0.944  0.000
 167 G   0.13634 0.86360 0.00006 ( 2)  0.884  0.000
 168 L   0.96621 0.03379 0.00000 ( 1)  0.159  0.000
 169 P   0.02370 0.97564 0.00065 ( 2)  1.005  0.001
 170 C   0.02481 0.96948 0.00570 ( 2)  1.199  0.006
 171 R   0.56713 0.43285 0.00001 ( 1)  0.507  0.000
 172 A   0.09556 0.90289 0.00155 ( 2)  0.977  0.002
 173 K   0.53296 0.46683 0.00021 ( 1)  0.545  0.000
 174 -   0.46090 0.51860 0.02050 ( 2)  1.393  0.021
 175 -   0.46090 0.51860 0.02050 ( 2)  1.393  0.021
 176 -   0.46090 0.51860 0.02050 ( 2)  1.393  0.021
 177 -   0.46090 0.51860 0.02050 ( 2)  1.393  0.021
 178 -   0.36833 0.61194 0.01973 ( 2)  1.443  0.020
 179 N   0.03122 0.96615 0.00264 ( 2)  1.075  0.003
 180 S   0.00696 0.99120 0.00184 ( 2)  1.065  0.002
 181 G   0.01104 0.98808 0.00088 ( 2)  1.024  0.001
 182 I   0.80166 0.19828 0.00006 ( 1)  0.305  0.000
 183 C   0.06440 0.93558 0.00002 ( 2)  0.945  0.000
 184 D   0.97188 0.02812 0.00000 ( 1)  0.154  0.000
 185 P   0.49770 0.50207 0.00023 ( 2)  0.576  0.000
 186 C   0.50104 0.49895 0.00001 ( 1)  0.565  0.000
 187 D   0.87318 0.12679 0.00002 ( 1)  0.241  0.000
 188 S   0.02156 0.97716 0.00128 ( 2)  1.031  0.001
 189 Q   0.55226 0.44734 0.00040 ( 1)  0.535  0.000
 190 N   0.97482 0.02517 0.00001 ( 1)  0.152  0.000
 191 P   0.19741 0.80253 0.00006 ( 2)  0.831  0.000
 192 C   0.99313 0.00687 0.00000 ( 1)  0.136  0.000
 193 R   0.07009 0.92990 0.00000 ( 2)  0.939  0.000
 194 K   0.08567 0.90656 0.00777 ( 2)  1.226  0.008
 195 E   0.00865 0.98650 0.00486 ( 2)  1.181  0.005
 196 L   0.17950 0.82050 0.00001 ( 2)  0.844  0.000
 197 P   0.22979 0.77020 0.00002 ( 2)  0.801  0.000
 198 N   0.00372 0.99492 0.00135 ( 2)  1.049  0.001
 199 T   0.00300 0.99153 0.00547 ( 2)  1.209  0.005
 200 T   0.01328 0.98032 0.00640 ( 2)  1.236  0.006
 201 -   0.46787 0.51995 0.01218 ( 2)  1.064  0.012
 202 -   0.47102 0.51964 0.00933 ( 2)  0.951  0.009
 203 -   0.61428 0.38303 0.00269 ( 1)  0.570  0.003
 204 -   0.92253 0.07736 0.00010 ( 1)  0.201  0.000
 205 -   0.00497 0.95862 0.03641 ( 2)  2.405  0.036
 206 M   0.41665 0.58334 0.00001 ( 2)  0.638  0.000
 207 P   0.00589 0.99198 0.00213 ( 2)  1.077  0.002
 208 C   0.03311 0.96662 0.00027 ( 2)  0.982  0.000
 209 E   0.84629 0.15368 0.00003 ( 1)  0.265  0.000
 210 D   0.29982 0.70006 0.00012 ( 2)  0.744  0.000
 211 K   0.19489 0.80465 0.00047 ( 2)  0.848  0.000
 212 R   0.00083 0.99731 0.00185 ( 2)  1.071  0.002
 213 L   0.97028 0.02971 0.00000 ( 1)  0.156  0.000
 214 Y   0.00999 0.98816 0.00186 ( 2)  1.063  0.002
 215 S   0.77197 0.22802 0.00001 ( 1)  0.329  0.000
 216 H   0.99876 0.00124 0.00000 ( 1)  0.131  0.000
 217 R   0.98182 0.01818 0.00000 ( 1)  0.146  0.000
 218 L   0.95494 0.04506 0.00001 ( 1)  0.169  0.000
 219 A   0.88695 0.11294 0.00011 ( 1)  0.233  0.000
 220 Y   0.84422 0.15578 0.00000 ( 1)  0.266  0.000
 221 M   0.20172 0.79706 0.00122 ( 2)  0.872  0.001
 222 G   0.31263 0.68674 0.00063 ( 2)  0.752  0.001
 223 A   0.46555 0.53444 0.00002 ( 2)  0.596  0.000
 224 G   0.97545 0.02455 0.00000 ( 1)  0.151  0.000
 225 E   0.87017 0.12982 0.00000 ( 1)  0.243  0.000
 226 N   0.06309 0.93593 0.00099 ( 2)  0.983  0.001
 227 V   0.10239 0.89686 0.00075 ( 2)  0.940  0.001
 228 Y   0.08207 0.91584 0.00208 ( 2)  1.009  0.002
 229 -   0.96583 0.03408 0.00009 ( 1)  0.163  0.000
 230 -   0.04868 0.92980 0.02152 ( 2)  1.790  0.022
 231 -   0.94445 0.05551 0.00004 ( 1)  0.180  0.000
 232 -   0.93712 0.06282 0.00006 ( 1)  0.187  0.000
 233 -   0.64151 0.35735 0.00114 ( 1)  0.486  0.001
 234 -   0.20923 0.78723 0.00353 ( 2)  0.955  0.004
 235 -   0.66133 0.33771 0.00096 ( 1)  0.462  0.001
 236 P   0.00937 0.99006 0.00057 ( 2)  1.014  0.001
 237 P   0.92006 0.07993 0.00001 ( 1)  0.200  0.000
 238 P   0.81098 0.18898 0.00003 ( 1)  0.296  0.000
 239 S   0.02410 0.97480 0.00109 ( 2)  1.021  0.001
 240 L   0.98929 0.01071 0.00000 ( 1)  0.139  0.000
 241 T   0.51882 0.48118 0.00000 ( 1)  0.549  0.000
 242 Y   0.93082 0.06918 0.00000 ( 1)  0.190  0.000
 243 S   0.10036 0.89870 0.00094 ( 2)  0.949  0.001
 244 A   0.01393 0.98590 0.00017 ( 2)  0.994  0.000
 245 Y   0.82142 0.17858 0.00001 ( 1)  0.286  0.000
 246 G   0.99223 0.00777 0.00000 ( 1)  0.137  0.000
 247 W   0.99302 0.00698 0.00000 ( 1)  0.136  0.000
 248 T   0.99223 0.00777 0.00000 ( 1)  0.137  0.000
 249 H   0.99655 0.00345 0.00000 ( 1)  0.133  0.000
 250 V   0.09112 0.90644 0.00244 ( 2)  1.015  0.002
 251 S   0.99870 0.00130 0.00000 ( 1)  0.131  0.000

Positively selected sites

	Prob(w>1)  mean w

    86 N      0.946         37.597
    87 L      0.943         37.494
   149 D      0.561         22.702


lnL = -3374.842672

Bayes Empirical Bayes (BEB) probabilities for 3 classes (class) & postmean_w
(amino acids refer to 1st sequence: BT_Cry32Ha1)

   1 P   0.27310 0.59554 0.13135 ( 2)  1.568 +-  2.385
   2 T   0.46685 0.52135 0.01180 ( 2)  0.657 +-  0.763
   3 K   0.99530 0.00467 0.00003 ( 1)  0.154 +-  0.062
   4 S   0.90523 0.09397 0.00080 ( 1)  0.233 +-  0.275
   5 Q   0.98348 0.01646 0.00007 ( 1)  0.164 +-  0.112
   6 L   0.97186 0.02794 0.00020 ( 1)  0.174 +-  0.154
   7 T   0.99153 0.00843 0.00004 ( 1)  0.157 +-  0.082
   8 R   0.98236 0.01758 0.00005 ( 1)  0.165 +-  0.113
   9 I   0.73809 0.26028 0.00164 ( 1)  0.377 +-  0.408
  10 V   0.68269 0.30926 0.00805 ( 1)  0.452 +-  0.627
  11 Y   0.99749 0.00250 0.00001 ( 1)  0.152 +-  0.044
  12 T   0.98329 0.01658 0.00012 ( 1)  0.165 +-  0.118
  13 P   0.91748 0.08210 0.00042 ( 1)  0.221 +-  0.246
  14 R   0.88924 0.10999 0.00078 ( 1)  0.246 +-  0.289
  15 V   0.78545 0.21359 0.00096 ( 1)  0.334 +-  0.361
  16 G   0.99251 0.00746 0.00003 ( 1)  0.156 +-  0.075
  17 D   0.48943 0.50423 0.00634 ( 2)  0.603 +-  0.555
  18 T   0.99176 0.00820 0.00004 ( 1)  0.157 +-  0.081
  19 A   0.05014 0.93634 0.01352 ( 2)  0.985 +-  0.400
  20 R   0.02192 0.92851 0.04958 ( 2)  1.187 +-  1.119
  21 S   0.93993 0.05984 0.00022 ( 1)  0.202 +-  0.210
  22 N   0.44803 0.53613 0.01584 ( 2)  0.685 +-  0.807
  23 R   0.03533 0.93796 0.02671 ( 2)  1.074 +-  0.828
  24 P   0.20841 0.78302 0.00857 ( 2)  0.840 +-  0.456
  25 S   0.50124 0.49530 0.00346 ( 1)  0.580 +-  0.466
  26 A   0.31315 0.65223 0.03461 ( 2)  0.900 +-  1.148
  27 S   0.81932 0.17908 0.00160 ( 1)  0.308 +-  0.371
  28 I   0.51446 0.45389 0.03165 ( 1)  0.723 +-  1.176
  29 D   0.28101 0.67033 0.04866 ( 2)  0.999 +-  1.332
  30 A   0.04774 0.80856 0.14370 ( 2)  1.750 +-  2.216
  31 Q   0.67218 0.32020 0.00762 ( 1)  0.458 +-  0.614
  32 E   0.99702 0.00297 0.00001 ( 1)  0.153 +-  0.048
  33 N   0.41896 0.56756 0.01348 ( 2)  0.699 +-  0.755
  34 N   0.88080 0.11852 0.00068 ( 1)  0.253 +-  0.295
  35 I   0.99440 0.00558 0.00001 ( 1)  0.155 +-  0.064
  36 V   0.97690 0.02295 0.00015 ( 1)  0.170 +-  0.139
  37 S   0.07064 0.91133 0.01803 ( 2)  0.989 +-  0.563
  38 S   0.68403 0.30934 0.00663 ( 1)  0.444 +-  0.586
  39 P   0.89337 0.10601 0.00061 ( 1)  0.242 +-  0.276
  40 -   0.49466 0.45475 0.05059 ( 1)  0.872 +-  1.561
  41 -   0.49342 0.45494 0.05163 ( 1)  0.880 +-  1.579
  42 R   0.37731 0.61677 0.00592 ( 2)  0.692 +-  0.490
  43 L   0.98947 0.01050 0.00003 ( 1)  0.159 +-  0.087
  44 F   0.99813 0.00186 0.00001 ( 1)  0.152 +-  0.038
  45 A   0.22979 0.66299 0.10722 ( 2)  1.462 +-  2.192
  46 W   0.99330 0.00669 0.00001 ( 1)  0.156 +-  0.069
  47 L   0.98741 0.01255 0.00004 ( 1)  0.161 +-  0.096
  48 R   0.00098 0.69010 0.30892 ( 2)  2.825 +-  3.089
  49 M   0.00417 0.73067 0.26516 ( 2)  2.559 +-  2.938
  50 V   0.25361 0.73649 0.00991 ( 2)  0.806 +-  0.505
  51 D   0.08259 0.88784 0.02957 ( 2)  1.058 +-  0.947
  52 V   0.74733 0.25019 0.00248 ( 1)  0.372 +-  0.433
  53 S   0.00924 0.92186 0.06890 ( 2)  1.327 +-  1.462
  54 L   0.67417 0.32050 0.00533 ( 1)  0.442 +-  0.507
  55 Q   0.24227 0.69963 0.05810 ( 2)  1.109 +-  1.535
  56 K   0.10756 0.77255 0.11989 ( 2)  1.595 +-  2.142
  57 N   0.51234 0.47902 0.00864 ( 1)  0.597 +-  0.642
  58 G   0.01147 0.89842 0.09011 ( 2)  1.468 +-  1.754
  59 L   0.05496 0.79991 0.14513 ( 2)  1.821 +-  2.373
  60 S   0.32483 0.63524 0.03994 ( 2)  0.924 +-  1.260
  61 N   0.70240 0.28891 0.00869 ( 1)  0.443 +-  0.683
  62 E   0.16027 0.75142 0.08832 ( 2)  1.376 +-  1.909
  63 I   0.43669 0.54214 0.02117 ( 2)  0.722 +-  0.916
  64 A   0.05367 0.90659 0.03974 ( 2)  1.134 +-  1.092
  65 S   0.09134 0.85364 0.05502 ( 2)  1.233 +-  1.504
  66 Y   0.77144 0.22692 0.00164 ( 1)  0.347 +-  0.375
  67 -   0.93532 0.06345 0.00123 ( 1)  0.210 +-  0.298
  68 -   0.03232 0.86496 0.10271 ( 2)  1.544 +-  1.936
  69 -   0.86732 0.13105 0.00163 ( 1)  0.268 +-  0.343
  70 -   0.26848 0.69052 0.04100 ( 2)  0.980 +-  1.275
  71 -   0.71536 0.27859 0.00605 ( 1)  0.418 +-  0.596
  72 -   0.14255 0.82994 0.02752 ( 2)  0.994 +-  0.929
  73 -   0.19935 0.76693 0.03372 ( 2)  0.994 +-  1.127
  74 -   0.89329 0.10528 0.00144 ( 1)  0.246 +-  0.339
  75 -   0.84507 0.15397 0.00096 ( 1)  0.283 +-  0.321
  76 K   0.91035 0.08918 0.00047 ( 1)  0.227 +-  0.254
  77 Q   0.01389 0.79234 0.19377 ( 2)  2.145 +-  2.650
  78 T   0.85816 0.14016 0.00168 ( 1)  0.277 +-  0.372
  79 F   0.80485 0.19387 0.00128 ( 1)  0.318 +-  0.351
  80 H   0.63867 0.35899 0.00235 ( 1)  0.461 +-  0.431
  81 N   0.91798 0.08090 0.00112 ( 1)  0.224 +-  0.292
  82 T   0.99024 0.00970 0.00006 ( 1)  0.158 +-  0.088
  83 L   0.06554 0.89371 0.04075 ( 2)  1.116 +-  1.068
  84 H   0.01062 0.90158 0.08781 ( 2)  1.465 +-  1.761
  85 T   0.00922 0.79358 0.19720 ( 2)  2.125 +-  2.581
  86 N   0.00001 0.15485 0.84514 ( 3)  6.625 +-  3.248
  87 L   0.04806 0.37160 0.58034 ( 3)  5.014 +-  3.900
  88 W   0.61593 0.38174 0.00233 ( 1)  0.480 +-  0.435
  89 S   0.73265 0.26485 0.00250 ( 1)  0.382 +-  0.413
  90 I   0.92011 0.07963 0.00026 ( 1)  0.218 +-  0.234
  91 T   0.65395 0.34312 0.00293 ( 1)  0.450 +-  0.446
  92 K   0.34657 0.64426 0.00917 ( 2)  0.731 +-  0.567
  93 G   0.99627 0.00371 0.00001 ( 1)  0.153 +-  0.053
  94 T   0.00415 0.91136 0.08449 ( 2)  1.397 +-  1.557
  95 P   0.00713 0.74460 0.24827 ( 2)  2.475 +-  2.894
  96 T   0.09192 0.88984 0.01824 ( 2)  0.979 +-  0.638
  97 N   0.01698 0.87351 0.10952 ( 2)  1.580 +-  1.950
  98 D   0.06363 0.89705 0.03932 ( 2)  1.116 +-  1.058
  99 V   0.85811 0.14029 0.00160 ( 1)  0.276 +-  0.360
 100 R   0.47427 0.51709 0.00865 ( 2)  0.627 +-  0.625
 101 -   0.49044 0.45535 0.05420 ( 1)  0.901 +-  1.625
 102 N   0.80394 0.19036 0.00570 ( 1)  0.343 +-  0.571
 103 M   0.14547 0.74736 0.10716 ( 2)  1.482 +-  2.034
 104 F   0.31786 0.65415 0.02799 ( 2)  0.858 +-  1.030
 105 T   0.74234 0.24616 0.01150 ( 1)  0.432 +-  0.816
 106 T   0.21024 0.56327 0.22648 ( 2)  2.354 +-  3.168
 107 P   0.71390 0.28070 0.00540 ( 1)  0.413 +-  0.541
 108 Y   0.21807 0.63701 0.14492 ( 2)  1.724 +-  2.515
 109 -   0.49044 0.45535 0.05420 ( 1)  0.901 +-  1.625
 110 F   0.01252 0.60636 0.38111 ( 2)  3.406 +-  3.455
 111 P   0.30012 0.66815 0.03173 ( 2)  0.893 +-  1.094
 112 Y   0.05231 0.80936 0.13833 ( 2)  1.754 +-  2.268
 113 D   0.80815 0.18722 0.00463 ( 1)  0.334 +-  0.527
 114 D   0.80815 0.18722 0.00463 ( 1)  0.334 +-  0.527
 115 I   0.26082 0.68000 0.05919 ( 2)  1.106 +-  1.583
 116 W   0.64164 0.35214 0.00622 ( 1)  0.471 +-  0.521
 117 K   0.76541 0.22894 0.00565 ( 1)  0.374 +-  0.567
 118 I   0.78086 0.21387 0.00527 ( 1)  0.359 +-  0.555
 119 K   0.76541 0.22894 0.00565 ( 1)  0.374 +-  0.567
 120 N   0.80394 0.19036 0.00570 ( 1)  0.343 +-  0.571
 121 E   0.03223 0.72098 0.24679 ( 2)  2.489 +-  2.966
 122 F   0.78160 0.21461 0.00379 ( 1)  0.350 +-  0.488
 123 F   0.00580 0.37634 0.61785 ( 3)  5.070 +-  3.721
 124 D   0.73926 0.25369 0.00705 ( 1)  0.403 +-  0.625
 125 -   0.49044 0.45535 0.05420 ( 1)  0.901 +-  1.625
 126 -   0.49044 0.45535 0.05420 ( 1)  0.901 +-  1.625
 127 Y   0.00698 0.90157 0.09145 ( 2)  1.472 +-  1.747
 128 D   0.00290 0.77760 0.21950 ( 2)  2.329 +-  2.814
 129 S   0.00231 0.80314 0.19455 ( 2)  2.125 +-  2.585
 130 P   0.85232 0.14646 0.00121 ( 1)  0.278 +-  0.324
 131 -   0.49044 0.45535 0.05420 ( 1)  0.901 +-  1.625
 132 -   0.49044 0.45535 0.05420 ( 1)  0.901 +-  1.625
 133 F   0.00485 0.87308 0.12207 ( 2)  1.697 +-  2.129
 134 D   0.12373 0.85474 0.02153 ( 2)  0.975 +-  0.767
 135 D   0.95050 0.04910 0.00040 ( 1)  0.193 +-  0.212
 136 L   0.00318 0.68087 0.31596 ( 2)  3.035 +-  3.322
 137 A   0.09164 0.88928 0.01908 ( 2)  0.991 +-  0.702
 138 V   0.48284 0.51230 0.00487 ( 2)  0.603 +-  0.525
 139 D   0.03795 0.75743 0.20462 ( 2)  2.184 +-  2.702
 140 N   0.00259 0.41982 0.57758 ( 3)  4.824 +-  3.751
 141 W   0.96869 0.03112 0.00019 ( 1)  0.177 +-  0.157
 142 T   0.65810 0.33420 0.00770 ( 1)  0.469 +-  0.605
 143 F   0.29478 0.66603 0.03919 ( 2)  0.944 +-  1.235
 144 S   0.75260 0.24243 0.00497 ( 1)  0.380 +-  0.539
 145 F   0.69925 0.29267 0.00808 ( 1)  0.441 +-  0.653
 146 R   0.24758 0.70638 0.04604 ( 2)  1.018 +-  1.314
 147 Y   0.03464 0.70079 0.26457 ( 2)  2.632 +-  3.091
 148 S   0.66683 0.32592 0.00725 ( 1)  0.459 +-  0.590
 149 D   0.00240 0.34212 0.65548 ( 3)  5.356 +-  3.703
 150 D   0.80815 0.18722 0.00463 ( 1)  0.334 +-  0.527
 151 Q   0.72309 0.27212 0.00479 ( 1)  0.402 +-  0.520
 152 Y   0.04573 0.80800 0.14626 ( 2)  1.788 +-  2.279
 153 F   0.84892 0.14871 0.00237 ( 1)  0.287 +-  0.405
 154 E   0.00008 0.20218 0.79774 ( 3)  6.212 +-  3.391
 155 L   0.06727 0.90179 0.03094 ( 2)  1.081 +-  0.986
 156 S   0.03323 0.92548 0.04129 ( 2)  1.156 +-  1.099
 157 T   0.75915 0.23427 0.00658 ( 1)  0.382 +-  0.588
 158 Y   0.06844 0.90951 0.02205 ( 2)  1.013 +-  0.678
 159 D   0.40685 0.58969 0.00346 ( 2)  0.659 +-  0.441
 160 K   0.06033 0.93033 0.00933 ( 2)  0.961 +-  0.294
 161 S   0.99017 0.00980 0.00004 ( 1)  0.158 +-  0.088
 162 V   0.63766 0.35798 0.00437 ( 1)  0.471 +-  0.501
 163 T   0.92841 0.07110 0.00048 ( 1)  0.212 +-  0.235
 164 R   0.99007 0.00988 0.00005 ( 1)  0.159 +-  0.088
 165 F   0.10714 0.87535 0.01751 ( 2)  0.951 +-  0.524
 166 Y   0.11516 0.86601 0.01884 ( 2)  0.957 +-  0.617
 167 G   0.20579 0.78501 0.00920 ( 2)  0.842 +-  0.446
 168 L   0.97053 0.02938 0.00010 ( 1)  0.175 +-  0.146
 169 P   0.04487 0.93816 0.01697 ( 2)  1.020 +-  0.629
 170 C   0.04576 0.92634 0.02790 ( 2)  1.091 +-  0.966
 171 R   0.66426 0.33401 0.00172 ( 1)  0.438 +-  0.421
 172 A   0.14722 0.83564 0.01714 ( 2)  0.938 +-  0.712
 173 K   0.61959 0.37592 0.00449 ( 1)  0.488 +-  0.527
 174 -   0.49044 0.45535 0.05420 ( 1)  0.901 +-  1.625
 175 -   0.49044 0.45535 0.05420 ( 1)  0.901 +-  1.625
 176 -   0.49044 0.45535 0.05420 ( 1)  0.901 +-  1.625
 177 -   0.49044 0.45535 0.05420 ( 1)  0.901 +-  1.625
 178 -   0.41925 0.52430 0.05645 ( 2)  0.975 +-  1.643
 179 N   0.05791 0.89459 0.04750 ( 2)  1.190 +-  1.285
 180 S   0.01171 0.85979 0.12850 ( 2)  1.620 +-  1.909
 181 G   0.02262 0.95390 0.02348 ( 2)  1.070 +-  0.761
 182 I   0.83474 0.16324 0.00202 ( 1)  0.298 +-  0.394
 183 C   0.10368 0.88513 0.01120 ( 2)  0.932 +-  0.391
 184 D   0.97471 0.02520 0.00009 ( 1)  0.172 +-  0.137
 185 P   0.57420 0.41975 0.00604 ( 1)  0.529 +-  0.535
 186 C   0.60640 0.39164 0.00196 ( 1)  0.488 +-  0.436
 187 D   0.89452 0.10465 0.00083 ( 1)  0.242 +-  0.294
 188 S   0.03940 0.92439 0.03621 ( 2)  1.117 +-  0.986
 189 Q   0.61511 0.37774 0.00715 ( 1)  0.501 +-  0.586
 190 N   0.97474 0.02498 0.00028 ( 1)  0.172 +-  0.159
 191 P   0.26410 0.72898 0.00691 ( 2)  0.789 +-  0.465
 192 C   0.99349 0.00649 0.00002 ( 1)  0.156 +-  0.069
 193 R   0.11457 0.87863 0.00680 ( 2)  0.909 +-  0.300
 194 K   0.14201 0.83889 0.01910 ( 2)  0.958 +-  0.799
 195 E   0.01545 0.91113 0.07342 ( 2)  1.349 +-  1.522
 196 L   0.26139 0.73135 0.00726 ( 2)  0.789 +-  0.437
 197 P   0.30424 0.68862 0.00714 ( 2)  0.754 +-  0.463
 198 N   0.00785 0.95386 0.03829 ( 2)  1.143 +-  0.953
 199 T   0.00591 0.88475 0.10934 ( 2)  1.560 +-  1.869
 200 T   0.02520 0.89908 0.07571 ( 2)  1.390 +-  1.658
 201 -   0.49554 0.45460 0.04987 ( 1)  0.866 +-  1.548
 202 -   0.49843 0.45402 0.04755 ( 1)  0.847 +-  1.505
 203 -   0.65860 0.32498 0.01642 ( 1)  0.525 +-  0.914
 204 -   0.92863 0.07065 0.00072 ( 1)  0.213 +-  0.264
 205 -   0.00773 0.79484 0.19743 ( 2)  2.134 +-  2.597
 206 M   0.50972 0.48724 0.00304 ( 1)  0.571 +-  0.445
 207 P   0.01155 0.90901 0.07944 ( 2)  1.392 +-  1.597
 208 C   0.05952 0.92377 0.01671 ( 2)  0.999 +-  0.572
 209 E   0.87730 0.12191 0.00079 ( 1)  0.256 +-  0.303
 210 D   0.38158 0.60439 0.01403 ( 2)  0.725 +-  0.703
 211 K   0.27910 0.70824 0.01266 ( 2)  0.808 +-  0.667
 212 R   0.00175 0.93039 0.06786 ( 2)  1.275 +-  1.260
 213 L   0.97276 0.02710 0.00014 ( 1)  0.173 +-  0.144
 214 Y   0.02004 0.94457 0.03538 ( 2)  1.129 +-  0.968
 215 S   0.82305 0.17596 0.00099 ( 1)  0.303 +-  0.347
 216 H   0.99857 0.00143 0.00000 ( 1)  0.151 +-  0.033
 217 R   0.98236 0.01758 0.00005 ( 1)  0.165 +-  0.113
 218 L   0.95613 0.04351 0.00036 ( 1)  0.188 +-  0.189
 219 A   0.90031 0.09804 0.00165 ( 1)  0.241 +-  0.340
 220 Y   0.87734 0.12233 0.00032 ( 1)  0.254 +-  0.280
 221 M   0.27249 0.70054 0.02697 ( 2)  0.884 +-  0.969
 222 G   0.41298 0.57281 0.01422 ( 2)  0.709 +-  0.782
 223 A   0.57041 0.42680 0.00279 ( 1)  0.520 +-  0.449
 224 G   0.97800 0.02193 0.00007 ( 1)  0.169 +-  0.127
 225 E   0.89978 0.09988 0.00035 ( 1)  0.236 +-  0.262
 226 N   0.10685 0.86262 0.03053 ( 2)  1.042 +-  0.971
 227 V   0.16252 0.81605 0.02143 ( 2)  0.943 +-  0.789
 228 Y   0.12489 0.81089 0.06422 ( 2)  1.223 +-  1.504
 229 -   0.96748 0.03181 0.00071 ( 1)  0.181 +-  0.226
 230 -   0.07134 0.85791 0.07075 ( 2)  1.302 +-  1.569
 231 -   0.94836 0.05116 0.00048 ( 1)  0.195 +-  0.219
 232 -   0.94192 0.05760 0.00048 ( 1)  0.201 +-  0.230
 233 -   0.69262 0.30077 0.00661 ( 1)  0.441 +-  0.623
 234 -   0.27965 0.69933 0.02102 ( 2)  0.857 +-  0.905
 235 -   0.72445 0.27139 0.00416 ( 1)  0.401 +-  0.526
 236 P   0.01755 0.94395 0.03850 ( 2)  1.136 +-  0.961
 237 P   0.93545 0.06427 0.00028 ( 1)  0.205 +-  0.217
 238 P   0.84902 0.15003 0.00095 ( 1)  0.281 +-  0.328
 239 S   0.04407 0.92419 0.03174 ( 2)  1.084 +-  0.873
 240 L   0.98947 0.01050 0.00003 ( 1)  0.159 +-  0.087
 241 T   0.59444 0.40152 0.00404 ( 1)  0.502 +-  0.457
 242 Y   0.94454 0.05523 0.00023 ( 1)  0.198 +-  0.202
 243 S   0.15201 0.82113 0.02686 ( 2)  0.980 +-  0.898
 244 A   0.02424 0.94113 0.03463 ( 2)  1.100 +-  0.832
 245 Y   0.85472 0.14440 0.00088 ( 1)  0.275 +-  0.316
 246 G   0.99204 0.00792 0.00004 ( 1)  0.157 +-  0.078
 247 W   0.99330 0.00669 0.00001 ( 1)  0.156 +-  0.069
 248 T   0.99177 0.00819 0.00004 ( 1)  0.157 +-  0.081
 249 H   0.99627 0.00372 0.00002 ( 1)  0.153 +-  0.054
 250 V   0.14548 0.82863 0.02589 ( 2)  0.983 +-  0.890
 251 S   0.99848 0.00151 0.00001 ( 1)  0.151 +-  0.035

Positively selected sites

	Prob(w>1)  mean w

    86 N      0.845         6.625 +- 3.248
    87 L      0.580         5.014 +- 3.900
   123 F      0.618         5.070 +- 3.721
   140 N      0.578         4.824 +- 3.751
   149 D      0.655         5.356 +- 3.703
   154 E      0.798         6.212 +- 3.391

