Supplemental results for CODEML (seqf: algn  treef: tree)


dN/dS (w) for site classes (K=3)

p:   0.47323  0.46762  0.05916
w:   0.01881  0.35798  1.68865

Naive Empirical Bayes (NEB) probabilities for 3 classes & postmean_w & P(w>1)
(amino acids refer to 1st sequence: BT_Cry8Ab1)

   1 P   0.59345 0.39190 0.01464 ( 1)  0.176  0.015
   2 F   0.73500 0.26290 0.00210 ( 1)  0.111  0.002
   3 A   0.17336 0.81906 0.00758 ( 2)  0.309  0.008
   4 S   0.00001 0.28703 0.71296 ( 3)  1.307  0.713
   5 Q   0.00000 0.02853 0.97147 ( 3)  1.651  0.971
   6 I   0.91580 0.08416 0.00003 ( 1)  0.047  0.000
   7 V   0.21277 0.78214 0.00509 ( 2)  0.293  0.005
   8 S   0.00010 0.76265 0.23725 ( 2)  0.674  0.237
   9 F   0.88709 0.11286 0.00005 ( 1)  0.057  0.000
  10 Y   0.13968 0.84656 0.01376 ( 2)  0.329  0.014
  11 N   0.23893 0.75988 0.00119 ( 2)  0.279  0.001
  12 F   0.87227 0.12764 0.00009 ( 1)  0.062  0.000
  13 I   0.21645 0.78066 0.00288 ( 2)  0.288  0.003
  14 L   0.12996 0.82903 0.04101 ( 2)  0.368  0.041
  15 D   0.24433 0.75408 0.00159 ( 2)  0.277  0.002
  16 Q   0.76481 0.23449 0.00069 ( 1)  0.099  0.001
  17 L   0.78517 0.21405 0.00078 ( 1)  0.093  0.001
  18 W   0.64387 0.35140 0.00473 ( 1)  0.146  0.005
  19 P   0.83743 0.16246 0.00011 ( 1)  0.074  0.000
  20 S   0.80508 0.19457 0.00035 ( 1)  0.085  0.000
  21 N   0.01082 0.96186 0.02732 ( 2)  0.391  0.027
  22 S   0.00044 0.80196 0.19759 ( 2)  0.621  0.198
  23 V   0.16595 0.82118 0.01287 ( 2)  0.319  0.013
  24 S   0.00054 0.84726 0.15220 ( 2)  0.560  0.152
  25 V   0.00059 0.80838 0.19104 ( 2)  0.612  0.191
  26 W   0.64387 0.35140 0.00473 ( 1)  0.146  0.005
  27 E   0.89206 0.10785 0.00009 ( 1)  0.056  0.000
  28 Q   0.00575 0.87075 0.12350 ( 2)  0.520  0.123
  29 I   0.87555 0.12437 0.00008 ( 1)  0.061  0.000
  30 M   0.02014 0.97533 0.00453 ( 2)  0.357  0.005
  31 T   0.00935 0.89624 0.09440 ( 2)  0.480  0.094
  32 L   0.15582 0.83518 0.00900 ( 2)  0.317  0.009
  33 V   0.74777 0.25099 0.00123 ( 1)  0.106  0.001
  34 E   0.89206 0.10785 0.00009 ( 1)  0.056  0.000
  35 E   0.00869 0.94370 0.04761 ( 2)  0.418  0.048
  36 L   0.78018 0.21922 0.00060 ( 1)  0.094  0.001
  37 V   0.01793 0.96894 0.01314 ( 2)  0.369  0.013
  38 D   0.90421 0.09574 0.00004 ( 1)  0.051  0.000
  39 Q   0.79477 0.20492 0.00031 ( 1)  0.089  0.000
  40 K   0.88527 0.11466 0.00006 ( 1)  0.058  0.000
  41 I   0.91580 0.08416 0.00003 ( 1)  0.047  0.000
  42 T   0.87364 0.12631 0.00005 ( 1)  0.062  0.000
  43 E   0.02220 0.96857 0.00922 ( 2)  0.363  0.009
  44 Y   0.15975 0.83021 0.01004 ( 2)  0.317  0.010
  45 A   0.29032 0.70779 0.00189 ( 2)  0.262  0.002
  46 R   0.80116 0.19857 0.00027 ( 1)  0.087  0.000
  47 N   0.30184 0.69695 0.00122 ( 2)  0.257  0.001
  48 K   0.25798 0.73898 0.00304 ( 2)  0.275  0.003
  49 A   0.78336 0.21618 0.00046 ( 1)  0.093  0.000
  50 L   0.16463 0.82552 0.00985 ( 2)  0.315  0.010
  51 A   0.00951 0.93357 0.05692 ( 2)  0.430  0.057
  52 E   0.28343 0.71388 0.00269 ( 2)  0.265  0.003
  53 L   0.13404 0.84780 0.01816 ( 2)  0.337  0.018
  54 K   0.00052 0.86946 0.13002 ( 2)  0.531  0.130
  55 G   0.80113 0.19854 0.00033 ( 1)  0.087  0.000
  56 L   0.78099 0.21821 0.00079 ( 1)  0.094  0.001
  57 G   0.86586 0.13407 0.00007 ( 1)  0.064  0.000
  58 D   0.02151 0.97051 0.00797 ( 2)  0.361  0.008
  59 A   0.19919 0.79456 0.00625 ( 2)  0.299  0.006
  60 L   0.00843 0.92429 0.06728 ( 2)  0.445  0.067
  61 G   0.00000 0.29563 0.70437 ( 3)  1.295  0.704
  62 V   0.88685 0.11300 0.00015 ( 1)  0.057  0.000
  63 Y   0.83055 0.16924 0.00021 ( 1)  0.077  0.000
  64 Q   0.67293 0.32414 0.00293 ( 1)  0.134  0.003
  65 Q   0.00337 0.85760 0.13904 ( 2)  0.542  0.139
  66 S   0.80508 0.19457 0.00035 ( 1)  0.085  0.000
  67 L   0.83791 0.16196 0.00013 ( 1)  0.074  0.000
  68 E   0.01441 0.96636 0.01923 ( 2)  0.379  0.019
  69 A   0.00003 0.71098 0.28899 ( 2)  0.743  0.289
  70 W   0.64387 0.35140 0.00473 ( 1)  0.146  0.005
  71 L   0.00405 0.73066 0.26530 ( 2)  0.710  0.265
  72 E   0.28836 0.70827 0.00337 ( 2)  0.265  0.003
  73 N   0.89484 0.10512 0.00004 ( 1)  0.055  0.000
  74 R   0.07423 0.84731 0.07845 ( 2)  0.437  0.078
  75 N   0.17471 0.82133 0.00396 ( 2)  0.304  0.004
  76 D   0.77797 0.22151 0.00052 ( 1)  0.095  0.001
  77 T   0.01414 0.97058 0.01528 ( 2)  0.374  0.015
  78 R   0.84321 0.15671 0.00008 ( 1)  0.072  0.000
  79 A   0.01622 0.97022 0.01356 ( 2)  0.371  0.014
  80 R   0.84321 0.15671 0.00008 ( 1)  0.072  0.000
  81 S   0.22221 0.77612 0.00167 ( 2)  0.285  0.002
  82 V   0.86494 0.13486 0.00020 ( 1)  0.065  0.000
  83 V   0.23563 0.76099 0.00338 ( 2)  0.283  0.003
  84 S   0.00000 0.14351 0.85649 ( 3)  1.498  0.856
  85 N   0.00002 0.55255 0.44743 ( 2)  0.953  0.447
  86 Q   0.79477 0.20492 0.00031 ( 1)  0.089  0.000
  87 F   0.26474 0.73277 0.00249 ( 2)  0.272  0.002
  88 I   0.00106 0.93634 0.06261 ( 2)  0.441  0.063
  89 A   0.80841 0.19116 0.00043 ( 1)  0.084  0.000
  90 L   0.77151 0.22760 0.00089 ( 1)  0.097  0.001
  91 E   0.01453 0.96298 0.02249 ( 2)  0.383  0.022
  92 L   0.75768 0.24107 0.00125 ( 1)  0.103  0.001
  93 D   0.90421 0.09574 0.00004 ( 1)  0.051  0.000
  94 F   0.88709 0.11286 0.00005 ( 1)  0.057  0.000
  95 V   0.86064 0.13915 0.00021 ( 1)  0.066  0.000
  96 G   0.00000 0.15967 0.84033 ( 3)  1.476  0.840
  97 A   0.00003 0.73533 0.26464 ( 2)  0.710  0.265
  98 I   0.22980 0.76751 0.00269 ( 2)  0.284  0.003
  99 P   0.83743 0.16246 0.00011 ( 1)  0.074  0.000
 100 S   0.69853 0.29881 0.00266 ( 1)  0.125  0.003
 101 F   0.88709 0.11286 0.00005 ( 1)  0.057  0.000
 102 A   0.89011 0.10983 0.00006 ( 1)  0.056  0.000
 103 V   0.02021 0.95967 0.02011 ( 2)  0.378  0.020
 104 S   0.71272 0.28523 0.00205 ( 1)  0.119  0.002
 105 G   0.00345 0.58523 0.41132 ( 2)  0.904  0.411
 106 Q   0.67973 0.31763 0.00264 ( 1)  0.131  0.003
 107 E   0.88706 0.11282 0.00011 ( 1)  0.057  0.000
 108 V   0.88685 0.11300 0.00015 ( 1)  0.057  0.000
 109 P   0.83743 0.16246 0.00011 ( 1)  0.074  0.000
 110 L   0.79511 0.20432 0.00057 ( 1)  0.089  0.001
 111 L   0.79511 0.20432 0.00057 ( 1)  0.089  0.001
 112 A   0.01646 0.95748 0.02606 ( 2)  0.387  0.026
 113 V   0.79537 0.20413 0.00050 ( 1)  0.089  0.000
 114 Y   0.82757 0.17219 0.00024 ( 1)  0.078  0.000
 115 A   0.89011 0.10983 0.00006 ( 1)  0.056  0.000
 116 Q   0.12758 0.85543 0.01699 ( 2)  0.337  0.017
 117 A   0.84696 0.15290 0.00015 ( 1)  0.071  0.000
 118 V   0.18201 0.80576 0.01223 ( 2)  0.313  0.012
 119 N   0.75140 0.24783 0.00077 ( 1)  0.104  0.001
 120 M   0.00021 0.64067 0.35912 ( 2)  0.836  0.359
 121 H   0.82754 0.17224 0.00023 ( 1)  0.078  0.000
 122 L   0.78374 0.21554 0.00072 ( 1)  0.093  0.001
 123 L   0.72139 0.27519 0.00342 ( 1)  0.118  0.003
 124 L   0.79511 0.20432 0.00057 ( 1)  0.089  0.001
 125 L   0.78517 0.21405 0.00078 ( 1)  0.093  0.001
 126 R   0.82470 0.17509 0.00021 ( 1)  0.079  0.000
 127 D   0.77797 0.22151 0.00052 ( 1)  0.095  0.001
 128 A   0.86173 0.13817 0.00010 ( 1)  0.066  0.000
 129 S   0.81179 0.18794 0.00027 ( 1)  0.083  0.000
 130 I   0.21920 0.77778 0.00303 ( 2)  0.288  0.003
 131 F   0.88709 0.11286 0.00005 ( 1)  0.057  0.000
 132 G   0.85200 0.14789 0.00011 ( 1)  0.069  0.000
 133 E   0.26176 0.73461 0.00363 ( 2)  0.274  0.004
 134 E   0.13926 0.84597 0.01477 ( 2)  0.330  0.015
 135 W   0.64387 0.35140 0.00473 ( 1)  0.146  0.005
 136 G   0.84401 0.15589 0.00011 ( 1)  0.072  0.000
 137 F   0.80809 0.19142 0.00049 ( 1)  0.085  0.000
 138 T   0.00068 0.87513 0.12419 ( 2)  0.523  0.124
 139 S   0.00986 0.95071 0.03943 ( 2)  0.407  0.039
 140 S   0.00000 0.01485 0.98515 ( 3)  1.669  0.985
 141 E   0.89206 0.10785 0.00009 ( 1)  0.056  0.000
 142 I   0.87555 0.12437 0.00008 ( 1)  0.061  0.000
 143 S   0.68575 0.31109 0.00316 ( 1)  0.130  0.003
 144 T   0.00014 0.61285 0.38702 ( 2)  0.873  0.387
 145 Y   0.11024 0.85566 0.03410 ( 2)  0.366  0.034
 146 Y   0.79275 0.20665 0.00060 ( 1)  0.090  0.001
 147 N   0.13790 0.85035 0.01175 ( 2)  0.327  0.012
 148 R   0.77636 0.22330 0.00034 ( 1)  0.095  0.000
 149 Q   0.78177 0.21779 0.00044 ( 1)  0.093  0.000
 150 V   0.20270 0.79005 0.00726 ( 2)  0.299  0.007
 151 Q   0.00019 0.57445 0.42536 ( 2)  0.924  0.425
 152 L   0.13751 0.84275 0.01975 ( 2)  0.338  0.020
 153 T   0.14588 0.84001 0.01411 ( 2)  0.327  0.014
 154 S   0.00821 0.92676 0.06503 ( 2)  0.442  0.065
 155 Q   0.15025 0.83996 0.00978 ( 2)  0.320  0.010
 156 Y   0.81154 0.18813 0.00034 ( 1)  0.083  0.000
 157 S   0.00696 0.88568 0.10736 ( 2)  0.498  0.107
 158 D   0.90421 0.09574 0.00004 ( 1)  0.051  0.000
 159 Y   0.83055 0.16924 0.00021 ( 1)  0.077  0.000
 160 C   0.78170 0.21790 0.00040 ( 1)  0.093  0.000
 161 V   0.82709 0.17244 0.00047 ( 1)  0.078  0.000
 162 K   0.16499 0.82679 0.00822 ( 2)  0.313  0.008
 163 W   0.64387 0.35140 0.00473 ( 1)  0.146  0.005
 164 Y   0.73511 0.26318 0.00171 ( 1)  0.111  0.002
 165 D   0.00075 0.92300 0.07626 ( 2)  0.459  0.076
 166 T   0.72740 0.27085 0.00174 ( 1)  0.114  0.002
 167 G   0.83231 0.16754 0.00015 ( 1)  0.076  0.000
 168 L   0.79511 0.20432 0.00057 ( 1)  0.089  0.001
 169 Q   0.00001 0.32684 0.67316 ( 3)  1.254  0.673
 170 K   0.01291 0.96682 0.02026 ( 2)  0.381  0.020
 171 L   0.09704 0.88546 0.01751 ( 2)  0.348  0.018
 172 K   0.24274 0.75505 0.00221 ( 2)  0.279  0.002
 173 G   0.00834 0.97201 0.01965 ( 2)  0.381  0.020
 174 T   0.00657 0.89878 0.09466 ( 2)  0.482  0.095
 175 S   0.00051 0.80798 0.19151 ( 2)  0.613  0.192
 176 A   0.19148 0.80079 0.00773 ( 2)  0.303  0.008
 177 E   0.01436 0.95410 0.03154 ( 2)  0.395  0.032
 178 -   0.47323 0.46762 0.05916 ( 1)  0.276  0.059
 179 -   0.47323 0.46762 0.05916 ( 1)  0.276  0.059
 180 -   0.47323 0.46762 0.05916 ( 1)  0.276  0.059
 181 -   0.47323 0.46762 0.05916 ( 1)  0.276  0.059
 182 -   0.47323 0.46762 0.05916 ( 1)  0.276  0.059
 183 -   0.47323 0.46762 0.05916 ( 1)  0.276  0.059
 184 -   0.47323 0.46762 0.05916 ( 1)  0.276  0.059
 185 -   0.47323 0.46762 0.05916 ( 1)  0.276  0.059
 186 S   0.00084 0.96177 0.03739 ( 2)  0.407  0.037
 187 W   0.64387 0.35140 0.00473 ( 1)  0.146  0.005
 188 L   0.66665 0.32777 0.00558 ( 1)  0.139  0.006
 189 E   0.00740 0.92728 0.06532 ( 2)  0.442  0.065
 190 Y   0.83055 0.16924 0.00021 ( 1)  0.077  0.000
 191 H   0.84935 0.15055 0.00010 ( 1)  0.070  0.000
 192 Q   0.79477 0.20492 0.00031 ( 1)  0.089  0.000
 193 F   0.76475 0.23439 0.00086 ( 1)  0.100  0.001
 194 R   0.71994 0.27861 0.00145 ( 1)  0.116  0.001
 195 R   0.84321 0.15671 0.00008 ( 1)  0.072  0.000
 196 E   0.86098 0.13878 0.00024 ( 1)  0.066  0.000
 197 M   0.87435 0.12562 0.00003 ( 1)  0.061  0.000
 198 T   0.86529 0.13463 0.00008 ( 1)  0.065  0.000
 199 F   0.00820 0.90108 0.09073 ( 2)  0.476  0.091
 200 M   0.23308 0.76523 0.00170 ( 2)  0.281  0.002
 201 V   0.88685 0.11300 0.00015 ( 1)  0.057  0.000
 202 L   0.78800 0.21123 0.00077 ( 1)  0.092  0.001
 203 D   0.90421 0.09574 0.00004 ( 1)  0.051  0.000
 204 L   0.08218 0.82436 0.09346 ( 2)  0.454  0.093
 205 V   0.16858 0.82268 0.00874 ( 2)  0.312  0.009
 206 A   0.81951 0.18020 0.00028 ( 1)  0.080  0.000
 207 L   0.79029 0.20903 0.00067 ( 1)  0.091  0.001
 208 F   0.86596 0.13396 0.00008 ( 1)  0.064  0.000
 209 P   0.83743 0.16246 0.00011 ( 1)  0.074  0.000
 210 N   0.00398 0.91188 0.08414 ( 2)  0.469  0.084

Positively selected sites

	Prob(w>1)  mean w

     4 S      0.713         1.307
     5 Q      0.971*        1.651
    61 G      0.704         1.295
    84 S      0.856         1.498
    96 G      0.840         1.476
   140 S      0.985*        1.669
   169 Q      0.673         1.254


lnL = -2252.248289

