Supplemental results for CODEML (seqf: algn  treef: tree)


dN/dS (w) for site classes (K=9)

p:   0.09296  0.09296  0.09296  0.09296  0.09296  0.09296  0.09296  0.09296  0.25631
w:   0.00937  0.03422  0.06471  0.10150  0.14674  0.20493  0.28713  0.43856  1.00000

Naive Empirical Bayes (NEB) probabilities for 9 classes & postmean_w
(amino acids refer to 1st sequence: BT_Cry14Aa1)

   1 -   0.02198 0.05654 0.08114 0.10046 0.11449 0.12245 0.12415 0.11869 0.26010 ( 9)  0.407
   2 L   0.02186 0.12525 0.18859 0.19563 0.17016 0.13121 0.08913 0.04746 0.03072 ( 4)  0.166
   3 K   0.02343 0.13002 0.18729 0.18784 0.16131 0.12599 0.08963 0.05275 0.04175 ( 4)  0.176
   4 G   0.01989 0.13519 0.22071 0.22599 0.17903 0.11845 0.06601 0.02650 0.00824 ( 4)  0.131
   5 I   0.17122 0.19816 0.15669 0.13098 0.11162 0.09202 0.06986 0.04276 0.02668 ( 2)  0.133
   6 P   0.21157 0.30985 0.21638 0.12337 0.06710 0.03712 0.02042 0.00939 0.00481 ( 2)  0.071
   7 A   0.69439 0.21161 0.06263 0.02005 0.00720 0.00275 0.00100 0.00028 0.00009 ( 1)  0.022
   8 E   0.23882 0.32266 0.21735 0.12090 0.06019 0.02674 0.01011 0.00264 0.00059 ( 2)  0.059
   9 K   0.70557 0.20050 0.06051 0.02074 0.00787 0.00313 0.00121 0.00036 0.00011 ( 1)  0.022
  10 G   0.00132 0.02865 0.08086 0.12859 0.15941 0.17100 0.16222 0.12869 0.13927 ( 6)  0.320
  11 Y   0.05095 0.23849 0.26646 0.19392 0.11821 0.06739 0.03696 0.01734 0.01028 ( 3)  0.105
  12 F   0.00000 0.00005 0.00044 0.00185 0.00560 0.01410 0.03247 0.07994 0.86554 ( 9)  0.914
  13 P   0.00278 0.02514 0.05912 0.09243 0.11734 0.13124 0.13553 0.13212 0.30429 ( 9)  0.459
  14 N   0.24870 0.29479 0.17423 0.09795 0.06087 0.04156 0.03002 0.02146 0.03042 ( 2)  0.100
  15 N   0.00013 0.01057 0.05527 0.12635 0.19016 0.21794 0.19810 0.12854 0.07296 ( 6)  0.276
  16 A   0.00000 0.00030 0.00149 0.00386 0.00813 0.01621 0.03318 0.08060 0.85623 ( 9)  0.906
  17 R   0.00000 0.00019 0.00189 0.00817 0.02365 0.05395 0.10582 0.18963 0.61670 ( 9)  0.746
  18 P   0.00001 0.00137 0.01127 0.04008 0.09161 0.15593 0.20959 0.21528 0.27486 ( 9)  0.480
  19 T   0.00000 0.00045 0.00425 0.01501 0.03459 0.06454 0.10763 0.17124 0.60229 ( 9)  0.728
  20 V   0.00209 0.04001 0.10874 0.17161 0.20517 0.20001 0.15778 0.08471 0.02989 ( 5)  0.209
  21 V   0.29322 0.33987 0.19446 0.09445 0.04417 0.02037 0.00893 0.00317 0.00137 ( 2)  0.053
  22 K   0.00001 0.00099 0.00637 0.01839 0.03772 0.06643 0.11029 0.18219 0.57762 ( 9)  0.711
  23 -   0.09296 0.09296 0.09296 0.09296 0.09296 0.09296 0.09296 0.09296 0.25631 ( 9)  0.376
  24 E   0.02651 0.17458 0.26345 0.23905 0.16095 0.08620 0.03655 0.01024 0.00247 ( 3)  0.106
  25 W   0.00002 0.00091 0.00494 0.01476 0.03327 0.06431 0.11391 0.19370 0.57417 ( 9)  0.712
  26 I   0.00140 0.02898 0.08000 0.12629 0.15606 0.16785 0.16151 0.13162 0.14629 ( 6)  0.327
  27 N   0.30226 0.33921 0.19100 0.09244 0.04297 0.01953 0.00841 0.00293 0.00125 ( 2)  0.051
  28 G   0.68215 0.22494 0.06614 0.01879 0.00556 0.00175 0.00053 0.00011 0.00002 ( 1)  0.022
  29 A   0.01732 0.10790 0.16808 0.17675 0.15738 0.12807 0.09658 0.06430 0.08363 ( 4)  0.222
  30 S   0.01046 0.13775 0.23174 0.22129 0.16773 0.11244 0.06759 0.03248 0.01853 ( 3)  0.142
  31 A   0.00318 0.06653 0.16819 0.21827 0.20164 0.15153 0.09832 0.05265 0.03969 ( 4)  0.187
  32 V   0.01368 0.06123 0.07748 0.07951 0.08279 0.09058 0.10351 0.12452 0.36672 ( 9)  0.497
  33 P   0.00020 0.00941 0.04264 0.09696 0.15672 0.20156 0.21113 0.16288 0.11849 ( 7)  0.328
  34 F   0.01782 0.10508 0.15951 0.16572 0.14694 0.12150 0.09686 0.07251 0.11406 ( 4)  0.251
  35 Y   0.00000 0.00004 0.00068 0.00396 0.01349 0.03382 0.07059 0.13713 0.74030 ( 9)  0.830
  36 S   0.00005 0.00484 0.02946 0.07877 0.13877 0.18670 0.20190 0.16667 0.19284 ( 7)  0.393
  37 G   0.00000 0.00016 0.00196 0.00918 0.02749 0.06354 0.12323 0.20714 0.56730 ( 9)  0.712
  38 N   0.00000 0.00012 0.00130 0.00570 0.01689 0.04057 0.08606 0.17347 0.67589 ( 9)  0.788
  39 T   0.00002 0.00143 0.00824 0.02295 0.04596 0.07665 0.11451 0.16149 0.56875 ( 9)  0.698
  40 L   0.00607 0.05028 0.10626 0.14853 0.16804 0.16473 0.14176 0.10007 0.11427 ( 5)  0.281
  41 F   0.00000 0.00000 0.00001 0.00006 0.00039 0.00187 0.00773 0.03634 0.95360 ( 9)  0.972
  42 M   0.00000 0.00161 0.02060 0.07924 0.16132 0.21668 0.21045 0.14683 0.16327 ( 6)  0.366
  43 T   0.00000 0.00003 0.00033 0.00167 0.00594 0.01702 0.04286 0.10740 0.82476 ( 9)  0.889
  44 A   0.01694 0.15666 0.26163 0.24198 0.16427 0.09220 0.04416 0.01574 0.00642 ( 3)  0.116
  45 T   0.03041 0.16124 0.21177 0.18905 0.14425 0.10128 0.06658 0.03961 0.05579 ( 3)  0.173
  46 -   0.09539 0.09522 0.09501 0.09476 0.09445 0.09406 0.09351 0.09250 0.24509 ( 9)  0.366
  47 -   0.10759 0.10639 0.10494 0.10322 0.10116 0.09858 0.09507 0.08901 0.19406 ( 9)  0.317
  48 -   0.10342 0.10261 0.10164 0.10048 0.09906 0.09728 0.09483 0.09048 0.21019 ( 9)  0.333
  49 -   0.10844 0.10714 0.10557 0.10372 0.10150 0.09874 0.09501 0.08860 0.19128 ( 9)  0.315
  50 -   0.10709 0.10593 0.10453 0.10287 0.10088 0.09839 0.09500 0.08914 0.19617 ( 9)  0.319
  51 -   0.10641 0.10534 0.10404 0.10250 0.10064 0.09830 0.09510 0.08952 0.19814 ( 9)  0.321
  52 -   0.09626 0.09603 0.09575 0.09540 0.09498 0.09445 0.09370 0.09233 0.24110 ( 9)  0.362
  53 -   0.10656 0.10547 0.10415 0.10258 0.10069 0.09832 0.09508 0.08944 0.19770 ( 9)  0.321
  54 N   0.31870 0.34031 0.18497 0.08722 0.03976 0.01781 0.00757 0.00259 0.00107 ( 2)  0.049
  55 L   0.00041 0.01070 0.03628 0.06775 0.09639 0.11848 0.13318 0.14239 0.39442 ( 9)  0.543
  56 T   0.24250 0.32135 0.21106 0.11587 0.05937 0.02905 0.01331 0.00501 0.00248 ( 2)  0.062
  57 A   0.00211 0.04191 0.10762 0.15431 0.17128 0.16518 0.14247 0.10297 0.11214 ( 5)  0.281
  58 T   0.00278 0.03494 0.08906 0.14231 0.18182 0.19838 0.18256 0.11990 0.04825 ( 6)  0.242
  59 Q   0.03024 0.17381 0.24435 0.21994 0.15675 0.09576 0.05061 0.01996 0.00859 ( 3)  0.119
  60 Y   0.28521 0.34142 0.19954 0.09702 0.04431 0.01980 0.00853 0.00296 0.00120 ( 2)  0.053
  61 K   0.00001 0.00075 0.00511 0.01609 0.03543 0.06409 0.10391 0.16259 0.61202 ( 9)  0.733
  62 I   0.03784 0.18310 0.22861 0.19719 0.14524 0.09766 0.05998 0.03009 0.02030 ( 3)  0.133
  63 R   0.54346 0.25924 0.11463 0.04863 0.02024 0.00840 0.00348 0.00129 0.00064 ( 1)  0.033
  64 I   0.06844 0.25401 0.23291 0.14982 0.09125 0.06105 0.04609 0.03645 0.05997 ( 2)  0.155
  65 R   0.61109 0.25140 0.09221 0.03121 0.01000 0.00307 0.00086 0.00015 0.00001 ( 1)  0.026
  66 Y   0.65918 0.22761 0.07498 0.02507 0.00866 0.00308 0.00107 0.00029 0.00005 ( 1)  0.024
  67 A   0.70173 0.20974 0.06027 0.01852 0.00634 0.00231 0.00081 0.00022 0.00007 ( 1)  0.021
  68 -   0.02063 0.09817 0.13120 0.13444 0.12837 0.11895 0.10645 0.08876 0.17303 ( 9)  0.311
  69 N   0.00092 0.01077 0.02231 0.03408 0.04833 0.06728 0.09391 0.13783 0.58457 ( 9)  0.698
  70 P   0.00000 0.00001 0.00018 0.00123 0.00502 0.01570 0.04282 0.11648 0.81855 ( 9)  0.886
  71 N   0.00385 0.07925 0.19474 0.24157 0.20909 0.14322 0.08069 0.03332 0.01427 ( 4)  0.152
  72 S   0.00256 0.05092 0.13065 0.18398 0.19452 0.17237 0.13172 0.07902 0.05426 ( 5)  0.220
  73 D   0.00000 0.00024 0.00263 0.01081 0.02809 0.05696 0.10000 0.16448 0.63678 ( 9)  0.755
  74 T   0.00795 0.11708 0.21692 0.22265 0.17785 0.12441 0.07729 0.03737 0.01849 ( 4)  0.149
  75 Q   0.01025 0.07504 0.13769 0.16948 0.17573 0.16502 0.13786 0.08611 0.04283 ( 5)  0.209
  76 I   0.01584 0.06629 0.09090 0.10511 0.11534 0.12253 0.12601 0.12168 0.23631 ( 9)  0.387
  77 G   0.00001 0.00054 0.00373 0.01242 0.02931 0.05693 0.09864 0.16400 0.63441 ( 9)  0.752
  78 V   0.00022 0.01158 0.05590 0.12328 0.18068 0.20388 0.18741 0.13241 0.10465 ( 6)  0.301
  79 L   0.00000 0.00020 0.00232 0.01023 0.02839 0.06036 0.10812 0.17345 0.61693 ( 9)  0.742
  80 I   0.00888 0.12071 0.21084 0.20802 0.16254 0.11451 0.07607 0.04557 0.05287 ( 3)  0.181
  81 T   0.00004 0.00327 0.01991 0.05323 0.09491 0.13291 0.15845 0.16610 0.37118 ( 9)  0.537
  82 Q   0.00009 0.00619 0.03005 0.06660 0.10262 0.12953 0.14527 0.15030 0.36935 ( 9)  0.527
  83 N   0.01652 0.10859 0.16861 0.17256 0.14905 0.12014 0.09393 0.06934 0.10127 ( 4)  0.237
  84 G   0.00002 0.00142 0.00772 0.02018 0.03865 0.06310 0.09440 0.13963 0.63488 ( 9)  0.744
  85 S   0.01386 0.08335 0.12421 0.12454 0.10816 0.09185 0.08180 0.08090 0.29133 ( 9)  0.409
  86 Q   0.00001 0.00053 0.00357 0.01129 0.02541 0.04744 0.08004 0.13407 0.69764 ( 9)  0.794
  87 I   0.00005 0.00255 0.00982 0.02027 0.03402 0.05321 0.08193 0.13175 0.66639 ( 9)  0.766
  88 S   0.00000 0.00007 0.00107 0.00625 0.02243 0.05968 0.12809 0.22738 0.55503 ( 9)  0.708
  89 N   0.00000 0.00028 0.00326 0.01416 0.03894 0.08263 0.14765 0.22627 0.48680 ( 9)  0.653
  90 S   0.00000 0.00034 0.00286 0.00929 0.02014 0.03624 0.06146 0.11364 0.75603 ( 9)  0.835
  91 N   0.00027 0.00524 0.01522 0.02836 0.04486 0.06581 0.09421 0.14085 0.60518 ( 9)  0.718
  92 L   0.00000 0.00018 0.00165 0.00617 0.01581 0.03423 0.06879 0.13930 0.73387 ( 9)  0.825
  93 T   0.00251 0.04963 0.13157 0.19456 0.21216 0.18474 0.12891 0.06349 0.03243 ( 5)  0.196
  94 L   0.00592 0.05043 0.11183 0.16282 0.18659 0.17825 0.14304 0.08846 0.07265 ( 5)  0.242
  95 Y   0.00005 0.00336 0.01692 0.04383 0.08312 0.12956 0.17402 0.19960 0.34955 ( 9)  0.531
  96 S   0.27621 0.32821 0.19740 0.10302 0.05200 0.02549 0.01166 0.00426 0.00176 ( 2)  0.057
  97 T   0.00000 0.00021 0.00205 0.00861 0.02421 0.05376 0.10215 0.17662 0.63239 ( 9)  0.755
  98 T   0.00065 0.01078 0.02719 0.04607 0.06926 0.09883 0.13597 0.17868 0.43258 ( 9)  0.587
  99 D   0.00000 0.00041 0.00357 0.01380 0.03604 0.07469 0.13263 0.20780 0.53104 ( 9)  0.683
 100 S   0.00002 0.00084 0.00413 0.01150 0.02483 0.04698 0.08319 0.14774 0.68077 ( 9)  0.784
 101 S   0.00006 0.00234 0.01146 0.03054 0.05994 0.09741 0.13845 0.17576 0.48403 ( 9)  0.634
 102 M   0.00003 0.00159 0.00994 0.03198 0.07225 0.12892 0.18967 0.22138 0.34423 ( 9)  0.537
 103 S   0.00000 0.00001 0.00009 0.00056 0.00209 0.00618 0.01662 0.05084 0.92361 ( 9)  0.952
 104 S   0.00003 0.00104 0.00517 0.01422 0.02929 0.05123 0.08196 0.13107 0.68599 ( 9)  0.784
 105 N   0.00000 0.00007 0.00070 0.00290 0.00825 0.01926 0.04110 0.09254 0.83517 ( 9)  0.893
 106 L   0.00153 0.03424 0.09729 0.14932 0.17143 0.16785 0.14755 0.11052 0.12026 ( 5)  0.293
 107 P   0.00000 0.00003 0.00046 0.00284 0.01093 0.03190 0.07788 0.17293 0.70302 ( 9)  0.810
 108 Q   0.00002 0.00195 0.01390 0.04290 0.08782 0.13887 0.18035 0.19079 0.34340 ( 9)  0.526
 109 N   0.00015 0.01144 0.05678 0.12463 0.18290 0.20837 0.19253 0.13133 0.09186 ( 6)  0.291
 110 V   0.00515 0.07438 0.17785 0.23463 0.22283 0.16417 0.09070 0.02772 0.00257 ( 4)  0.145
 111 Y   0.03335 0.16983 0.22171 0.19904 0.15209 0.10624 0.06787 0.03402 0.01585 ( 3)  0.135
 112 V   0.00025 0.01485 0.05970 0.11206 0.15006 0.16856 0.16968 0.14892 0.17591 ( 9)  0.362
 113 T   0.00007 0.00505 0.02471 0.05833 0.10043 0.14578 0.18688 0.20277 0.27598 ( 9)  0.471
 114 G   0.02572 0.16942 0.26053 0.24278 0.16690 0.08911 0.03573 0.00840 0.00142 ( 3)  0.106
 115 E   0.00007 0.00515 0.02561 0.05818 0.09490 0.13073 0.16122 0.17739 0.34673 ( 9)  0.519
 116 N   0.32320 0.35008 0.18472 0.08186 0.03507 0.01519 0.00650 0.00234 0.00104 ( 2)  0.047
 117 G   0.05523 0.25116 0.27883 0.20245 0.11892 0.06003 0.02533 0.00702 0.00103 ( 3)  0.089
 118 N   0.28117 0.29383 0.18564 0.11068 0.06432 0.03587 0.01837 0.00725 0.00286 ( 2)  0.064
 119 Y   0.67848 0.22214 0.06854 0.02120 0.00668 0.00213 0.00065 0.00015 0.00003 ( 1)  0.022
 120 T   0.00211 0.05056 0.14488 0.21330 0.22153 0.18024 0.11609 0.05104 0.02026 ( 5)  0.178
 121 L   0.01047 0.07575 0.13717 0.16543 0.16617 0.15046 0.12403 0.08563 0.08487 ( 5)  0.242
 122 L   0.00000 0.00001 0.00027 0.00196 0.00784 0.02254 0.05361 0.12241 0.79136 ( 9)  0.866
 123 D   0.00000 0.00034 0.00333 0.01290 0.03265 0.06457 0.10880 0.16688 0.61052 ( 9)  0.735
 124 L   0.07522 0.21201 0.23886 0.19334 0.13155 0.07997 0.04333 0.01802 0.00771 ( 3)  0.107
 125 Y   0.00000 0.00002 0.00028 0.00162 0.00634 0.01989 0.05455 0.14384 0.77346 ( 9)  0.857
 126 S   0.00018 0.01468 0.07392 0.15749 0.21375 0.21475 0.16786 0.09401 0.06335 ( 6)  0.249
 127 T   0.00750 0.06601 0.13246 0.16825 0.17402 0.16158 0.13669 0.09382 0.05967 ( 5)  0.227
 128 T   0.03079 0.17409 0.24040 0.21492 0.15411 0.09581 0.05262 0.02327 0.01399 ( 3)  0.125
 129 N   0.03205 0.16010 0.21943 0.21072 0.16732 0.11366 0.06421 0.02495 0.00755 ( 3)  0.126
 130 V   0.00023 0.01411 0.05844 0.11321 0.15639 0.17857 0.17660 0.14353 0.15892 ( 6)  0.348
 131 L   0.01540 0.10326 0.17917 0.20761 0.19363 0.15219 0.09780 0.04109 0.00986 ( 4)  0.152
 132 S   0.03124 0.17864 0.25068 0.22596 0.15971 0.09361 0.04438 0.01346 0.00233 ( 3)  0.109
 133 T   0.00001 0.00148 0.01050 0.03262 0.06889 0.11686 0.17095 0.21638 0.38231 ( 9)  0.564
 134 G   0.00003 0.00435 0.03066 0.08753 0.15812 0.21336 0.22625 0.17062 0.10907 ( 7)  0.327
 135 D   0.00000 0.00011 0.00121 0.00551 0.01639 0.03816 0.07651 0.14387 0.71823 ( 9)  0.814
 136 I   0.01749 0.07868 0.11783 0.14351 0.15760 0.15817 0.14234 0.10261 0.08176 ( 6)  0.248
 137 T   0.00183 0.03863 0.10540 0.15740 0.17525 0.16259 0.13180 0.09228 0.13482 ( 5)  0.296
 138 L   0.00023 0.00627 0.02290 0.04678 0.07414 0.10341 0.13385 0.16471 0.44772 ( 9)  0.597
 139 K   0.00236 0.03590 0.07887 0.10978 0.12925 0.13907 0.13951 0.12767 0.23759 ( 9)  0.399
 140 L   0.00000 0.00019 0.00154 0.00613 0.01737 0.04031 0.08338 0.16683 0.68425 ( 9)  0.793
 141 T   0.00340 0.05356 0.11748 0.15286 0.15874 0.14572 0.12289 0.09316 0.15218 ( 5)  0.306
 142 G   0.00000 0.00039 0.00456 0.02065 0.05853 0.12165 0.19681 0.23993 0.35747 ( 9)  0.555
 143 G   0.00003 0.00328 0.02428 0.07515 0.14624 0.20778 0.22609 0.17384 0.14330 ( 7)  0.358
 144 -   0.09296 0.09296 0.09296 0.09296 0.09296 0.09296 0.09296 0.09296 0.25631 ( 9)  0.376
 145 N   0.00000 0.00000 0.00011 0.00084 0.00359 0.01139 0.03099 0.08576 0.86731 ( 9)  0.917
 146 Q   0.03221 0.18162 0.25261 0.22620 0.15881 0.09215 0.04273 0.01212 0.00154 ( 3)  0.107
 147 K   0.00420 0.08179 0.19324 0.23619 0.20677 0.14621 0.08517 0.03467 0.01177 ( 4)  0.151
 148 I   0.03712 0.18480 0.23125 0.19775 0.14519 0.09834 0.06092 0.02983 0.01479 ( 3)  0.129
 149 F   0.04384 0.20401 0.24550 0.20416 0.14227 0.08689 0.04603 0.01879 0.00852 ( 3)  0.113
 150 I   0.14078 0.19585 0.17632 0.15159 0.12454 0.09580 0.06611 0.03457 0.01444 ( 2)  0.121
 151 D   0.76943 0.17324 0.04071 0.01122 0.00358 0.00123 0.00042 0.00012 0.00004 ( 1)  0.018
 152 R   0.54889 0.24831 0.10773 0.04817 0.02347 0.01253 0.00681 0.00301 0.00108 ( 1)  0.036
 153 I   0.71696 0.18791 0.05781 0.02148 0.00898 0.00400 0.00180 0.00069 0.00037 ( 1)  0.022
 154 E   0.71590 0.20382 0.05616 0.01640 0.00522 0.00176 0.00057 0.00014 0.00003 ( 1)  0.020
 155 F   0.71149 0.21004 0.05632 0.01538 0.00460 0.00149 0.00048 0.00013 0.00006 ( 1)  0.020
 156 I   0.00195 0.04269 0.11544 0.16337 0.16740 0.14238 0.10888 0.07925 0.17863 ( 9)  0.324
 157 -   0.10276 0.10201 0.10110 0.10001 0.09869 0.09703 0.09473 0.09066 0.21301 ( 9)  0.335

Positively selected sites

	Prob(w>1)  mean w



lnL = -2445.284627

Bayes Empirical Bayes (BEB) probabilities for 11 classes (class) & postmean_w
(amino acids refer to 1st sequence: BT_Cry14Aa1)

   1 -   0.28137 0.14607 0.11442 0.09091 0.07413 0.06183 0.05251 0.04541 0.04050 0.04640 0.04644 ( 1)  0.398 +-  0.475
   2 L   0.59890 0.19298 0.08867 0.04561 0.02603 0.01616 0.01072 0.00751 0.00558 0.00548 0.00237 ( 1)  0.144 +-  0.177
   3 K   0.59825 0.18049 0.08595 0.04721 0.02873 0.01880 0.01300 0.00941 0.00719 0.00723 0.00373 ( 1)  0.153 +-  0.200
   4 G   0.66984 0.19829 0.07043 0.02931 0.01406 0.00748 0.00431 0.00265 0.00174 0.00152 0.00037 ( 1)  0.110 +-  0.118
   5 I   0.67379 0.13844 0.07229 0.04185 0.02576 0.01659 0.01108 0.00766 0.00553 0.00521 0.00179 ( 1)  0.133 +-  0.172
   6 P   0.88609 0.07094 0.02095 0.00927 0.00490 0.00287 0.00181 0.00121 0.00086 0.00080 0.00030 ( 1)  0.071 +-  0.081
   7 A   0.97480 0.02007 0.00331 0.00097 0.00039 0.00019 0.00011 0.00007 0.00005 0.00004 0.00002 ( 1)  0.053 +-  0.026
   8 E   0.91677 0.06433 0.01254 0.00360 0.00136 0.00062 0.00033 0.00019 0.00012 0.00010 0.00003 ( 1)  0.061 +-  0.047
   9 K   0.97041 0.02310 0.00408 0.00127 0.00053 0.00026 0.00014 0.00009 0.00006 0.00005 0.00002 ( 1)  0.054 +-  0.029
  10 G   0.23145 0.20892 0.15872 0.11307 0.08122 0.05962 0.04470 0.03424 0.02717 0.02813 0.01276 ( 1)  0.317 +-  0.287
  11 Y   0.81776 0.11154 0.03374 0.01495 0.00806 0.00487 0.00316 0.00217 0.00159 0.00151 0.00065 ( 1)  0.085 +-  0.107
  12 F   0.00074 0.00751 0.02138 0.03716 0.05210 0.06522 0.07632 0.08567 0.09464 0.12583 0.43343 (11)  1.557 +-  1.540
  13 P   0.17782 0.15548 0.12829 0.10336 0.08534 0.07202 0.06181 0.05395 0.04852 0.05600 0.05741 ( 1)  0.461 +-  0.493
  14 N   0.83220 0.07115 0.02984 0.01802 0.01260 0.00944 0.00735 0.00589 0.00488 0.00518 0.00345 ( 1)  0.101 +-  0.170
  15 N   0.13545 0.27028 0.21485 0.13789 0.08591 0.05450 0.03571 0.02435 0.01758 0.01708 0.00639 ( 2)  0.301 +-  0.240
  16 A   0.00377 0.01292 0.02729 0.04493 0.06348 0.08072 0.09520 0.10647 0.11583 0.14948 0.29992 (11)  1.115 +-  0.927
  17 R   0.00320 0.03347 0.07926 0.11226 0.12718 0.12817 0.12074 0.10945 0.09825 0.10799 0.08004 ( 6)  0.671 +-  0.392
  18 P   0.02037 0.12200 0.17695 0.16540 0.13412 0.10397 0.08003 0.06235 0.05028 0.05274 0.03180 ( 3)  0.484 +-  0.337
  19 T   0.00776 0.04931 0.08749 0.10903 0.11706 0.11619 0.11016 0.10183 0.09398 0.10695 0.10025 ( 5)  0.689 +-  0.475
  20 V   0.32381 0.27567 0.17366 0.09680 0.05361 0.03059 0.01821 0.01138 0.00760 0.00685 0.00181 ( 1)  0.212 +-  0.188
  21 V   0.93125 0.04979 0.01086 0.00383 0.00176 0.00095 0.00058 0.00038 0.00026 0.00024 0.00009 ( 1)  0.061 +-  0.052
  22 K   0.01320 0.05257 0.08772 0.11150 0.12255 0.12264 0.11539 0.10449 0.09360 0.10278 0.07355 ( 6)  0.644 +-  0.397
  23 -   0.37372 0.11997 0.08723 0.07033 0.05941 0.05156 0.04558 0.04100 0.03798 0.04497 0.06824 ( 1)  0.436 +-  0.734
  24 E   0.77142 0.16450 0.04103 0.01275 0.00498 0.00232 0.00124 0.00073 0.00047 0.00042 0.00013 ( 1)  0.084 +-  0.080
  25 W   0.01051 0.04603 0.08739 0.11577 0.12841 0.12820 0.11966 0.10705 0.09438 0.10161 0.06098 ( 5)  0.631 +-  0.363
  26 I   0.22961 0.20367 0.15622 0.11355 0.08283 0.06133 0.04619 0.03549 0.02824 0.02930 0.01356 ( 1)  0.322 +-  0.289
  27 N   0.93282 0.04913 0.01046 0.00362 0.00165 0.00089 0.00053 0.00035 0.00024 0.00022 0.00010 ( 1)  0.060 +-  0.051
  28 G   0.98313 0.01440 0.00177 0.00042 0.00014 0.00006 0.00003 0.00002 0.00001 0.00001 0.00000 ( 1)  0.052 +-  0.018
  29 A   0.53567 0.18123 0.09253 0.05476 0.03628 0.02606 0.01981 0.01573 0.01312 0.01430 0.01050 ( 1)  0.194 +-  0.266
  30 S   0.68006 0.17749 0.06637 0.03086 0.01671 0.01002 0.00646 0.00442 0.00322 0.00310 0.00130 ( 1)  0.116 +-  0.144
  31 A   0.48966 0.25102 0.10905 0.05465 0.03177 0.02041 0.01401 0.01012 0.00774 0.00783 0.00374 ( 1)  0.171 +-  0.199
  32 V   0.28383 0.10312 0.08795 0.08205 0.07705 0.07144 0.06529 0.05914 0.05405 0.06192 0.05417 ( 1)  0.439 +-  0.451
  33 P   0.10418 0.21435 0.20623 0.15270 0.10490 0.07126 0.04912 0.03484 0.02596 0.02576 0.01069 ( 2)  0.351 +-  0.264
  34 F   0.51276 0.16918 0.09019 0.05774 0.04120 0.03139 0.02495 0.02047 0.01745 0.01926 0.01541 ( 1)  0.223 +-  0.327
  35 Y   0.00091 0.01888 0.05079 0.07616 0.09111 0.09802 0.09983 0.09894 0.09790 0.11881 0.24864 (11)  1.092 +-  1.175
  36 S   0.06463 0.19217 0.19630 0.15077 0.10885 0.07892 0.05876 0.04534 0.03685 0.03971 0.02771 ( 3)  0.415 +-  0.341
  37 G   0.00300 0.03768 0.09001 0.12365 0.13372 0.12846 0.11610 0.10200 0.08971 0.09803 0.07765 ( 5)  0.656 +-  0.414
  38 N   0.00221 0.02459 0.06388 0.09889 0.12015 0.12758 0.12490 0.11646 0.10667 0.11846 0.09620 ( 6)  0.713 +-  0.430
  39 T   0.01754 0.06326 0.09473 0.10633 0.10697 0.10239 0.09575 0.08886 0.08353 0.09823 0.14241 (11)  0.778 +-  0.795
  40 L   0.32873 0.21563 0.14233 0.09206 0.06192 0.04375 0.03239 0.02507 0.02048 0.02211 0.01553 ( 1)  0.274 +-  0.306
  41 F   0.00000 0.00052 0.00385 0.01159 0.02345 0.03816 0.05425 0.07061 0.08739 0.12661 0.58356 (11)  1.915 +-  1.693
  42 M   0.03602 0.23472 0.22597 0.15080 0.09978 0.07105 0.05385 0.04233 0.03445 0.03643 0.01461 ( 2)  0.384 +-  0.272
  43 T   0.00054 0.00901 0.03062 0.05614 0.07794 0.09353 0.10316 0.10822 0.11129 0.13741 0.27213 (11)  1.127 +-  1.103
  44 A   0.74828 0.16896 0.04691 0.01719 0.00782 0.00415 0.00247 0.00160 0.00112 0.00105 0.00044 ( 1)  0.092 +-  0.101
  45 T   0.67038 0.15264 0.06250 0.03292 0.02069 0.01462 0.01116 0.00901 0.00768 0.00858 0.00982 ( 1)  0.151 +-  0.301
  46 -   0.38355 0.12223 0.08824 0.07064 0.05926 0.05107 0.04484 0.04005 0.03685 0.04337 0.05990 ( 1)  0.404 +-  0.643
  47 -   0.42686 0.13096 0.09111 0.07033 0.05692 0.04735 0.04015 0.03466 0.03085 0.03524 0.03558 ( 1)  0.320 +-  0.448
  48 -   0.41307 0.12846 0.09055 0.07079 0.05800 0.04883 0.04189 0.03657 0.03290 0.03793 0.04101 ( 1)  0.338 +-  0.472
  49 -   0.42935 0.13131 0.09109 0.07012 0.05661 0.04698 0.03976 0.03427 0.03045 0.03474 0.03530 ( 1)  0.319 +-  0.456
  50 -   0.42502 0.13059 0.09098 0.07033 0.05700 0.04749 0.04034 0.03488 0.03110 0.03557 0.03670 ( 1)  0.324 +-  0.462
  51 -   0.42329 0.13041 0.09109 0.07057 0.05731 0.04783 0.04068 0.03521 0.03142 0.03595 0.03624 ( 1)  0.322 +-  0.440
  52 -   0.38701 0.12302 0.08859 0.07074 0.05919 0.05088 0.04455 0.03970 0.03643 0.04278 0.05711 ( 1)  0.394 +-  0.611
  53 -   0.42363 0.13044 0.09106 0.07051 0.05724 0.04775 0.04060 0.03514 0.03134 0.03586 0.03644 ( 1)  0.323 +-  0.448
  54 N   0.93703 0.04643 0.00968 0.00331 0.00149 0.00080 0.00047 0.00031 0.00021 0.00020 0.00008 ( 1)  0.060 +-  0.048
  55 L   0.09916 0.13326 0.12640 0.10984 0.09573 0.08478 0.07593 0.06857 0.06315 0.07353 0.06965 ( 2)  0.531 +-  0.465
  56 T   0.90827 0.06419 0.01519 0.00559 0.00267 0.00150 0.00093 0.00062 0.00044 0.00042 0.00018 ( 1)  0.065 +-  0.064
  57 A   0.31670 0.22035 0.14309 0.09378 0.06405 0.04560 0.03370 0.02583 0.02077 0.02204 0.01409 ( 1)  0.276 +-  0.305
  58 T   0.26393 0.23981 0.18333 0.12036 0.07474 0.04583 0.02840 0.01808 0.01210 0.01084 0.00257 ( 1)  0.253 +-  0.211
  59 Q   0.74066 0.16239 0.05178 0.02082 0.00998 0.00544 0.00328 0.00213 0.00150 0.00141 0.00061 ( 1)  0.096 +-  0.112
  60 Y   0.93325 0.04908 0.01027 0.00358 0.00162 0.00085 0.00050 0.00032 0.00023 0.00021 0.00010 ( 1)  0.060 +-  0.051
  61 K   0.01048 0.05074 0.08598 0.10479 0.11194 0.11170 0.10709 0.10037 0.09401 0.10851 0.11439 (11)  0.716 +-  0.546
  62 I   0.72199 0.15029 0.05705 0.02730 0.01519 0.00937 0.00622 0.00438 0.00328 0.00325 0.00167 ( 1)  0.110 +-  0.147
  63 R   0.95194 0.03595 0.00682 0.00238 0.00114 0.00065 0.00041 0.00027 0.00019 0.00018 0.00007 ( 1)  0.057 +-  0.043
  64 I   0.77990 0.08679 0.03643 0.02361 0.01756 0.01377 0.01110 0.00912 0.00771 0.00832 0.00570 ( 1)  0.123 +-  0.206
  65 R   0.97653 0.02036 0.00234 0.00051 0.00015 0.00006 0.00002 0.00001 0.00001 0.00000 0.00000 ( 1)  0.053 +-  0.020
  66 Y   0.97432 0.02099 0.00313 0.00089 0.00034 0.00015 0.00008 0.00004 0.00003 0.00002 0.00000 ( 1)  0.053 +-  0.024
  67 A   0.97767 0.01810 0.00278 0.00078 0.00031 0.00015 0.00008 0.00005 0.00004 0.00003 0.00001 ( 1)  0.053 +-  0.024
  68 -   0.44560 0.15013 0.09556 0.06766 0.05109 0.04047 0.03327 0.02824 0.02498 0.02866 0.03432 ( 1)  0.304 +-  0.508
  69 N   0.07353 0.06817 0.08216 0.09124 0.09561 0.09625 0.09420 0.09059 0.08721 0.10351 0.11753 (11)  0.678 +-  0.572
  70 P   0.00026 0.00819 0.03167 0.06254 0.09053 0.11027 0.12097 0.12436 0.12392 0.14672 0.18057 (11)  0.884 +-  0.613
  71 N   0.56364 0.25480 0.09401 0.03954 0.01944 0.01079 0.00655 0.00428 0.00301 0.00284 0.00111 ( 1)  0.133 +-  0.144
  72 S   0.38595 0.25005 0.14010 0.08018 0.04880 0.03141 0.02121 0.01499 0.01121 0.01117 0.00493 ( 1)  0.212 +-  0.223
  73 D   0.00447 0.04038 0.08007 0.10340 0.11288 0.11355 0.10923 0.10261 0.09637 0.11151 0.12553 (11)  0.746 +-  0.579
  74 T   0.63694 0.19610 0.07792 0.03698 0.01994 0.01177 0.00742 0.00495 0.00351 0.00329 0.00118 ( 1)  0.126 +-  0.148
  75 Q   0.43330 0.21480 0.13436 0.08260 0.05037 0.03113 0.01980 0.01310 0.00917 0.00857 0.00280 ( 1)  0.199 +-  0.205
  76 I   0.31525 0.14226 0.11163 0.09011 0.07353 0.06058 0.05043 0.04259 0.03704 0.04139 0.03519 ( 1)  0.363 +-  0.420
  77 G   0.00765 0.04295 0.08099 0.10456 0.11522 0.11696 0.11314 0.10638 0.09947 0.11388 0.09880 ( 6)  0.687 +-  0.409
  78 V   0.13841 0.25321 0.19884 0.13250 0.08803 0.06004 0.04219 0.03061 0.02326 0.02344 0.00948 ( 2)  0.321 +-  0.259
  79 L   0.00369 0.03954 0.08321 0.10739 0.11456 0.11210 0.10532 0.09734 0.09067 0.10502 0.14115 (11)  0.801 +-  0.788
  80 I   0.62469 0.17662 0.07286 0.03888 0.02440 0.01692 0.01253 0.00974 0.00799 0.00860 0.00677 ( 1)  0.153 +-  0.238
  81 T   0.04302 0.13116 0.14624 0.12954 0.10986 0.09302 0.07944 0.06877 0.06127 0.06991 0.06778 ( 3)  0.551 +-  0.486
  82 Q   0.07180 0.14123 0.13726 0.11765 0.09997 0.08575 0.07446 0.06562 0.05953 0.06913 0.07761 ( 2)  0.558 +-  0.562
  83 N   0.53388 0.16946 0.08712 0.05500 0.03894 0.02939 0.02307 0.01865 0.01566 0.01705 0.01177 ( 1)  0.206 +-  0.281
  84 G   0.01739 0.05484 0.08042 0.09195 0.09606 0.09637 0.09467 0.09209 0.09032 0.10975 0.17614 (11)  0.837 +-  0.794
  85 S   0.41290 0.12777 0.07377 0.05592 0.04808 0.04369 0.04076 0.03863 0.03751 0.04621 0.07476 ( 1)  0.415 +-  0.659
  86 Q   0.00731 0.03650 0.06526 0.08325 0.09308 0.09755 0.09863 0.09782 0.09716 0.11858 0.20486 (11)  0.924 +-  0.887
  87 I   0.02445 0.04599 0.06560 0.07933 0.08721 0.09060 0.09102 0.08985 0.08902 0.10885 0.22808 (11)  1.026 +-  1.191
  88 S   0.00141 0.02999 0.08714 0.12859 0.14174 0.13537 0.12014 0.10301 0.08822 0.09391 0.07048 ( 5)  0.658 +-  0.462
  89 N   0.00505 0.05163 0.10833 0.13785 0.14133 0.12988 0.11266 0.09508 0.08045 0.08507 0.05267 ( 5)  0.599 +-  0.356
  90 S   0.00596 0.03157 0.05434 0.07239 0.08704 0.09803 0.10518 0.10897 0.11125 0.13680 0.18846 (11)  0.859 +-  0.622
  91 N   0.04443 0.06436 0.08276 0.09352 0.09897 0.10027 0.09850 0.09486 0.09131 0.10814 0.12287 (11)  0.705 +-  0.573
  92 L   0.00310 0.02381 0.05416 0.08195 0.10114 0.11117 0.11406 0.11239 0.10935 0.12902 0.15985 (11)  0.825 +-  0.610
  93 T   0.39270 0.28060 0.14775 0.07411 0.03983 0.02329 0.01468 0.00989 0.00715 0.00699 0.00299 ( 1)  0.190 +-  0.193
  94 L   0.34441 0.24326 0.15100 0.08916 0.05520 0.03634 0.02530 0.01852 0.01436 0.01483 0.00762 ( 1)  0.237 +-  0.246
  95 Y   0.03749 0.11084 0.14687 0.14411 0.12666 0.10637 0.08774 0.07225 0.06073 0.06519 0.04174 ( 3)  0.515 +-  0.362
  96 S   0.91686 0.05854 0.01389 0.00505 0.00235 0.00128 0.00077 0.00049 0.00034 0.00031 0.00011 ( 1)  0.063 +-  0.058
  97 T   0.00355 0.03464 0.07857 0.10779 0.11994 0.12044 0.11446 0.10571 0.09739 0.11045 0.10706 ( 6)  0.716 +-  0.506
  98 T   0.07892 0.09175 0.11267 0.11923 0.11484 0.10453 0.09215 0.08009 0.07025 0.07744 0.05813 ( 4)  0.549 +-  0.420
  99 D   0.00619 0.04860 0.09923 0.12698 0.13265 0.12488 0.11129 0.09672 0.08443 0.09209 0.07694 ( 5)  0.648 +-  0.467
 100 S   0.00932 0.03521 0.06548 0.08815 0.10135 0.10652 0.10610 0.10249 0.09851 0.11600 0.17088 (11)  0.882 +-  0.910
 101 S   0.02508 0.08016 0.11409 0.11971 0.11245 0.10118 0.08979 0.07986 0.07268 0.08395 0.12106 (11)  0.732 +-  0.844
 102 M   0.01931 0.09485 0.15137 0.15661 0.13658 0.11120 0.08866 0.07106 0.05876 0.06283 0.04877 ( 4)  0.542 +-  0.437
 103 S   0.00010 0.00242 0.00873 0.01783 0.02861 0.04031 0.05235 0.06447 0.07736 0.11086 0.59698 (11)  2.001 +-  1.807
 104 S   0.01151 0.04100 0.06676 0.08142 0.08895 0.09229 0.09312 0.09266 0.09265 0.11420 0.22544 (11)  0.992 +-  1.060
 105 N   0.00112 0.01088 0.02753 0.04451 0.05918 0.07084 0.07975 0.08664 0.09318 0.12151 0.40486 (11)  1.505 +-  1.551
 106 L   0.27939 0.22445 0.14917 0.10032 0.06997 0.05038 0.03739 0.02863 0.02294 0.02418 0.01319 ( 1)  0.289 +-  0.287
 107 P   0.00066 0.01604 0.05460 0.09396 0.11936 0.12911 0.12729 0.11899 0.10915 0.12135 0.10949 ( 6)  0.746 +-  0.478
 108 Q   0.02733 0.11879 0.15700 0.14588 0.12204 0.09940 0.08112 0.06727 0.05776 0.06413 0.05929 ( 3)  0.546 +-  0.489
 109 N   0.14072 0.25725 0.20491 0.13537 0.08726 0.05735 0.03897 0.02758 0.02066 0.02075 0.00918 ( 2)  0.314 +-  0.257
 110 V   0.53368 0.28308 0.11233 0.04191 0.01627 0.00675 0.00303 0.00148 0.00080 0.00060 0.00009 ( 1)  0.127 +-  0.111
 111 Y   0.69884 0.16021 0.06456 0.03173 0.01738 0.01021 0.00635 0.00416 0.00290 0.00268 0.00099 ( 1)  0.114 +-  0.140
 112 V   0.15314 0.20041 0.16391 0.12567 0.09586 0.07313 0.05599 0.04333 0.03456 0.03585 0.01815 ( 2)  0.369 +-  0.315
 113 T   0.05570 0.13158 0.15845 0.14945 0.12666 0.10198 0.08036 0.06321 0.05089 0.05279 0.02893 ( 3)  0.469 +-  0.339
 114 G   0.76559 0.17298 0.04193 0.01180 0.00408 0.00171 0.00084 0.00046 0.00029 0.00024 0.00007 ( 1)  0.083 +-  0.075
 115 E   0.05951 0.12820 0.14331 0.13275 0.11514 0.09734 0.08165 0.06876 0.05927 0.06530 0.04877 ( 3)  0.511 +-  0.402
 116 N   0.94518 0.04048 0.00818 0.00288 0.00134 0.00073 0.00045 0.00029 0.00020 0.00019 0.00008 ( 1)  0.058 +-  0.046
 117 G   0.84885 0.11097 0.02607 0.00815 0.00312 0.00138 0.00068 0.00037 0.00021 0.00017 0.00003 ( 1)  0.072 +-  0.063
 118 N   0.88130 0.07745 0.02223 0.00885 0.00426 0.00232 0.00138 0.00088 0.00060 0.00054 0.00020 ( 1)  0.070 +-  0.075
 119 Y   0.97982 0.01715 0.00214 0.00053 0.00019 0.00008 0.00004 0.00002 0.00001 0.00001 0.00000 ( 1)  0.052 +-  0.020
 120 T   0.42514 0.29416 0.13878 0.06394 0.03206 0.01769 0.01062 0.00686 0.00477 0.00449 0.00149 ( 1)  0.169 +-  0.165
 121 L   0.43158 0.20189 0.12038 0.07589 0.05048 0.03521 0.02557 0.01927 0.01524 0.01584 0.00867 ( 1)  0.224 +-  0.260
 122 L   0.00035 0.01217 0.04018 0.06854 0.09011 0.10393 0.11106 0.11330 0.11348 0.13669 0.21016 (11)  0.963 +-  0.865
 123 D   0.00589 0.04647 0.08803 0.10808 0.11314 0.11056 0.10456 0.09750 0.09156 0.10670 0.12750 (11)  0.744 +-  0.620
 124 L   0.78008 0.13582 0.04368 0.01821 0.00902 0.00503 0.00306 0.00199 0.00138 0.00127 0.00046 ( 1)  0.090 +-  0.105
 125 Y   0.00045 0.00994 0.03873 0.07596 0.10690 0.12505 0.13094 0.12816 0.12156 0.13747 0.12484 (10)  0.782 +-  0.452
 126 S   0.19009 0.31087 0.19983 0.11130 0.06453 0.04012 0.02668 0.01888 0.01436 0.01481 0.00853 ( 2)  0.269 +-  0.255
 127 T   0.40600 0.21359 0.13244 0.08494 0.05558 0.03695 0.02501 0.01734 0.01252 0.01190 0.00374 ( 1)  0.218 +-  0.222
 128 T   0.73323 0.15956 0.05270 0.02255 0.01173 0.00696 0.00451 0.00312 0.00231 0.00226 0.00108 ( 1)  0.102 +-  0.127
 129 N   0.69437 0.18185 0.06703 0.02770 0.01293 0.00671 0.00380 0.00232 0.00153 0.00135 0.00040 ( 1)  0.105 +-  0.115
 130 V   0.14999 0.21185 0.17493 0.12852 0.09310 0.06817 0.05089 0.03898 0.03117 0.03282 0.01960 ( 2)  0.362 +-  0.327
 131 L   0.56455 0.23137 0.10576 0.04836 0.02317 0.01180 0.00641 0.00373 0.00235 0.00201 0.00049 ( 1)  0.135 +-  0.137
 132 S   0.75782 0.16496 0.04788 0.01642 0.00658 0.00300 0.00151 0.00083 0.00050 0.00041 0.00009 ( 1)  0.088 +-  0.085
 133 T   0.02010 0.09112 0.13732 0.14647 0.13586 0.11767 0.09834 0.08091 0.06717 0.07033 0.03472 ( 4)  0.529 +-  0.315
 134 G   0.06451 0.22020 0.22359 0.16484 0.11107 0.07366 0.04957 0.03439 0.02510 0.02450 0.00858 ( 3)  0.357 +-  0.245
 135 D   0.00196 0.02352 0.05757 0.08386 0.09844 0.10407 0.10432 0.10197 0.09975 0.11996 0.20457 (11)  0.942 +-  0.910
 136 I   0.39307 0.19297 0.13388 0.08999 0.06049 0.04131 0.02889 0.02082 0.01573 0.01567 0.00718 ( 1)  0.238 +-  0.255
 137 T   0.30768 0.22966 0.13851 0.08616 0.05865 0.04300 0.03333 0.02704 0.02313 0.02608 0.02676 ( 1)  0.307 +-  0.428
 138 L   0.05954 0.10188 0.11821 0.11730 0.10962 0.09969 0.08940 0.07979 0.07213 0.08195 0.07049 ( 3)  0.572 +-  0.445
 139 K   0.24149 0.16524 0.12949 0.10063 0.07950 0.06402 0.05256 0.04412 0.03840 0.04331 0.04123 ( 1)  0.395 +-  0.458
 140 L   0.00289 0.02550 0.06312 0.09616 0.11689 0.12506 0.12365 0.11647 0.10768 0.12052 0.10205 ( 6)  0.724 +-  0.457
 141 T   0.35650 0.19827 0.12085 0.07966 0.05682 0.04302 0.03409 0.02811 0.02433 0.02762 0.03073 ( 1)  0.312 +-  0.477
 142 G   0.00696 0.07663 0.14995 0.16488 0.14589 0.11864 0.09396 0.07464 0.06107 0.06448 0.04291 ( 4)  0.541 +-  0.355
 143 G   0.04938 0.20393 0.22112 0.16545 0.11304 0.07691 0.05372 0.03902 0.03000 0.03088 0.01654 ( 3)  0.386 +-  0.288
 144 -   0.37372 0.11997 0.08723 0.07033 0.05941 0.05156 0.04558 0.04100 0.03798 0.04497 0.06824 ( 1)  0.436 +-  0.734
 145 N   0.00014 0.00560 0.02193 0.04334 0.06401 0.08127 0.09449 0.10413 0.11204 0.14384 0.32921 (11)  1.229 +-  1.135
 146 Q   0.76374 0.16346 0.04649 0.01539 0.00588 0.00253 0.00121 0.00063 0.00036 0.00028 0.00005 ( 1)  0.086 +-  0.081
 147 K   0.56400 0.25057 0.09738 0.04163 0.02001 0.01063 0.00615 0.00383 0.00259 0.00236 0.00084 ( 1)  0.132 +-  0.139
 148 I   0.72686 0.14935 0.05745 0.02746 0.01491 0.00883 0.00557 0.00370 0.00261 0.00243 0.00083 ( 1)  0.107 +-  0.131
 149 F   0.76906 0.14350 0.04580 0.01860 0.00919 0.00519 0.00321 0.00212 0.00149 0.00137 0.00046 ( 1)  0.092 +-  0.107
 150 I   0.69706 0.14839 0.06881 0.03570 0.01987 0.01168 0.00719 0.00462 0.00313 0.00279 0.00077 ( 1)  0.117 +-  0.142
 151 D   0.98289 0.01399 0.00201 0.00057 0.00023 0.00012 0.00007 0.00004 0.00003 0.00003 0.00001 ( 1)  0.052 +-  0.021
 152 R   0.93169 0.04383 0.01246 0.00542 0.00277 0.00155 0.00092 0.00058 0.00038 0.00033 0.00008 ( 1)  0.062 +-  0.059
 153 I   0.96093 0.02806 0.00599 0.00222 0.00108 0.00062 0.00039 0.00026 0.00019 0.00018 0.00009 ( 1)  0.056 +-  0.042
 154 E   0.98121 0.01569 0.00213 0.00056 0.00021 0.00009 0.00005 0.00003 0.00002 0.00002 0.00000 ( 1)  0.052 +-  0.020
 155 F   0.98381 0.01351 0.00177 0.00047 0.00018 0.00009 0.00005 0.00004 0.00003 0.00003 0.00001 ( 1)  0.052 +-  0.020
 156 I   0.33872 0.21833 0.11659 0.07121 0.05080 0.04027 0.03406 0.03005 0.02768 0.03310 0.03919 ( 1)  0.324 +-  0.452
 157 -   0.41066 0.12796 0.09037 0.07078 0.05811 0.04901 0.04213 0.03686 0.03322 0.03837 0.04253 ( 1)  0.344 +-  0.489

Positively selected sites

	Prob(w>1)  mean w

    41 F      0.584         1.915 +- 1.693
   103 S      0.597         2.001 +- 1.807

