Supplemental results for CODEML (seqf: algn  treef: tree)


dN/dS (w) for site classes (K=3)

p:   0.67477  0.04498  0.28024
w:   0.18165  1.00000  1.00000

Naive Empirical Bayes (NEB) probabilities for 3 classes & postmean_w
(amino acids refer to 1st sequence: BT_Cry1Be1)

   1 S   0.91057 0.01237 0.07706 ( 1)  0.255
   2 D   0.96375 0.00501 0.03124 ( 1)  0.211
   3 S   0.00899 0.13707 0.85394 ( 3)  0.993
   4 I   0.97403 0.00359 0.02237 ( 1)  0.203
   5 T   0.66800 0.04592 0.28608 ( 1)  0.453
   6 Q   0.96340 0.00506 0.03153 ( 1)  0.212
   7 I   0.97035 0.00410 0.02555 ( 1)  0.206
   8 P   0.96962 0.00420 0.02617 ( 1)  0.207
   9 L   0.93888 0.00845 0.05266 ( 1)  0.232
  10 V   0.85473 0.02009 0.12517 ( 1)  0.301
  11 K   0.98138 0.00258 0.01605 ( 1)  0.197
  12 S   0.48210 0.07163 0.44627 ( 1)  0.605
  13 F   0.93059 0.00960 0.05981 ( 1)  0.238
  14 N   0.56227 0.06054 0.37718 ( 1)  0.540
  15 L   0.94050 0.00823 0.05127 ( 1)  0.230
  16 N   0.14420 0.11837 0.73743 ( 3)  0.882
  17 S   0.95542 0.00617 0.03842 ( 1)  0.218
  18 G   0.89071 0.01512 0.09417 ( 1)  0.271
  19 T   0.70214 0.04120 0.25666 ( 1)  0.425
  20 S   0.54613 0.06278 0.39109 ( 1)  0.553
  21 V   0.97379 0.00362 0.02258 ( 1)  0.203
  22 V   0.95165 0.00669 0.04166 ( 1)  0.221
  23 S   0.54502 0.06293 0.39205 ( 1)  0.554
  24 G   0.95631 0.00604 0.03765 ( 1)  0.217
  25 P   0.97290 0.00375 0.02335 ( 1)  0.204
  26 G   0.81649 0.02538 0.15813 ( 1)  0.332
  27 F   0.98370 0.00225 0.01404 ( 1)  0.195
  28 T   0.96802 0.00442 0.02756 ( 1)  0.208
  29 G   0.97368 0.00364 0.02268 ( 1)  0.203
  30 G   0.86497 0.01868 0.11636 ( 1)  0.292
  31 D   0.92473 0.01041 0.06486 ( 1)  0.243
  32 I   0.92389 0.01053 0.06558 ( 1)  0.244
  33 I   0.68307 0.04384 0.27309 ( 1)  0.441
  34 R   0.64367 0.04929 0.30704 ( 1)  0.473
  35 T   0.83468 0.02287 0.14246 ( 1)  0.317
  36 N   0.60137 0.05514 0.34350 ( 1)  0.508
  37 V   0.35054 0.08983 0.55963 ( 3)  0.713
  38 N   0.61687 0.05299 0.33014 ( 1)  0.495
  39 G   0.97841 0.00299 0.01860 ( 1)  0.199
  40 S   0.16439 0.11558 0.72003 ( 3)  0.865
  41 V   0.83894 0.02228 0.13878 ( 1)  0.313
  42 L   0.23121 0.10634 0.66245 ( 3)  0.811
  43 S   0.45145 0.07587 0.47267 ( 3)  0.631
  44 M   0.94014 0.00828 0.05158 ( 1)  0.231
  45 G   0.42962 0.07889 0.49149 ( 3)  0.648
  46 L   0.86145 0.01916 0.11938 ( 1)  0.295
  47 N   0.98175 0.00252 0.01572 ( 1)  0.197
  48 F   0.90215 0.01353 0.08432 ( 1)  0.262
  49 N   0.77811 0.03069 0.19120 ( 1)  0.363
  50 N   0.38488 0.08508 0.53004 ( 3)  0.685
  51 T   0.83031 0.02347 0.14622 ( 1)  0.321
  52 S   0.47225 0.07300 0.45476 ( 1)  0.614
  53 L   0.56008 0.06085 0.37907 ( 1)  0.542
  54 Q   0.92401 0.01051 0.06548 ( 1)  0.244
  55 R   0.87614 0.01713 0.10673 ( 1)  0.283
  56 Y   0.97710 0.00317 0.01973 ( 1)  0.200
  57 R   0.86542 0.01861 0.11596 ( 1)  0.292
  58 V   0.74063 0.03587 0.22349 ( 1)  0.394
  59 R   0.96295 0.00512 0.03192 ( 1)  0.212
  60 V   0.69472 0.04223 0.26306 ( 1)  0.431
  61 R   0.52901 0.06515 0.40585 ( 1)  0.567
  62 Y   0.97710 0.00317 0.01973 ( 1)  0.200
  63 A   0.97756 0.00310 0.01933 ( 1)  0.200
  64 A   0.86729 0.01836 0.11435 ( 1)  0.290
  65 S   0.87025 0.01795 0.11181 ( 1)  0.288
  66 Q   0.38536 0.08501 0.52962 ( 3)  0.685
  67 T   0.22783 0.10680 0.66537 ( 3)  0.814
  68 M   0.06428 0.12942 0.80629 ( 3)  0.947
  69 V   0.05489 0.13072 0.81439 ( 3)  0.955
  70 L   0.11970 0.12176 0.75854 ( 3)  0.902
  71 R   0.08301 0.12683 0.79015 ( 3)  0.932
  72 V   0.50153 0.06895 0.42952 ( 1)  0.590
  73 T   0.42149 0.08002 0.49849 ( 3)  0.655
  74 V   0.92113 0.01091 0.06796 ( 1)  0.246
  75 G   0.34897 0.09005 0.56098 ( 3)  0.714
  76 G   0.95100 0.00678 0.04222 ( 1)  0.222
  77 S   0.70851 0.04032 0.25117 ( 1)  0.420
  78 T   0.92080 0.01095 0.06825 ( 1)  0.246
  79 T   0.92824 0.00993 0.06183 ( 1)  0.240
  80 F   0.05566 0.13062 0.81372 ( 3)  0.954
  81 D   0.18499 0.11273 0.70228 ( 3)  0.849
  82 Q   0.38774 0.08469 0.52758 ( 3)  0.683
  83 G   0.23583 0.10570 0.65847 ( 3)  0.807
  84 F   0.96964 0.00420 0.02616 ( 1)  0.206
  85 P   0.74839 0.03480 0.21681 ( 1)  0.388
  86 S   0.62258 0.05220 0.32522 ( 1)  0.491
  87 T   0.97416 0.00357 0.02227 ( 1)  0.203
  88 M   0.98978 0.00141 0.00881 ( 1)  0.190
  89 S   0.95229 0.00660 0.04111 ( 1)  0.221
  90 A   0.63381 0.05065 0.31554 ( 1)  0.481
  91 N   0.20833 0.10950 0.68217 ( 3)  0.830
  92 E   0.23835 0.10535 0.65630 ( 3)  0.805
  93 S   0.02425 0.13496 0.84079 ( 3)  0.980
  94 L   0.93574 0.00889 0.05537 ( 1)  0.234
  95 T   0.19081 0.11192 0.69726 ( 3)  0.844
  96 S   0.85627 0.01988 0.12385 ( 1)  0.299
  97 Q   0.08211 0.12696 0.79093 ( 3)  0.933
  98 S   0.30964 0.09549 0.59487 ( 3)  0.747
  99 F   0.98370 0.00225 0.01404 ( 1)  0.195
 100 R   0.97979 0.00280 0.01741 ( 1)  0.198
 101 F   0.68226 0.04395 0.27379 ( 1)  0.442
 102 A   0.61706 0.05297 0.32997 ( 1)  0.495
 103 E   0.76169 0.03296 0.20535 ( 1)  0.377
 104 F   0.98370 0.00225 0.01404 ( 1)  0.195
 105 P   0.84897 0.02089 0.13014 ( 1)  0.305
 106 V   0.76595 0.03237 0.20168 ( 1)  0.373
 107 G   0.38717 0.08476 0.52806 ( 3)  0.683
 108 I   0.89597 0.01439 0.08965 ( 1)  0.267
 109 S   0.85739 0.01973 0.12289 ( 1)  0.298
 110 A   0.03737 0.13315 0.82948 ( 3)  0.969
 111 S   0.82858 0.02371 0.14771 ( 1)  0.322
 112 G   0.54864 0.06243 0.38893 ( 1)  0.551
 113 S   0.09930 0.12458 0.77612 ( 3)  0.919
 114 Q   0.96340 0.00506 0.03153 ( 1)  0.212
 115 -   0.85693 0.01979 0.12328 ( 1)  0.299
 116 T   0.48470 0.07127 0.44402 ( 1)  0.603
 117 A   0.56549 0.06010 0.37441 ( 1)  0.537
 118 G   0.06100 0.12988 0.80912 ( 3)  0.950
 119 I   0.97035 0.00410 0.02555 ( 1)  0.206
 120 S   0.93130 0.00950 0.05920 ( 1)  0.238
 121 I   0.77059 0.03173 0.19768 ( 1)  0.369
 122 S   0.44668 0.07653 0.47678 ( 3)  0.634
 123 N   0.97024 0.00412 0.02564 ( 1)  0.206
 124 N   0.43235 0.07852 0.48914 ( 3)  0.646
 125 A   0.13442 0.11972 0.74585 ( 3)  0.890
 126 G   0.09936 0.12457 0.77607 ( 3)  0.919
 127 R   0.86423 0.01878 0.11699 ( 1)  0.293
 128 Q   0.44499 0.07677 0.47824 ( 3)  0.636
 129 T   0.01661 0.13602 0.84737 ( 3)  0.986
 130 F   0.89712 0.01423 0.08865 ( 1)  0.266
 131 H   0.80095 0.02753 0.17152 ( 1)  0.345
 132 F   0.54621 0.06277 0.39103 ( 1)  0.553
 133 D   0.92661 0.01015 0.06324 ( 1)  0.242
 134 K   0.88102 0.01646 0.10252 ( 1)  0.279
 135 I   0.97455 0.00352 0.02193 ( 1)  0.202
 136 E   0.98259 0.00241 0.01500 ( 1)  0.196
 137 F   0.98237 0.00244 0.01519 ( 1)  0.196
 138 I   0.56579 0.06006 0.37415 ( 1)  0.537
 139 -   0.69999 0.04150 0.25851 ( 1)  0.427

Positively selected sites

	Prob(w>1)  mean w



lnL = -1697.539755

Bayes Empirical Bayes (BEB) probabilities for 3 classes (class) & postmean_w
(amino acids refer to 1st sequence: BT_Cry1Be1)

   1 S   0.91727 0.07375 0.00898 ( 1)  0.268 +-  0.276
   2 D   0.96685 0.03002 0.00314 ( 1)  0.222 +-  0.166
   3 S   0.01773 0.64395 0.33833 ( 2)  1.317 +-  0.829
   4 I   0.97718 0.02150 0.00132 ( 1)  0.213 +-  0.136
   5 T   0.68674 0.27362 0.03964 ( 1)  0.474 +-  0.426
   6 Q   0.96806 0.03039 0.00155 ( 1)  0.220 +-  0.156
   7 I   0.97390 0.02453 0.00157 ( 1)  0.215 +-  0.144
   8 P   0.97323 0.02521 0.00155 ( 1)  0.216 +-  0.146
   9 L   0.94581 0.05066 0.00353 ( 1)  0.240 +-  0.199
  10 V   0.86529 0.12289 0.01183 ( 1)  0.311 +-  0.301
  11 K   0.98361 0.01548 0.00091 ( 1)  0.207 +-  0.118
  12 S   0.52180 0.42129 0.05691 ( 1)  0.619 +-  0.455
  13 F   0.93849 0.05757 0.00394 ( 1)  0.246 +-  0.211
  14 N   0.58837 0.36151 0.05012 ( 1)  0.562 +-  0.451
  15 L   0.94708 0.04930 0.00363 ( 1)  0.239 +-  0.198
  16 N   0.20068 0.65511 0.14421 ( 2)  0.935 +-  0.449
  17 S   0.96061 0.03696 0.00243 ( 1)  0.227 +-  0.173
  18 G   0.89907 0.09292 0.00801 ( 1)  0.281 +-  0.265
  19 T   0.72261 0.24852 0.02887 ( 1)  0.438 +-  0.402
  20 S   0.58081 0.37792 0.04128 ( 1)  0.562 +-  0.435
  21 V   0.97681 0.02173 0.00146 ( 1)  0.213 +-  0.137
  22 V   0.95670 0.03998 0.00332 ( 1)  0.231 +-  0.183
  23 S   0.57518 0.37592 0.04890 ( 1)  0.571 +-  0.447
  24 G   0.96119 0.03620 0.00261 ( 1)  0.226 +-  0.172
  25 P   0.97621 0.02250 0.00129 ( 1)  0.213 +-  0.138
  26 G   0.82946 0.15549 0.01506 ( 1)  0.342 +-  0.332
  27 F   0.98567 0.01357 0.00076 ( 1)  0.205 +-  0.112
  28 T   0.97173 0.02647 0.00180 ( 1)  0.217 +-  0.150
  29 G   0.97666 0.02185 0.00149 ( 1)  0.213 +-  0.138
  30 G   0.87758 0.11160 0.01082 ( 1)  0.300 +-  0.291
  31 D   0.93101 0.06401 0.00498 ( 1)  0.253 +-  0.223
  32 I   0.93126 0.06286 0.00588 ( 1)  0.253 +-  0.227
  33 I   0.70766 0.26499 0.02735 ( 1)  0.449 +-  0.401
  34 R   0.66999 0.29573 0.03428 ( 1)  0.485 +-  0.424
  35 T   0.84879 0.14128 0.00993 ( 1)  0.323 +-  0.308
  36 N   0.62792 0.32718 0.04490 ( 1)  0.526 +-  0.446
  37 V   0.41658 0.53014 0.05328 ( 2)  0.702 +-  0.429
  38 N   0.64495 0.32380 0.03125 ( 1)  0.503 +-  0.417
  39 G   0.98098 0.01793 0.00109 ( 1)  0.209 +-  0.126
  40 S   0.22707 0.64932 0.12360 ( 2)  0.897 +-  0.427
  41 V   0.85242 0.13742 0.01016 ( 1)  0.320 +-  0.306
  42 L   0.28580 0.59802 0.11618 ( 2)  0.850 +-  0.471
  43 S   0.50170 0.45617 0.04213 ( 1)  0.627 +-  0.432
  44 M   0.94590 0.05124 0.00286 ( 1)  0.239 +-  0.197
  45 G   0.46725 0.45716 0.07559 ( 1)  0.678 +-  0.482
  46 L   0.87300 0.11833 0.00867 ( 1)  0.303 +-  0.288
  47 N   0.98405 0.01516 0.00079 ( 1)  0.207 +-  0.117
  48 F   0.91126 0.08354 0.00520 ( 1)  0.269 +-  0.245
  49 N   0.79177 0.19310 0.01512 ( 1)  0.374 +-  0.350
  50 N   0.44074 0.49982 0.05944 ( 2)  0.686 +-  0.443
  51 T   0.84408 0.14442 0.01149 ( 1)  0.328 +-  0.315
  52 S   0.51563 0.43344 0.05094 ( 1)  0.621 +-  0.446
  53 L   0.59789 0.37027 0.03184 ( 1)  0.542 +-  0.423
  54 Q   0.93256 0.06303 0.00442 ( 1)  0.251 +-  0.220
  55 R   0.88714 0.10227 0.01059 ( 1)  0.292 +-  0.283
  56 Y   0.97996 0.01902 0.00102 ( 1)  0.210 +-  0.128
  57 R   0.87855 0.11135 0.01010 ( 1)  0.298 +-  0.287
  58 V   0.75539 0.21642 0.02818 ( 1)  0.411 +-  0.394
  59 R   0.96718 0.03070 0.00212 ( 1)  0.221 +-  0.160
  60 V   0.71552 0.26142 0.02307 ( 1)  0.441 +-  0.391
  61 R   0.56202 0.38855 0.04944 ( 1)  0.585 +-  0.460
  62 Y   0.97996 0.01902 0.00102 ( 1)  0.210 +-  0.128
  63 A   0.98021 0.01863 0.00116 ( 1)  0.210 +-  0.128
  64 A   0.87861 0.11325 0.00814 ( 1)  0.298 +-  0.282
  65 S   0.88159 0.11065 0.00776 ( 1)  0.295 +-  0.279
  66 Q   0.43970 0.49852 0.06178 ( 2)  0.688 +-  0.445
  67 T   0.30437 0.61799 0.07764 ( 2)  0.806 +-  0.415
  68 M   0.11258 0.71698 0.17044 ( 2)  1.021 +-  0.409
  69 V   0.09148 0.70567 0.20285 ( 2)  1.068 +-  0.456
  70 L   0.17848 0.67870 0.14282 ( 2)  0.952 +-  0.437
  71 R   0.13212 0.70714 0.16074 ( 2)  0.997 +-  0.405
  72 V   0.54049 0.41093 0.04858 ( 1)  0.600 +-  0.447
  73 T   0.46035 0.46333 0.07632 ( 2)  0.684 +-  0.480
  74 V   0.92870 0.06716 0.00414 ( 1)  0.254 +-  0.223
  75 G   0.40932 0.52601 0.06467 ( 2)  0.715 +-  0.442
  76 G   0.95669 0.04060 0.00271 ( 1)  0.230 +-  0.180
  77 S   0.72727 0.25054 0.02219 ( 1)  0.431 +-  0.387
  78 T   0.92836 0.06748 0.00416 ( 1)  0.254 +-  0.224
  79 T   0.93529 0.06114 0.00357 ( 1)  0.248 +-  0.213
  80 F   0.10872 0.74291 0.14837 ( 2)  1.002 +-  0.353
  81 D   0.25533 0.64116 0.10351 ( 2)  0.862 +-  0.423
  82 Q   0.44550 0.49920 0.05530 ( 2)  0.679 +-  0.438
  83 G   0.31395 0.61289 0.07316 ( 2)  0.796 +-  0.415
  84 F   0.97333 0.02518 0.00149 ( 1)  0.216 +-  0.145
  85 P   0.76430 0.21128 0.02441 ( 1)  0.402 +-  0.382
  86 S   0.65338 0.32168 0.02494 ( 1)  0.493 +-  0.408
  87 T   0.97727 0.02141 0.00132 ( 1)  0.213 +-  0.136
  88 M   0.99112 0.00853 0.00036 ( 1)  0.201 +-  0.093
  89 S   0.95721 0.04066 0.00213 ( 1)  0.230 +-  0.177
  90 A   0.66355 0.31315 0.02331 ( 1)  0.484 +-  0.404
  91 N   0.28492 0.63042 0.08466 ( 2)  0.826 +-  0.415
  92 E   0.29326 0.59382 0.11292 ( 2)  0.842 +-  0.474
  93 S   0.04469 0.69813 0.25718 ( 2)  1.161 +-  0.535
  94 L   0.94298 0.05326 0.00376 ( 1)  0.242 +-  0.204
  95 T   0.26114 0.63721 0.10165 ( 2)  0.856 +-  0.426
  96 S   0.86833 0.12289 0.00878 ( 1)  0.307 +-  0.292
  97 Q   0.13627 0.71138 0.15235 ( 2)  0.987 +-  0.393
  98 S   0.35626 0.53898 0.10476 ( 2)  0.789 +-  0.503
  99 F   0.98567 0.01357 0.00076 ( 1)  0.205 +-  0.112
 100 R   0.98223 0.01679 0.00097 ( 1)  0.208 +-  0.122
 101 F   0.70640 0.27382 0.01978 ( 1)  0.447 +-  0.389
 102 A   0.64381 0.32297 0.03322 ( 1)  0.505 +-  0.420
 103 E   0.77915 0.20113 0.01972 ( 1)  0.386 +-  0.366
 104 F   0.98567 0.01357 0.00076 ( 1)  0.205 +-  0.112
 105 P   0.86129 0.12862 0.01009 ( 1)  0.313 +-  0.300
 106 V   0.78174 0.20463 0.01362 ( 1)  0.381 +-  0.353
 107 G   0.44129 0.49712 0.06159 ( 2)  0.687 +-  0.445
 108 I   0.90542 0.08877 0.00580 ( 1)  0.274 +-  0.253
 109 S   0.86719 0.12085 0.01196 ( 1)  0.309 +-  0.301
 110 A   0.07576 0.73863 0.18561 ( 2)  1.057 +-  0.378
 111 S   0.83979 0.14533 0.01489 ( 1)  0.334 +-  0.327
 112 G   0.58291 0.37588 0.04121 ( 1)  0.560 +-  0.436
 113 S   0.15840 0.70267 0.13894 ( 2)  0.959 +-  0.391
 114 Q   0.96806 0.03039 0.00155 ( 1)  0.220 +-  0.156
 115 -   0.87084 0.11835 0.01080 ( 1)  0.305 +-  0.295
 116 T   0.51524 0.41711 0.06765 ( 1)  0.631 +-  0.469
 117 A   0.60009 0.36453 0.03538 ( 1)  0.543 +-  0.428
 118 G   0.10765 0.72446 0.16789 ( 2)  1.020 +-  0.388
 119 I   0.97390 0.02453 0.00157 ( 1)  0.215 +-  0.144
 120 S   0.93789 0.05860 0.00350 ( 1)  0.246 +-  0.210
 121 I   0.78584 0.20062 0.01354 ( 1)  0.378 +-  0.351
 122 S   0.49211 0.45176 0.05613 ( 1)  0.643 +-  0.451
 123 N   0.97362 0.02466 0.00173 ( 1)  0.216 +-  0.146
 124 N   0.48068 0.46329 0.05603 ( 1)  0.652 +-  0.447
 125 A   0.18991 0.65866 0.15143 ( 2)  0.951 +-  0.457
 126 G   0.15623 0.69903 0.14475 ( 2)  0.966 +-  0.401
 127 R   0.87572 0.11612 0.00817 ( 1)  0.300 +-  0.285
 128 Q   0.49079 0.45305 0.05616 ( 1)  0.644 +-  0.451
 129 T   0.03490 0.71285 0.25225 ( 2)  1.150 +-  0.454
 130 F   0.90645 0.08796 0.00559 ( 1)  0.273 +-  0.251
 131 H   0.81704 0.16930 0.01366 ( 1)  0.352 +-  0.336
 132 F   0.58176 0.37830 0.03995 ( 1)  0.560 +-  0.434
 133 D   0.93281 0.06242 0.00477 ( 1)  0.251 +-  0.220
 134 K   0.88977 0.10098 0.00925 ( 1)  0.289 +-  0.276
 135 I   0.97765 0.02108 0.00127 ( 1)  0.212 +-  0.135
 136 E   0.98472 0.01448 0.00080 ( 1)  0.206 +-  0.115
 137 F   0.98448 0.01467 0.00085 ( 1)  0.206 +-  0.116
 138 I   0.59698 0.36188 0.04114 ( 1)  0.548 +-  0.436
 139 -   0.71454 0.24206 0.04340 ( 1)  0.460 +-  0.478

Positively selected sites

	Prob(w>1)  mean w


