Supplemental results for CODEML (seqf: algn  treef: tree)


dN/dS (w) for site classes (K=4)

site class             0        1       2a       2b
proportion       0.64207  0.35793  0.00000  0.00000
background w     0.07123  1.00000  0.07123  1.00000
foreground w     0.07123  1.00000  1.00000  1.00000

Naive Empirical Bayes (NEB) probabilities for 4 classes
(amino acids refer to 1st sequence: BT_Cry7Cb1)

   1 -   0.64208 0.35792 0.00000 0.00000 ( 1)
   2 -   0.64208 0.35792 0.00000 0.00000 ( 1)
   3 A   0.92234 0.07766 0.00000 0.00000 ( 1)
   4 G   0.99786 0.00214 0.00000 0.00000 ( 1)
   5 G   0.01237 0.98763 0.00000 0.00000 ( 2)
   6 I   0.93657 0.06343 0.00000 0.00000 ( 1)
   7 V   0.06776 0.93224 0.00000 0.00000 ( 2)
   8 A   0.29704 0.70296 0.00000 0.00000 ( 2)
   9 L   0.89962 0.10038 0.00000 0.00000 ( 1)
  10 F   0.96286 0.03714 0.00000 0.00000 ( 1)
  11 T   0.88734 0.11266 0.00000 0.00000 ( 1)
  12 E   0.00398 0.99602 0.00000 0.00000 ( 2)
  13 V   0.07609 0.92391 0.00000 0.00000 ( 2)
  14 L   0.41279 0.58721 0.00000 0.00000 ( 2)
  15 R   0.36841 0.63159 0.00000 0.00000 ( 2)
  16 L   0.08340 0.91660 0.00000 0.00000 ( 2)
  17 L   0.98646 0.01354 0.00000 0.00000 ( 1)
  18 W   0.96743 0.03257 0.00000 0.00000 ( 1)
  19 P   0.99695 0.00305 0.00000 0.00000 ( 1)
  20 N   0.00621 0.99379 0.00000 0.00000 ( 2)
  21 K   0.06924 0.93076 0.00000 0.00000 ( 2)
  22 Q   0.00696 0.99304 0.00000 0.00000 ( 2)
  23 D   0.00018 0.99982 0.00000 0.00000 ( 2)
  24 E   0.00077 0.99923 0.00000 0.00000 ( 2)
  25 L   0.70838 0.29162 0.00000 0.00000 ( 1)
  26 W   0.96743 0.03257 0.00000 0.00000 ( 1)
  27 E   0.94455 0.05545 0.00000 0.00000 ( 1)
  28 S   0.00583 0.99417 0.00000 0.00000 ( 2)
  29 F   0.96248 0.03752 0.00000 0.00000 ( 1)
  30 M   0.99945 0.00055 0.00000 0.00000 ( 1)
  31 K   0.01274 0.98726 0.00000 0.00000 ( 2)
  32 E   0.97200 0.02800 0.00000 0.00000 ( 1)
  33 V   0.99350 0.00650 0.00000 0.00000 ( 1)
  34 E   0.99411 0.00589 0.00000 0.00000 ( 1)
  35 K   0.00070 0.99930 0.00000 0.00000 ( 2)
  36 L   0.99493 0.00507 0.00000 0.00000 ( 1)
  37 I   0.99618 0.00382 0.00000 0.00000 ( 1)
  38 E   0.18300 0.81700 0.00000 0.00000 ( 2)
  39 Q   0.99760 0.00240 0.00000 0.00000 ( 1)
  40 E   0.89783 0.10217 0.00000 0.00000 ( 1)
  41 I   0.99711 0.00289 0.00000 0.00000 ( 1)
  42 T   0.93872 0.06128 0.00000 0.00000 ( 1)
  43 D   0.44416 0.55584 0.00000 0.00000 ( 2)
  44 A   0.08258 0.91742 0.00000 0.00000 ( 2)
  45 V   0.90354 0.09646 0.00000 0.00000 ( 1)
  46 V   0.45033 0.54967 0.00000 0.00000 ( 2)
  47 S   0.01486 0.98514 0.00000 0.00000 ( 2)
  48 K   0.94139 0.05861 0.00000 0.00000 ( 1)
  49 A   0.99579 0.00421 0.00000 0.00000 ( 1)
  50 L   0.97993 0.02007 0.00000 0.00000 ( 1)
  51 A   0.51491 0.48509 0.00000 0.00000 ( 1)
  52 E   0.95891 0.04109 0.00000 0.00000 ( 1)
  53 L   0.98954 0.01046 0.00000 0.00000 ( 1)
  54 E   0.41421 0.58579 0.00000 0.00000 ( 2)
  55 G   0.99543 0.00457 0.00000 0.00000 ( 1)
  56 L   0.99046 0.00954 0.00000 0.00000 ( 1)
  57 R   0.28457 0.71543 0.00000 0.00000 ( 2)
  58 N   0.96200 0.03800 0.00000 0.00000 ( 1)
  59 A   0.02206 0.97794 0.00000 0.00000 ( 2)
  60 L   0.13880 0.86120 0.00000 0.00000 ( 2)
  61 Q   0.04948 0.95052 0.00000 0.00000 ( 2)
  62 G   0.30301 0.69699 0.00000 0.00000 ( 2)
  63 Y   0.94269 0.05731 0.00000 0.00000 ( 1)
  64 T   0.03480 0.96520 0.00000 0.00000 ( 2)
  65 D   0.00669 0.99331 0.00000 0.00000 ( 2)
  66 A   0.93749 0.06251 0.00000 0.00000 ( 1)
  67 L   0.99035 0.00965 0.00000 0.00000 ( 1)
  68 E   0.94814 0.05186 0.00000 0.00000 ( 1)
  69 A   0.14269 0.85731 0.00000 0.00000 ( 2)
  70 W   0.96743 0.03257 0.00000 0.00000 ( 1)
  71 Q   0.84177 0.15823 0.00000 0.00000 ( 1)
  72 N   0.80770 0.19230 0.00000 0.00000 ( 1)
  73 N   0.99869 0.00131 0.00000 0.00000 ( 1)
  74 R   0.85953 0.14047 0.00000 0.00000 ( 1)
  75 S   0.95689 0.04311 0.00000 0.00000 ( 1)
  76 D   0.52431 0.47569 0.00000 0.00000 ( 1)
  77 K   0.97044 0.02956 0.00000 0.00000 ( 1)
  78 L   0.66835 0.33165 0.00000 0.00000 ( 1)
  79 K   0.00232 0.99768 0.00000 0.00000 ( 2)
  80 Q   0.06503 0.93497 0.00000 0.00000 ( 2)
  81 L   0.09705 0.90295 0.00000 0.00000 ( 2)
  82 L   0.20873 0.79127 0.00000 0.00000 ( 2)
  83 V   0.98736 0.01264 0.00000 0.00000 ( 1)
  84 Y   0.00114 0.99886 0.00000 0.00000 ( 2)
  85 D   0.01009 0.98991 0.00000 0.00000 ( 2)
  86 R   0.89706 0.10294 0.00000 0.00000 ( 1)
  87 F   0.96215 0.03785 0.00000 0.00000 ( 1)
  88 V   0.32987 0.67013 0.00000 0.00000 ( 2)
  89 S   0.00434 0.99566 0.00000 0.00000 ( 2)
  90 T   0.33635 0.66365 0.00000 0.00000 ( 2)
  91 E   0.94762 0.05238 0.00000 0.00000 ( 1)
  92 N   0.00416 0.99584 0.00000 0.00000 ( 2)
  93 L   0.10943 0.89057 0.00000 0.00000 ( 2)
  94 F   0.99850 0.00150 0.00000 0.00000 ( 1)
  95 K   0.11971 0.88029 0.00000 0.00000 ( 2)
  96 F   0.00025 0.99975 0.00000 0.00000 ( 2)
  97 A   0.00891 0.99109 0.00000 0.00000 ( 2)
  98 M   0.77843 0.22157 0.00000 0.00000 ( 1)
  99 P   0.99515 0.00485 0.00000 0.00000 ( 1)
 100 S   0.99637 0.00363 0.00000 0.00000 ( 1)
 101 F   0.99850 0.00150 0.00000 0.00000 ( 1)
 102 R   0.23623 0.76377 0.00000 0.00000 ( 2)
 103 V   0.02837 0.97163 0.00000 0.00000 ( 2)
 104 G   0.00042 0.99958 0.00000 0.00000 ( 2)
 105 G   0.99703 0.00297 0.00000 0.00000 ( 1)
 106 F   0.06319 0.93681 0.00000 0.00000 ( 2)
 107 E   0.99665 0.00335 0.00000 0.00000 ( 1)
 108 V   0.87996 0.12004 0.00000 0.00000 ( 1)
 109 P   0.99825 0.00175 0.00000 0.00000 ( 1)
 110 L   0.99046 0.00954 0.00000 0.00000 ( 1)
 111 L   0.97561 0.02439 0.00000 0.00000 ( 1)
 112 T   0.93679 0.06321 0.00000 0.00000 ( 1)
 113 V   0.99350 0.00650 0.00000 0.00000 ( 1)
 114 Y   0.99630 0.00370 0.00000 0.00000 ( 1)
 115 A   0.99683 0.00317 0.00000 0.00000 ( 1)
 116 Q   0.99760 0.00240 0.00000 0.00000 ( 1)
 117 A   0.99204 0.00796 0.00000 0.00000 ( 1)
 118 A   0.99646 0.00354 0.00000 0.00000 ( 1)
 119 N   0.99680 0.00320 0.00000 0.00000 ( 1)
 120 L   0.98634 0.01366 0.00000 0.00000 ( 1)
 121 H   0.99565 0.00435 0.00000 0.00000 ( 1)
 122 L   0.98864 0.01136 0.00000 0.00000 ( 1)
 123 L   0.04497 0.95503 0.00000 0.00000 ( 2)
 124 L   0.99046 0.00954 0.00000 0.00000 ( 1)
 125 L   0.99046 0.00954 0.00000 0.00000 ( 1)
 126 K   0.83813 0.16187 0.00000 0.00000 ( 1)
 127 N   0.97728 0.02272 0.00000 0.00000 ( 1)
 128 S   0.95494 0.04506 0.00000 0.00000 ( 1)
 129 E   0.18829 0.81171 0.00000 0.00000 ( 2)
 130 L   0.88581 0.11419 0.00000 0.00000 ( 1)
 131 F   0.99825 0.00175 0.00000 0.00000 ( 1)
 132 G   0.99502 0.00498 0.00000 0.00000 ( 1)
 133 A   0.92410 0.07590 0.00000 0.00000 ( 1)
 134 E   0.92878 0.07122 0.00000 0.00000 ( 1)
 135 W   0.96743 0.03257 0.00000 0.00000 ( 1)
 136 G   0.99640 0.00360 0.00000 0.00000 ( 1)
 137 M   0.46007 0.53993 0.00000 0.00000 ( 2)
 138 Q   0.01122 0.98878 0.00000 0.00000 ( 2)
 139 Q   0.38563 0.61437 0.00000 0.00000 ( 2)
 140 Y   0.00053 0.99947 0.00000 0.00000 ( 2)
 141 E   0.75212 0.24788 0.00000 0.00000 ( 1)
 142 I   0.99697 0.00303 0.00000 0.00000 ( 1)
 143 D   0.03111 0.96889 0.00000 0.00000 ( 2)
 144 L   0.00063 0.99937 0.00000 0.00000 ( 2)
 145 F   0.94508 0.05492 0.00000 0.00000 ( 1)
 146 Y   0.99499 0.00501 0.00000 0.00000 ( 1)
 147 N   0.98065 0.01935 0.00000 0.00000 ( 1)
 148 E   0.43184 0.56816 0.00000 0.00000 ( 2)
 149 Q   0.99560 0.00440 0.00000 0.00000 ( 1)
 150 K   0.45414 0.54586 0.00000 0.00000 ( 2)
 151 D   0.01049 0.98951 0.00000 0.00000 ( 2)
 152 Y   0.04330 0.95670 0.00000 0.00000 ( 2)
 153 V   0.09719 0.90281 0.00000 0.00000 ( 2)
 154 V   0.35071 0.64929 0.00000 0.00000 ( 2)
 155 E   0.97200 0.02800 0.00000 0.00000 ( 1)
 156 Y   0.99206 0.00794 0.00000 0.00000 ( 1)
 157 T   0.90653 0.09347 0.00000 0.00000 ( 1)
 158 D   0.99784 0.00216 0.00000 0.00000 ( 1)
 159 H   0.97628 0.02372 0.00000 0.00000 ( 1)
 160 C   0.99672 0.00328 0.00000 0.00000 ( 1)
 161 V   0.99308 0.00692 0.00000 0.00000 ( 1)
 162 K   0.36475 0.63525 0.00000 0.00000 ( 2)
 163 W   0.96743 0.03257 0.00000 0.00000 ( 1)
 164 Y   0.99630 0.00370 0.00000 0.00000 ( 1)
 165 T   0.00417 0.99583 0.00000 0.00000 ( 2)
 166 E   0.04113 0.95887 0.00000 0.00000 ( 2)
 167 G   0.98420 0.01580 0.00000 0.00000 ( 1)
 168 L   0.99046 0.00954 0.00000 0.00000 ( 1)
 169 N   0.97821 0.02179 0.00000 0.00000 ( 1)
 170 R   0.00566 0.99434 0.00000 0.00000 ( 2)
 171 L   0.98686 0.01314 0.00000 0.00000 ( 1)
 172 K   0.99581 0.00419 0.00000 0.00000 ( 1)
 173 N   0.85499 0.14501 0.00000 0.00000 ( 1)
 174 A   0.26851 0.73149 0.00000 0.00000 ( 2)
 175 S   0.80480 0.19520 0.00000 0.00000 ( 1)
 176 G   0.99580 0.00420 0.00000 0.00000 ( 1)
 177 V   0.04759 0.95241 0.00000 0.00000 ( 2)
 178 K   0.98333 0.01667 0.00000 0.00000 ( 1)
 179 G   0.94056 0.05944 0.00000 0.00000 ( 1)
 180 K   0.45920 0.54080 0.00000 0.00000 ( 2)
 181 V   0.00292 0.99708 0.00000 0.00000 ( 2)
 182 W   0.96743 0.03257 0.00000 0.00000 ( 1)
 183 E   0.19102 0.80898 0.00000 0.00000 ( 2)
 184 E   0.00614 0.99386 0.00000 0.00000 ( 2)
 185 Y   0.99630 0.00370 0.00000 0.00000 ( 1)
 186 N   0.86677 0.13323 0.00000 0.00000 ( 1)
 187 R   0.72182 0.27818 0.00000 0.00000 ( 1)
 188 F   0.99513 0.00487 0.00000 0.00000 ( 1)
 189 R   0.97571 0.02429 0.00000 0.00000 ( 1)
 190 R   0.99850 0.00150 0.00000 0.00000 ( 1)
 191 E   0.99665 0.00335 0.00000 0.00000 ( 1)
 192 M   0.99945 0.00055 0.00000 0.00000 ( 1)
 193 T   0.99659 0.00341 0.00000 0.00000 ( 1)
 194 I   0.88206 0.11794 0.00000 0.00000 ( 1)
 195 M   0.17514 0.82486 0.00000 0.00000 ( 2)
 196 V   0.98906 0.01094 0.00000 0.00000 ( 1)
 197 L   0.98900 0.01100 0.00000 0.00000 ( 1)
 198 D   0.99838 0.00162 0.00000 0.00000 ( 1)
 199 L   0.14680 0.85320 0.00000 0.00000 ( 2)
 200 L   0.25855 0.74145 0.00000 0.00000 ( 2)
 201 P   0.45449 0.54551 0.00000 0.00000 ( 2)
 202 L   0.99046 0.00954 0.00000 0.00000 ( 1)
 203 F   0.99850 0.00150 0.00000 0.00000 ( 1)
 204 P   0.99825 0.00175 0.00000 0.00000 ( 1)
 205 I   0.15526 0.84474 0.00000 0.00000 ( 2)


lnL = -2345.730642

