Supplemental results for CODEML (seqf: algn  treef: tree)


dN/dS (w) for site classes (K=8)

p:   0.12500  0.12500  0.12500  0.12500  0.12500  0.12500  0.12500  0.12500
w:   0.00863  0.04640  0.10304  0.17699  0.26968  0.38548  0.53495  0.75322

Naive Empirical Bayes (NEB) probabilities for 8 classes & postmean_w
(amino acids refer to 1st sequence: BT_Cry32Ma1)

   1 -   0.12500 0.12500 0.12500 0.12500 0.12500 0.12500 0.12500 0.12500 ( 3)  0.285
   2 -   0.12500 0.12500 0.12500 0.12500 0.12500 0.12500 0.12500 0.12500 ( 3)  0.285
   3 G   0.46502 0.27722 0.13807 0.06375 0.02961 0.01464 0.00773 0.00397 ( 1)  0.063
   4 V   0.43737 0.27160 0.14354 0.07175 0.03681 0.02029 0.01188 0.00676 ( 1)  0.073
   5 Q   0.00322 0.05986 0.15746 0.21717 0.21309 0.16915 0.11500 0.06504 ( 4)  0.291
   6 V   0.00242 0.04611 0.12626 0.18543 0.20015 0.18221 0.14903 0.10839 ( 5)  0.334
   7 E   0.04502 0.15247 0.18790 0.17437 0.14664 0.11987 0.09731 0.07642 ( 3)  0.253
   8 L   0.41619 0.27477 0.15510 0.08007 0.03961 0.01953 0.00985 0.00489 ( 1)  0.074
   9 S   0.39288 0.26845 0.15908 0.08734 0.04656 0.02493 0.01357 0.00718 ( 1)  0.083
  10 R   0.43201 0.27983 0.15234 0.07450 0.03450 0.01592 0.00751 0.00338 ( 1)  0.068
  11 E   0.51166 0.27899 0.12319 0.05008 0.02069 0.00917 0.00430 0.00193 ( 1)  0.052
  12 V   0.46263 0.27831 0.13957 0.06457 0.02978 0.01438 0.00725 0.00351 ( 1)  0.063
  13 Y   0.50846 0.27897 0.12485 0.05147 0.02118 0.00912 0.00413 0.00181 ( 1)  0.052
  14 S   0.00105 0.02313 0.07755 0.14269 0.19200 0.21104 0.19783 0.15472 ( 6)  0.390
  15 T   0.43840 0.27032 0.14221 0.07136 0.03715 0.02090 0.01246 0.00719 ( 1)  0.074
  16 V   0.06574 0.21519 0.24180 0.19089 0.12906 0.08157 0.04917 0.02659 ( 3)  0.182
  17 Y   0.47640 0.28137 0.13752 0.06101 0.02601 0.01104 0.00472 0.00191 ( 1)  0.057
  18 G   0.45969 0.27829 0.14013 0.06485 0.03006 0.01490 0.00795 0.00414 ( 1)  0.064
  19 R   0.46792 0.28341 0.14095 0.06250 0.02645 0.01138 0.00514 0.00225 ( 1)  0.059
  20 G   0.00251 0.04751 0.13001 0.19139 0.20607 0.18386 0.14316 0.09551 ( 5)  0.324
  21 G   0.04598 0.16183 0.20160 0.18023 0.14130 0.10853 0.08698 0.07355 ( 3)  0.242
  22 S   0.00000 0.00056 0.00624 0.02384 0.05976 0.12787 0.25777 0.52396 ( 8)  0.603
  23 N   0.00026 0.01907 0.07829 0.13654 0.17127 0.19030 0.20054 0.20372 ( 8)  0.413
  24 N   0.09037 0.26253 0.25624 0.17727 0.10661 0.06008 0.03192 0.01497 ( 2)  0.151
  25 -   0.12611 0.12596 0.12573 0.12543 0.12505 0.12459 0.12399 0.12314 ( 1)  0.283
  26 -   0.12682 0.12657 0.12619 0.12570 0.12509 0.12433 0.12336 0.12195 ( 1)  0.282
  27 -   0.12682 0.12657 0.12619 0.12570 0.12509 0.12433 0.12336 0.12195 ( 1)  0.282
  28 -   0.12844 0.12796 0.12724 0.12631 0.12515 0.12372 0.12190 0.11929 ( 1)  0.279
  29 -   0.12589 0.12576 0.12558 0.12534 0.12505 0.12468 0.12420 0.12350 ( 1)  0.283
  30 S   0.00084 0.01999 0.07211 0.14063 0.19582 0.21708 0.20076 0.15277 ( 6)  0.392
  31 S   0.00006 0.00613 0.03926 0.10358 0.17426 0.22340 0.23784 0.21547 ( 7)  0.445
  32 F   0.00001 0.00176 0.01608 0.05804 0.12805 0.20792 0.27472 0.31341 ( 8)  0.510
  33 D   0.00697 0.10393 0.20815 0.22176 0.17952 0.12978 0.09007 0.05983 ( 4)  0.257
  34 A   0.05893 0.19627 0.22742 0.18815 0.13571 0.09315 0.06213 0.03824 ( 3)  0.201
  35 I   0.07639 0.24551 0.26382 0.19111 0.11317 0.06116 0.03236 0.01646 ( 3)  0.157
  36 E   0.49561 0.28126 0.13000 0.05451 0.02254 0.00973 0.00442 0.00194 ( 1)  0.054
  37 S   0.05972 0.20122 0.23570 0.19488 0.13711 0.08873 0.05379 0.02886 ( 3)  0.190
  38 Q   0.00002 0.00221 0.01475 0.04478 0.09617 0.17133 0.27136 0.39938 ( 8)  0.548
  39 I   0.00344 0.05875 0.14188 0.18785 0.19123 0.17178 0.14180 0.10328 ( 5)  0.322
  40 V   0.05827 0.19059 0.22079 0.18724 0.13999 0.09848 0.06560 0.03903 ( 3)  0.205
  41 R   0.42172 0.27231 0.15041 0.07722 0.03944 0.02110 0.01174 0.00606 ( 1)  0.075
  42 P   0.00209 0.04079 0.11547 0.17556 0.19560 0.18399 0.15840 0.12809 ( 5)  0.350
  43 P   0.37781 0.26797 0.16575 0.09386 0.05010 0.02572 0.01281 0.00598 ( 1)  0.084
  44 H   0.54502 0.28041 0.11211 0.03978 0.01411 0.00543 0.00225 0.00088 ( 1)  0.044
  45 L   0.36056 0.25982 0.16590 0.09883 0.05661 0.03176 0.01751 0.00903 ( 1)  0.093
  46 V   0.43673 0.27407 0.14620 0.07271 0.03610 0.01870 0.01014 0.00535 ( 1)  0.071
  47 T   0.04668 0.16982 0.21891 0.19892 0.15194 0.10548 0.06844 0.03982 ( 3)  0.214
  48 E   0.00131 0.03238 0.11251 0.19501 0.22726 0.20236 0.14587 0.08330 ( 5)  0.328
  49 L   0.37575 0.26677 0.16521 0.09379 0.05051 0.02663 0.01408 0.00725 ( 1)  0.086
  50 T   0.39690 0.26056 0.14940 0.08255 0.04743 0.02961 0.01997 0.01359 ( 1)  0.091
  51 N   0.00232 0.03900 0.09785 0.14428 0.17122 0.18334 0.18529 0.17669 ( 7)  0.387
  52 L   0.40395 0.27151 0.15788 0.08465 0.04352 0.02207 0.01114 0.00527 ( 1)  0.078
  53 K   0.00176 0.03293 0.09371 0.15270 0.19018 0.19991 0.18375 0.14506 ( 6)  0.374
  54 I   0.06151 0.18999 0.20740 0.17205 0.13401 0.10377 0.07817 0.05310 ( 3)  0.219
  55 E   0.00305 0.05277 0.13162 0.18294 0.19554 0.18056 0.14862 0.10490 ( 5)  0.329
  56 Q   0.04161 0.16044 0.22063 0.20982 0.16104 0.10686 0.06412 0.03549 ( 3)  0.213
  57 G   0.00046 0.01263 0.05563 0.12637 0.19259 0.22474 0.21592 0.17168 ( 6)  0.412
  58 A   0.00107 0.02154 0.06650 0.11922 0.16746 0.20325 0.21833 0.20263 ( 7)  0.422
  59 T   0.00001 0.00173 0.01458 0.05081 0.11343 0.19416 0.27823 0.34705 ( 8)  0.526
  60 L   0.00019 0.00690 0.03336 0.08128 0.13991 0.19794 0.24922 0.29120 ( 8)  0.485
  61 D   0.00010 0.01031 0.05998 0.14179 0.21012 0.23130 0.20368 0.14272 ( 6)  0.394
  62 M   0.00001 0.00139 0.01276 0.04670 0.10704 0.18728 0.27756 0.36726 ( 8)  0.536
  63 E   0.00172 0.03701 0.11650 0.19261 0.22199 0.19934 0.14601 0.08481 ( 5)  0.327
  64 Q   0.00025 0.00567 0.02142 0.05032 0.09700 0.16707 0.26460 0.39367 ( 8)  0.540
  65 I   0.00086 0.01875 0.06328 0.12053 0.17231 0.20624 0.21692 0.20111 ( 7)  0.422
  66 Q   0.00105 0.02160 0.06782 0.12121 0.16746 0.20019 0.21505 0.20562 ( 7)  0.422
  67 Y   0.00000 0.00048 0.00629 0.02842 0.07889 0.16555 0.28743 0.43293 ( 8)  0.571
  68 -   0.12625 0.12608 0.12582 0.12548 0.12506 0.12454 0.12387 0.12290 ( 1)  0.283
  69 P   0.00116 0.02406 0.07526 0.13193 0.17490 0.19788 0.20266 0.19214 ( 7)  0.409
  70 K   0.00002 0.00277 0.01943 0.05851 0.11742 0.18830 0.26545 0.34809 ( 8)  0.521
  71 Y   0.06436 0.20463 0.22694 0.18277 0.13054 0.09013 0.06150 0.03912 ( 3)  0.198
  72 M   0.00000 0.00038 0.00586 0.02945 0.08473 0.17489 0.29048 0.41421 ( 8)  0.563
  73 K   0.00147 0.03308 0.10800 0.18299 0.21612 0.20150 0.15686 0.09998 ( 5)  0.340
  74 V   0.05736 0.18206 0.20222 0.16719 0.12977 0.10418 0.08672 0.07049 ( 3)  0.234
  75 T   0.05394 0.18544 0.22378 0.19240 0.14232 0.09824 0.06479 0.03908 ( 3)  0.207
  76 N   0.58034 0.26336 0.09621 0.03508 0.01424 0.00642 0.00303 0.00133 ( 1)  0.042
  77 T   0.41171 0.26516 0.14780 0.07890 0.04359 0.02600 0.01652 0.01032 ( 1)  0.083
  78 L   0.46964 0.28385 0.14070 0.06198 0.02590 0.01096 0.00487 0.00210 ( 1)  0.058
  79 H   0.00019 0.01667 0.08444 0.17039 0.21697 0.21244 0.17564 0.12326 ( 5)  0.367
  80 Y   0.00006 0.00627 0.03981 0.10457 0.17551 0.22428 0.23726 0.21224 ( 7)  0.443
  81 V   0.06232 0.19889 0.21920 0.17534 0.12770 0.09390 0.07081 0.05184 ( 3)  0.211
  82 G   0.44398 0.27586 0.14426 0.06976 0.03377 0.01740 0.00966 0.00530 ( 1)  0.069
  83 S   0.00280 0.05396 0.14869 0.21483 0.21886 0.17698 0.11915 0.06474 ( 5)  0.296
  84 S   0.05200 0.18201 0.22438 0.19617 0.14586 0.09959 0.06372 0.03626 ( 3)  0.206
  85 S   0.00002 0.00172 0.01166 0.03535 0.07695 0.14571 0.26060 0.46800 ( 8)  0.576
  86 T   0.45237 0.27565 0.14138 0.06765 0.03267 0.01669 0.00895 0.00464 ( 1)  0.067
  87 W   0.00179 0.03626 0.10823 0.17426 0.20385 0.19571 0.16301 0.11690 ( 5)  0.349
  88 E   0.46030 0.27675 0.13937 0.06521 0.03071 0.01534 0.00814 0.00419 ( 1)  0.064
  89 Q   0.00365 0.06574 0.16585 0.21955 0.20875 0.16302 0.11060 0.06283 ( 4)  0.285
  90 S   0.06004 0.19980 0.23190 0.19229 0.13757 0.09118 0.05649 0.03073 ( 3)  0.193
  91 S   0.07755 0.22948 0.23115 0.17147 0.11816 0.08161 0.05575 0.03482 ( 3)  0.185
  92 S   0.05620 0.19354 0.23226 0.19606 0.14030 0.09241 0.05736 0.03187 ( 3)  0.196
  93 A   0.00200 0.03821 0.10619 0.16142 0.18542 0.18547 0.17217 0.14912 ( 6)  0.367
  94 I   0.06482 0.20061 0.21655 0.17442 0.13026 0.09664 0.07027 0.04642 ( 3)  0.208
  95 P   0.00008 0.00788 0.04481 0.10538 0.16291 0.20365 0.22970 0.24559 ( 8)  0.454
  96 I   0.05095 0.18370 0.22929 0.19878 0.14484 0.09667 0.06083 0.03495 ( 3)  0.203
  97 R   0.00163 0.03459 0.10650 0.17374 0.20373 0.19589 0.16435 0.11957 ( 5)  0.352
  98 P   0.00166 0.03295 0.09651 0.15498 0.18678 0.19311 0.18125 0.15276 ( 6)  0.376
  99 I   0.00011 0.01026 0.05743 0.13158 0.19338 0.21942 0.21075 0.17707 ( 6)  0.413
 100 T   0.00178 0.03439 0.09784 0.15385 0.18306 0.18866 0.17991 0.16049 ( 6)  0.378
 101 Q   0.00001 0.00149 0.01071 0.03567 0.08434 0.16397 0.27794 0.42587 ( 8)  0.563
 102 I   0.05157 0.17674 0.21192 0.18346 0.14160 0.10609 0.07735 0.05127 ( 3)  0.222
 103 H   0.00570 0.09480 0.21339 0.24586 0.19988 0.13174 0.07439 0.03424 ( 4)  0.240
 104 T   0.07319 0.20764 0.20982 0.16695 0.12728 0.09643 0.07106 0.04763 ( 3)  0.207
 105 I   0.03341 0.11828 0.15397 0.15350 0.14372 0.13643 0.13258 0.12812 ( 3)  0.308
 106 P   0.00137 0.02742 0.08108 0.13253 0.16540 0.18350 0.19699 0.21171 ( 8)  0.413
 107 A   0.05094 0.17985 0.22254 0.19462 0.14535 0.10081 0.06640 0.03949 ( 3)  0.209
 108 N   0.00012 0.01102 0.05834 0.12907 0.18821 0.21678 0.21366 0.18280 ( 6)  0.416
 109 N   0.00646 0.09942 0.20580 0.22537 0.18594 0.13456 0.08971 0.05274 ( 4)  0.255
 110 I   0.49889 0.27542 0.12502 0.05403 0.02472 0.01234 0.00644 0.00314 ( 1)  0.057
 111 G   0.00680 0.10447 0.21720 0.23814 0.19171 0.12898 0.07570 0.03701 ( 4)  0.239
 112 N   0.00661 0.10386 0.22062 0.24372 0.19351 0.12609 0.07134 0.03425 ( 4)  0.235
 113 L   0.05800 0.20110 0.24032 0.19880 0.13770 0.08713 0.05122 0.02573 ( 3)  0.187
 114 S   0.00170 0.03434 0.10258 0.16719 0.20026 0.19832 0.17042 0.12520 ( 5)  0.358
 115 L   0.38904 0.27098 0.16331 0.08963 0.04634 0.02328 0.01168 0.00574 ( 1)  0.081
 116 S   0.00000 0.00040 0.00561 0.02647 0.07526 0.16134 0.28708 0.44384 ( 8)  0.576
 117 Q   0.02830 0.11192 0.16265 0.17187 0.15851 0.13992 0.12276 0.10407 ( 4)  0.293
 118 L   0.00053 0.01131 0.03796 0.07541 0.12143 0.17827 0.24771 0.32738 ( 8)  0.498
 119 D   0.00000 0.00069 0.01107 0.05206 0.12924 0.21735 0.28323 0.30634 ( 8)  0.511
 120 V   0.05037 0.16375 0.18829 0.16249 0.13269 0.11301 0.10067 0.08873 ( 3)  0.256
 121 P   0.44457 0.28401 0.15059 0.07048 0.03043 0.01265 0.00522 0.00205 ( 1)  0.062
 122 Y   0.00008 0.00805 0.04441 0.10197 0.15620 0.19736 0.23017 0.26176 ( 8)  0.461
 123 R   0.00003 0.00347 0.02497 0.07543 0.14639 0.21593 0.26258 0.27121 ( 8)  0.484
 124 F   0.07884 0.25250 0.27025 0.19415 0.11192 0.05628 0.02573 0.01032 ( 3)  0.148
 125 S   0.06203 0.20714 0.23951 0.19491 0.13463 0.08529 0.05038 0.02610 ( 3)  0.185
 126 F   0.39972 0.27127 0.15922 0.08605 0.04450 0.02256 0.01130 0.00539 ( 1)  0.078
 127 Y   0.00417 0.07185 0.17278 0.22016 0.20472 0.15834 0.10697 0.06102 ( 4)  0.280
 128 N   0.05744 0.19349 0.22901 0.19391 0.14091 0.09418 0.05870 0.03236 ( 3)  0.197
 129 K   0.00000 0.00122 0.01465 0.05627 0.12468 0.20324 0.27445 0.32548 ( 8)  0.515
 130 D   0.00419 0.06960 0.16188 0.20480 0.19654 0.16269 0.12113 0.07918 ( 4)  0.296
 131 D   0.00000 0.00108 0.01386 0.05610 0.12792 0.20868 0.27583 0.31653 ( 8)  0.512
 132 A   0.00002 0.00236 0.01685 0.05183 0.10841 0.18398 0.27277 0.36378 ( 8)  0.531
 133 L   0.00001 0.00145 0.01093 0.03766 0.08940 0.16993 0.27835 0.41227 ( 8)  0.557
 134 I   0.00333 0.05610 0.13420 0.17849 0.18574 0.17262 0.14954 0.11998 ( 5)  0.335
 135 A   0.00014 0.01287 0.06980 0.15292 0.21156 0.22197 0.19229 0.13845 ( 6)  0.385
 136 A   0.00031 0.00785 0.03237 0.07603 0.13399 0.19714 0.25503 0.29729 ( 8)  0.490
 137 V   0.26680 0.22566 0.17660 0.12966 0.08966 0.05824 0.03503 0.01835 ( 1)  0.133
 138 G   0.20108 0.18452 0.16251 0.13815 0.11333 0.08926 0.06654 0.04461 ( 1)  0.186
 139 A   0.00011 0.00300 0.01435 0.04026 0.08693 0.16051 0.26816 0.42669 ( 8)  0.559
 140 E   0.14626 0.14287 0.13794 0.13182 0.12460 0.11623 0.10642 0.09385 ( 1)  0.251
 141 F   0.00416 0.02221 0.04876 0.08254 0.12349 0.17254 0.23253 0.31377 ( 8)  0.481
 142 P   0.14382 0.14089 0.13661 0.13125 0.12486 0.11737 0.10844 0.09675 ( 1)  0.255
 143 P   0.13958 0.13737 0.13413 0.13003 0.12509 0.11921 0.11208 0.10252 ( 1)  0.261
 144 N   0.00002 0.00272 0.01953 0.06016 0.12288 0.19745 0.27034 0.32689 ( 8)  0.513
 145 T   0.00002 0.00191 0.01305 0.04020 0.08777 0.16173 0.27013 0.42520 ( 8)  0.559
 146 V   0.00005 0.00568 0.03844 0.10584 0.18153 0.23073 0.23689 0.20084 ( 7)  0.439
 147 T   0.00000 0.00012 0.00201 0.01155 0.04036 0.10846 0.25429 0.58320 ( 8)  0.630
 148 W   0.00189 0.03766 0.11024 0.17471 0.20235 0.19365 0.16192 0.11757 ( 5)  0.348
 149 N   0.08537 0.25390 0.25384 0.17919 0.11001 0.06390 0.03569 0.01810 ( 2)  0.157
 150 G   0.00113 0.02463 0.08094 0.14604 0.19290 0.20856 0.19346 0.15233 ( 6)  0.386
 151 I   0.05276 0.18788 0.23401 0.20266 0.14534 0.09332 0.05522 0.02880 ( 3)  0.196
 152 P   0.05797 0.20068 0.24035 0.19973 0.13850 0.08705 0.05055 0.02518 ( 3)  0.187
 153 K   0.00292 0.05453 0.14501 0.20371 0.20592 0.17208 0.12852 0.08730 ( 5)  0.310
 154 A   0.00002 0.00182 0.01353 0.04412 0.09755 0.17410 0.27286 0.39601 ( 8)  0.547
 155 E   0.00288 0.05713 0.15829 0.22379 0.21917 0.16967 0.11027 0.05879 ( 4)  0.286
 156 D   0.00008 0.00833 0.04920 0.11982 0.18723 0.22435 0.22361 0.18737 ( 6)  0.424
 157 S   0.00553 0.09087 0.20317 0.23611 0.19797 0.13792 0.08451 0.04392 ( 4)  0.252
 158 N   0.11505 0.28228 0.23141 0.14737 0.09329 0.06184 0.04180 0.02696 ( 2)  0.156
 159 Q   0.02913 0.12249 0.18790 0.20185 0.17719 0.13564 0.09246 0.05334 ( 4)  0.251
 160 N   0.00328 0.06011 0.15599 0.21380 0.21072 0.16964 0.11772 0.06875 ( 4)  0.294
 161 S   0.00434 0.07684 0.18865 0.23912 0.21239 0.14965 0.08782 0.04118 ( 4)  0.258
 162 -   0.12695 0.12668 0.12627 0.12575 0.12509 0.12428 0.12324 0.12174 ( 1)  0.282
 163 -   0.12596 0.12583 0.12563 0.12537 0.12505 0.12464 0.12413 0.12338 ( 1)  0.283
 164 -   0.12554 0.12547 0.12536 0.12521 0.12503 0.12480 0.12451 0.12408 ( 1)  0.284
 165 -   0.12681 0.12656 0.12618 0.12570 0.12509 0.12433 0.12337 0.12197 ( 1)  0.282
 166 H   0.54483 0.28037 0.11215 0.03985 0.01416 0.00546 0.00228 0.00090 ( 1)  0.044
 167 H   0.06877 0.22809 0.25802 0.19986 0.12631 0.06998 0.03464 0.01434 ( 3)  0.164
 168 L   0.35546 0.26222 0.17078 0.10197 0.05694 0.03013 0.01525 0.00725 ( 1)  0.091
 169 S   0.05026 0.17612 0.21736 0.19065 0.14361 0.10194 0.07136 0.04871 ( 3)  0.218
 170 Y   0.50821 0.27889 0.12489 0.05155 0.02126 0.00918 0.00418 0.00183 ( 1)  0.052
 171 V   0.49313 0.27810 0.12869 0.05536 0.02441 0.01162 0.00586 0.00282 ( 1)  0.057
 172 G   0.00014 0.01225 0.06372 0.13797 0.19587 0.21803 0.20584 0.16616 ( 6)  0.404
 173 A   0.39172 0.26172 0.15297 0.08535 0.04850 0.02920 0.01864 0.01189 ( 1)  0.090
 174 L   0.04474 0.16476 0.21546 0.19847 0.15353 0.10818 0.07173 0.04312 ( 3)  0.219
 175 G   0.00008 0.00731 0.03932 0.09192 0.14875 0.20016 0.24236 0.27010 ( 8)  0.471
 176 T   0.00275 0.05091 0.13584 0.19544 0.20622 0.18054 0.13796 0.09035 ( 5)  0.318
 177 Q   0.00324 0.05924 0.15337 0.20994 0.20770 0.16979 0.12178 0.07494 ( 4)  0.299
 178 S   0.00005 0.00501 0.03078 0.08096 0.14318 0.20356 0.25265 0.28381 ( 8)  0.484
 179 S   0.03729 0.13703 0.18237 0.17733 0.15225 0.12612 0.10416 0.08346 ( 3)  0.265
 180 A   0.06305 0.21240 0.24557 0.19658 0.13163 0.08050 0.04634 0.02393 ( 3)  0.180
 181 G   0.22323 0.19957 0.16918 0.13706 0.10616 0.07819 0.05387 0.03273 ( 1)  0.165
 182 F   0.00026 0.00682 0.02890 0.07014 0.12807 0.19524 0.26069 0.30987 ( 8)  0.498
 183 P   0.00000 0.00009 0.00147 0.00950 0.03755 0.10986 0.26480 0.57673 ( 8)  0.630
 184 W   0.00000 0.00027 0.00284 0.01357 0.04419 0.11500 0.26105 0.56309 ( 8)  0.623
 185 -   0.12500 0.12500 0.12500 0.12500 0.12500 0.12500 0.12500 0.12500 ( 3)  0.285
 186 T   0.00194 0.03895 0.11468 0.18148 0.20775 0.19398 0.15558 0.10564 ( 5)  0.339
 187 Y   0.50821 0.27889 0.12489 0.05155 0.02126 0.00918 0.00418 0.00183 ( 1)  0.052
 188 P   0.00101 0.02236 0.07502 0.13850 0.18758 0.20883 0.20083 0.16586 ( 6)  0.397
 189 T   0.00001 0.00154 0.01222 0.04236 0.09786 0.17777 0.27672 0.39151 ( 8)  0.547
 190 E   0.00000 0.00000 0.00011 0.00188 0.01449 0.06790 0.23277 0.68286 ( 8)  0.669
 191 L   0.00068 0.01533 0.05409 0.10781 0.16174 0.20423 0.22830 0.22783 ( 7)  0.441
 192 L   0.03976 0.15021 0.20340 0.19547 0.15890 0.11814 0.08244 0.05167 ( 3)  0.234
 193 G   0.43940 0.27679 0.14691 0.07166 0.03444 0.01718 0.00901 0.00461 ( 1)  0.069
 194 E   0.00366 0.06680 0.17079 0.22731 0.21367 0.16101 0.10273 0.05403 ( 4)  0.276
 195 W   0.32562 0.25715 0.18125 0.11563 0.06659 0.03405 0.01485 0.00486 ( 1)  0.097
 196 G   0.44334 0.27762 0.14606 0.07046 0.03342 0.01643 0.00846 0.00422 ( 1)  0.067
 197 F   0.00545 0.09144 0.20864 0.24401 0.20131 0.13464 0.07750 0.03702 ( 4)  0.245
 198 G   0.49824 0.28002 0.12817 0.05364 0.02258 0.01021 0.00491 0.00224 ( 1)  0.054
 199 W   0.32562 0.25715 0.18125 0.11563 0.06659 0.03405 0.01485 0.00486 ( 1)  0.097
 200 L   0.35510 0.26115 0.16967 0.10145 0.05717 0.03093 0.01631 0.00822 ( 1)  0.093
 201 H   0.50093 0.28517 0.13036 0.05247 0.01986 0.00743 0.00280 0.00099 ( 1)  0.051
 202 N   0.00538 0.08723 0.19366 0.22678 0.19546 0.14311 0.09428 0.05411 ( 4)  0.263
 203 -   0.12500 0.12500 0.12500 0.12500 0.12500 0.12500 0.12500 0.12500 ( 3)  0.285


lnL = -2309.070731

