Supplemental results for CODEML (seqf: algn  treef: tree)


dN/dS (w) for site classes (K=4)

site class             0        1       2a       2b
proportion       0.65342  0.34658  0.00000  0.00000
background w     0.20123  1.00000  0.20123  1.00000
foreground w     0.20123  1.00000  1.00000  1.00000

Naive Empirical Bayes (NEB) probabilities for 4 classes
(amino acids refer to 1st sequence: BT_Cry1A-like)

   1 W   0.76772 0.23228 0.00000 0.00000 ( 1)
   2 -   0.99961 0.00039 0.00000 0.00000 ( 1)
   3 -   0.52085 0.47915 0.00000 0.00000 ( 1)
   4 -   0.81767 0.18233 0.00000 0.00000 ( 1)
   5 -   0.99827 0.00173 0.00000 0.00000 ( 1)
   6 -   0.99750 0.00250 0.00000 0.00000 ( 1)
   7 -   0.99963 0.00037 0.00000 0.00000 ( 1)
   8 -   0.99242 0.00758 0.00000 0.00000 ( 1)
   9 -   0.99986 0.00014 0.00000 0.00000 ( 1)
  10 -   0.99988 0.00012 0.00000 0.00000 ( 1)
  11 -   0.99546 0.00454 0.00000 0.00000 ( 1)
  12 -   0.99949 0.00051 0.00000 0.00000 ( 1)
  13 -   0.62460 0.37540 0.00000 0.00000 ( 1)
  14 -   0.99780 0.00220 0.00000 0.00000 ( 1)
  15 -   0.99965 0.00035 0.00000 0.00000 ( 1)
  16 -   0.15091 0.84909 0.00000 0.00000 ( 2)
  17 -   0.99985 0.00015 0.00000 0.00000 ( 1)
  18 -   0.96286 0.03714 0.00000 0.00000 ( 1)
  19 -   0.99790 0.00210 0.00000 0.00000 ( 1)
  20 -   0.98240 0.01760 0.00000 0.00000 ( 1)
  21 -   0.99901 0.00099 0.00000 0.00000 ( 1)
  22 -   0.65342 0.34658 0.00000 0.00000 ( 1)
  23 -   0.13770 0.86230 0.00000 0.00000 ( 2)
  24 -   0.99249 0.00751 0.00000 0.00000 ( 1)
  25 -   0.79310 0.20690 0.00000 0.00000 ( 1)
  26 -   0.17020 0.82980 0.00000 0.00000 ( 2)
  27 -   0.00494 0.99506 0.00000 0.00000 ( 2)
  28 -   0.97771 0.02229 0.00000 0.00000 ( 1)
  29 -   0.03406 0.96594 0.00000 0.00000 ( 2)
  30 -   0.05270 0.94730 0.00000 0.00000 ( 2)
  31 -   0.98014 0.01986 0.00000 0.00000 ( 1)
  32 -   0.03596 0.96404 0.00000 0.00000 ( 2)
  33 -   0.04262 0.95738 0.00000 0.00000 ( 2)
  34 -   0.78651 0.21349 0.00000 0.00000 ( 1)
  35 -   0.99986 0.00014 0.00000 0.00000 ( 1)
  36 -   0.65342 0.34658 0.00000 0.00000 ( 1)
  37 -   0.00025 0.99975 0.00000 0.00000 ( 2)
  38 -   0.01338 0.98662 0.00000 0.00000 ( 2)
  39 -   0.72060 0.27940 0.00000 0.00000 ( 1)
  40 -   0.99790 0.00210 0.00000 0.00000 ( 1)
  41 S   0.66773 0.33227 0.00000 0.00000 ( 1)
  42 P   0.99973 0.00027 0.00000 0.00000 ( 1)
  43 H   0.99998 0.00002 0.00000 0.00000 ( 1)
  44 L   0.99832 0.00168 0.00000 0.00000 ( 1)
  45 W   0.99881 0.00119 0.00000 0.00000 ( 1)
  46 I   0.99549 0.00451 0.00000 0.00000 ( 1)
  47 Y   0.41526 0.58474 0.00000 0.00000 ( 2)
  48 L   0.99639 0.00361 0.00000 0.00000 ( 1)
  49 N   0.99957 0.00043 0.00000 0.00000 ( 1)
  50 Q   0.00434 0.99566 0.00000 0.00000 ( 2)
  51 D   0.92479 0.07521 0.00000 0.00000 ( 1)
  52 N   0.00746 0.99254 0.00000 0.00000 ( 2)
  53 H   0.82111 0.17889 0.00000 0.00000 ( 1)
  54 L   0.91787 0.08213 0.00000 0.00000 ( 1)
  55 T   0.98334 0.01666 0.00000 0.00000 ( 1)
  56 D   0.40594 0.59406 0.00000 0.00000 ( 2)
  57 V   0.02943 0.97057 0.00000 0.00000 ( 2)
  58 H   0.84970 0.15030 0.00000 0.00000 ( 1)
  59 R   0.99408 0.00592 0.00000 0.00000 ( 1)
  60 G   0.80552 0.19448 0.00000 0.00000 ( 1)
  61 F   0.00673 0.99327 0.00000 0.00000 ( 2)
  62 N   0.23347 0.76653 0.00000 0.00000 ( 2)
  63 Y   0.88880 0.11120 0.00000 0.00000 ( 1)
  64 W   0.95786 0.04214 0.00000 0.00000 ( 1)
  65 S   0.45588 0.54412 0.00000 0.00000 ( 2)
  66 G   0.99776 0.00224 0.00000 0.00000 ( 1)
  67 H   0.98771 0.01229 0.00000 0.00000 ( 1)
  68 Q   0.94146 0.05854 0.00000 0.00000 ( 1)
  69 I   0.99178 0.00822 0.00000 0.00000 ( 1)
  70 I   0.39124 0.60876 0.00000 0.00000 ( 2)
  71 A   0.93437 0.06563 0.00000 0.00000 ( 1)
  72 S   0.14064 0.85936 0.00000 0.00000 ( 2)
  73 P   0.01042 0.98958 0.00000 0.00000 ( 2)
  74 V   0.89135 0.10865 0.00000 0.00000 ( 1)
  75 G   0.98631 0.01369 0.00000 0.00000 ( 1)
  76 F   0.99877 0.00123 0.00000 0.00000 ( 1)
  77 Q   0.00047 0.99953 0.00000 0.00000 ( 2)
  78 D   0.99009 0.00991 0.00000 0.00000 ( 1)
  79 P   0.07222 0.92778 0.00000 0.00000 ( 2)
  80 E   0.48706 0.51294 0.00000 0.00000 ( 2)
  81 F   0.00626 0.99374 0.00000 0.00000 ( 2)
  82 A   0.02206 0.97794 0.00000 0.00000 ( 2)
  83 F   0.99867 0.00133 0.00000 0.00000 ( 1)
  84 P   0.99836 0.00164 0.00000 0.00000 ( 1)
  85 L   0.05566 0.94434 0.00000 0.00000 ( 2)
  86 F   0.01085 0.98915 0.00000 0.00000 ( 2)
  87 G   0.99720 0.00280 0.00000 0.00000 ( 1)
  88 N   0.02012 0.97988 0.00000 0.00000 ( 2)
  89 A   0.00000 1.00000 0.00000 0.00000 ( 2)
  90 G   0.79733 0.20267 0.00000 0.00000 ( 1)
  91 N   0.65169 0.34831 0.00000 0.00000 ( 1)
  92 A   0.09522 0.90478 0.00000 0.00000 ( 2)
  93 A   0.98191 0.01809 0.00000 0.00000 ( 1)
  94 P   0.97713 0.02287 0.00000 0.00000 ( 1)
  95 P   0.76158 0.23842 0.00000 0.00000 ( 1)
  96 V   0.00001 0.99999 0.00000 0.00000 ( 2)
  97 R   0.82381 0.17619 0.00000 0.00000 ( 1)
  98 I   0.04984 0.95016 0.00000 0.00000 ( 2)
  99 V   0.20656 0.79344 0.00000 0.00000 ( 2)
 100 Y   0.00068 0.99932 0.00000 0.00000 ( 2)
 101 Q   0.00001 0.99999 0.00000 0.00000 ( 2)
 102 L   0.00004 0.99996 0.00000 0.00000 ( 2)
 103 G   0.52202 0.47798 0.00000 0.00000 ( 1)
 104 Q   0.01276 0.98724 0.00000 0.00000 ( 2)
 105 G   0.64791 0.35209 0.00000 0.00000 ( 1)
 106 V   0.72733 0.27267 0.00000 0.00000 ( 1)
 107 Y   0.97796 0.02204 0.00000 0.00000 ( 1)
 108 R   0.99417 0.00583 0.00000 0.00000 ( 1)
 109 T   0.96127 0.03873 0.00000 0.00000 ( 1)
 110 L   0.98242 0.01758 0.00000 0.00000 ( 1)
 111 S   0.89816 0.10184 0.00000 0.00000 ( 1)
 112 S   0.05127 0.94873 0.00000 0.00000 ( 2)
 113 T   0.91318 0.08682 0.00000 0.00000 ( 1)
 114 L   0.06828 0.93172 0.00000 0.00000 ( 2)
 115 Y   0.97569 0.02431 0.00000 0.00000 ( 1)
 116 E   0.00831 0.99169 0.00000 0.00000 ( 2)
 117 D   0.00851 0.99149 0.00000 0.00000 ( 2)
 118 -   0.81704 0.18296 0.00000 0.00000 ( 1)
 119 L   0.71890 0.28110 0.00000 0.00000 ( 1)
 120 F   0.98292 0.01708 0.00000 0.00000 ( 1)
 121 I   0.04896 0.95104 0.00000 0.00000 ( 2)
 122 R   0.01320 0.98680 0.00000 0.00000 ( 2)
 123 D   0.72619 0.27381 0.00000 0.00000 ( 1)
 124 K   0.13626 0.86374 0.00000 0.00000 ( 2)
 125 V   0.59011 0.40989 0.00000 0.00000 ( 1)
 126 I   0.95438 0.04562 0.00000 0.00000 ( 1)
 127 N   0.15175 0.84825 0.00000 0.00000 ( 2)
 128 T   0.00000 1.00000 0.00000 0.00000 ( 2)
 129 Y   0.33035 0.66965 0.00000 0.00000 ( 2)
 130 L   0.85119 0.14881 0.00000 0.00000 ( 1)
 131 F   0.86823 0.13177 0.00000 0.00000 ( 1)
 132 L   0.92633 0.07367 0.00000 0.00000 ( 1)
 133 A   0.39858 0.60142 0.00000 0.00000 ( 2)
 134 G   0.94645 0.05355 0.00000 0.00000 ( 1)
 135 S   0.00412 0.99588 0.00000 0.00000 ( 2)
 136 N   0.42646 0.57354 0.00000 0.00000 ( 2)
 137 L   0.99351 0.00649 0.00000 0.00000 ( 1)
 138 L   0.00037 0.99963 0.00000 0.00000 ( 2)
 139 M   0.77479 0.22521 0.00000 0.00000 ( 1)
 140 E   0.26053 0.73947 0.00000 0.00000 ( 2)
 141 P   0.00221 0.99779 0.00000 0.00000 ( 2)
 142 -   0.88098 0.11902 0.00000 0.00000 ( 1)
 143 -   0.31777 0.68223 0.00000 0.00000 ( 2)
 144 P   0.14952 0.85048 0.00000 0.00000 ( 2)
 145 H   0.00030 0.99970 0.00000 0.00000 ( 2)
 146 I   0.00660 0.99340 0.00000 0.00000 ( 2)
 147 C   0.00009 0.99991 0.00000 0.00000 ( 2)
 148 H   0.94399 0.05601 0.00000 0.00000 ( 1)
 149 P   0.62667 0.37333 0.00000 0.00000 ( 1)
 150 G   0.30891 0.69109 0.00000 0.00000 ( 2)
 151 R   0.12398 0.87602 0.00000 0.00000 ( 2)
 152 Y   0.43782 0.56218 0.00000 0.00000 ( 2)
 153 R   0.99723 0.00277 0.00000 0.00000 ( 1)
 154 K   0.97883 0.02117 0.00000 0.00000 ( 1)
 155 S   0.02567 0.97433 0.00000 0.00000 ( 2)
 156 G   0.99802 0.00198 0.00000 0.00000 ( 1)
 157 T   0.99066 0.00934 0.00000 0.00000 ( 1)
 158 V   0.99853 0.00147 0.00000 0.00000 ( 1)
 159 D   0.99999 0.00001 0.00000 0.00000 ( 1)
 160 S   0.99766 0.00234 0.00000 0.00000 ( 1)
 161 L   0.98205 0.01795 0.00000 0.00000 ( 1)
 162 D   0.99949 0.00051 0.00000 0.00000 ( 1)
 163 E   0.46937 0.53063 0.00000 0.00000 ( 2)
 164 I   0.99992 0.00008 0.00000 0.00000 ( 1)
 165 P   0.99435 0.00565 0.00000 0.00000 ( 1)
 166 H   0.96305 0.03695 0.00000 0.00000 ( 1)
 167 Q   0.99651 0.00349 0.00000 0.00000 ( 1)
 168 N   0.99993 0.00007 0.00000 0.00000 ( 1)
 169 N   0.98558 0.01442 0.00000 0.00000 ( 1)
 170 N   0.98260 0.01740 0.00000 0.00000 ( 1)
 171 V   0.98582 0.01418 0.00000 0.00000 ( 1)
 172 P   0.96906 0.03094 0.00000 0.00000 ( 1)
 173 P   0.99878 0.00122 0.00000 0.00000 ( 1)
 174 R   0.78621 0.21379 0.00000 0.00000 ( 1)
 175 Q   0.18375 0.81625 0.00000 0.00000 ( 2)
 176 G   0.99746 0.00254 0.00000 0.00000 ( 1)
 177 F   0.99803 0.00197 0.00000 0.00000 ( 1)
 178 S   0.99998 0.00002 0.00000 0.00000 ( 1)
 179 H   0.99998 0.00002 0.00000 0.00000 ( 1)
 180 R   0.70497 0.29503 0.00000 0.00000 ( 1)
 181 -   0.65342 0.34658 0.00000 0.00000 ( 1)
 182 L   0.99908 0.00092 0.00000 0.00000 ( 1)
 183 S   0.90055 0.09945 0.00000 0.00000 ( 1)
 184 H   0.99979 0.00021 0.00000 0.00000 ( 1)
 185 V   0.99994 0.00006 0.00000 0.00000 ( 1)
 186 S   0.98151 0.01849 0.00000 0.00000 ( 1)
 187 M   0.99898 0.00102 0.00000 0.00000 ( 1)
 188 F   0.61601 0.38399 0.00000 0.00000 ( 1)
 189 R   0.03769 0.96231 0.00000 0.00000 ( 2)
 190 S   0.15214 0.84786 0.00000 0.00000 ( 2)
 191 G   0.69080 0.30920 0.00000 0.00000 ( 1)
 192 F   0.89342 0.10658 0.00000 0.00000 ( 1)
 193 S   0.33765 0.66235 0.00000 0.00000 ( 2)
 194 N   0.95559 0.04441 0.00000 0.00000 ( 1)
 195 -   0.65342 0.34658 0.00000 0.00000 ( 1)
 196 S   0.85769 0.14231 0.00000 0.00000 ( 1)
 197 S   0.93288 0.06712 0.00000 0.00000 ( 1)
 198 V   0.98176 0.01824 0.00000 0.00000 ( 1)
 199 S   0.89638 0.10362 0.00000 0.00000 ( 1)
 200 I   0.73859 0.26141 0.00000 0.00000 ( 1)
 201 I   0.90056 0.09944 0.00000 0.00000 ( 1)
 202 R   0.99430 0.00570 0.00000 0.00000 ( 1)
 203 A   0.99443 0.00557 0.00000 0.00000 ( 1)
 204 P   0.99987 0.00013 0.00000 0.00000 ( 1)
 205 M   0.76456 0.23544 0.00000 0.00000 ( 1)
 206 F   0.96625 0.03375 0.00000 0.00000 ( 1)
 207 S   0.98584 0.01416 0.00000 0.00000 ( 1)
 208 W   0.95178 0.04822 0.00000 0.00000 ( 1)
 209 I   0.03315 0.96685 0.00000 0.00000 ( 2)
 210 -   0.98206 0.01794 0.00000 0.00000 ( 1)
 211 -   0.74699 0.25301 0.00000 0.00000 ( 1)
 212 -   0.99535 0.00465 0.00000 0.00000 ( 1)


lnL = -5321.380684

