Supplemental results for CODEML (seqf: algn  treef: tree)


dN/dS (w) for site classes (K=2)

p:   0.42287  0.57713
w:   0.15673  1.00000

Naive Empirical Bayes (NEB) probabilities for 2 classes & postmean_w
(amino acids refer to 1st sequence: BT_Cry1Be1)

   1 -   0.93466 0.06534 ( 1)  0.212
   2 S   0.02000 0.98000 ( 2)  0.983
   3 D   1.00000 0.00000 ( 1)  0.157
   4 S   0.05495 0.94505 ( 2)  0.954
   5 I   1.00000 0.00000 ( 1)  0.157
   6 T   0.98906 0.01094 ( 1)  0.166
   7 Q   1.00000 0.00000 ( 1)  0.157
   8 I   1.00000 0.00000 ( 1)  0.157
   9 P   0.99994 0.00006 ( 1)  0.157
  10 L   0.99926 0.00074 ( 1)  0.157
  11 V   0.99991 0.00009 ( 1)  0.157
  12 K   1.00000 0.00000 ( 1)  0.157
  13 S   0.99973 0.00027 ( 1)  0.157
  14 F   0.04790 0.95210 ( 2)  0.960
  15 N   0.00000 1.00000 ( 2)  1.000
  16 L   0.92877 0.07123 ( 1)  0.217
  17 N   0.03911 0.96089 ( 2)  0.967
  18 S   0.45319 0.54681 ( 2)  0.618
  19 -   0.42287 0.57713 ( 2)  0.643
  20 -   0.02653 0.97347 ( 2)  0.978
  21 -   0.00095 0.99905 ( 2)  0.999
  22 -   0.00000 1.00000 ( 2)  1.000
  23 -   0.72638 0.27362 ( 1)  0.387
  24 -   0.42287 0.57713 ( 2)  0.643
  25 -   0.42287 0.57713 ( 2)  0.643
  26 G   0.00126 0.99874 ( 2)  0.999
  27 T   0.12776 0.87224 ( 2)  0.892
  28 S   0.00000 1.00000 ( 2)  1.000
  29 V   0.99999 0.00001 ( 1)  0.157
  30 V   0.12744 0.87256 ( 2)  0.893
  31 S   0.03087 0.96913 ( 2)  0.974
  32 G   0.99998 0.00002 ( 1)  0.157
  33 P   0.99999 0.00001 ( 1)  0.157
  34 G   1.00000 0.00000 ( 1)  0.157
  35 F   0.00083 0.99917 ( 2)  0.999
  36 T   1.00000 0.00000 ( 1)  0.157
  37 G   1.00000 0.00000 ( 1)  0.157
  38 G   0.99998 0.00002 ( 1)  0.157
  39 D   1.00000 0.00000 ( 1)  0.157
  40 I   0.99393 0.00607 ( 1)  0.162
  41 I   0.99986 0.00014 ( 1)  0.157
  42 R   0.00023 0.99977 ( 2)  1.000
  43 T   0.99954 0.00046 ( 1)  0.157
  44 N   0.00000 1.00000 ( 2)  1.000
  45 V   0.13039 0.86961 ( 2)  0.890
  46 N   0.00000 1.00000 ( 2)  1.000
  47 G   0.00000 1.00000 ( 2)  1.000
  48 S   0.00004 0.99996 ( 2)  1.000
  49 V   0.46581 0.53419 ( 2)  0.607
  50 L   0.93252 0.06748 ( 1)  0.214
  51 S   0.00617 0.99383 ( 2)  0.995
  52 -   0.42287 0.57713 ( 2)  0.643
  53 M   0.94363 0.05637 ( 1)  0.204
  54 G   0.93225 0.06775 ( 1)  0.214
  55 L   0.94538 0.05462 ( 1)  0.203
  56 N   0.00007 0.99993 ( 2)  1.000
  57 F   0.01036 0.98964 ( 2)  0.991
  58 N   0.49329 0.50671 ( 2)  0.584
  59 -   0.31231 0.68769 ( 2)  0.737
  60 -   0.78978 0.21022 ( 1)  0.334
  61 -   0.12306 0.87694 ( 2)  0.896
  62 -   0.08054 0.91946 ( 2)  0.932
  63 -   0.14737 0.85263 ( 2)  0.876
  64 -   0.06136 0.93864 ( 2)  0.948
  65 N   0.00060 0.99940 ( 2)  0.999
  66 T   0.00000 1.00000 ( 2)  1.000
  67 S   0.00131 0.99869 ( 2)  0.999
  68 L   0.05463 0.94537 ( 2)  0.954
  69 Q   0.99991 0.00009 ( 1)  0.157
  70 R   0.99824 0.00176 ( 1)  0.158
  71 Y   0.99962 0.00038 ( 1)  0.157
  72 R   0.91491 0.08509 ( 1)  0.228
  73 V   0.99995 0.00005 ( 1)  0.157
  74 R   1.00000 0.00000 ( 1)  0.157
  75 V   0.93126 0.06874 ( 1)  0.215
  76 R   0.86202 0.13798 ( 1)  0.273
  77 Y   1.00000 0.00000 ( 1)  0.157
  78 A   0.87746 0.12254 ( 1)  0.260
  79 A   0.73872 0.26128 ( 1)  0.377
  80 S   0.00000 1.00000 ( 2)  1.000
  81 Q   0.00000 1.00000 ( 2)  1.000
  82 T   0.00000 1.00000 ( 2)  1.000
  83 M   0.42638 0.57362 ( 2)  0.640
  84 V   0.00000 1.00000 ( 2)  1.000
  85 L   0.00000 1.00000 ( 2)  1.000
  86 R   0.00000 1.00000 ( 2)  1.000
  87 V   0.66041 0.33959 ( 1)  0.443
  88 T   0.00000 1.00000 ( 2)  1.000
  89 V   0.17881 0.82119 ( 2)  0.849
  90 -   0.42287 0.57713 ( 2)  0.643
  91 -   0.06176 0.93824 ( 2)  0.948
  92 -   0.00225 0.99775 ( 2)  0.998
  93 -   0.00167 0.99833 ( 2)  0.999
  94 G   0.20534 0.79466 ( 2)  0.827
  95 G   0.09090 0.90910 ( 2)  0.923
  96 S   0.00000 1.00000 ( 2)  1.000
  97 T   0.00000 1.00000 ( 2)  1.000
  98 -   0.42287 0.57713 ( 2)  0.643
  99 T   0.00258 0.99742 ( 2)  0.998
 100 F   0.00000 1.00000 ( 2)  1.000
 101 D   0.00000 1.00000 ( 2)  1.000
 102 Q   0.00324 0.99676 ( 2)  0.997
 103 G   0.00000 1.00000 ( 2)  1.000
 104 F   0.00000 1.00000 ( 2)  1.000
 105 P   0.00004 0.99996 ( 2)  1.000
 106 S   0.00000 1.00000 ( 2)  1.000
 107 T   0.03326 0.96674 ( 2)  0.972
 108 M   0.00004 0.99996 ( 2)  1.000
 109 S   0.00000 1.00000 ( 2)  1.000
 110 A   0.00455 0.99545 ( 2)  0.996
 111 N   0.13385 0.86615 ( 2)  0.887
 112 -   0.19141 0.80859 ( 2)  0.839
 113 -   0.60391 0.39609 ( 1)  0.491
 114 -   0.56345 0.43655 ( 1)  0.525
 115 -   0.56345 0.43655 ( 1)  0.525
 116 -   0.69141 0.30859 ( 1)  0.417
 117 E   0.00709 0.99291 ( 2)  0.994
 118 S   0.04422 0.95578 ( 2)  0.963
 119 L   0.39893 0.60107 ( 2)  0.664
 120 T   0.99566 0.00434 ( 1)  0.160
 121 S   0.11461 0.88539 ( 2)  0.903
 122 Q   0.00001 0.99999 ( 2)  1.000
 123 S   0.00226 0.99774 ( 2)  0.998
 124 F   1.00000 0.00000 ( 1)  0.157
 125 R   0.00002 0.99998 ( 2)  1.000
 126 F   1.00000 0.00000 ( 1)  0.157
 127 A   0.13382 0.86618 ( 2)  0.887
 128 -   0.59206 0.40794 ( 1)  0.501
 129 -   0.53988 0.46012 ( 1)  0.545
 130 -   0.02795 0.97205 ( 2)  0.976
 131 -   0.59206 0.40794 ( 1)  0.501
 132 -   0.15572 0.84428 ( 2)  0.869
 133 E   0.37131 0.62869 ( 2)  0.687
 134 F   0.03521 0.96479 ( 2)  0.970
 135 P   0.00235 0.99765 ( 2)  0.998
 136 V   0.59883 0.40117 ( 1)  0.495
 137 G   0.03350 0.96650 ( 2)  0.972
 138 I   0.98858 0.01142 ( 1)  0.166
 139 S   0.95457 0.04543 ( 1)  0.195
 140 A   0.03154 0.96846 ( 2)  0.973
 141 S   0.13184 0.86816 ( 2)  0.889
 142 G   0.00352 0.99648 ( 2)  0.997
 143 S   0.00612 0.99388 ( 2)  0.995
 144 Q   0.00001 0.99999 ( 2)  1.000
 145 T   0.00054 0.99946 ( 2)  1.000
 146 A   0.99991 0.00009 ( 1)  0.157
 147 G   0.06776 0.93224 ( 2)  0.943
 148 I   0.99332 0.00668 ( 1)  0.162
 149 S   0.99688 0.00312 ( 1)  0.159
 150 I   0.99998 0.00002 ( 1)  0.157
 151 S   0.00006 0.99994 ( 2)  1.000
 152 N   0.99954 0.00046 ( 1)  0.157
 153 N   0.00058 0.99942 ( 2)  1.000
 154 A   0.00000 1.00000 ( 2)  1.000
 155 G   0.46282 0.53718 ( 2)  0.610
 156 R   0.05348 0.94652 ( 2)  0.955
 157 Q   0.00000 1.00000 ( 2)  1.000
 158 T   0.00000 1.00000 ( 2)  1.000
 159 F   0.95073 0.04927 ( 1)  0.198
 160 H   0.00139 0.99861 ( 2)  0.999
 161 F   0.94944 0.05056 ( 1)  0.199
 162 D   0.99997 0.00003 ( 1)  0.157
 163 K   0.99999 0.00001 ( 1)  0.157
 164 I   0.99950 0.00050 ( 1)  0.157
 165 E   1.00000 0.00000 ( 1)  0.157
 166 F   0.99988 0.00012 ( 1)  0.157
 167 I   0.99344 0.00656 ( 1)  0.162
 168 -   0.60060 0.39940 ( 1)  0.494


lnL = -6500.197594

