Supplemental results for CODEML (seqf: algn  treef: tree)


dN/dS (w) for site classes (K=3)

p:   0.29444  0.54349  0.16208
w:   0.05117  1.00000  3.83149

Naive Empirical Bayes (NEB) probabilities for 3 classes & postmean_w & P(w>1)
(amino acids refer to 1st sequence: BT_Cry40Aa1)

   1 S   0.48221 0.47010 0.04769 ( 1)  0.677  0.048
   2 L   0.04211 0.74518 0.21270 ( 2)  1.562  0.213
   3 G   0.00000 0.44859 0.55140 ( 3)  2.561  0.551
   4 G   0.00930 0.96569 0.02500 ( 2)  1.062  0.025
   5 I   0.01728 0.97191 0.01081 ( 2)  1.014  0.011
   6 N   0.00002 0.68544 0.31454 ( 2)  1.891  0.315
   7 T   0.00001 0.63128 0.36871 ( 2)  2.044  0.369
   8 L   0.12036 0.86295 0.01669 ( 2)  0.933  0.017
   9 F   0.00029 0.81897 0.18075 ( 2)  1.512  0.181
  10 S   0.00596 0.92362 0.07042 ( 2)  1.194  0.070
  11 I   0.02032 0.97225 0.00743 ( 2)  1.002  0.007
  12 I   0.32083 0.67834 0.00083 ( 2)  0.698  0.001
  13 G   0.00000 0.04063 0.95937 ( 3)  3.716  0.959
  14 K   0.01572 0.96846 0.01581 ( 2)  1.030  0.016
  15 L   0.68199 0.31604 0.00197 ( 1)  0.358  0.002
  16 I   0.27950 0.71918 0.00132 ( 2)  0.739  0.001
  17 P   0.72196 0.27700 0.00104 ( 1)  0.318  0.001
  18 T   0.17432 0.82129 0.00438 ( 2)  0.847  0.004
  19 N   0.01283 0.97624 0.01093 ( 2)  1.019  0.011
  20 H   0.01197 0.97701 0.01102 ( 2)  1.020  0.011
  21 Q   0.00730 0.94416 0.04855 ( 2)  1.131  0.049
  22 S   0.00044 0.90045 0.09911 ( 2)  1.280  0.099
  23 V   0.06438 0.88018 0.05544 ( 2)  1.096  0.055
  24 S   0.00999 0.95960 0.03041 ( 2)  1.077  0.030
  25 A   0.01112 0.96644 0.02243 ( 2)  1.053  0.022
  26 L   0.83342 0.16647 0.00011 ( 1)  0.210  0.000
  27 S   0.83335 0.16653 0.00012 ( 1)  0.210  0.000
  28 I   0.90659 0.09338 0.00002 ( 1)  0.140  0.000
  29 C   0.81956 0.18029 0.00016 ( 1)  0.223  0.000
  30 D   0.93772 0.06227 0.00001 ( 1)  0.110  0.000
  31 L   0.76421 0.23518 0.00061 ( 1)  0.277  0.001
  32 L   0.13645 0.85403 0.00952 ( 2)  0.897  0.010
  33 S   0.82680 0.17305 0.00016 ( 1)  0.216  0.000
  34 I   0.90659 0.09338 0.00002 ( 1)  0.140  0.000
  35 I   0.89668 0.10329 0.00003 ( 1)  0.149  0.000
  36 R   0.73238 0.26688 0.00073 ( 1)  0.307  0.001
  37 K   0.26026 0.73817 0.00157 ( 2)  0.758  0.002
  38 E   0.74823 0.25091 0.00085 ( 1)  0.292  0.001
  39 V   0.25580 0.74249 0.00171 ( 2)  0.762  0.002
  40 A   0.00332 0.79129 0.20539 ( 2)  1.578  0.205
  41 D   0.00903 0.96405 0.02691 ( 2)  1.068  0.027
  42 S   0.20430 0.79356 0.00215 ( 2)  0.812  0.002
  43 V   0.01460 0.97152 0.01388 ( 2)  1.025  0.014
  44 L   0.76421 0.23518 0.00061 ( 1)  0.277  0.001
  45 S   0.00088 0.98207 0.01705 ( 2)  1.047  0.017
  46 D   0.00016 0.60054 0.39929 ( 2)  2.130  0.399
  47 A   0.00010 0.49042 0.50948 ( 3)  2.442  0.509
  48 I   0.00003 0.83738 0.16259 ( 2)  1.460  0.163
  49 C   0.00002 0.67625 0.32374 ( 2)  1.917  0.324
  50 R   0.00387 0.98816 0.00796 ( 2)  1.019  0.008
  51 F   0.91343 0.08655 0.00001 ( 1)  0.133  0.000
  52 L   0.29444 0.54349 0.16208 ( 2)  1.180  0.162
  53 D   0.00024 0.73238 0.26739 ( 2)  1.757  0.267
  54 G   0.84516 0.15476 0.00008 ( 1)  0.198  0.000
  55 K   0.00043 0.90082 0.09875 ( 2)  1.279  0.099
  56 L   0.00463 0.89282 0.10256 ( 2)  1.286  0.103
  57 K   0.00001 0.60027 0.39972 ( 2)  2.132  0.400
  58 N   0.00091 0.97376 0.02533 ( 2)  1.071  0.025
  59 Y   0.22487 0.77304 0.00209 ( 2)  0.793  0.002
  60 R   0.00000 0.09408 0.90592 ( 3)  3.565  0.906
  61 E   0.00000 0.26489 0.73511 ( 3)  3.081  0.735
  62 Y   0.85609 0.14381 0.00009 ( 1)  0.188  0.000
  63 Y   0.85609 0.14381 0.00009 ( 1)  0.188  0.000
  64 L   0.83342 0.16647 0.00011 ( 1)  0.210  0.000
  65 P   0.00000 0.00456 0.99544 ( 3)  3.819  0.995
  66 Y   0.01120 0.97353 0.01528 ( 2)  1.033  0.015
  67 L   0.83342 0.16647 0.00011 ( 1)  0.210  0.000
  68 E   0.00000 0.24262 0.75737 ( 3)  3.144  0.757
  69 A   0.00000 0.15224 0.84776 ( 3)  3.400  0.848
  70 W   0.56243 0.42796 0.00961 ( 1)  0.494  0.010
  71 L   0.83342 0.16647 0.00011 ( 1)  0.210  0.000
  72 K   0.00000 0.16084 0.83916 ( 3)  3.376  0.839
  73 D   0.00001 0.55021 0.44977 ( 2)  2.274  0.450
  74 G   0.00204 0.81225 0.18571 ( 2)  1.524  0.186
  75 K   0.00002 0.67599 0.32399 ( 2)  1.917  0.324
  76 P   0.70966 0.28912 0.00122 ( 1)  0.330  0.001
  77 L   0.00462 0.80857 0.18681 ( 2)  1.525  0.187
  78 Q   0.00210 0.64302 0.35487 ( 2)  2.003  0.355
  79 K   0.00089 0.41889 0.58022 ( 3)  2.642  0.580
  80 T   0.36999 0.54316 0.08685 ( 2)  0.895  0.087
  81 N   0.00132 0.98666 0.01202 ( 2)  1.033  0.012
  82 N   0.00000 0.75271 0.24729 ( 2)  1.700  0.247
  83 S   0.00000 0.00221 0.99779 ( 3)  3.825  0.998
  84 D   0.00000 0.09712 0.90288 ( 3)  3.557  0.903
  85 I   0.14781 0.84509 0.00711 ( 2)  0.880  0.007
  86 G   0.00000 0.00077 0.99923 ( 3)  3.829  0.999
  87 Q   0.00004 0.85185 0.14811 ( 2)  1.419  0.148
  88 L   0.20691 0.78945 0.00364 ( 2)  0.814  0.004
  89 V   0.01642 0.97457 0.00900 ( 2)  1.010  0.009
  90 K   0.00000 0.01923 0.98077 ( 3)  3.777  0.981
  91 Y   0.00035 0.91524 0.08441 ( 2)  1.239  0.084
  92 F   0.58590 0.40674 0.00737 ( 1)  0.465  0.007
  93 E   0.00003 0.85875 0.14121 ( 2)  1.400  0.141
  94 L   0.00000 0.00220 0.99780 ( 3)  3.825  0.998
  95 S   0.00019 0.68751 0.31230 ( 2)  1.884  0.312
  96 E   0.26567 0.73270 0.00163 ( 2)  0.753  0.002
  97 R   0.00002 0.69434 0.30564 ( 2)  1.865  0.306
  98 D   0.00004 0.85581 0.14414 ( 2)  1.408  0.144
  99 F   0.59577 0.39717 0.00706 ( 1)  0.455  0.007
 100 N   0.02699 0.96999 0.00302 ( 2)  0.983  0.003
 101 E   0.00048 0.91747 0.08205 ( 2)  1.232  0.082
 102 I   0.18450 0.81172 0.00378 ( 2)  0.836  0.004
 103 L   0.10313 0.87556 0.02131 ( 2)  0.962  0.021
 104 G   0.00000 0.43231 0.56769 ( 3)  2.607  0.568
 105 G   0.63648 0.35993 0.00360 ( 1)  0.406  0.004
 106 S   0.00542 0.91351 0.08107 ( 2)  1.224  0.081
 107 L   0.75652 0.24266 0.00082 ( 1)  0.285  0.001
 108 A   0.09141 0.88038 0.02820 ( 2)  0.993  0.028
 109 R   0.01051 0.97282 0.01667 ( 2)  1.037  0.017
 110 N   0.00000 0.08372 0.91628 ( 3)  3.594  0.916
 111 N   0.14705 0.84900 0.00395 ( 2)  0.872  0.004
 112 A   0.21505 0.78298 0.00197 ( 2)  0.802  0.002
 113 Q   0.00965 0.96898 0.02138 ( 2)  1.051  0.021
 114 I   0.24296 0.75530 0.00174 ( 2)  0.774  0.002
 115 L   0.71173 0.28632 0.00195 ( 1)  0.330  0.002
 116 L   0.76421 0.23518 0.00061 ( 1)  0.277  0.001
 117 L   0.68634 0.31099 0.00267 ( 1)  0.356  0.003
 118 P   0.77836 0.22131 0.00033 ( 1)  0.262  0.000
 119 Y   0.00935 0.95603 0.03462 ( 2)  1.089  0.035
 120 F   0.01526 0.97473 0.01001 ( 2)  1.014  0.010
 121 C   0.00000 0.06120 0.93880 ( 3)  3.658  0.939
 122 A   0.00803 0.96194 0.03003 ( 2)  1.077  0.030
 123 S   0.00057 0.94005 0.05938 ( 2)  1.168  0.059
 124 C   0.01235 0.96863 0.01902 ( 2)  1.042  0.019
 125 K   0.41290 0.58684 0.00026 ( 2)  0.609  0.000
 126 C   0.00000 0.29656 0.70344 ( 3)  2.992  0.703
 127 Q   0.15620 0.83609 0.00771 ( 2)  0.874  0.008
 128 L   0.76421 0.23518 0.00061 ( 1)  0.277  0.001
 129 L   0.76421 0.23518 0.00061 ( 1)  0.277  0.001
 130 L   0.70626 0.29212 0.00162 ( 1)  0.334  0.002
 131 L   0.76421 0.23518 0.00061 ( 1)  0.277  0.001
 132 R   0.66327 0.33440 0.00233 ( 1)  0.377  0.002
 133 D   0.92015 0.07983 0.00002 ( 1)  0.127  0.000
 134 A   0.00218 0.93637 0.06145 ( 2)  1.172  0.061
 135 V   0.87801 0.12193 0.00006 ( 1)  0.167  0.000
 136 Q   0.14739 0.84683 0.00579 ( 2)  0.877  0.006
 137 Y   0.85609 0.14381 0.00009 ( 1)  0.188  0.000
 138 E   0.26489 0.73347 0.00164 ( 2)  0.753  0.002
 139 E   0.00000 0.32996 0.67004 ( 3)  2.897  0.670
 140 Q   0.00003 0.83240 0.16756 ( 2)  1.474  0.168
 141 W   0.56243 0.42796 0.00961 ( 1)  0.494  0.010
 142 F   0.00000 0.38553 0.61447 ( 3)  2.740  0.614
 143 P   0.00000 0.06726 0.93274 ( 3)  3.641  0.933
 144 F   0.00001 0.48122 0.51877 ( 3)  2.469  0.519
 145 L   0.00475 0.89981 0.09544 ( 2)  1.266  0.095
 146 S   0.00013 0.64867 0.35120 ( 2)  1.994  0.351
 147 A   0.00012 0.62506 0.37482 ( 2)  2.061  0.375
 148 E   0.00718 0.93830 0.05452 ( 2)  1.148  0.055
 149 N   0.00121 0.98205 0.01674 ( 2)  1.046  0.017
 150 V   0.01103 0.96570 0.02327 ( 2)  1.055  0.023
 151 R   0.01074 0.97246 0.01680 ( 2)  1.037  0.017
 152 S   0.57954 0.41214 0.00832 ( 1)  0.474  0.008
 153 E   0.24515 0.75263 0.00223 ( 2)  0.774  0.002
 154 L   0.67162 0.32511 0.00327 ( 1)  0.372  0.003
 155 I   0.85154 0.14831 0.00015 ( 1)  0.192  0.000
 156 S   0.65778 0.33901 0.00321 ( 1)  0.385  0.003
 157 P   0.71393 0.28496 0.00111 ( 1)  0.326  0.001
 158 N   0.33033 0.54923 0.12044 ( 2)  1.028  0.120
 159 S   0.37665 0.54258 0.08077 ( 2)  0.871  0.081
 160 G   0.36894 0.54426 0.08680 ( 2)  0.896  0.087
 161 C   0.36537 0.54524 0.08938 ( 2)  0.906  0.089
 162 D   0.39825 0.53191 0.06984 ( 2)  0.820  0.070
 163 F   0.38813 0.53685 0.07501 ( 2)  0.844  0.075
 164 T   0.00474 0.91951 0.07575 ( 2)  1.210  0.076
 165 G   0.00000 0.66679 0.33321 ( 2)  1.943  0.333
 166 D   0.93772 0.06227 0.00001 ( 1)  0.110  0.000
 167 Y   0.16584 0.82853 0.00563 ( 2)  0.859  0.006
 168 Y   0.00001 0.55771 0.44228 ( 2)  2.252  0.442
 169 E   0.00554 0.91773 0.07673 ( 2)  1.212  0.077
 170 R   0.02269 0.83262 0.14469 ( 2)  1.388  0.145
 171 L   0.12255 0.86462 0.01283 ( 2)  0.920  0.013
 172 K   0.88500 0.11495 0.00005 ( 1)  0.160  0.000
 173 C   0.00002 0.76749 0.23249 ( 2)  1.658  0.232
 174 K   0.00065 0.94428 0.05508 ( 2)  1.155  0.055
 175 I   0.00015 0.73583 0.26402 ( 2)  1.747  0.264
 176 A   0.01411 0.97655 0.00935 ( 2)  1.013  0.009
 177 E   0.00008 0.48524 0.51468 ( 3)  2.457  0.515
 178 Y   0.23339 0.76485 0.00175 ( 2)  0.784  0.002
 179 T   0.00009 0.44593 0.55399 ( 3)  2.569  0.554
 180 D   0.00148 0.98392 0.01460 ( 2)  1.040  0.015
 181 Y   0.01401 0.97728 0.00872 ( 2)  1.011  0.009
 182 C   0.82904 0.17084 0.00011 ( 1)  0.214  0.000
 183 E   0.00000 0.10897 0.89103 ( 3)  3.523  0.891
 184 Y   0.00000 0.00263 0.99737 ( 3)  3.824  0.997
 185 W   0.56243 0.42796 0.00961 ( 1)  0.494  0.010
 186 Y   0.85609 0.14381 0.00009 ( 1)  0.188  0.000
 187 Q   0.00338 0.82677 0.16986 ( 2)  1.478  0.170
 188 A   0.00000 0.22429 0.77571 ( 3)  3.196  0.776
 189 G   0.84516 0.15476 0.00008 ( 1)  0.198  0.000
 190 L   0.76421 0.23518 0.00061 ( 1)  0.277  0.001
 191 N   0.02917 0.96846 0.00237 ( 2)  0.979  0.002
 192 Q   0.61205 0.38264 0.00531 ( 1)  0.434  0.005
 193 I   0.90659 0.09338 0.00002 ( 1)  0.140  0.000
 194 K   0.01591 0.97373 0.01036 ( 2)  1.014  0.010
 195 Q   0.00014 0.61606 0.38379 ( 2)  2.087  0.384
 196 A   0.00000 0.01648 0.98352 ( 3)  3.785  0.984
 197 G   0.72393 0.27493 0.00114 ( 1)  0.316  0.001
 198 T   0.01404 0.97587 0.01009 ( 2)  1.015  0.010
 199 G   0.00073 0.97122 0.02805 ( 2)  1.079  0.028
 200 A   0.00061 0.94258 0.05681 ( 2)  1.160  0.057
 201 D   0.00002 0.51801 0.48198 ( 2)  2.365  0.482
 202 T   0.00000 0.48808 0.51192 ( 3)  2.449  0.512
 203 W   0.56243 0.42796 0.00961 ( 1)  0.494  0.010
 204 A   0.00000 0.05621 0.94379 ( 3)  3.672  0.944
 205 K   0.88500 0.11495 0.00005 ( 1)  0.160  0.000
 206 F   0.91343 0.08655 0.00001 ( 1)  0.133  0.000
 207 N   0.93472 0.06528 0.00001 ( 1)  0.113  0.000
 208 K   0.88500 0.11495 0.00005 ( 1)  0.160  0.000
 209 F   0.90479 0.09518 0.00003 ( 1)  0.142  0.000
 210 R   0.72842 0.27078 0.00080 ( 1)  0.311  0.001
 211 R   0.81485 0.18494 0.00021 ( 1)  0.227  0.000
 212 E   0.88921 0.11074 0.00005 ( 1)  0.156  0.000
 213 M   0.86885 0.13111 0.00004 ( 1)  0.176  0.000
 214 T   0.64006 0.35643 0.00351 ( 1)  0.403  0.004
 215 L   0.65339 0.34359 0.00303 ( 1)  0.389  0.003
 216 T   0.00358 0.83592 0.16050 ( 2)  1.451  0.161
 217 V   0.87428 0.12565 0.00007 ( 1)  0.171  0.000
 218 L   0.64919 0.34770 0.00311 ( 1)  0.393  0.003
 219 D   0.93772 0.06227 0.00001 ( 1)  0.110  0.000
 220 I   0.26990 0.72878 0.00133 ( 2)  0.748  0.001
 221 I   0.64608 0.34787 0.00604 ( 1)  0.404  0.006
 222 A   0.22642 0.77175 0.00183 ( 2)  0.790  0.002
 223 I   0.28858 0.70967 0.00175 ( 2)  0.731  0.002
 224 F   0.91343 0.08655 0.00001 ( 1)  0.133  0.000
 225 Q   0.14472 0.84945 0.00583 ( 2)  0.879  0.006
 226 T   0.22711 0.77125 0.00164 ( 2)  0.789  0.002

Positively selected sites

	Prob(w>1)  mean w

     3 G      0.551         2.561
    13 G      0.959*        3.716
    47 A      0.509         2.442
    60 R      0.906         3.565
    61 E      0.735         3.081
    65 P      0.995**       3.819
    68 E      0.757         3.144
    69 A      0.848         3.400
    72 K      0.839         3.376
    79 K      0.580         2.642
    83 S      0.998**       3.825
    84 D      0.903         3.557
    86 G      0.999**       3.829
    90 K      0.981*        3.777
    94 L      0.998**       3.825
   104 G      0.568         2.607
   110 N      0.916         3.594
   121 C      0.939         3.658
   126 C      0.703         2.992
   139 E      0.670         2.897
   142 F      0.614         2.740
   143 P      0.933         3.641
   144 F      0.519         2.469
   177 E      0.515         2.457
   179 T      0.554         2.569
   183 E      0.891         3.523
   184 Y      0.997**       3.824
   188 A      0.776         3.196
   196 A      0.984*        3.785
   202 T      0.512         2.449
   204 A      0.944         3.672


lnL = -3234.858096

Bayes Empirical Bayes (BEB) probabilities for 3 classes (class) & postmean_w
(amino acids refer to 1st sequence: BT_Cry40Aa1)

   1 S   0.49384 0.45513 0.05103 ( 1)  0.685 +-  0.848
   2 L   0.06673 0.71338 0.21989 ( 2)  1.553 +-  1.233
   3 G   0.00006 0.45001 0.54992 ( 3)  2.530 +-  1.440
   4 G   0.03076 0.93611 0.03313 ( 2)  1.057 +-  0.484
   5 I   0.05143 0.93381 0.01477 ( 2)  0.992 +-  0.365
   6 N   0.00051 0.67246 0.32702 ( 2)  1.886 +-  1.304
   7 T   0.00042 0.62156 0.37802 ( 2)  2.033 +-  1.364
   8 L   0.17166 0.80793 0.02041 ( 2)  0.898 +-  0.513
   9 F   0.00281 0.79941 0.19778 ( 2)  1.524 +-  1.084
  10 S   0.02059 0.89668 0.08273 ( 2)  1.197 +-  0.745
  11 I   0.05864 0.93086 0.01050 ( 2)  0.975 +-  0.331
  12 I   0.38544 0.61331 0.00125 ( 2)  0.653 +-  0.454
  13 G   0.00000 0.04175 0.95825 ( 3)  3.764 +-  0.810
  14 K   0.04753 0.93198 0.02049 ( 2)  1.011 +-  0.413
  15 L   0.68748 0.30981 0.00271 ( 1)  0.373 +-  0.458
  16 I   0.34459 0.65348 0.00194 ( 2)  0.692 +-  0.448
  17 P   0.72573 0.27274 0.00153 ( 1)  0.335 +-  0.430
  18 T   0.23454 0.75939 0.00607 ( 2)  0.804 +-  0.436
  19 N   0.04054 0.94339 0.01607 ( 2)  1.004 +-  0.359
  20 H   0.03833 0.94521 0.01646 ( 2)  1.007 +-  0.359
  21 Q   0.02476 0.91621 0.05903 ( 2)  1.131 +-  0.636
  22 S   0.00426 0.87954 0.11619 ( 2)  1.299 +-  0.853
  23 V   0.10014 0.83700 0.06285 ( 2)  1.075 +-  0.718
  24 S   0.03251 0.92916 0.03833 ( 2)  1.070 +-  0.526
  25 A   0.03575 0.93507 0.02918 ( 2)  1.043 +-  0.466
  26 L   0.83296 0.16682 0.00021 ( 1)  0.232 +-  0.350
  27 S   0.83285 0.16691 0.00023 ( 1)  0.232 +-  0.350
  28 I   0.90440 0.09555 0.00005 ( 1)  0.165 +-  0.276
  29 C   0.81954 0.18018 0.00029 ( 1)  0.245 +-  0.361
  30 D   0.93538 0.06460 0.00002 ( 1)  0.137 +-  0.232
  31 L   0.76611 0.23295 0.00094 ( 1)  0.296 +-  0.404
  32 L   0.19132 0.79639 0.01228 ( 2)  0.859 +-  0.462
  33 S   0.82650 0.17322 0.00028 ( 1)  0.238 +-  0.356
  34 I   0.90440 0.09555 0.00005 ( 1)  0.165 +-  0.276
  35 I   0.89463 0.10530 0.00007 ( 1)  0.174 +-  0.288
  36 R   0.73577 0.26308 0.00115 ( 1)  0.324 +-  0.422
  37 K   0.32525 0.67246 0.00230 ( 2)  0.711 +-  0.445
  38 E   0.75074 0.24801 0.00126 ( 1)  0.311 +-  0.416
  39 V   0.32071 0.67682 0.00246 ( 2)  0.716 +-  0.445
  40 A   0.01174 0.77038 0.21789 ( 2)  1.581 +-  1.154
  41 D   0.02999 0.93472 0.03529 ( 2)  1.063 +-  0.499
  42 S   0.26729 0.72942 0.00328 ( 2)  0.767 +-  0.428
  43 V   0.04483 0.93636 0.01880 ( 2)  1.008 +-  0.393
  44 L   0.76611 0.23295 0.00094 ( 1)  0.296 +-  0.404
  45 S   0.00826 0.96586 0.02588 ( 2)  1.056 +-  0.402
  46 D   0.00157 0.58903 0.40940 ( 2)  2.140 +-  1.416
  47 A   0.00099 0.48491 0.51411 ( 3)  2.445 +-  1.461
  48 I   0.00095 0.81705 0.18201 ( 2)  1.480 +-  1.040
  49 C   0.00055 0.66216 0.33729 ( 2)  1.922 +-  1.329
  50 R   0.02027 0.96755 0.01218 ( 2)  1.012 +-  0.298
  51 F   0.91121 0.08875 0.00004 ( 1)  0.159 +-  0.267
  52 L   0.30868 0.52338 0.16794 ( 2)  1.189 +-  1.269
  53 D   0.00230 0.71679 0.28091 ( 2)  1.762 +-  1.254
  54 G   0.84435 0.15548 0.00016 ( 1)  0.221 +-  0.340
  55 K   0.00423 0.88015 0.11562 ( 2)  1.298 +-  0.853
  56 L   0.01631 0.86727 0.11642 ( 2)  1.292 +-  0.870
  57 K   0.00027 0.59169 0.40804 ( 2)  2.118 +-  1.387
  58 N   0.00847 0.95676 0.03477 ( 2)  1.080 +-  0.473
  59 Y   0.28888 0.70805 0.00307 ( 2)  0.746 +-  0.437
  60 R   0.00000 0.09550 0.90449 ( 3)  3.604 +-  1.009
  61 E   0.00003 0.27075 0.72922 ( 3)  3.069 +-  1.348
  62 Y   0.85488 0.14494 0.00018 ( 1)  0.211 +-  0.331
  63 Y   0.85488 0.14494 0.00018 ( 1)  0.211 +-  0.331
  64 L   0.83296 0.16682 0.00021 ( 1)  0.232 +-  0.350
  65 P   0.00000 0.00474 0.99526 ( 3)  3.873 +-  0.614
  66 Y   0.03613 0.94233 0.02154 ( 2)  1.022 +-  0.402
  67 L   0.83296 0.16682 0.00021 ( 1)  0.232 +-  0.350
  68 E   0.00008 0.24506 0.75486 ( 3)  3.156 +-  1.324
  69 A   0.00001 0.15675 0.84324 ( 3)  3.415 +-  1.165
  70 W   0.57302 0.41545 0.01153 ( 1)  0.502 +-  0.564
  71 L   0.83296 0.16682 0.00021 ( 1)  0.232 +-  0.350
  72 K   0.00000 0.16331 0.83669 ( 3)  3.397 +-  1.181
  73 D   0.00028 0.54426 0.45547 ( 2)  2.258 +-  1.422
  74 G   0.00790 0.79107 0.20103 ( 2)  1.530 +-  1.100
  75 K   0.00054 0.66319 0.33628 ( 2)  1.916 +-  1.322
  76 P   0.71398 0.28425 0.00177 ( 1)  0.346 +-  0.438
  77 L   0.01576 0.78528 0.19896 ( 2)  1.530 +-  1.129
  78 Q   0.00751 0.62655 0.36595 ( 2)  2.018 +-  1.397
  79 K   0.00329 0.40941 0.58729 ( 3)  2.677 +-  1.479
  80 T   0.38480 0.52381 0.09140 ( 2)  0.898 +-  1.018
  81 N   0.01165 0.97013 0.01821 ( 2)  1.035 +-  0.345
  82 N   0.00021 0.73426 0.26554 ( 2)  1.709 +-  1.206
  83 S   0.00000 0.00234 0.99766 ( 3)  3.879 +-  0.598
  84 D   0.00000 0.09872 0.90128 ( 3)  3.594 +-  1.019
  85 I   0.20462 0.78595 0.00944 ( 2)  0.840 +-  0.447
  86 G   0.00000 0.00084 0.99916 ( 3)  3.884 +-  0.588
  87 Q   0.00118 0.83246 0.16636 ( 2)  1.440 +-  1.010
  88 L   0.26976 0.72537 0.00487 ( 2)  0.769 +-  0.444
  89 V   0.04947 0.93752 0.01301 ( 2)  0.989 +-  0.343
  90 K   0.00000 0.01946 0.98054 ( 3)  3.831 +-  0.701
  91 Y   0.00361 0.89404 0.10235 ( 2)  1.260 +-  0.796
  92 F   0.59552 0.39547 0.00901 ( 1)  0.475 +-  0.540
  93 E   0.00103 0.83801 0.16096 ( 2)  1.422 +-  0.985
  94 L   0.00000 0.00234 0.99766 ( 3)  3.879 +-  0.598
  95 S   0.00186 0.67361 0.32453 ( 2)  1.887 +-  1.318
  96 E   0.33068 0.66699 0.00233 ( 2)  0.706 +-  0.447
  97 R   0.00056 0.68034 0.31909 ( 2)  1.867 +-  1.300
  98 D   0.00129 0.83676 0.16195 ( 2)  1.427 +-  0.995
  99 F   0.60490 0.38648 0.00862 ( 1)  0.465 +-  0.535
 100 N   0.07345 0.92169 0.00486 ( 2)  0.948 +-  0.285
 101 E   0.00471 0.89716 0.09814 ( 2)  1.250 +-  0.788
 102 I   0.24559 0.74907 0.00534 ( 2)  0.792 +-  0.435
 103 L   0.15089 0.82340 0.02571 ( 2)  0.930 +-  0.537
 104 G   0.00006 0.43604 0.56390 ( 3)  2.569 +-  1.436
 105 G   0.64401 0.35130 0.00469 ( 1)  0.418 +-  0.490
 106 S   0.01889 0.88705 0.09406 ( 2)  1.229 +-  0.789
 107 L   0.75866 0.24014 0.00120 ( 1)  0.303 +-  0.411
 108 A   0.13609 0.83060 0.03331 ( 2)  0.964 +-  0.578
 109 R   0.03427 0.94234 0.02340 ( 2)  1.028 +-  0.415
 110 N   0.00001 0.08497 0.91503 ( 3)  3.637 +-  0.976
 111 N   0.20520 0.78913 0.00567 ( 2)  0.830 +-  0.414
 112 A   0.27872 0.71829 0.00299 ( 2)  0.756 +-  0.431
 113 Q   0.03180 0.93919 0.02901 ( 2)  1.045 +-  0.455
 114 I   0.30787 0.68960 0.00252 ( 2)  0.728 +-  0.440
 115 L   0.71562 0.28178 0.00260 ( 1)  0.347 +-  0.447
 116 L   0.76611 0.23295 0.00094 ( 1)  0.296 +-  0.404
 117 L   0.69134 0.30518 0.00348 ( 1)  0.372 +-  0.466
 118 P   0.77986 0.21957 0.00056 ( 1)  0.282 +-  0.391
 119 Y   0.03072 0.92624 0.04303 ( 2)  1.084 +-  0.555
 120 F   0.04662 0.93901 0.01437 ( 2)  0.995 +-  0.352
 121 C   0.00000 0.06104 0.93895 ( 3)  3.711 +-  0.892
 122 A   0.02714 0.93350 0.03936 ( 2)  1.076 +-  0.520
 123 S   0.00551 0.92033 0.07417 ( 2)  1.185 +-  0.686
 124 C   0.03895 0.93580 0.02525 ( 2)  1.030 +-  0.438
 125 K   0.47309 0.52646 0.00045 ( 2)  0.570 +-  0.460
 126 C   0.00011 0.29866 0.70123 ( 3)  2.994 +-  1.384
 127 Q   0.21412 0.77604 0.00985 ( 2)  0.832 +-  0.457
 128 L   0.76611 0.23295 0.00094 ( 1)  0.296 +-  0.404
 129 L   0.76611 0.23295 0.00094 ( 1)  0.296 +-  0.404
 130 L   0.71057 0.28719 0.00224 ( 1)  0.350 +-  0.445
 131 L   0.76611 0.23295 0.00094 ( 1)  0.296 +-  0.404
 132 R   0.66966 0.32715 0.00319 ( 1)  0.391 +-  0.468
 133 D   0.91778 0.08218 0.00004 ( 1)  0.153 +-  0.259
 134 A   0.01013 0.91437 0.07550 ( 2)  1.185 +-  0.699
 135 V   0.87626 0.12362 0.00012 ( 1)  0.192 +-  0.309
 136 Q   0.20431 0.78764 0.00804 ( 2)  0.836 +-  0.434
 137 Y   0.85488 0.14494 0.00018 ( 1)  0.211 +-  0.331
 138 E   0.32985 0.66779 0.00235 ( 2)  0.707 +-  0.447
 139 E   0.00004 0.33114 0.66882 ( 3)  2.894 +-  1.409
 140 Q   0.00094 0.81230 0.18676 ( 2)  1.493 +-  1.054
 141 W   0.57302 0.41545 0.01153 ( 1)  0.502 +-  0.564
 142 F   0.00008 0.38976 0.61016 ( 3)  2.710 +-  1.431
 143 P   0.00000 0.06845 0.93155 ( 3)  3.685 +-  0.918
 144 F   0.00024 0.48002 0.51974 ( 3)  2.448 +-  1.445
 145 L   0.01674 0.87401 0.10925 ( 2)  1.271 +-  0.844
 146 S   0.00127 0.63831 0.36042 ( 2)  1.981 +-  1.345
 147 A   0.00124 0.61483 0.38393 ( 2)  2.056 +-  1.379
 148 E   0.02429 0.91028 0.06544 ( 2)  1.148 +-  0.669
 149 N   0.01073 0.96513 0.02414 ( 2)  1.051 +-  0.396
 150 V   0.03546 0.93435 0.03019 ( 2)  1.046 +-  0.473
 151 R   0.03487 0.94169 0.02345 ( 2)  1.028 +-  0.416
 152 S   0.58938 0.40057 0.01005 ( 1)  0.483 +-  0.550
 153 E   0.30970 0.68720 0.00310 ( 2)  0.727 +-  0.446
 154 L   0.67729 0.31853 0.00418 ( 1)  0.386 +-  0.478
 155 I   0.85040 0.14935 0.00025 ( 1)  0.216 +-  0.336
 156 S   0.66424 0.33159 0.00417 ( 1)  0.398 +-  0.481
 157 P   0.71807 0.28029 0.00164 ( 1)  0.342 +-  0.435
 158 N   0.34512 0.52936 0.12551 ( 2)  1.032 +-  1.141
 159 S   0.39149 0.52332 0.08519 ( 2)  0.874 +-  0.992
 160 G   0.38380 0.52487 0.09133 ( 2)  0.899 +-  1.017
 161 C   0.38025 0.52579 0.09396 ( 2)  0.909 +-  1.027
 162 D   0.41274 0.51320 0.07406 ( 2)  0.824 +-  0.947
 163 F   0.40278 0.51787 0.07935 ( 2)  0.848 +-  0.969
 164 T   0.01703 0.89376 0.08921 ( 2)  1.217 +-  0.767
 165 G   0.00014 0.65390 0.34595 ( 2)  1.934 +-  1.318
 166 D   0.93538 0.06460 0.00002 ( 1)  0.137 +-  0.232
 167 Y   0.22499 0.76746 0.00755 ( 2)  0.816 +-  0.443
 168 Y   0.00031 0.55217 0.44752 ( 2)  2.236 +-  1.418
 169 E   0.01929 0.89114 0.08957 ( 2)  1.217 +-  0.772
 170 R   0.04051 0.80370 0.15579 ( 2)  1.381 +-  1.019
 171 L   0.17483 0.80903 0.01614 ( 2)  0.884 +-  0.483
 172 K   0.88312 0.11678 0.00010 ( 1)  0.185 +-  0.302
 173 C   0.00062 0.74890 0.25047 ( 2)  1.673 +-  1.192
 174 K   0.00614 0.92495 0.06892 ( 2)  1.171 +-  0.664
 175 I   0.00159 0.71941 0.27899 ( 2)  1.754 +-  1.246
 176 A   0.04383 0.94229 0.01389 ( 2)  0.996 +-  0.343
 177 E   0.00084 0.48265 0.51650 ( 3)  2.445 +-  1.453
 178 Y   0.29781 0.69955 0.00264 ( 2)  0.737 +-  0.437
 179 T   0.00086 0.44003 0.55911 ( 3)  2.582 +-  1.467
 180 D   0.01275 0.96670 0.02055 ( 2)  1.040 +-  0.373
 181 Y   0.04361 0.94318 0.01321 ( 2)  0.994 +-  0.335
 182 C   0.82873 0.17104 0.00022 ( 1)  0.236 +-  0.353
 183 E   0.00000 0.10950 0.89050 ( 3)  3.563 +-  1.052
 184 Y   0.00000 0.00275 0.99725 ( 3)  3.878 +-  0.601
 185 W   0.57302 0.41545 0.01153 ( 1)  0.502 +-  0.564
 186 Y   0.85488 0.14494 0.00018 ( 1)  0.211 +-  0.331
 187 Q   0.01207 0.80439 0.18354 ( 2)  1.481 +-  1.067
 188 A   0.00007 0.22663 0.77330 ( 3)  3.211 +-  1.298
 189 G   0.84435 0.15548 0.00016 ( 1)  0.221 +-  0.340
 190 L   0.76611 0.23295 0.00094 ( 1)  0.296 +-  0.404
 191 N   0.07803 0.91803 0.00394 ( 2)  0.942 +-  0.280
 192 Q   0.62058 0.37276 0.00667 ( 1)  0.445 +-  0.514
 193 I   0.90440 0.09555 0.00005 ( 1)  0.165 +-  0.276
 194 K   0.04814 0.93715 0.01471 ( 2)  0.995 +-  0.358
 195 Q   0.00142 0.60715 0.39143 ( 2)  2.078 +-  1.387
 196 A   0.00000 0.01679 0.98321 ( 3)  3.839 +-  0.686
 197 G   0.72755 0.27081 0.00164 ( 1)  0.333 +-  0.431
 198 T   0.04362 0.94165 0.01473 ( 2)  0.998 +-  0.351
 199 G   0.00701 0.95354 0.03945 ( 2)  1.092 +-  0.497
 200 A   0.00582 0.92306 0.07111 ( 2)  1.177 +-  0.673
 201 D   0.00043 0.51193 0.48763 ( 2)  2.368 +-  1.455
 202 T   0.00008 0.48332 0.51660 ( 3)  2.439 +-  1.445
 203 W   0.57302 0.41545 0.01153 ( 1)  0.502 +-  0.564
 204 A   0.00000 0.05641 0.94359 ( 3)  3.724 +-  0.874
 205 K   0.88312 0.11678 0.00010 ( 1)  0.185 +-  0.302
 206 F   0.91121 0.08875 0.00004 ( 1)  0.159 +-  0.267
 207 N   0.93238 0.06760 0.00002 ( 1)  0.139 +-  0.237
 208 K   0.88312 0.11678 0.00010 ( 1)  0.185 +-  0.302
 209 F   0.90262 0.09732 0.00006 ( 1)  0.167 +-  0.279
 210 R   0.73197 0.26679 0.00123 ( 1)  0.328 +-  0.424
 211 R   0.81494 0.18470 0.00036 ( 1)  0.249 +-  0.366
 212 E   0.88725 0.11266 0.00009 ( 1)  0.181 +-  0.297
 213 M   0.86745 0.13246 0.00009 ( 1)  0.200 +-  0.318
 214 T   0.64741 0.34800 0.00458 ( 1)  0.415 +-  0.489
 215 L   0.66013 0.33588 0.00400 ( 1)  0.402 +-  0.480
 216 T   0.01275 0.81296 0.17429 ( 2)  1.455 +-  1.046
 217 V   0.87261 0.12726 0.00013 ( 1)  0.195 +-  0.313
 218 L   0.65613 0.33976 0.00411 ( 1)  0.406 +-  0.482
 219 D   0.93538 0.06460 0.00002 ( 1)  0.137 +-  0.232
 220 I   0.33504 0.66298 0.00197 ( 2)  0.701 +-  0.445
 221 I   0.65263 0.34012 0.00725 ( 1)  0.417 +-  0.516
 222 A   0.29059 0.70665 0.00276 ( 2)  0.744 +-  0.435
 223 I   0.35358 0.64409 0.00233 ( 2)  0.685 +-  0.455
 224 F   0.91121 0.08875 0.00004 ( 1)  0.159 +-  0.267
 225 Q   0.20128 0.79058 0.00814 ( 2)  0.839 +-  0.433
 226 T   0.29136 0.70609 0.00255 ( 2)  0.743 +-  0.433

Positively selected sites

	Prob(w>1)  mean w

     3 G      0.550         2.530 +- 1.440
    13 G      0.958*        3.764 +- 0.810
    47 A      0.514         2.445 +- 1.461
    60 R      0.904         3.604 +- 1.009
    61 E      0.729         3.069 +- 1.348
    65 P      0.995**       3.873 +- 0.614
    68 E      0.755         3.156 +- 1.324
    69 A      0.843         3.415 +- 1.165
    72 K      0.837         3.397 +- 1.181
    79 K      0.587         2.677 +- 1.479
    83 S      0.998**       3.879 +- 0.598
    84 D      0.901         3.594 +- 1.019
    86 G      0.999**       3.884 +- 0.588
    90 K      0.981*        3.831 +- 0.701
    94 L      0.998**       3.879 +- 0.598
   104 G      0.564         2.569 +- 1.436
   110 N      0.915         3.637 +- 0.976
   121 C      0.939         3.711 +- 0.892
   126 C      0.701         2.994 +- 1.384
   139 E      0.669         2.894 +- 1.409
   142 F      0.610         2.710 +- 1.431
   143 P      0.932         3.685 +- 0.918
   144 F      0.520         2.448 +- 1.445
   177 E      0.517         2.445 +- 1.453
   179 T      0.559         2.582 +- 1.467
   183 E      0.890         3.563 +- 1.052
   184 Y      0.997**       3.878 +- 0.601
   188 A      0.773         3.211 +- 1.298
   196 A      0.983*        3.839 +- 0.686
   202 T      0.517         2.439 +- 1.445
   204 A      0.944         3.724 +- 0.874

