Supplemental results for CODEML (seqf: algn  treef: tree)


dN/dS (w) for site classes (K=2)

p:   0.60278  0.39722
w:   0.15876  1.00000

Naive Empirical Bayes (NEB) probabilities for 2 classes & postmean_w
(amino acids refer to 1st sequence: BT_Cry18Aa1)

   1 -   0.99963 0.00037 ( 1)  0.159
   2 L   0.99985 0.00015 ( 1)  0.159
   3 Y   0.00019 0.99981 ( 2)  1.000
   4 V   0.99822 0.00178 ( 1)  0.160
   5 S   0.99370 0.00630 ( 1)  0.164
   6 T   0.99264 0.00736 ( 1)  0.165
   7 S   0.99166 0.00834 ( 1)  0.166
   8 A   0.99997 0.00003 ( 1)  0.159
   9 N   0.99999 0.00001 ( 1)  0.159
  10 L   0.99944 0.00056 ( 1)  0.159
  11 Y   0.99907 0.00093 ( 1)  0.160
  12 N   0.99754 0.00246 ( 1)  0.161
  13 I   0.69970 0.30030 ( 1)  0.411
  14 G   0.99991 0.00009 ( 1)  0.159
  15 D   0.98739 0.01261 ( 1)  0.169
  16 N   0.99432 0.00568 ( 1)  0.164
  17 K   0.05307 0.94693 ( 2)  0.955
  18 V   0.00084 0.99916 ( 2)  0.999
  19 N   0.41488 0.58512 ( 2)  0.651
  20 E   0.18491 0.81509 ( 2)  0.844
  21 G   0.97005 0.02995 ( 1)  0.184
  22 A   0.23469 0.76531 ( 2)  0.803
  23 Y   0.99996 0.00004 ( 1)  0.159
  24 P   0.98695 0.01305 ( 1)  0.170
  25 I   0.94710 0.05290 ( 1)  0.203
  26 S   0.70090 0.29910 ( 1)  0.410
  27 Y   0.27071 0.72929 ( 2)  0.772
  28 G   0.94971 0.05029 ( 1)  0.201
  29 P   0.99541 0.00459 ( 1)  0.163
  30 F   0.99998 0.00002 ( 1)  0.159
  31 F   0.99914 0.00086 ( 1)  0.159
  32 N   0.92900 0.07100 ( 1)  0.218
  33 S   0.99944 0.00056 ( 1)  0.159
  34 Y   0.99965 0.00035 ( 1)  0.159
  35 I   0.99589 0.00411 ( 1)  0.162
  36 Q   0.99903 0.00097 ( 1)  0.160
  37 T   0.99892 0.00108 ( 1)  0.160
  38 K   0.99997 0.00003 ( 1)  0.159
  39 S   0.84966 0.15034 ( 1)  0.285
  40 N   0.99999 0.00001 ( 1)  0.159
  41 Y   0.99998 0.00002 ( 1)  0.159
  42 V   0.85285 0.14715 ( 1)  0.283
  43 L   0.92700 0.07300 ( 1)  0.220
  44 S   0.51360 0.48640 ( 1)  0.568
  45 G   0.98938 0.01062 ( 1)  0.168
  46 V   0.09028 0.90972 ( 2)  0.924
  47 S   0.90038 0.09962 ( 1)  0.243
  48 G   0.99989 0.00011 ( 1)  0.159
  49 I   0.00066 0.99934 ( 2)  0.999
  50 G   0.48977 0.51023 ( 2)  0.588
  51 A   0.00000 1.00000 ( 2)  1.000
  52 R   0.00238 0.99762 ( 2)  0.998
  53 F   0.00000 1.00000 ( 2)  1.000
  54 T   0.00157 0.99843 ( 2)  0.999
  55 Y   0.97778 0.02222 ( 1)  0.177
  56 -   0.98816 0.01184 ( 1)  0.169
  57 -   0.08463 0.91537 ( 2)  0.929
  58 -   0.01183 0.98817 ( 2)  0.990
  59 S   0.13450 0.86550 ( 2)  0.887
  60 T   0.05614 0.94386 ( 2)  0.953
  61 V   0.24433 0.75567 ( 2)  0.794
  62 -   0.60278 0.39722 ( 1)  0.493
  63 -   0.60278 0.39722 ( 1)  0.493
  64 L   0.65504 0.34496 ( 1)  0.449
  65 G   0.99947 0.00053 ( 1)  0.159
  66 R   0.00000 1.00000 ( 2)  1.000
  67 Y   0.37378 0.62622 ( 2)  0.686
  68 L   0.86686 0.13314 ( 1)  0.271
  69 H   0.09849 0.90151 ( 2)  0.917
  70 D   0.21567 0.78433 ( 2)  0.819
  71 D   0.00018 0.99982 ( 2)  1.000
  72 L   0.97130 0.02870 ( 1)  0.183
  73 K   0.23492 0.76508 ( 2)  0.802
  74 N   0.00143 0.99857 ( 2)  0.999
  75 I   0.66505 0.33495 ( 1)  0.441
  76 I   0.49365 0.50635 ( 2)  0.585
  77 T   0.46692 0.53308 ( 2)  0.607
  78 T   0.99961 0.00039 ( 1)  0.159
  79 Y   0.99995 0.00005 ( 1)  0.159
  80 V   0.02534 0.97466 ( 2)  0.979
  81 G   0.99965 0.00035 ( 1)  0.159
  82 G   0.99089 0.00911 ( 1)  0.166
  83 T   0.53647 0.46353 ( 1)  0.549
  84 Q   0.10653 0.89347 ( 2)  0.910
  85 G   0.99858 0.00142 ( 1)  0.160
  86 P   0.98980 0.01020 ( 1)  0.167
  87 N   0.00000 1.00000 ( 2)  1.000
  88 I   0.99881 0.00119 ( 1)  0.160
  89 G   0.98361 0.01639 ( 1)  0.173
  90 V   0.00000 1.00000 ( 2)  1.000
  91 Q   0.50206 0.49794 ( 1)  0.578
  92 L   0.97157 0.02843 ( 1)  0.183
  93 S   0.88358 0.11642 ( 1)  0.257
  94 T   0.83130 0.16870 ( 1)  0.301
  95 T   0.76329 0.23671 ( 1)  0.358
  96 E   0.83789 0.16211 ( 1)  0.295
  97 L   0.70144 0.29856 ( 1)  0.410
  98 D   0.90383 0.09617 ( 1)  0.240
  99 E   0.10342 0.89658 ( 2)  0.913
 100 L   0.30598 0.69402 ( 2)  0.743
 101 K   0.60278 0.39722 ( 1)  0.493
 102 K   0.08936 0.91064 ( 2)  0.925
 103 Q   0.35960 0.64040 ( 2)  0.697
 104 Q   0.78127 0.21873 ( 1)  0.343
 105 Q   0.78127 0.21873 ( 1)  0.343
 106 A   0.89424 0.10576 ( 1)  0.248
 107 T   0.28172 0.71828 ( 2)  0.763
 108 R   0.07444 0.92556 ( 2)  0.937
 109 D   0.53071 0.46929 ( 1)  0.554
 110 S   0.01569 0.98431 ( 2)  0.987
 111 L   0.21160 0.78840 ( 2)  0.822
 112 V   0.00001 0.99999 ( 2)  1.000
 113 D   0.00064 0.99936 ( 2)  0.999
 114 F   0.00413 0.99587 ( 2)  0.997
 115 Q   0.00709 0.99291 ( 2)  0.994
 116 F   0.00050 0.99950 ( 2)  1.000
 117 F   0.82316 0.17684 ( 1)  0.308
 118 T   0.99249 0.00751 ( 1)  0.165
 119 L   0.57685 0.42315 ( 1)  0.515
 120 N   0.12494 0.87506 ( 2)  0.895
 121 C   0.02680 0.97320 ( 2)  0.977
 122 M   0.09073 0.90927 ( 2)  0.924
 123 L   0.00226 0.99774 ( 2)  0.998
 124 P   0.00185 0.99815 ( 2)  0.998
 125 N   0.83811 0.16189 ( 1)  0.295
 126 P   0.99911 0.00089 ( 1)  0.160
 127 I   0.71923 0.28077 ( 1)  0.395
 128 T   0.00006 0.99994 ( 2)  1.000
 129 A   0.91002 0.08998 ( 1)  0.234
 130 P   0.99318 0.00682 ( 1)  0.164
 131 Y   0.99954 0.00046 ( 1)  0.159
 132 F   0.98534 0.01466 ( 1)  0.171
 133 A   0.99725 0.00275 ( 1)  0.161
 134 T   0.99428 0.00572 ( 1)  0.164
 135 S   0.19355 0.80645 ( 2)  0.837
 136 L   0.96951 0.03049 ( 1)  0.184
 137 Y   0.99012 0.00988 ( 1)  0.167
 138 E   0.96464 0.03536 ( 1)  0.189
 139 S   0.62438 0.37562 ( 1)  0.475
 140 R   0.00007 0.99993 ( 2)  1.000
 141 -   0.99736 0.00264 ( 1)  0.161
 142 -   0.28485 0.71515 ( 2)  0.760
 143 -   0.15773 0.84227 ( 2)  0.867
 144 Y   0.01047 0.98953 ( 2)  0.991
 145 S   0.02878 0.97122 ( 2)  0.976
 146 S   0.00260 0.99740 ( 2)  0.998
 147 I   0.00492 0.99508 ( 2)  0.996
 148 G   0.00000 1.00000 ( 2)  1.000
 149 G   0.03344 0.96656 ( 2)  0.972
 150 Y   0.99174 0.00826 ( 1)  0.166
 151 L   0.20279 0.79721 ( 2)  0.829
 152 R   0.00453 0.99547 ( 2)  0.996
 153 K   0.79190 0.20810 ( 1)  0.334
 154 D   0.84475 0.15525 ( 1)  0.289
 155 V   0.00278 0.99722 ( 2)  0.998
 156 F   0.99999 0.00001 ( 1)  0.159
 157 K   0.00010 0.99990 ( 2)  1.000
 158 S   0.86560 0.13440 ( 1)  0.272
 159 E   0.97271 0.02729 ( 1)  0.182
 160 D   0.01285 0.98715 ( 2)  0.989
 161 S   0.80242 0.19758 ( 1)  0.325
 162 T   0.22380 0.77620 ( 2)  0.812
 163 C   0.11330 0.88670 ( 2)  0.905
 164 G   0.08538 0.91462 ( 2)  0.928
 165 L   0.96431 0.03569 ( 1)  0.189
 166 G   0.85678 0.14322 ( 1)  0.279
 167 -   0.85025 0.14975 ( 1)  0.285
 168 -   0.49599 0.50401 ( 2)  0.583
 169 -   0.60278 0.39722 ( 1)  0.493
 170 -   0.60278 0.39722 ( 1)  0.493
 171 -   0.60278 0.39722 ( 1)  0.493
 172 -   0.60278 0.39722 ( 1)  0.493
 173 -   0.98833 0.01167 ( 1)  0.169
 174 -   0.00028 0.99972 ( 2)  1.000
 175 N   0.05589 0.94411 ( 2)  0.953
 176 P   0.31902 0.68098 ( 2)  0.732
 177 G   0.80853 0.19147 ( 1)  0.320
 178 A   0.95067 0.04933 ( 1)  0.200
 179 W   0.02480 0.97520 ( 2)  0.979
 180 T   0.99568 0.00432 ( 1)  0.162
 181 S   0.99263 0.00737 ( 1)  0.165
 182 Y   0.23679 0.76321 ( 2)  0.801
 183 P   0.99799 0.00201 ( 1)  0.160
 184 D   0.99996 0.00004 ( 1)  0.159
 185 Y   0.99998 0.00002 ( 1)  0.159
 186 Y   0.99989 0.00011 ( 1)  0.159
 187 I   0.99955 0.00045 ( 1)  0.159
 188 T   0.98934 0.01066 ( 1)  0.168
 189 N   0.99999 0.00001 ( 1)  0.159
 190 I   0.99999 0.00001 ( 1)  0.159
 191 S   0.99996 0.00004 ( 1)  0.159
 192 A   0.99345 0.00655 ( 1)  0.164
 193 T   0.99844 0.00156 ( 1)  0.160
 194 V   0.76138 0.23862 ( 1)  0.359
 195 Q   0.14037 0.85963 ( 2)  0.882
 196 I   0.00312 0.99688 ( 2)  0.997
 197 N   0.06409 0.93591 ( 2)  0.946
 198 G   0.72521 0.27479 ( 1)  0.390
 199 E   0.14385 0.85615 ( 2)  0.879
 200 N   0.72522 0.27478 ( 1)  0.390
 201 T   0.99333 0.00667 ( 1)  0.164
 202 D   0.98087 0.01913 ( 1)  0.175
 203 T   0.00250 0.99750 ( 2)  0.998
 204 T   0.94729 0.05271 ( 1)  0.203
 205 P   0.99311 0.00689 ( 1)  0.165
 206 L   0.99912 0.00088 ( 1)  0.160
 207 Y   0.10194 0.89806 ( 2)  0.914
 208 F   0.99866 0.00134 ( 1)  0.160
 209 K   0.90065 0.09935 ( 1)  0.242
 210 E   0.96983 0.03017 ( 1)  0.184
 211 N   0.67297 0.32703 ( 1)  0.434
 212 R   0.99989 0.00011 ( 1)  0.159
 213 P   0.94383 0.05617 ( 1)  0.206
 214 I   0.99815 0.00185 ( 1)  0.160
 215 T   0.03082 0.96918 ( 2)  0.974
 216 S   0.01326 0.98674 ( 2)  0.989
 217 T   0.99400 0.00600 ( 1)  0.164
 218 R   0.00100 0.99900 ( 2)  0.999
 219 -   0.60278 0.39722 ( 1)  0.493
 220 -   0.60278 0.39722 ( 1)  0.493
 221 -   0.60278 0.39722 ( 1)  0.493
 222 -   0.70691 0.29309 ( 1)  0.405
 223 -   0.97263 0.02737 ( 1)  0.182
 224 -   0.47768 0.52232 ( 2)  0.598
 225 -   0.51034 0.48966 ( 1)  0.571
 226 -   0.22783 0.77217 ( 2)  0.808
 227 G   0.00144 0.99856 ( 2)  0.999
 228 V   0.88657 0.11343 ( 1)  0.254
 229 N   0.98335 0.01665 ( 1)  0.173
 230 K   0.36127 0.63873 ( 2)  0.696
 231 V   0.04148 0.95852 ( 2)  0.965
 232 I   0.99792 0.00208 ( 1)  0.161
 233 A   0.98857 0.01143 ( 1)  0.168
 234 -   0.91529 0.08471 ( 1)  0.230
 235 -   0.99928 0.00072 ( 1)  0.159
 236 -   0.99888 0.00112 ( 1)  0.160
 237 -   0.98286 0.01714 ( 1)  0.173


lnL = -5784.819406

