Supplemental results for CODEML (seqf: algn  treef: tree)


dN/dS (w) for site classes (K=8)

p:   0.12500  0.12500  0.12500  0.12500  0.12500  0.12500  0.12500  0.12500
w:   0.00074  0.01080  0.03774  0.08692  0.16441  0.27898  0.44685  0.71388

Naive Empirical Bayes (NEB) probabilities for 8 classes & postmean_w
(amino acids refer to 1st sequence: BT_Cry9Ba1)

   1 -   0.21347 0.20533 0.18508 0.15322 0.11401 0.07400 0.03971 0.01519 ( 1)  0.091
   2 -   0.27302 0.25281 0.20589 0.14193 0.07958 0.03444 0.01053 0.00179 ( 1)  0.052
   3 -   0.00001 0.00158 0.01671 0.06802 0.16144 0.25712 0.28602 0.20910 ( 7)  0.382
   4 -   0.00214 0.02957 0.09062 0.16493 0.21739 0.22096 0.17457 0.09981 ( 6)  0.265
   5 I   0.00001 0.00276 0.02779 0.10417 0.21724 0.28661 0.24354 0.11788 ( 6)  0.319
   6 L   0.00001 0.00178 0.01848 0.07360 0.16943 0.26013 0.27869 0.19789 ( 7)  0.373
   7 T   0.00003 0.00533 0.05003 0.16523 0.28366 0.28382 0.16504 0.04686 ( 6)  0.249
   8 G   0.00000 0.00000 0.00047 0.00889 0.06133 0.20663 0.37589 0.34679 ( 7)  0.484
   9 F   0.00000 0.00093 0.01040 0.04650 0.12536 0.23320 0.30955 0.27405 ( 7)  0.424
  10 L   0.00002 0.00452 0.04331 0.14835 0.26905 0.29015 0.18561 0.05899 ( 6)  0.265
  11 S   0.00212 0.02925 0.08989 0.16437 0.21799 0.22280 0.17578 0.09780 ( 6)  0.264
  12 T   0.00000 0.00020 0.00655 0.05126 0.17352 0.31106 0.30877 0.14864 ( 6)  0.364
  13 L   0.26575 0.24730 0.20414 0.14429 0.08425 0.03878 0.01297 0.00252 ( 1)  0.055
  14 F   0.00397 0.05331 0.15141 0.23971 0.25319 0.18493 0.08972 0.02375 ( 5)  0.177
  15 G   0.00004 0.00706 0.06404 0.19852 0.30882 0.26790 0.12713 0.02648 ( 5)  0.221
  16 F   0.00000 0.00000 0.00002 0.00061 0.00757 0.05342 0.23839 0.69999 ( 8)  0.622
  17 L   0.22397 0.21338 0.18781 0.14985 0.10689 0.06720 0.03612 0.01478 ( 1)  0.086
  18 W   0.20532 0.19841 0.18102 0.15316 0.11778 0.08000 0.04555 0.01875 ( 1)  0.098
  19 P   0.27698 0.25583 0.20692 0.14073 0.07708 0.03204 0.00910 0.00132 ( 1)  0.050
  20 S   0.00000 0.00013 0.00459 0.03805 0.14056 0.28451 0.33219 0.19998 ( 7)  0.397
  21 N   0.00733 0.09404 0.23645 0.30080 0.22749 0.10395 0.02689 0.00306 ( 4)  0.117
  22 D   0.00005 0.00913 0.07957 0.22995 0.32217 0.24318 0.09810 0.01786 ( 5)  0.200
  23 Q   0.00004 0.00772 0.06914 0.20957 0.31493 0.26022 0.11592 0.02247 ( 5)  0.213
  24 A   0.00558 0.07323 0.19583 0.27800 0.24797 0.14208 0.04922 0.00809 ( 4)  0.141
  25 V   0.31491 0.28147 0.20877 0.12184 0.05316 0.01632 0.00320 0.00031 ( 1)  0.037
  26 W   0.20532 0.19841 0.18102 0.15316 0.11778 0.08000 0.04555 0.01875 ( 1)  0.098
  27 E   0.00715 0.09179 0.23191 0.29792 0.22937 0.10827 0.02976 0.00384 ( 4)  0.120
  28 A   0.30080 0.27245 0.20922 0.12969 0.06169 0.02107 0.00461 0.00048 ( 1)  0.041
  29 F   0.31560 0.28218 0.20932 0.12182 0.05252 0.01555 0.00279 0.00022 ( 1)  0.036
  30 I   0.00601 0.07846 0.20710 0.28677 0.24522 0.13102 0.04024 0.00519 ( 4)  0.132
  31 E   0.00000 0.00000 0.00051 0.00939 0.06300 0.20627 0.36896 0.35187 ( 7)  0.485
  32 Q   0.00293 0.04033 0.12164 0.21220 0.25424 0.21389 0.11934 0.03544 ( 5)  0.204
  33 M   0.00000 0.00001 0.00151 0.02436 0.13128 0.31283 0.35663 0.17337 ( 7)  0.394
  34 E   0.32813 0.28962 0.20777 0.11427 0.04559 0.01238 0.00208 0.00017 ( 1)  0.033
  35 E   0.00473 0.06267 0.17228 0.25766 0.25062 0.16465 0.07072 0.01666 ( 4)  0.160
  36 L   0.00383 0.05154 0.14730 0.23577 0.25309 0.18885 0.09402 0.02560 ( 5)  0.181
  37 I   0.28754 0.26306 0.20759 0.13548 0.07021 0.02749 0.00750 0.00114 ( 1)  0.046
  38 E   0.00000 0.00014 0.00543 0.04875 0.18220 0.33372 0.30661 0.12314 ( 6)  0.352
  39 Q   0.28295 0.26010 0.20774 0.13816 0.07317 0.02905 0.00778 0.00105 ( 1)  0.047
  40 R   0.00002 0.00439 0.04225 0.14559 0.26644 0.29097 0.18912 0.06122 ( 6)  0.267
  41 I   0.31867 0.28388 0.20869 0.11981 0.05092 0.01501 0.00277 0.00025 ( 1)  0.036
  42 S   0.22616 0.21592 0.19081 0.15251 0.10762 0.06489 0.03156 0.01053 ( 1)  0.080
  43 D   0.00000 0.00023 0.00743 0.05603 0.18069 0.30796 0.29683 0.15082 ( 6)  0.361
  44 Q   0.00002 0.00434 0.04178 0.14405 0.26402 0.28968 0.19107 0.06504 ( 6)  0.270
  45 V   0.31582 0.28204 0.20872 0.12133 0.05263 0.01603 0.00312 0.00030 ( 1)  0.036
  46 V   0.00003 0.00575 0.05334 0.17249 0.28752 0.27808 0.15737 0.04542 ( 5)  0.245
  47 R   0.00275 0.03772 0.11299 0.19679 0.24052 0.21588 0.13874 0.05461 ( 5)  0.223
  48 T   0.00000 0.00000 0.00020 0.00427 0.03447 0.14442 0.34859 0.46805 ( 8)  0.536
  49 A   0.30912 0.27793 0.20929 0.12528 0.05652 0.01795 0.00358 0.00033 ( 1)  0.038
  50 L   0.00000 0.00013 0.00175 0.01108 0.04597 0.13820 0.30776 0.49512 ( 8)  0.538
  51 D   0.33999 0.29667 0.20638 0.10724 0.03909 0.00927 0.00127 0.00008 ( 1)  0.030
  52 D   0.00000 0.00000 0.00000 0.00017 0.00416 0.04267 0.22687 0.72613 ( 8)  0.632
  53 L   0.26145 0.24399 0.20295 0.14550 0.08691 0.04143 0.01464 0.00313 ( 1)  0.058
  54 T   0.28103 0.25866 0.20730 0.13881 0.07442 0.03018 0.00839 0.00122 ( 1)  0.048
  55 G   0.30061 0.27234 0.20924 0.12981 0.06180 0.02112 0.00461 0.00047 ( 1)  0.041
  56 I   0.00000 0.00013 0.00441 0.03604 0.13142 0.26708 0.32794 0.23298 ( 7)  0.412
  57 Q   0.00001 0.00198 0.02064 0.08191 0.18611 0.27617 0.27315 0.16003 ( 6)  0.352
  58 N   0.00000 0.00002 0.00186 0.02855 0.14389 0.31809 0.34125 0.16634 ( 7)  0.386
  59 Y   0.00612 0.07964 0.20856 0.28548 0.24173 0.12984 0.04203 0.00660 ( 4)  0.133
  60 Y   0.28355 0.26025 0.20712 0.13723 0.07275 0.02940 0.00836 0.00134 ( 1)  0.048
  61 N   0.00000 0.00000 0.00001 0.00050 0.00986 0.07789 0.30231 0.60944 ( 8)  0.594
  62 Q   0.00001 0.00187 0.01973 0.08003 0.18554 0.27809 0.27424 0.16051 ( 6)  0.353
  63 Y   0.29161 0.26604 0.20831 0.13389 0.06758 0.02532 0.00641 0.00085 ( 1)  0.044
  64 L   0.00441 0.05871 0.16326 0.24928 0.25043 0.17261 0.07983 0.02147 ( 5)  0.169
  65 I   0.00000 0.00000 0.00005 0.00204 0.02439 0.12662 0.34111 0.50579 ( 8)  0.553
  66 A   0.31099 0.27916 0.20931 0.12428 0.05537 0.01725 0.00334 0.00029 ( 1)  0.038
  67 L   0.00277 0.03796 0.11354 0.19725 0.24030 0.21503 0.13818 0.05496 ( 5)  0.222
  68 K   0.00002 0.00348 0.03415 0.12257 0.23964 0.28962 0.21951 0.09102 ( 6)  0.295
  69 E   0.27516 0.25420 0.20587 0.14073 0.07822 0.03369 0.01034 0.00178 ( 1)  0.051
  70 W   0.20532 0.19841 0.18102 0.15316 0.11778 0.08000 0.04555 0.01875 ( 1)  0.098
  71 E   0.00001 0.00101 0.01101 0.04767 0.12427 0.22631 0.30273 0.28699 ( 7)  0.428
  72 E   0.00000 0.00041 0.01283 0.08800 0.24466 0.33609 0.23924 0.07877 ( 6)  0.305
  73 R   0.00002 0.00443 0.04257 0.14636 0.26701 0.29058 0.18828 0.06075 ( 6)  0.267
  74 P   0.24877 0.23422 0.19946 0.14911 0.09489 0.04933 0.01947 0.00474 ( 1)  0.065
  75 N   0.00409 0.05469 0.15418 0.24130 0.25159 0.18200 0.08834 0.02382 ( 5)  0.176
  76 G   0.00000 0.00101 0.01096 0.04731 0.12305 0.22428 0.30215 0.29124 ( 7)  0.430
  77 V   0.00590 0.07712 0.20378 0.28319 0.24474 0.13438 0.04411 0.00677 ( 4)  0.135
  78 R   0.29095 0.26573 0.20862 0.13454 0.06799 0.02527 0.00618 0.00073 ( 1)  0.044
  79 A   0.00003 0.00487 0.04609 0.15454 0.27226 0.28460 0.17864 0.05897 ( 6)  0.261
  80 N   0.00000 0.00000 0.00020 0.00419 0.03280 0.13446 0.33053 0.49781 ( 8)  0.546
  81 L   0.26119 0.24378 0.20285 0.14553 0.08706 0.04161 0.01478 0.00320 ( 1)  0.058
  82 V   0.00000 0.00012 0.00416 0.03476 0.13004 0.26917 0.33088 0.23087 ( 7)  0.412
  83 L   0.00000 0.00000 0.00041 0.00788 0.05546 0.19281 0.36909 0.37433 ( 8)  0.496
  84 Q   0.00001 0.00175 0.01834 0.07367 0.17139 0.26513 0.28174 0.18796 ( 7)  0.369
  85 R   0.27682 0.25552 0.20641 0.14030 0.07712 0.03256 0.00967 0.00159 ( 1)  0.050
  86 F   0.31560 0.28218 0.20932 0.12182 0.05252 0.01555 0.00279 0.00022 ( 1)  0.036
  87 E   0.00000 0.00017 0.00572 0.04537 0.15729 0.29449 0.31686 0.18010 ( 7)  0.382
  88 I   0.00000 0.00000 0.00014 0.00295 0.02471 0.11113 0.30892 0.55215 ( 8)  0.568
  89 L   0.23918 0.22641 0.19564 0.15034 0.10013 0.05596 0.02483 0.00750 ( 1)  0.072
  90 H   0.00656 0.08495 0.21897 0.29144 0.23658 0.12003 0.03621 0.00525 ( 4)  0.127
  91 A   0.00000 0.00000 0.00000 0.00000 0.00024 0.00585 0.08208 0.91183 ( 8)  0.689
  92 L   0.00000 0.00000 0.00018 0.00367 0.02875 0.11939 0.30820 0.53981 ( 8)  0.561
  93 F   0.31560 0.28218 0.20932 0.12182 0.05252 0.01555 0.00279 0.00022 ( 1)  0.036
  94 V   0.00003 0.00590 0.05461 0.17606 0.29166 0.27835 0.15277 0.04063 ( 5)  0.240
  95 S   0.00000 0.00000 0.00016 0.00388 0.03508 0.15532 0.36734 0.43823 ( 8)  0.526
  96 S   0.00000 0.00000 0.00000 0.00023 0.00359 0.03081 0.18358 0.78178 ( 8)  0.649
  97 M   0.30391 0.27471 0.20972 0.12839 0.05962 0.01944 0.00388 0.00033 ( 1)  0.039
  98 P   0.28119 0.25887 0.20755 0.13896 0.07431 0.02988 0.00812 0.00111 ( 1)  0.048
  99 S   0.24399 0.23031 0.19753 0.14973 0.09760 0.05275 0.02214 0.00594 ( 1)  0.068
 100 F   0.31560 0.28218 0.20932 0.12182 0.05252 0.01555 0.00279 0.00022 ( 1)  0.036
 101 G   0.28108 0.25864 0.20718 0.13867 0.07438 0.03027 0.00850 0.00127 ( 1)  0.048
 102 S   0.00000 0.00000 0.00050 0.00936 0.06378 0.21149 0.37690 0.33797 ( 7)  0.480
 103 G   0.29270 0.26690 0.20865 0.13359 0.06685 0.02459 0.00599 0.00073 ( 1)  0.044
 104 P   0.27615 0.25525 0.20682 0.14111 0.07763 0.03244 0.00925 0.00134 ( 1)  0.050
 105 G   0.29968 0.27172 0.20922 0.13028 0.06238 0.02148 0.00475 0.00050 ( 1)  0.041
 106 S   0.30543 0.27564 0.20956 0.12745 0.05872 0.01904 0.00382 0.00033 ( 1)  0.039
 107 Q   0.00000 0.00014 0.00466 0.03835 0.14050 0.28234 0.32972 0.20430 ( 7)  0.399
 108 R   0.00002 0.00405 0.03926 0.13708 0.25658 0.29064 0.20045 0.07192 ( 6)  0.278
 109 F   0.00002 0.00299 0.02991 0.11042 0.22522 0.28837 0.23551 0.10756 ( 6)  0.310
 110 Q   0.00000 0.00006 0.00224 0.02018 0.08538 0.21266 0.33982 0.33966 ( 7)  0.470
 111 A   0.00000 0.00026 0.00850 0.06354 0.20072 0.32658 0.28481 0.11560 ( 6)  0.340
 112 Q   0.00000 0.00000 0.00029 0.00581 0.04396 0.16821 0.36210 0.41963 ( 8)  0.516
 113 L   0.24053 0.22766 0.19658 0.15071 0.09972 0.05485 0.02347 0.00649 ( 1)  0.070
 114 L   0.22776 0.21713 0.19117 0.15191 0.10646 0.06386 0.03111 0.01060 ( 1)  0.080
 115 V   0.00000 0.00000 0.00001 0.00036 0.00634 0.05268 0.24537 0.69524 ( 8)  0.622
 116 V   0.31303 0.28029 0.20888 0.12291 0.05427 0.01691 0.00338 0.00034 ( 1)  0.037
 117 Y   0.29092 0.26552 0.20817 0.13415 0.06803 0.02571 0.00661 0.00090 ( 1)  0.045
 118 A   0.00572 0.07491 0.19905 0.27958 0.24598 0.13900 0.04780 0.00796 ( 4)  0.139
 119 Q   0.28295 0.26010 0.20774 0.13816 0.07317 0.02905 0.00778 0.00105 ( 1)  0.047
 120 A   0.30632 0.27607 0.20924 0.12674 0.05826 0.01903 0.00395 0.00039 ( 1)  0.039
 121 A   0.27298 0.25261 0.20548 0.14157 0.07962 0.03485 0.01094 0.00195 ( 1)  0.052
 122 N   0.29933 0.27137 0.20895 0.13026 0.06266 0.02187 0.00500 0.00056 ( 1)  0.041
 123 L   0.24119 0.22759 0.19519 0.14846 0.09817 0.05526 0.02555 0.00860 ( 1)  0.072
 124 H   0.31689 0.28301 0.20930 0.12113 0.05173 0.01510 0.00264 0.00020 ( 1)  0.036
 125 L   0.23118 0.22010 0.19305 0.15218 0.10505 0.06130 0.02839 0.00875 ( 1)  0.076
 126 L   0.26087 0.24354 0.20277 0.14563 0.08727 0.04180 0.01489 0.00323 ( 1)  0.058
 127 L   0.26241 0.24478 0.20334 0.14537 0.08637 0.04075 0.01411 0.00288 ( 1)  0.057
 128 L   0.26241 0.24478 0.20334 0.14537 0.08637 0.04075 0.01411 0.00288 ( 1)  0.057
 129 A   0.00000 0.00014 0.00477 0.03892 0.14093 0.28050 0.32755 0.20718 ( 7)  0.399
 130 D   0.33999 0.29667 0.20638 0.10724 0.03909 0.00927 0.00127 0.00008 ( 1)  0.030
 131 A   0.30392 0.27452 0.20926 0.12803 0.05973 0.01989 0.00422 0.00042 ( 1)  0.040
 132 E   0.00674 0.08707 0.22299 0.29347 0.23436 0.11637 0.03418 0.00482 ( 4)  0.125
 133 K   0.00548 0.07162 0.19009 0.26831 0.24215 0.14740 0.06030 0.01466 ( 4)  0.150
 134 Y   0.29728 0.26999 0.20887 0.13130 0.06395 0.02270 0.00529 0.00061 ( 1)  0.042
 135 G   0.25505 0.23908 0.20126 0.14742 0.09101 0.04539 0.01696 0.00383 ( 1)  0.061
 136 A   0.00577 0.07549 0.20037 0.28078 0.24583 0.13762 0.04656 0.00759 ( 4)  0.138
 137 R   0.29978 0.27183 0.20932 0.13032 0.06231 0.02135 0.00464 0.00046 ( 1)  0.041
 138 W   0.20532 0.19841 0.18102 0.15316 0.11778 0.08000 0.04555 0.01875 ( 1)  0.098
 139 G   0.29212 0.26652 0.20867 0.13394 0.06723 0.02478 0.00602 0.00071 ( 1)  0.044
 140 L   0.23598 0.22398 0.19487 0.15143 0.10232 0.05799 0.02586 0.00757 ( 1)  0.073
 141 R   0.00000 0.00000 0.00004 0.00166 0.02091 0.11591 0.33512 0.52636 ( 8)  0.561
 142 E   0.00476 0.06322 0.17418 0.26097 0.25305 0.16340 0.06670 0.01372 ( 4)  0.157
 143 S   0.00000 0.00000 0.00001 0.00036 0.00560 0.04380 0.21165 0.73858 ( 8)  0.635
 144 Q   0.26072 0.24349 0.20291 0.14590 0.08746 0.04178 0.01469 0.00305 ( 1)  0.058
 145 I   0.31520 0.28170 0.20886 0.12175 0.05296 0.01613 0.00311 0.00029 ( 1)  0.037
 146 G   0.12500 0.12500 0.12500 0.12500 0.12500 0.12500 0.12500 0.12500 ( 6)  0.218
 147 N   0.00000 0.00009 0.00332 0.02842 0.11119 0.24775 0.33923 0.26999 ( 7)  0.434
 148 L   0.00000 0.00048 0.00648 0.03592 0.11590 0.24104 0.32926 0.27091 ( 7)  0.430
 149 Y   0.00361 0.04876 0.14049 0.22825 0.25103 0.19445 0.10259 0.03081 ( 5)  0.189
 150 F   0.00003 0.00649 0.05954 0.18836 0.30213 0.27364 0.13804 0.03177 ( 5)  0.229
 151 N   0.00000 0.00015 0.00510 0.04112 0.14627 0.28427 0.32292 0.20017 ( 7)  0.394
 152 E   0.00000 0.00005 0.00194 0.01886 0.08606 0.22488 0.35510 0.31310 ( 7)  0.461
 153 L   0.00397 0.05338 0.15174 0.24047 0.25405 0.18499 0.08872 0.02268 ( 5)  0.176
 154 Q   0.28295 0.26010 0.20774 0.13816 0.07317 0.02905 0.00778 0.00105 ( 1)  0.047
 155 T   0.00000 0.00000 0.00000 0.00020 0.00545 0.05636 0.27119 0.66680 ( 8)  0.614
 156 R   0.00000 0.00000 0.00024 0.00498 0.03855 0.15336 0.35130 0.45157 ( 8)  0.529
 157 T   0.29631 0.26944 0.20906 0.13199 0.06453 0.02287 0.00524 0.00057 ( 1)  0.042
 158 R   0.00000 0.00000 0.00008 0.00193 0.01791 0.09120 0.29123 0.59764 ( 8)  0.585
 159 D   0.00000 0.00000 0.00004 0.00186 0.02281 0.12230 0.34118 0.51181 ( 8)  0.556
 160 Y   0.29075 0.26544 0.20823 0.13431 0.06814 0.02570 0.00655 0.00087 ( 1)  0.045
 161 T   0.25138 0.23628 0.20029 0.14848 0.09326 0.04759 0.01835 0.00437 ( 1)  0.063
 162 N   0.32393 0.28705 0.20813 0.11669 0.04798 0.01359 0.00241 0.00020 ( 1)  0.034
 163 H   0.31689 0.28301 0.20930 0.12113 0.05173 0.01510 0.00264 0.00020 ( 1)  0.036
 164 C   0.26085 0.24363 0.20305 0.14598 0.08741 0.04161 0.01452 0.00296 ( 1)  0.058
 165 V   0.27971 0.25744 0.20645 0.13873 0.07523 0.03144 0.00938 0.00162 ( 1)  0.049
 166 N   0.00000 0.00004 0.00162 0.01580 0.07393 0.20397 0.35149 0.35315 ( 8)  0.480
 167 A   0.00000 0.00007 0.00239 0.02153 0.09082 0.22344 0.34531 0.31644 ( 7)  0.459
 168 Y   0.29728 0.26999 0.20887 0.13130 0.06395 0.02270 0.00529 0.00061 ( 1)  0.042
 169 N   0.33660 0.29478 0.20702 0.10936 0.04081 0.00995 0.00140 0.00008 ( 1)  0.031
 170 N   0.00000 0.00000 0.00003 0.00148 0.01939 0.11220 0.33653 0.53037 ( 8)  0.564
 171 G   0.28646 0.26254 0.20805 0.13650 0.07089 0.02746 0.00716 0.00094 ( 1)  0.046
 172 L   0.26241 0.24478 0.20334 0.14537 0.08637 0.04075 0.01411 0.00288 ( 1)  0.057
 173 A   0.00000 0.00000 0.00027 0.00544 0.04050 0.15453 0.34425 0.45500 ( 8)  0.529
 174 G   0.00000 0.00000 0.00000 0.00001 0.00044 0.00978 0.11545 0.87432 ( 8)  0.679
 175 L   0.00001 0.00238 0.02427 0.09315 0.20158 0.28069 0.25763 0.14028 ( 6)  0.336
 176 R   0.00473 0.06285 0.17335 0.26028 0.25321 0.16422 0.06740 0.01396 ( 4)  0.157
 177 G   0.22562 0.21551 0.19069 0.15271 0.10800 0.06523 0.03171 0.01053 ( 1)  0.081
 178 T   0.30138 0.27282 0.20920 0.12936 0.06134 0.02087 0.00455 0.00047 ( 1)  0.041
 179 S   0.00000 0.00021 0.00695 0.05326 0.17547 0.30683 0.30281 0.15447 ( 6)  0.365
 180 A   0.00000 0.00005 0.00193 0.01981 0.09371 0.24409 0.36329 0.27713 ( 7)  0.445
 181 E   0.00000 0.00015 0.00494 0.03971 0.14045 0.27287 0.31901 0.22287 ( 7)  0.405
 182 S   0.30543 0.27564 0.20956 0.12745 0.05872 0.01904 0.00382 0.00033 ( 1)  0.039
 183 W   0.20532 0.19841 0.18102 0.15316 0.11778 0.08000 0.04555 0.01875 ( 1)  0.098
 184 L   0.00000 0.00000 0.00001 0.00032 0.00548 0.04582 0.22578 0.72260 ( 8)  0.630
 185 K   0.00004 0.00761 0.06827 0.20748 0.31340 0.26138 0.11831 0.02351 ( 5)  0.215
 186 Y   0.24306 0.22949 0.19697 0.14957 0.09789 0.05343 0.02298 0.00661 ( 1)  0.069
 187 H   0.00636 0.08266 0.21515 0.29080 0.24035 0.12334 0.03657 0.00477 ( 4)  0.128
 188 Q   0.00002 0.00358 0.03514 0.12565 0.24360 0.28978 0.21455 0.08768 ( 6)  0.292
 189 F   0.00001 0.00145 0.01540 0.06380 0.15523 0.25491 0.29250 0.21671 ( 7)  0.388
 190 R   0.26705 0.24848 0.20495 0.14442 0.08357 0.03759 0.01191 0.00202 ( 1)  0.054
 191 R   0.29373 0.26762 0.20876 0.13314 0.06620 0.02410 0.00577 0.00068 ( 1)  0.043
 192 E   0.28001 0.25772 0.20666 0.13878 0.07508 0.03115 0.00912 0.00149 ( 1)  0.049
 193 A   0.00002 0.00415 0.04041 0.14199 0.26601 0.29632 0.19257 0.05852 ( 6)  0.268
 194 T   0.28620 0.26234 0.20798 0.13658 0.07106 0.02762 0.00724 0.00097 ( 1)  0.046
 195 L   0.00287 0.03924 0.11655 0.20017 0.24031 0.21183 0.13485 0.05417 ( 5)  0.220
 196 M   0.00002 0.00448 0.04309 0.14840 0.27063 0.29237 0.18499 0.05602 ( 6)  0.263
 197 A   0.00572 0.07495 0.19916 0.27974 0.24605 0.13890 0.04762 0.00786 ( 4)  0.139
 198 M   0.00548 0.07214 0.19410 0.27811 0.25049 0.14389 0.04865 0.00713 ( 4)  0.140
 199 D   0.33999 0.29667 0.20638 0.10724 0.03909 0.00927 0.00127 0.00008 ( 1)  0.030
 200 L   0.25398 0.23828 0.20101 0.14776 0.09165 0.04599 0.01734 0.00400 ( 1)  0.062
 201 I   0.00275 0.03762 0.11207 0.19384 0.23606 0.21370 0.14239 0.06157 ( 5)  0.227
 202 A   0.00305 0.04154 0.12218 0.20642 0.24224 0.20765 0.12784 0.04908 ( 5)  0.213
 203 L   0.26156 0.24405 0.20293 0.14541 0.08683 0.04140 0.01466 0.00316 ( 1)  0.058
 204 F   0.25015 0.23539 0.20010 0.14902 0.09413 0.04827 0.01860 0.00435 ( 1)  0.064
 205 P   0.28561 0.26207 0.20824 0.13714 0.07142 0.02758 0.00706 0.00088 ( 1)  0.046
 206 Y   0.00250 0.03435 0.10366 0.18341 0.23102 0.21880 0.15435 0.07191 ( 5)  0.240


lnL = -3261.756996

