Supplemental results for CODEML (seqf: algn  treef: tree)


dN/dS (w) for site classes (K=4)

site class             0        1       2a       2b
proportion       0.50253  0.49747  0.00000  0.00000
background w     0.10565  1.00000  0.10565  1.00000
foreground w     0.10565  1.00000  1.00000  1.00000

Naive Empirical Bayes (NEB) probabilities for 4 classes
(amino acids refer to 1st sequence: BT_Cry32Da1)

   1 I   0.52260 0.47740 0.00000 0.00000 ( 1)
   2 S   0.11827 0.88173 0.00000 0.00000 ( 2)
   3 I   0.02236 0.97764 0.00000 0.00000 ( 2)
   4 D   0.99841 0.00159 0.00000 0.00000 ( 1)
   5 K   0.99919 0.00081 0.00000 0.00000 ( 1)
   6 I   0.99956 0.00044 0.00000 0.00000 ( 1)
   7 T   0.99995 0.00005 0.00000 0.00000 ( 1)
   8 Q   0.99973 0.00027 0.00000 0.00000 ( 1)
   9 I   0.99998 0.00002 0.00000 0.00000 ( 1)
  10 P   0.99964 0.00036 0.00000 0.00000 ( 1)
  11 A   0.99761 0.00239 0.00000 0.00000 ( 1)
  12 V   0.99717 0.00283 0.00000 0.00000 ( 1)
  13 K   0.99994 0.00006 0.00000 0.00000 ( 1)
  14 A   0.79889 0.20111 0.00000 0.00000 ( 1)
  15 F   0.02610 0.97390 0.00000 0.00000 ( 2)
  16 F   0.00000 1.00000 0.00000 0.00000 ( 2)
  17 I   0.06498 0.93502 0.00000 0.00000 ( 2)
  18 D   0.00038 0.99962 0.00000 0.00000 ( 2)
  19 D   0.90231 0.09769 0.00000 0.00000 ( 1)
  20 N   0.00280 0.99720 0.00000 0.00000 ( 2)
  21 H   0.50253 0.49747 0.00000 0.00000 ( 1)
  22 V   0.32706 0.67294 0.00000 0.00000 ( 2)
  23 K   0.80621 0.19379 0.00000 0.00000 ( 1)
  24 V   0.99992 0.00008 0.00000 0.00000 ( 1)
  25 I   0.54178 0.45822 0.00000 0.00000 ( 1)
  26 K   0.06861 0.93139 0.00000 0.00000 ( 2)
  27 G   0.99832 0.00168 0.00000 0.00000 ( 1)
  28 P   0.99953 0.00047 0.00000 0.00000 ( 1)
  29 G   0.99998 0.00002 0.00000 0.00000 ( 1)
  30 S   0.06971 0.93029 0.00000 0.00000 ( 2)
  31 T   0.99993 0.00007 0.00000 0.00000 ( 1)
  32 G   0.99979 0.00021 0.00000 0.00000 ( 1)
  33 G   0.99961 0.00039 0.00000 0.00000 ( 1)
  34 D   0.99955 0.00045 0.00000 0.00000 ( 1)
  35 L   0.99136 0.00864 0.00000 0.00000 ( 1)
  36 V   0.99740 0.00260 0.00000 0.00000 ( 1)
  37 A   0.10970 0.89030 0.00000 0.00000 ( 2)
  38 F   0.97581 0.02419 0.00000 0.00000 ( 1)
  39 S   0.03219 0.96781 0.00000 0.00000 ( 2)
  40 R   0.00000 1.00000 0.00000 0.00000 ( 2)
  41 E   0.00000 1.00000 0.00000 0.00000 ( 2)
  42 G   0.09427 0.90573 0.00000 0.00000 ( 2)
  43 Y   0.00101 0.99899 0.00000 0.00000 ( 2)
  44 G   0.50253 0.49747 0.00000 0.00000 ( 1)
  45 L   0.96390 0.03610 0.00000 0.00000 ( 1)
  46 S   0.00433 0.99567 0.00000 0.00000 ( 2)
  47 I   0.99954 0.00046 0.00000 0.00000 ( 1)
  48 S   0.00002 0.99998 0.00000 0.00000 ( 2)
  49 V   0.80228 0.19772 0.00000 0.00000 ( 1)
  50 F   0.00046 0.99954 0.00000 0.00000 ( 2)
  51 I   0.01292 0.98708 0.00000 0.00000 ( 2)
  52 P   0.00000 1.00000 0.00000 0.00000 ( 2)
  53 G   0.00050 0.99950 0.00000 0.00000 ( 2)
  54 S   0.03421 0.96579 0.00000 0.00000 ( 2)
  55 D   0.00173 0.99827 0.00000 0.00000 ( 2)
  56 L   0.50253 0.49747 0.00000 0.00000 ( 1)
  57 V   0.00006 0.99994 0.00000 0.00000 ( 2)
  58 S   0.00003 0.99997 0.00000 0.00000 ( 2)
  59 F   0.00002 0.99998 0.00000 0.00000 ( 2)
  60 Y   0.98892 0.01108 0.00000 0.00000 ( 1)
  61 R   0.11448 0.88552 0.00000 0.00000 ( 2)
  62 V   0.99071 0.00929 0.00000 0.00000 ( 1)
  63 R   0.99913 0.00087 0.00000 0.00000 ( 1)
  64 I   0.99954 0.00046 0.00000 0.00000 ( 1)
  65 R   0.99911 0.00089 0.00000 0.00000 ( 1)
  66 Y   0.99998 0.00002 0.00000 0.00000 ( 1)
  67 A   0.99926 0.00074 0.00000 0.00000 ( 1)
  68 S   0.99780 0.00220 0.00000 0.00000 ( 1)
  69 S   0.97315 0.02685 0.00000 0.00000 ( 1)
  70 Q   0.00038 0.99962 0.00000 0.00000 ( 2)
  71 S   0.00022 0.99978 0.00000 0.00000 ( 2)
  72 A   0.99536 0.00464 0.00000 0.00000 ( 1)
  73 K   0.11618 0.88382 0.00000 0.00000 ( 2)
  74 V   0.96105 0.03895 0.00000 0.00000 ( 1)
  75 T   0.00293 0.99707 0.00000 0.00000 ( 2)
  76 M   0.63893 0.36107 0.00000 0.00000 ( 1)
  77 G   0.00001 0.99999 0.00000 0.00000 ( 2)
  78 F   0.03633 0.96367 0.00000 0.00000 ( 2)
  79 G   0.00001 0.99999 0.00000 0.00000 ( 2)
  80 G   0.00002 0.99998 0.00000 0.00000 ( 2)
  81 -   0.36429 0.63571 0.00000 0.00000 ( 2)
  82 -   0.33569 0.66431 0.00000 0.00000 ( 2)
  83 G   0.00514 0.99486 0.00000 0.00000 ( 2)
  84 V   0.41419 0.58581 0.00000 0.00000 ( 2)
  85 E   0.00825 0.99175 0.00000 0.00000 ( 2)
  86 E   0.77743 0.22257 0.00000 0.00000 ( 1)
  87 S   0.00007 0.99993 0.00000 0.00000 ( 2)
  88 E   0.05087 0.94913 0.00000 0.00000 ( 2)
  89 S   0.00005 0.99995 0.00000 0.00000 ( 2)
  90 K   0.00044 0.99956 0.00000 0.00000 ( 2)
  91 F   0.57905 0.42095 0.00000 0.00000 ( 1)
  92 N   0.97167 0.02833 0.00000 0.00000 ( 1)
  93 F   0.85871 0.14129 0.00000 0.00000 ( 1)
  94 P   0.00958 0.99042 0.00000 0.00000 ( 2)
  95 A   0.00182 0.99818 0.00000 0.00000 ( 2)
  96 T   0.99877 0.00123 0.00000 0.00000 ( 1)
  97 Y   0.08507 0.91493 0.00000 0.00000 ( 2)
  98 S   0.52834 0.47166 0.00000 0.00000 ( 1)
  99 G   0.89074 0.10926 0.00000 0.00000 ( 1)
 100 -   0.08996 0.91004 0.00000 0.00000 ( 2)
 101 -   0.50253 0.49747 0.00000 0.00000 ( 1)
 102 -   0.50253 0.49747 0.00000 0.00000 ( 1)
 103 G   0.95024 0.04976 0.00000 0.00000 ( 1)
 104 N   0.00001 0.99999 0.00000 0.00000 ( 2)
 105 L   0.69891 0.30109 0.00000 0.00000 ( 1)
 106 T   0.99504 0.00496 0.00000 0.00000 ( 1)
 107 Y   0.99848 0.00152 0.00000 0.00000 ( 1)
 108 N   0.99566 0.00434 0.00000 0.00000 ( 1)
 109 S   0.00006 0.99994 0.00000 0.00000 ( 2)
 110 F   0.99999 0.00001 0.00000 0.00000 ( 1)
 111 G   0.90385 0.09615 0.00000 0.00000 ( 1)
 112 Y   0.99998 0.00002 0.00000 0.00000 ( 1)
 113 I   0.01177 0.98823 0.00000 0.00000 ( 2)
 114 N   0.96884 0.03116 0.00000 0.00000 ( 1)
 115 T   0.30389 0.69611 0.00000 0.00000 ( 2)
 116 L   0.03461 0.96539 0.00000 0.00000 ( 2)
 117 A   0.30831 0.69169 0.00000 0.00000 ( 2)
 118 I   0.34291 0.65709 0.00000 0.00000 ( 2)
 119 A   0.00000 1.00000 0.00000 0.00000 ( 2)
 120 S   0.00072 0.99928 0.00000 0.00000 ( 2)
 121 Q   0.15883 0.84117 0.00000 0.00000 ( 2)
 122 S   0.52191 0.47809 0.00000 0.00000 ( 1)
 123 T   0.00938 0.99062 0.00000 0.00000 ( 2)
 124 A   0.81432 0.18568 0.00000 0.00000 ( 1)
 125 Q   0.02277 0.97723 0.00000 0.00000 ( 2)
 126 T   0.00000 1.00000 0.00000 0.00000 ( 2)
 127 I   0.22664 0.77336 0.00000 0.00000 ( 2)
 128 E   0.99590 0.00410 0.00000 0.00000 ( 1)
 129 V   0.05263 0.94737 0.00000 0.00000 ( 2)
 130 Y   0.00016 0.99984 0.00000 0.00000 ( 2)
 131 F   0.99189 0.00811 0.00000 0.00000 ( 1)
 132 R   0.00263 0.99737 0.00000 0.00000 ( 2)
 133 Q   0.99633 0.00367 0.00000 0.00000 ( 1)
 134 Y   0.00017 0.99983 0.00000 0.00000 ( 2)
 135 E   0.03250 0.96750 0.00000 0.00000 ( 2)
 136 E   0.99799 0.00201 0.00000 0.00000 ( 1)
 137 A   0.96712 0.03288 0.00000 0.00000 ( 1)
 138 E   0.00496 0.99504 0.00000 0.00000 ( 2)
 139 F   0.99744 0.00256 0.00000 0.00000 ( 1)
 140 I   0.00474 0.99526 0.00000 0.00000 ( 2)
 141 V   0.99579 0.00421 0.00000 0.00000 ( 1)
 142 D   0.99977 0.00023 0.00000 0.00000 ( 1)
 143 K   0.99967 0.00033 0.00000 0.00000 ( 1)
 144 L   0.99010 0.00990 0.00000 0.00000 ( 1)
 145 E   0.99996 0.00004 0.00000 0.00000 ( 1)
 146 F   0.99701 0.00299 0.00000 0.00000 ( 1)
 147 I   0.99992 0.00008 0.00000 0.00000 ( 1)
 148 -   0.50253 0.49747 0.00000 0.00000 ( 1)


lnL = -3129.937715

