Supplemental results for CODEML (seqf: algn  treef: tree)


dN/dS (w) for site classes (K=9)

p:   0.12381  0.12381  0.12381  0.12381  0.12381  0.12381  0.12381  0.12381  0.00955
w:   0.00101  0.01228  0.03970  0.08715  0.15960  0.26515  0.42022  0.67613  2.90630

Naive Empirical Bayes (NEB) probabilities for 9 classes & postmean_w & P(w>1)
(amino acids refer to 1st sequence: BT_Cry9Ba1)

   1 -   0.21015 0.20133 0.18143 0.15163 0.11550 0.07800 0.04420 0.01776 0.00000 ( 1)  0.093  0.000
   2 -   0.27012 0.24814 0.20203 0.14191 0.08330 0.03891 0.01317 0.00243 0.00000 ( 1)  0.054  0.000
   3 -   0.00001 0.00199 0.01790 0.06700 0.15365 0.24679 0.28751 0.22490 0.00025 ( 7)  0.370  0.000
   4 -   0.00276 0.03185 0.09032 0.15869 0.20863 0.21772 0.18081 0.10914 0.00008 ( 6)  0.259  0.000
   5 I   0.00002 0.00334 0.02878 0.09976 0.20363 0.27663 0.25316 0.13467 0.00001 ( 6)  0.313  0.000
   6 L   0.00002 0.00219 0.01951 0.07165 0.16012 0.24946 0.28166 0.21512 0.00027 ( 7)  0.363  0.000
   7 T   0.00005 0.00637 0.05114 0.15692 0.26705 0.28097 0.18052 0.05698 0.00000 ( 6)  0.247  0.000
   8 G   0.00000 0.00001 0.00055 0.00882 0.05605 0.18806 0.36570 0.38072 0.00009 ( 8)  0.471  0.000
   9 F   0.00001 0.00117 0.01119 0.04589 0.11890 0.22165 0.30715 0.29391 0.00014 ( 7)  0.410  0.000
  10 L   0.00004 0.00541 0.04433 0.14092 0.25255 0.28504 0.20060 0.07112 0.00000 ( 6)  0.262  0.000
  11 S   0.00274 0.03175 0.09020 0.15892 0.20960 0.21918 0.18122 0.10636 0.00004 ( 6)  0.258  0.000
  12 T   0.00000 0.00027 0.00709 0.04911 0.15928 0.29330 0.31814 0.17280 0.00000 ( 7)  0.358  0.000
  13 L   0.26312 0.24296 0.20035 0.14393 0.08751 0.04309 0.01576 0.00328 0.00000 ( 1)  0.058  0.000
  14 F   0.00505 0.05652 0.14844 0.22818 0.24424 0.18844 0.10010 0.02903 0.00000 ( 5)  0.177  0.000
  15 G   0.00006 0.00837 0.06489 0.18755 0.29162 0.26965 0.14398 0.03387 0.00000 ( 5)  0.220  0.000
  16 F   0.00000 0.00000 0.00003 0.00065 0.00721 0.04818 0.21843 0.70867 0.01683 ( 8)  0.634  0.017
  17 L   0.22055 0.20909 0.18404 0.14857 0.10885 0.07131 0.04034 0.01723 0.00000 ( 1)  0.088  0.000
  18 W   0.20199 0.19450 0.17745 0.15143 0.11894 0.08378 0.05020 0.02172 0.00000 ( 1)  0.100  0.000
  19 P   0.27448 0.25138 0.20313 0.14072 0.08071 0.03628 0.01147 0.00183 0.00000 ( 1)  0.052  0.000
  20 S   0.00000 0.00019 0.00506 0.03697 0.12984 0.26676 0.33551 0.22567 0.00002 ( 7)  0.388  0.000
  21 N   0.00928 0.09879 0.22955 0.28650 0.22511 0.11302 0.03351 0.00425 0.00000 ( 4)  0.118  0.000
  22 D   0.00008 0.01076 0.08015 0.21673 0.30598 0.24904 0.11405 0.02320 0.00000 ( 5)  0.201  0.000
  23 Q   0.00007 0.00911 0.06975 0.19747 0.29769 0.26368 0.13304 0.02921 0.00000 ( 5)  0.213  0.000
  24 A   0.00708 0.07733 0.19108 0.26456 0.24196 0.14935 0.05806 0.01058 0.00000 ( 4)  0.141  0.000
  25 V   0.31365 0.27701 0.20519 0.12287 0.05709 0.01940 0.00433 0.00046 0.00000 ( 1)  0.039  0.000
  26 W   0.20199 0.19450 0.17745 0.15143 0.11894 0.08378 0.05020 0.02172 0.00000 ( 1)  0.100  0.000
  27 E   0.00905 0.09651 0.22531 0.28375 0.22656 0.11703 0.03658 0.00521 0.00000 ( 4)  0.121  0.000
  28 A   0.29906 0.26802 0.20556 0.13034 0.06559 0.02462 0.00611 0.00070 0.00000 ( 1)  0.043  0.000
  29 F   0.31412 0.27758 0.20575 0.12300 0.05663 0.01871 0.00388 0.00034 0.00000 ( 1)  0.038  0.000
  30 I   0.00763 0.08283 0.20197 0.27298 0.24001 0.13902 0.04850 0.00707 0.00000 ( 4)  0.133  0.000
  31 E   0.00000 0.00001 0.00059 0.00929 0.05761 0.18835 0.35987 0.38360 0.00067 ( 8)  0.473  0.001
  32 Q   0.00371 0.04273 0.11933 0.20155 0.24321 0.21492 0.13129 0.04326 0.00000 ( 5)  0.203  0.000
  33 M   0.00000 0.00002 0.00172 0.02349 0.11872 0.28954 0.36427 0.20223 0.00001 ( 7)  0.388  0.000
  34 E   0.32730 0.28509 0.20427 0.11564 0.04949 0.01504 0.00290 0.00025 0.00000 ( 1)  0.035  0.000
  35 E   0.00601 0.06633 0.16854 0.24531 0.24308 0.16988 0.08027 0.02058 0.00000 ( 4)  0.160  0.000
  36 L   0.00488 0.05474 0.14464 0.22460 0.24391 0.19181 0.10432 0.03109 0.00000 ( 5)  0.181  0.000
  37 I   0.28544 0.25866 0.20386 0.13574 0.07390 0.03137 0.00948 0.00155 0.00000 ( 1)  0.049  0.000
  38 E   0.00000 0.00020 0.00598 0.04684 0.16639 0.31421 0.32002 0.14634 0.00001 ( 7)  0.348  0.000
  39 Q   0.28016 0.25533 0.20391 0.13850 0.07719 0.03337 0.01003 0.00150 0.00000 ( 1)  0.050  0.000
  40 R   0.00004 0.00528 0.04343 0.13874 0.25043 0.28544 0.20343 0.07321 0.00000 ( 6)  0.265  0.000
  41 I   0.31764 0.27948 0.20512 0.12087 0.05478 0.01795 0.00379 0.00037 0.00000 ( 1)  0.038  0.000
  42 S   0.22316 0.21198 0.18718 0.15115 0.10947 0.06897 0.03560 0.01249 0.00000 ( 1)  0.083  0.000
  43 D   0.00000 0.00031 0.00807 0.05390 0.16693 0.29252 0.30629 0.17193 0.00005 ( 7)  0.354  0.000
  44 Q   0.00004 0.00519 0.04274 0.13675 0.24763 0.28412 0.20575 0.07778 0.00000 ( 6)  0.268  0.000
  45 V   0.31459 0.27757 0.20514 0.12238 0.05656 0.01909 0.00423 0.00045 0.00000 ( 1)  0.039  0.000
  46 V   0.00005 0.00686 0.05443 0.16370 0.27112 0.27636 0.17265 0.05482 0.00000 ( 6)  0.243  0.000
  47 R   0.00354 0.04050 0.11214 0.18860 0.23074 0.21456 0.14740 0.06251 0.00000 ( 5)  0.219  0.000
  48 T   0.00000 0.00000 0.00025 0.00432 0.03184 0.13085 0.33208 0.49980 0.00086 ( 8)  0.520  0.001
  49 A   0.30776 0.27355 0.20568 0.12610 0.06041 0.02120 0.00481 0.00049 0.00000 ( 1)  0.040  0.000
  50 L   0.00000 0.00018 0.00209 0.01182 0.04535 0.13140 0.29604 0.50850 0.00462 ( 8)  0.525  0.005
  51 D   0.33956 0.29209 0.20298 0.10892 0.04292 0.01155 0.00186 0.00012 0.00000 ( 1)  0.032  0.000
  52 D   0.00000 0.00000 0.00000 0.00014 0.00313 0.03052 0.16811 0.60755 0.19054 ( 8)  1.044  0.191
  53 L   0.25835 0.23938 0.19906 0.14512 0.09028 0.04600 0.01774 0.00406 0.00000 ( 1)  0.061  0.000
  54 T   0.27878 0.25429 0.20354 0.13887 0.07803 0.03424 0.01057 0.00167 0.00000 ( 1)  0.051  0.000
  55 G   0.29897 0.26798 0.20558 0.13040 0.06565 0.02463 0.00609 0.00068 0.00000 ( 1)  0.043  0.000
  56 I   0.00000 0.00019 0.00509 0.03651 0.12559 0.25517 0.32818 0.24913 0.00014 ( 7)  0.398  0.000
  57 Q   0.00002 0.00243 0.02166 0.07921 0.17493 0.26449 0.27855 0.17870 0.00001 ( 7)  0.344  0.000
  58 N   0.00000 0.00003 0.00209 0.02721 0.12952 0.29546 0.35122 0.19444 0.00003 ( 7)  0.381  0.000
  59 Y   0.00774 0.08382 0.20290 0.27156 0.23693 0.13796 0.05035 0.00874 0.00000 ( 4)  0.134  0.000
  60 Y   0.28103 0.25562 0.20332 0.13749 0.07658 0.03354 0.01058 0.00183 0.00000 ( 1)  0.050  0.000
  61 N   0.00000 0.00000 0.00004 0.00126 0.01502 0.08750 0.29548 0.59900 0.00170 ( 8)  0.560  0.002
  62 Q   0.00002 0.00232 0.02093 0.07794 0.17481 0.26622 0.27931 0.17840 0.00005 ( 7)  0.344  0.000
  63 Y   0.28940 0.26147 0.20457 0.13437 0.07150 0.02922 0.00828 0.00119 0.00000 ( 1)  0.047  0.000
  64 L   0.00560 0.06216 0.15981 0.23733 0.24243 0.17712 0.08956 0.02599 0.00000 ( 5)  0.169  0.000
  65 I   0.00000 0.00000 0.00007 0.00214 0.02284 0.11556 0.32571 0.53101 0.00268 ( 8)  0.538  0.003
  66 A   0.30963 0.27474 0.20570 0.12520 0.05930 0.02046 0.00453 0.00044 0.00000 ( 1)  0.040  0.000
  67 L   0.00355 0.04060 0.11232 0.18863 0.23039 0.21401 0.14729 0.06321 0.00000 ( 5)  0.220  0.000
  68 K   0.00003 0.00418 0.03518 0.11696 0.22479 0.28157 0.23149 0.10579 0.00000 ( 6)  0.291  0.000
  69 E   0.27241 0.24959 0.20204 0.14076 0.08190 0.03802 0.01287 0.00240 0.00000 ( 1)  0.054  0.000
  70 W   0.20199 0.19450 0.17745 0.15143 0.11894 0.08378 0.05020 0.02172 0.00000 ( 1)  0.100  0.000
  71 E   0.00001 0.00128 0.01197 0.04752 0.11907 0.21664 0.30002 0.30291 0.00057 ( 8)  0.414  0.001
  72 E   0.00000 0.00056 0.01375 0.08389 0.22616 0.32483 0.25656 0.09424 0.00001 ( 6)  0.302  0.000
  73 R   0.00004 0.00533 0.04374 0.13941 0.25095 0.28514 0.20265 0.07274 0.00000 ( 6)  0.264  0.000
  74 P   0.24596 0.23006 0.19569 0.14825 0.09756 0.05367 0.02286 0.00594 0.00000 ( 1)  0.067  0.000
  75 N   0.00519 0.05789 0.15094 0.22958 0.24289 0.18575 0.09865 0.02911 0.00000 ( 5)  0.176  0.000
  76 G   0.00001 0.00129 0.01196 0.04734 0.11826 0.21507 0.29923 0.30625 0.00059 ( 8)  0.415  0.001
  77 V   0.00749 0.08136 0.19863 0.26952 0.23941 0.14211 0.05253 0.00896 0.00000 ( 4)  0.136  0.000
  78 R   0.28902 0.26139 0.20491 0.13487 0.07173 0.02906 0.00798 0.00104 0.00000 ( 1)  0.047  0.000
  79 A   0.00004 0.00585 0.04729 0.14719 0.25649 0.28057 0.19279 0.06978 0.00001 ( 6)  0.258  0.000
  80 N   0.00000 0.00000 0.00025 0.00431 0.03078 0.12345 0.31576 0.52322 0.00223 ( 8)  0.531  0.002
  81 L   0.25809 0.23918 0.19896 0.14515 0.09041 0.04618 0.01789 0.00414 0.00000 ( 1)  0.061  0.000
  82 V   0.00000 0.00017 0.00458 0.03384 0.12049 0.25303 0.33301 0.25474 0.00015 ( 7)  0.402  0.000
  83 L   0.00000 0.00001 0.00048 0.00780 0.05058 0.17508 0.35766 0.40812 0.00027 ( 8)  0.482  0.000
  84 Q   0.00002 0.00217 0.01944 0.07191 0.16209 0.25401 0.28469 0.20563 0.00004 ( 7)  0.359  0.000
  85 R   0.27453 0.25121 0.20265 0.14022 0.08059 0.03666 0.01201 0.00213 0.00000 ( 1)  0.053  0.000
  86 F   0.31412 0.27758 0.20575 0.12300 0.05663 0.01871 0.00388 0.00034 0.00000 ( 1)  0.038  0.000
  87 E   0.00000 0.00023 0.00622 0.04362 0.14471 0.27722 0.32325 0.20471 0.00003 ( 7)  0.375  0.000
  88 I   0.00000 0.00000 0.00017 0.00310 0.02354 0.10259 0.29347 0.57251 0.00461 ( 8)  0.555  0.005
  89 L   0.23597 0.22209 0.19183 0.14933 0.10263 0.06039 0.02865 0.00911 0.00000 ( 1)  0.074  0.000
  90 H   0.00830 0.08928 0.21274 0.27729 0.23274 0.12864 0.04396 0.00705 0.00000 ( 4)  0.128  0.000
  91 A   0.00000 0.00000 0.00000 0.00000 0.00002 0.00041 0.00605 0.08129 0.91223 ( 9)  2.709  0.912
  92 L   0.00000 0.00000 0.00023 0.00385 0.02741 0.11062 0.29250 0.54544 0.01995 ( 8)  0.584  0.020
  93 F   0.31412 0.27758 0.20575 0.12300 0.05663 0.01871 0.00388 0.00034 0.00000 ( 1)  0.038  0.000
  94 V   0.00005 0.00701 0.05554 0.16666 0.27467 0.27707 0.16893 0.05006 0.00000 ( 6)  0.239  0.000
  95 S   0.00000 0.00000 0.00019 0.00388 0.03190 0.13903 0.34992 0.47482 0.00026 ( 8)  0.511  0.000
  96 S   0.00000 0.00000 0.00000 0.00016 0.00229 0.01964 0.12906 0.67428 0.17456 ( 8)  1.023  0.175
  97 M   0.30232 0.27033 0.20608 0.12911 0.06354 0.02289 0.00524 0.00049 0.00000 ( 1)  0.042  0.000
  98 P   0.27881 0.25442 0.20378 0.13908 0.07802 0.03402 0.01032 0.00155 0.00000 ( 1)  0.050  0.000
  99 S   0.24137 0.22638 0.19387 0.14873 0.09996 0.05687 0.02556 0.00726 0.00000 ( 1)  0.070  0.000
 100 F   0.31412 0.27758 0.20575 0.12300 0.05663 0.01871 0.00388 0.00034 0.00000 ( 1)  0.038  0.000
 101 G   0.27875 0.25422 0.20342 0.13877 0.07803 0.03436 0.01072 0.00174 0.00000 ( 1)  0.051  0.000
 102 S   0.00000 0.00001 0.00058 0.00921 0.05797 0.19192 0.36695 0.37323 0.00013 ( 8)  0.468  0.000
 103 G   0.29075 0.26250 0.20494 0.13400 0.07065 0.02836 0.00776 0.00103 0.00000 ( 1)  0.046  0.000
 104 P   0.27362 0.25079 0.20303 0.14108 0.08126 0.03671 0.01166 0.00185 0.00000 ( 1)  0.053  0.000
 105 G   0.29801 0.26736 0.20555 0.13086 0.06622 0.02503 0.00626 0.00072 0.00000 ( 1)  0.043  0.000
 106 S   0.30383 0.27120 0.20592 0.12824 0.06268 0.02246 0.00516 0.00051 0.00000 ( 1)  0.041  0.000
 107 Q   0.00000 0.00018 0.00502 0.03656 0.12802 0.26297 0.33367 0.23353 0.00004 ( 7)  0.392  0.000
 108 R   0.00004 0.00487 0.04031 0.13051 0.24080 0.28415 0.21414 0.08519 0.00000 ( 6)  0.274  0.000
 109 F   0.00003 0.00364 0.03111 0.10612 0.21173 0.27902 0.24533 0.12301 0.00001 ( 6)  0.305  0.000
 110 Q   0.00000 0.00009 0.00255 0.02017 0.08032 0.19935 0.33384 0.36316 0.00053 ( 8)  0.455  0.001
 111 A   0.00000 0.00036 0.00918 0.06085 0.18484 0.31074 0.29791 0.13611 0.00001 ( 6)  0.335  0.000
 112 Q   0.00000 0.00000 0.00035 0.00586 0.04059 0.15303 0.34785 0.45216 0.00016 ( 8)  0.500  0.000
 113 L   0.23716 0.22319 0.19269 0.14972 0.10236 0.05945 0.02737 0.00806 0.00000 ( 1)  0.073  0.000
 114 L   0.22422 0.21272 0.18731 0.15065 0.10865 0.06831 0.03541 0.01271 0.00000 ( 1)  0.082  0.000
 115 V   0.00000 0.00000 0.00001 0.00038 0.00589 0.04642 0.22123 0.69415 0.03191 ( 8)  0.668  0.032
 116 V   0.31168 0.27582 0.20528 0.12390 0.05821 0.02007 0.00455 0.00049 0.00000 ( 1)  0.040  0.000
 117 Y   0.28876 0.26101 0.20444 0.13458 0.07189 0.02958 0.00849 0.00125 0.00000 ( 1)  0.047  0.000
 118 A   0.00726 0.07910 0.19418 0.26612 0.24025 0.14632 0.05639 0.01038 0.00000 ( 4)  0.140  0.000
 119 Q   0.28016 0.25533 0.20391 0.13850 0.07719 0.03337 0.01003 0.00150 0.00000 ( 1)  0.050  0.000
 120 A   0.30483 0.27168 0.20561 0.12750 0.06215 0.02237 0.00528 0.00057 0.00000 ( 1)  0.041  0.000
 121 A   0.27059 0.24829 0.20171 0.14138 0.08299 0.03901 0.01344 0.00258 0.00000 ( 1)  0.055  0.000
 122 N   0.29728 0.26676 0.20526 0.13099 0.06671 0.02558 0.00661 0.00082 0.00000 ( 1)  0.044  0.000
 123 L   0.23798 0.22321 0.19136 0.14755 0.10073 0.05959 0.02928 0.01030 0.00000 ( 1)  0.075  0.000
 124 H   0.31549 0.27844 0.20574 0.12232 0.05582 0.01819 0.00369 0.00031 0.00000 ( 1)  0.038  0.000
 125 L   0.22777 0.21576 0.18920 0.15095 0.10731 0.06578 0.03258 0.01065 0.00000 ( 1)  0.079  0.000
 126 L   0.25781 0.23897 0.19889 0.14523 0.09058 0.04635 0.01799 0.00418 0.00000 ( 1)  0.061  0.000
 127 L   0.25934 0.24018 0.19945 0.14501 0.08976 0.04532 0.01717 0.00377 0.00000 ( 1)  0.060  0.000
 128 L   0.25934 0.24018 0.19945 0.14501 0.08976 0.04532 0.01717 0.00377 0.00000 ( 1)  0.060  0.000
 129 A   0.00000 0.00019 0.00524 0.03775 0.13024 0.26352 0.33087 0.23214 0.00004 ( 7)  0.390  0.000
 130 D   0.33956 0.29209 0.20298 0.10892 0.04292 0.01155 0.00186 0.00012 0.00000 ( 1)  0.032  0.000
 131 A   0.30229 0.27008 0.20561 0.12877 0.06366 0.02334 0.00563 0.00062 0.00000 ( 1)  0.042  0.000
 132 E   0.00854 0.09162 0.21683 0.27943 0.23077 0.12486 0.04151 0.00644 0.00000 ( 4)  0.126  0.000
 133 K   0.00696 0.07569 0.18565 0.25566 0.23613 0.15335 0.06869 0.01787 0.00000 ( 4)  0.150  0.000
 134 Y   0.29524 0.26543 0.20517 0.13194 0.06794 0.02644 0.00696 0.00088 0.00000 ( 1)  0.045  0.000
 135 G   0.25205 0.23466 0.19741 0.14680 0.09405 0.04989 0.02024 0.00490 0.00000 ( 1)  0.064  0.000
 136 A   0.00733 0.07976 0.19557 0.26735 0.24017 0.14495 0.05499 0.00988 0.00000 ( 4)  0.139  0.000
 137 R   0.29809 0.26746 0.20565 0.13090 0.06617 0.02490 0.00615 0.00067 0.00000 ( 1)  0.043  0.000
 138 W   0.20199 0.19450 0.17745 0.15143 0.11894 0.08378 0.05020 0.02172 0.00000 ( 1)  0.100  0.000
 139 G   0.29021 0.26216 0.20497 0.13431 0.07100 0.02855 0.00779 0.00101 0.00000 ( 1)  0.046  0.000
 140 L   0.23258 0.21956 0.19099 0.15033 0.10478 0.06254 0.02991 0.00931 0.00000 ( 1)  0.076  0.000
 141 R   0.00000 0.00000 0.00005 0.00170 0.01918 0.10378 0.31613 0.55754 0.00163 ( 8)  0.545  0.002
 142 E   0.00603 0.06667 0.16989 0.24796 0.24547 0.16947 0.07695 0.01756 0.00000 ( 4)  0.157  0.000
 143 S   0.00000 0.00000 0.00001 0.00032 0.00445 0.03292 0.16000 0.60167 0.20062 ( 8)  1.067  0.201
 144 Q   0.25750 0.23881 0.19899 0.14553 0.09087 0.04644 0.01786 0.00399 0.00000 ( 1)  0.061  0.000
 145 I   0.31391 0.27722 0.20528 0.12280 0.05691 0.01922 0.00423 0.00043 0.00000 ( 1)  0.039  0.000
 146 G   0.12381 0.12381 0.12381 0.12381 0.12381 0.12381 0.12381 0.12381 0.00955 ( 6)  0.233  0.010
 147 N   0.00000 0.00013 0.00369 0.02785 0.10326 0.23177 0.33730 0.29592 0.00008 ( 7)  0.423  0.000
 148 L   0.00000 0.00063 0.00715 0.03571 0.10925 0.22698 0.32625 0.29393 0.00009 ( 7)  0.417  0.000
 149 Y   0.00460 0.05179 0.13799 0.21743 0.24161 0.19671 0.11290 0.03697 0.00000 ( 5)  0.188  0.000
 150 F   0.00006 0.00768 0.06025 0.17767 0.28453 0.27418 0.15528 0.04035 0.00000 ( 5)  0.229  0.000
 151 N   0.00000 0.00021 0.00560 0.03986 0.13524 0.26761 0.32717 0.22425 0.00006 ( 7)  0.386  0.000
 152 E   0.00000 0.00007 0.00219 0.01863 0.07981 0.20836 0.34894 0.34191 0.00009 ( 7)  0.448  0.000
 153 L   0.00503 0.05642 0.14838 0.22851 0.24497 0.18890 0.09965 0.02814 0.00000 ( 5)  0.177  0.000
 154 Q   0.28016 0.25533 0.20391 0.13850 0.07719 0.03337 0.01003 0.00150 0.00000 ( 1)  0.050  0.000
 155 T   0.00000 0.00000 0.00000 0.00021 0.00500 0.04926 0.24786 0.68955 0.00811 ( 8)  0.608  0.008
 156 R   0.00000 0.00000 0.00030 0.00508 0.03592 0.14019 0.33667 0.48140 0.00044 ( 8)  0.512  0.000
 157 T   0.29444 0.26502 0.20537 0.13251 0.06840 0.02656 0.00688 0.00082 0.00000 ( 1)  0.045  0.000
 158 R   0.00000 0.00000 0.00011 0.00206 0.01719 0.08411 0.27478 0.61861 0.00313 ( 8)  0.568  0.003
 159 D   0.00000 0.00000 0.00006 0.00192 0.02106 0.11024 0.32346 0.54219 0.00108 ( 8)  0.538  0.001
 160 Y   0.28850 0.26087 0.20450 0.13476 0.07205 0.02964 0.00846 0.00122 0.00000 ( 1)  0.047  0.000
 161 T   0.24844 0.23197 0.19647 0.14773 0.09612 0.05204 0.02171 0.00551 0.00000 ( 1)  0.066  0.000
 162 N   0.32279 0.28244 0.20461 0.11805 0.05199 0.01646 0.00335 0.00031 0.00000 ( 1)  0.036  0.000
 163 H   0.31549 0.27844 0.20574 0.12232 0.05582 0.01819 0.00369 0.00031 0.00000 ( 1)  0.038  0.000
 164 C   0.25820 0.23937 0.19928 0.14546 0.09049 0.04593 0.01745 0.00381 0.00000 ( 1)  0.060  0.000
 165 V   0.27730 0.25298 0.20268 0.13881 0.07886 0.03554 0.01168 0.00216 0.00000 ( 1)  0.052  0.000
 166 N   0.00000 0.00006 0.00188 0.01599 0.06976 0.19012 0.34294 0.37895 0.00030 ( 8)  0.464  0.000
 167 A   0.00000 0.00009 0.00270 0.02140 0.08500 0.20877 0.33979 0.34214 0.00010 ( 8)  0.445  0.000
 168 Y   0.29524 0.26543 0.20517 0.13194 0.06794 0.02644 0.00696 0.00088 0.00000 ( 1)  0.045  0.000
 169 N   0.33606 0.29023 0.20359 0.11095 0.04467 0.01234 0.00204 0.00013 0.00000 ( 1)  0.033  0.000
 170 N   0.00000 0.00000 0.00004 0.00155 0.01808 0.10129 0.31785 0.56043 0.00074 ( 8)  0.545  0.001
 171 G   0.28432 0.25814 0.20431 0.13673 0.07462 0.03141 0.00915 0.00132 0.00000 ( 1)  0.048  0.000
 172 L   0.25934 0.24018 0.19945 0.14501 0.08976 0.04532 0.01717 0.00377 0.00000 ( 1)  0.060  0.000
 173 A   0.00000 0.00000 0.00033 0.00548 0.03744 0.14091 0.32995 0.48284 0.00305 ( 8)  0.518  0.003
 174 G   0.00000 0.00000 0.00000 0.00001 0.00030 0.00594 0.07008 0.60014 0.32354 ( 8)  1.377  0.324
 175 L   0.00002 0.00290 0.02534 0.08978 0.18950 0.27012 0.26494 0.15736 0.00003 ( 6)  0.329  0.000
 176 R   0.00603 0.06665 0.16986 0.24795 0.24550 0.16951 0.07696 0.01754 0.00000 ( 4)  0.158  0.000
 177 G   0.22271 0.21167 0.18711 0.15133 0.10978 0.06924 0.03570 0.01245 0.00000 ( 1)  0.083  0.000
 178 T   0.29968 0.26841 0.20554 0.13002 0.06523 0.02440 0.00603 0.00068 0.00000 ( 1)  0.043  0.000
 179 S   0.00000 0.00029 0.00753 0.05111 0.16162 0.29046 0.31192 0.17704 0.00003 ( 7)  0.358  0.000
 180 A   0.00000 0.00007 0.00221 0.01973 0.08692 0.22581 0.35859 0.30662 0.00004 ( 7)  0.434  0.000
 181 E   0.00000 0.00020 0.00541 0.03844 0.12992 0.25722 0.32233 0.24620 0.00028 ( 7)  0.395  0.000
 182 S   0.30383 0.27120 0.20592 0.12824 0.06268 0.02246 0.00516 0.00051 0.00000 ( 1)  0.041  0.000
 183 W   0.20199 0.19450 0.17745 0.15143 0.11894 0.08378 0.05020 0.02172 0.00000 ( 1)  0.100  0.000
 184 L   0.00000 0.00000 0.00001 0.00034 0.00504 0.03990 0.20019 0.70856 0.04597 ( 8)  0.708  0.046
 185 K   0.00007 0.00900 0.06899 0.19573 0.29628 0.26441 0.13517 0.03035 0.00000 ( 5)  0.215  0.000
 186 Y   0.24002 0.22524 0.19318 0.14862 0.10044 0.05779 0.02662 0.00808 0.00000 ( 1)  0.072  0.000
 187 H   0.00805 0.08699 0.20927 0.27668 0.23604 0.13192 0.04453 0.00652 0.00000 ( 4)  0.129  0.000
 188 Q   0.00003 0.00429 0.03607 0.11957 0.22830 0.28231 0.22741 0.10201 0.00001 ( 6)  0.288  0.000
 189 F   0.00001 0.00180 0.01639 0.06247 0.14692 0.24353 0.29360 0.23520 0.00007 ( 7)  0.377  0.000
 190 R   0.26434 0.24407 0.20113 0.14411 0.08695 0.04200 0.01468 0.00272 0.00000 ( 1)  0.057  0.000
 191 R   0.29184 0.26324 0.20506 0.13356 0.07000 0.02784 0.00750 0.00097 0.00000 ( 1)  0.046  0.000
 192 E   0.27744 0.25314 0.20286 0.13892 0.07881 0.03535 0.01145 0.00202 0.00000 ( 1)  0.052  0.000
 193 A   0.00004 0.00499 0.04155 0.13520 0.24951 0.29005 0.20760 0.07106 0.00000 ( 6)  0.266  0.000
 194 T   0.28397 0.25789 0.20424 0.13684 0.07483 0.03161 0.00926 0.00136 0.00000 ( 1)  0.049  0.000
 195 L   0.00367 0.04189 0.11510 0.19127 0.23055 0.21125 0.14402 0.06224 0.00001 ( 5)  0.217  0.000
 196 M   0.00004 0.00538 0.04425 0.14126 0.25420 0.28708 0.19998 0.06782 0.00000 ( 6)  0.261  0.000
 197 A   0.00727 0.07914 0.19429 0.26626 0.24032 0.14624 0.05622 0.01026 0.00000 ( 4)  0.140  0.000
 198 M   0.00697 0.07629 0.18961 0.26472 0.24418 0.15110 0.05762 0.00952 0.00000 ( 4)  0.141  0.000
 199 D   0.33956 0.29209 0.20298 0.10892 0.04292 0.01155 0.00186 0.00012 0.00000 ( 1)  0.032  0.000
 200 L   0.25074 0.23370 0.19710 0.14716 0.09479 0.05063 0.02075 0.00513 0.00000 ( 1)  0.065  0.000
 201 I   0.00354 0.04038 0.11122 0.18590 0.22670 0.21232 0.15044 0.06951 0.00001 ( 5)  0.224  0.000
 202 A   0.00392 0.04449 0.12095 0.19764 0.23283 0.20738 0.13657 0.05623 0.00000 ( 5)  0.210  0.000
 203 L   0.25847 0.23945 0.19904 0.14504 0.09019 0.04596 0.01776 0.00410 0.00000 ( 1)  0.061  0.000
 204 F   0.24694 0.23090 0.19620 0.14828 0.09710 0.05290 0.02213 0.00555 0.00000 ( 1)  0.066  0.000
 205 P   0.28334 0.25761 0.20449 0.13739 0.07522 0.03163 0.00908 0.00125 0.00000 ( 1)  0.049  0.000
 206 Y   0.00323 0.03706 0.10336 0.17643 0.22180 0.21636 0.16155 0.08021 0.00001 ( 5)  0.235  0.000

Positively selected sites

	Prob(w>1)  mean w

    91 A      0.912         2.709


lnL = -3260.608590

Bayes Empirical Bayes (BEB) probabilities for 11 classes (class) & postmean_w
(amino acids refer to 1st sequence: BT_Cry9Ba1)

   1 -   0.73808 0.13207 0.06101 0.03157 0.01714 0.00950 0.00528 0.00289 0.00150 0.00063 0.00034 ( 1)  0.104 +-  0.120
   2 -   0.83948 0.10526 0.03427 0.01265 0.00496 0.00201 0.00083 0.00034 0.00014 0.00004 0.00001 ( 1)  0.075 +-  0.070
   3 -   0.12093 0.16191 0.17936 0.15896 0.12593 0.09297 0.06500 0.04303 0.02634 0.01284 0.01273 ( 3)  0.367 +-  0.258
   4 -   0.40261 0.19452 0.13923 0.09529 0.06370 0.04185 0.02697 0.01686 0.00992 0.00471 0.00435 ( 1)  0.219 +-  0.215
   5 I   0.18569 0.21186 0.20032 0.15189 0.10320 0.06551 0.03948 0.02260 0.01200 0.00511 0.00234 ( 2)  0.288 +-  0.205
   6 L   0.13041 0.16823 0.18091 0.15672 0.12211 0.08913 0.06189 0.04085 0.02501 0.01222 0.01253 ( 3)  0.359 +-  0.258
   7 T   0.29643 0.26387 0.19579 0.11769 0.06409 0.03299 0.01633 0.00777 0.00348 0.00126 0.00029 ( 1)  0.213 +-  0.163
   8 G   0.00624 0.05760 0.13598 0.18121 0.18221 0.15452 0.11628 0.07918 0.04821 0.02269 0.01586 ( 5)  0.495 +-  0.238
   9 F   0.07864 0.12568 0.16079 0.16064 0.14074 0.11308 0.08483 0.05948 0.03807 0.01912 0.01893 ( 3)  0.424 +-  0.272
  10 L   0.26528 0.25351 0.20113 0.12853 0.07396 0.03997 0.02063 0.01017 0.00468 0.00174 0.00040 ( 1)  0.229 +-  0.172
  11 S   0.40296 0.19565 0.14035 0.09595 0.06382 0.04155 0.02643 0.01625 0.00937 0.00435 0.00333 ( 1)  0.216 +-  0.209
  12 T   0.06175 0.17247 0.22381 0.19652 0.14266 0.09243 0.05527 0.03081 0.01574 0.00638 0.00215 ( 3)  0.350 +-  0.197
  13 L   0.82890 0.10899 0.03729 0.01447 0.00596 0.00254 0.00110 0.00047 0.00020 0.00007 0.00001 ( 1)  0.078 +-  0.074
  14 F   0.56687 0.20818 0.11210 0.05757 0.02885 0.01421 0.00688 0.00324 0.00144 0.00052 0.00012 ( 1)  0.137 +-  0.134
  15 G   0.35456 0.27932 0.18342 0.09778 0.04732 0.02169 0.00958 0.00408 0.00164 0.00053 0.00007 ( 1)  0.184 +-  0.145
  16 F   0.00023 0.00487 0.02242 0.05304 0.08868 0.11898 0.13606 0.13601 0.11774 0.07595 0.24603 (11)  0.893 +-  0.490
  17 L   0.75189 0.12668 0.05669 0.02908 0.01591 0.00900 0.00515 0.00291 0.00156 0.00068 0.00044 ( 1)  0.101 +-  0.119
  18 W   0.72192 0.13471 0.06478 0.03480 0.01954 0.01117 0.00638 0.00357 0.00189 0.00081 0.00043 ( 1)  0.109 +-  0.128
  19 P   0.84633 0.10295 0.03234 0.01145 0.00428 0.00165 0.00064 0.00025 0.00009 0.00003 0.00000 ( 1)  0.073 +-  0.066
  20 S   0.04490 0.14023 0.20198 0.19557 0.15558 0.10981 0.07113 0.04272 0.02338 0.01009 0.00461 ( 3)  0.387 +-  0.213
  21 N   0.72806 0.17546 0.06279 0.02191 0.00764 0.00269 0.00095 0.00034 0.00012 0.00003 0.00000 ( 1)  0.092 +-  0.084
  22 D   0.41155 0.28392 0.16499 0.07906 0.03503 0.01501 0.00633 0.00263 0.00105 0.00035 0.00007 ( 1)  0.164 +-  0.133
  23 Q   0.37354 0.28217 0.17787 0.09128 0.04269 0.01900 0.00819 0.00342 0.00135 0.00044 0.00006 ( 1)  0.177 +-  0.140
  24 A   0.65886 0.19561 0.08525 0.03568 0.01469 0.00600 0.00243 0.00097 0.00037 0.00012 0.00002 ( 1)  0.109 +-  0.103
  25 V   0.89185 0.08085 0.01943 0.00542 0.00165 0.00053 0.00018 0.00006 0.00002 0.00001 0.00000 ( 1)  0.065 +-  0.049
  26 W   0.72192 0.13471 0.06478 0.03480 0.01954 0.01117 0.00638 0.00357 0.00189 0.00081 0.00043 ( 1)  0.109 +-  0.128
  27 E   0.72072 0.17727 0.06512 0.02346 0.00850 0.00312 0.00116 0.00043 0.00016 0.00005 0.00001 ( 1)  0.094 +-  0.087
  28 A   0.87688 0.08903 0.02355 0.00710 0.00229 0.00077 0.00026 0.00009 0.00003 0.00001 0.00000 ( 1)  0.067 +-  0.054
  29 F   0.89375 0.08031 0.01882 0.00504 0.00145 0.00044 0.00013 0.00004 0.00001 0.00000 0.00000 ( 1)  0.064 +-  0.047
  30 I   0.67998 0.19172 0.07875 0.03084 0.01178 0.00443 0.00164 0.00059 0.00020 0.00006 0.00000 ( 1)  0.103 +-  0.095
  31 E   0.00657 0.05857 0.13473 0.17675 0.17674 0.15056 0.11492 0.08013 0.05042 0.02474 0.02586 ( 4)  0.509 +-  0.270
  32 Q   0.49439 0.21596 0.13277 0.07541 0.04080 0.02129 0.01075 0.00521 0.00237 0.00087 0.00019 ( 1)  0.161 +-  0.151
  33 M   0.01899 0.12677 0.22084 0.22089 0.16960 0.11178 0.06656 0.03655 0.01831 0.00727 0.00244 ( 4)  0.387 +-  0.190
  34 E   0.90539 0.07321 0.01581 0.00400 0.00111 0.00033 0.00010 0.00003 0.00001 0.00000 0.00000 ( 1)  0.062 +-  0.044
  35 E   0.61196 0.20192 0.09886 0.04681 0.02192 0.01023 0.00475 0.00217 0.00095 0.00034 0.00009 ( 1)  0.123 +-  0.121
  36 L   0.55784 0.20898 0.11461 0.05981 0.03039 0.01515 0.00741 0.00352 0.00158 0.00057 0.00013 ( 1)  0.140 +-  0.137
  37 I   0.85872 0.09685 0.02875 0.00981 0.00360 0.00139 0.00055 0.00022 0.00008 0.00003 0.00000 ( 1)  0.071 +-  0.062
  38 E   0.05410 0.17970 0.24122 0.20618 0.14162 0.08582 0.04791 0.02505 0.01211 0.00470 0.00157 ( 3)  0.340 +-  0.186
  39 Q   0.85370 0.09978 0.03020 0.01034 0.00375 0.00140 0.00053 0.00020 0.00007 0.00002 0.00000 ( 1)  0.072 +-  0.063
  40 R   0.26104 0.25191 0.20174 0.13003 0.07539 0.04100 0.02127 0.01053 0.00486 0.00181 0.00043 ( 1)  0.231 +-  0.173
  41 I   0.89622 0.07855 0.01822 0.00491 0.00144 0.00045 0.00015 0.00005 0.00002 0.00000 0.00000 ( 1)  0.064 +-  0.047
  42 S   0.76259 0.12733 0.05506 0.02678 0.01372 0.00720 0.00380 0.00198 0.00098 0.00040 0.00017 ( 1)  0.096 +-  0.107
  43 D   0.06907 0.18030 0.22273 0.18969 0.13601 0.08857 0.05411 0.03129 0.01682 0.00726 0.00415 ( 3)  0.349 +-  0.208
  44 Q   0.25752 0.24950 0.20099 0.13069 0.07672 0.04243 0.02249 0.01144 0.00545 0.00211 0.00066 ( 1)  0.235 +-  0.177
  45 V   0.89278 0.08033 0.01917 0.00532 0.00161 0.00052 0.00017 0.00006 0.00002 0.00001 0.00000 ( 1)  0.065 +-  0.048
  46 V   0.31053 0.26596 0.19132 0.11249 0.06049 0.03106 0.01548 0.00750 0.00345 0.00130 0.00042 ( 1)  0.207 +-  0.163
  47 R   0.47202 0.20773 0.13354 0.08122 0.04781 0.02744 0.01535 0.00829 0.00420 0.00172 0.00066 ( 1)  0.176 +-  0.169
  48 T   0.00270 0.03068 0.08794 0.14001 0.16554 0.16277 0.14032 0.10836 0.07414 0.03877 0.04876 ( 5)  0.587 +-  0.298
  49 A   0.88652 0.08405 0.02084 0.00592 0.00181 0.00058 0.00019 0.00006 0.00002 0.00001 0.00000 ( 1)  0.066 +-  0.050
  50 L   0.01450 0.04208 0.08287 0.11620 0.13468 0.13744 0.12715 0.10751 0.08146 0.04744 0.10868 ( 6)  0.655 +-  0.404
  51 D   0.91715 0.06625 0.01275 0.00287 0.00071 0.00019 0.00005 0.00002 0.00000 0.00000 0.00000 ( 1)  0.060 +-  0.039
  52 D   0.00002 0.00157 0.01078 0.03015 0.05467 0.07684 0.09091 0.09391 0.08440 0.05697 0.49977 (11)  1.570 +-  1.539
  53 L   0.82143 0.11138 0.03936 0.01580 0.00674 0.00298 0.00134 0.00060 0.00026 0.00009 0.00002 ( 1)  0.079 +-  0.078
  54 T   0.85144 0.10056 0.03085 0.01074 0.00397 0.00152 0.00059 0.00023 0.00008 0.00003 0.00000 ( 1)  0.072 +-  0.064
  55 G   0.87685 0.08908 0.02356 0.00709 0.00228 0.00076 0.00026 0.00009 0.00003 0.00001 0.00000 ( 1)  0.067 +-  0.054
  56 I   0.04456 0.13468 0.19147 0.18659 0.15211 0.11179 0.07646 0.04905 0.02895 0.01356 0.01078 ( 3)  0.406 +-  0.238
  57 Q   0.14518 0.18473 0.19342 0.16109 0.11921 0.08172 0.05274 0.03205 0.01791 0.00794 0.00401 ( 3)  0.325 +-  0.221
  58 N   0.02267 0.13870 0.22619 0.21630 0.16189 0.10584 0.06348 0.03556 0.01836 0.00759 0.00342 ( 3)  0.381 +-  0.196
  59 Y   0.68107 0.18927 0.07796 0.03118 0.01240 0.00495 0.00198 0.00079 0.00030 0.00010 0.00001 ( 1)  0.103 +-  0.098
  60 Y   0.85304 0.09929 0.03037 0.01066 0.00402 0.00158 0.00064 0.00026 0.00010 0.00003 0.00001 ( 1)  0.072 +-  0.065
  61 N   0.00046 0.01312 0.05375 0.10571 0.14569 0.16212 0.15513 0.13090 0.09648 0.05351 0.08312 ( 6)  0.668 +-  0.333
  62 Q   0.14110 0.18449 0.19481 0.16211 0.11948 0.08163 0.05267 0.03215 0.01816 0.00818 0.00522 ( 3)  0.328 +-  0.225
  63 Y   0.86444 0.09461 0.02711 0.00889 0.00313 0.00115 0.00043 0.00016 0.00006 0.00002 0.00000 ( 1)  0.070 +-  0.059
  64 L   0.59253 0.20368 0.10398 0.05139 0.02517 0.01231 0.00601 0.00290 0.00134 0.00051 0.00018 ( 1)  0.130 +-  0.129
  65 I   0.00084 0.02059 0.07366 0.12826 0.15860 0.16083 0.14274 0.11384 0.08081 0.04402 0.07583 ( 6)  0.635 +-  0.345
  66 A   0.88863 0.08296 0.02025 0.00566 0.00170 0.00053 0.00017 0.00006 0.00002 0.00000 0.00000 ( 1)  0.065 +-  0.049
  67 L   0.47241 0.20736 0.13314 0.08102 0.04779 0.02754 0.01549 0.00843 0.00430 0.00177 0.00074 ( 1)  0.176 +-  0.170
  68 K   0.21971 0.23059 0.20179 0.14248 0.09063 0.05412 0.03082 0.01673 0.00845 0.00343 0.00125 ( 2)  0.261 +-  0.192
  69 E   0.84164 0.10408 0.03366 0.01241 0.00488 0.00199 0.00082 0.00034 0.00014 0.00004 0.00001 ( 1)  0.075 +-  0.069
  70 W   0.72192 0.13471 0.06478 0.03480 0.01954 0.01117 0.00638 0.00357 0.00189 0.00081 0.00043 ( 1)  0.109 +-  0.128
  71 E   0.08200 0.12423 0.15491 0.15376 0.13567 0.11090 0.08531 0.06172 0.04098 0.02145 0.02907 ( 3)  0.439 +-  0.301
  72 E   0.11261 0.24292 0.24854 0.17613 0.10575 0.05813 0.03025 0.01506 0.00705 0.00269 0.00087 ( 3)  0.286 +-  0.175
  73 R   0.26247 0.25226 0.20141 0.12954 0.07500 0.04075 0.02112 0.01044 0.00481 0.00179 0.00040 ( 1)  0.231 +-  0.173
  74 P   0.80241 0.11759 0.04471 0.01919 0.00870 0.00405 0.00190 0.00088 0.00039 0.00014 0.00003 ( 1)  0.084 +-  0.087
  75 N   0.57239 0.20643 0.11013 0.05642 0.02835 0.01405 0.00686 0.00326 0.00146 0.00053 0.00012 ( 1)  0.136 +-  0.134
  76 G   0.08176 0.12322 0.15352 0.15270 0.13528 0.11114 0.08597 0.06255 0.04175 0.02195 0.03016 ( 3)  0.442 +-  0.304
  77 V   0.67330 0.19202 0.08062 0.03261 0.01302 0.00518 0.00205 0.00080 0.00030 0.00009 0.00001 ( 1)  0.105 +-  0.099
  78 R   0.86493 0.09479 0.02697 0.00870 0.00298 0.00106 0.00038 0.00014 0.00005 0.00001 0.00000 ( 1)  0.070 +-  0.058
  79 A   0.27861 0.25574 0.19674 0.12322 0.07027 0.03807 0.01992 0.01007 0.00481 0.00187 0.00067 ( 1)  0.225 +-  0.173
  80 N   0.00262 0.02850 0.07961 0.12630 0.15174 0.15405 0.13874 0.11284 0.08170 0.04529 0.07862 ( 6)  0.632 +-  0.347
  81 L   0.82095 0.11150 0.03948 0.01589 0.00680 0.00302 0.00136 0.00061 0.00027 0.00009 0.00003 ( 1)  0.080 +-  0.079
  82 V   0.04045 0.12891 0.18946 0.18820 0.15491 0.11430 0.07827 0.05024 0.02970 0.01395 0.01161 ( 3)  0.412 +-  0.239
  83 L   0.00539 0.05122 0.12449 0.17111 0.17776 0.15604 0.12178 0.08617 0.05461 0.02677 0.02467 ( 5)  0.518 +-  0.258
  84 Q   0.13118 0.17142 0.18553 0.16053 0.12390 0.08886 0.06012 0.03836 0.02252 0.01048 0.00711 ( 3)  0.347 +-  0.237
  85 R   0.84515 0.10288 0.03264 0.01179 0.00453 0.00181 0.00074 0.00030 0.00012 0.00004 0.00001 ( 1)  0.074 +-  0.067
  86 F   0.89375 0.08031 0.01882 0.00504 0.00145 0.00044 0.00013 0.00004 0.00001 0.00000 0.00000 ( 1)  0.064 +-  0.047
  87 E   0.05431 0.15630 0.21036 0.19292 0.14727 0.10100 0.06430 0.03836 0.02106 0.00920 0.00492 ( 3)  0.373 +-  0.213
  88 I   0.00171 0.02038 0.06166 0.10534 0.13565 0.14696 0.14070 0.12121 0.09262 0.05393 0.11982 ( 6)  0.699 +-  0.395
  89 L   0.78433 0.12177 0.04931 0.02264 0.01103 0.00555 0.00283 0.00144 0.00070 0.00028 0.00013 ( 1)  0.090 +-  0.097
  90 H   0.69893 0.18416 0.07217 0.02760 0.01055 0.00407 0.00158 0.00062 0.00023 0.00007 0.00001 ( 1)  0.099 +-  0.093
  91 A   0.00000 0.00001 0.00012 0.00065 0.00213 0.00510 0.00985 0.01587 0.02135 0.02071 0.92420 (11)  2.329 +-  1.787
  92 L   0.00209 0.02267 0.06365 0.10264 0.12689 0.13413 0.12724 0.11016 0.08569 0.05143 0.17341 (11)  0.780 +-  0.581
  93 F   0.89375 0.08031 0.01882 0.00504 0.00145 0.00044 0.00013 0.00004 0.00001 0.00000 0.00000 ( 1)  0.064 +-  0.047
  94 V   0.31558 0.26872 0.19150 0.11108 0.05864 0.02939 0.01422 0.00664 0.00293 0.00105 0.00024 ( 1)  0.203 +-  0.159
  95 S   0.00227 0.03137 0.09592 0.15395 0.17835 0.16916 0.13935 0.10221 0.06616 0.03267 0.02860 ( 5)  0.554 +-  0.259
  96 S   0.00003 0.00103 0.00599 0.01811 0.03812 0.06251 0.08482 0.09826 0.09690 0.07053 0.52369 (11)  1.426 +-  1.125
  97 M   0.88164 0.08702 0.02216 0.00637 0.00194 0.00061 0.00019 0.00006 0.00002 0.00000 0.00000 ( 1)  0.066 +-  0.051
  98 P   0.85207 0.10053 0.03067 0.01057 0.00385 0.00145 0.00055 0.00021 0.00008 0.00002 0.00000 ( 1)  0.072 +-  0.064
  99 S   0.79399 0.11960 0.04693 0.02084 0.00978 0.00472 0.00230 0.00110 0.00051 0.00019 0.00005 ( 1)  0.087 +-  0.091
 100 F   0.89375 0.08031 0.01882 0.00504 0.00145 0.00044 0.00013 0.00004 0.00001 0.00000 0.00000 ( 1)  0.064 +-  0.047
 101 G   0.85109 0.10057 0.03095 0.01083 0.00403 0.00156 0.00061 0.00024 0.00009 0.00003 0.00000 ( 1)  0.073 +-  0.065
 102 S   0.00657 0.05972 0.13916 0.18337 0.18250 0.15334 0.11440 0.07728 0.04671 0.02185 0.01510 ( 4)  0.491 +-  0.237
 103 G   0.86675 0.09379 0.02644 0.00849 0.00291 0.00104 0.00038 0.00014 0.00005 0.00001 0.00000 ( 1)  0.069 +-  0.058
 104 P   0.84527 0.10344 0.03265 0.01161 0.00435 0.00167 0.00065 0.00025 0.00009 0.00003 0.00000 ( 1)  0.074 +-  0.066
 105 G   0.87575 0.08962 0.02386 0.00723 0.00234 0.00079 0.00027 0.00009 0.00003 0.00001 0.00000 ( 1)  0.067 +-  0.054
 106 S   0.88286 0.08621 0.02184 0.00628 0.00192 0.00061 0.00020 0.00006 0.00002 0.00001 0.00000 ( 1)  0.066 +-  0.051
 107 Q   0.04437 0.13791 0.19849 0.19290 0.15473 0.11064 0.07296 0.04484 0.02524 0.01125 0.00667 ( 3)  0.394 +-  0.221
 108 R   0.24570 0.24406 0.20189 0.13476 0.08108 0.04584 0.02474 0.01275 0.00613 0.00237 0.00067 ( 1)  0.242 +-  0.180
 109 F   0.19836 0.21921 0.20135 0.14867 0.09854 0.06111 0.03601 0.02016 0.01048 0.00436 0.00174 ( 2)  0.277 +-  0.200
 110 Q   0.02241 0.08337 0.14349 0.16674 0.15963 0.13574 0.10589 0.07644 0.05010 0.02565 0.03055 ( 4)  0.495 +-  0.286
 111 A   0.07838 0.19986 0.23781 0.19245 0.12946 0.07818 0.04386 0.02309 0.01122 0.00437 0.00132 ( 3)  0.323 +-  0.187
 112 Q   0.00389 0.04056 0.10703 0.15816 0.17507 0.16230 0.13259 0.09733 0.06340 0.03162 0.02806 ( 5)  0.542 +-  0.261
 113 L   0.78760 0.12157 0.04866 0.02196 0.01046 0.00512 0.00253 0.00123 0.00057 0.00022 0.00007 ( 1)  0.088 +-  0.094
 114 L   0.76363 0.12665 0.05463 0.02661 0.01369 0.00724 0.00386 0.00204 0.00102 0.00042 0.00020 ( 1)  0.096 +-  0.108
 115 V   0.00009 0.00387 0.02128 0.05318 0.08966 0.11904 0.13380 0.13140 0.11207 0.07161 0.26400 (11)  0.932 +-  0.573
 116 V   0.88987 0.08196 0.01996 0.00564 0.00173 0.00056 0.00019 0.00007 0.00002 0.00001 0.00000 ( 1)  0.065 +-  0.049
 117 Y   0.86349 0.09498 0.02739 0.00905 0.00321 0.00119 0.00045 0.00017 0.00006 0.00002 0.00000 ( 1)  0.070 +-  0.060
 118 A   0.66468 0.19363 0.08327 0.03458 0.01420 0.00581 0.00237 0.00096 0.00037 0.00012 0.00002 ( 1)  0.107 +-  0.102
 119 Q   0.85370 0.09978 0.03020 0.01034 0.00375 0.00140 0.00053 0.00020 0.00007 0.00002 0.00000 ( 1)  0.072 +-  0.063
 120 A   0.88317 0.08575 0.02179 0.00634 0.00198 0.00065 0.00022 0.00007 0.00002 0.00001 0.00000 ( 1)  0.066 +-  0.052
 121 A   0.83912 0.10504 0.03437 0.01282 0.00509 0.00210 0.00088 0.00037 0.00015 0.00005 0.00001 ( 1)  0.075 +-  0.070
 122 N   0.87426 0.09011 0.02431 0.00751 0.00249 0.00086 0.00031 0.00011 0.00004 0.00001 0.00000 ( 1)  0.068 +-  0.055
 123 L   0.78451 0.12018 0.04882 0.02281 0.01144 0.00597 0.00318 0.00168 0.00086 0.00036 0.00019 ( 1)  0.091 +-  0.101
 124 H   0.89529 0.07950 0.01839 0.00486 0.00138 0.00041 0.00012 0.00004 0.00001 0.00000 0.00000 ( 1)  0.064 +-  0.047
 125 L   0.77135 0.12561 0.05293 0.02507 0.01250 0.00638 0.00328 0.00166 0.00080 0.00031 0.00011 ( 1)  0.093 +-  0.102
 126 L   0.82052 0.11165 0.03961 0.01596 0.00684 0.00304 0.00137 0.00062 0.00027 0.00010 0.00003 ( 1)  0.080 +-  0.079
 127 L   0.82329 0.11094 0.03887 0.01544 0.00650 0.00283 0.00125 0.00055 0.00023 0.00008 0.00002 ( 1)  0.079 +-  0.077
 128 L   0.82329 0.11094 0.03887 0.01544 0.00650 0.00283 0.00125 0.00055 0.00023 0.00008 0.00002 ( 1)  0.079 +-  0.077
 129 A   0.04618 0.14037 0.19899 0.19166 0.15312 0.10948 0.07237 0.04465 0.02524 0.01129 0.00665 ( 3)  0.392 +-  0.222
 130 D   0.91715 0.06625 0.01275 0.00287 0.00071 0.00019 0.00005 0.00002 0.00000 0.00000 0.00000 ( 1)  0.060 +-  0.039
 131 A   0.88044 0.08719 0.02255 0.00666 0.00211 0.00070 0.00024 0.00008 0.00003 0.00001 0.00000 ( 1)  0.067 +-  0.053
 132 E   0.70611 0.18193 0.06985 0.02622 0.00986 0.00375 0.00144 0.00055 0.00021 0.00006 0.00001 ( 1)  0.097 +-  0.091
 133 K   0.64639 0.19251 0.08763 0.03967 0.01819 0.00847 0.00399 0.00187 0.00085 0.00032 0.00011 ( 1)  0.115 +-  0.115
 134 Y   0.87192 0.09127 0.02497 0.00781 0.00262 0.00091 0.00033 0.00012 0.00004 0.00001 0.00000 ( 1)  0.068 +-  0.056
 135 G   0.81185 0.11463 0.04209 0.01749 0.00769 0.00348 0.00159 0.00072 0.00031 0.00011 0.00002 ( 1)  0.082 +-  0.082
 136 A   0.66745 0.19326 0.08242 0.03389 0.01377 0.00558 0.00226 0.00090 0.00035 0.00011 0.00002 ( 1)  0.107 +-  0.101
 137 R   0.87610 0.08956 0.02376 0.00715 0.00229 0.00076 0.00026 0.00009 0.00003 0.00001 0.00000 ( 1)  0.067 +-  0.054
 138 W   0.72192 0.13471 0.06478 0.03480 0.01954 0.01117 0.00638 0.00357 0.00189 0.00081 0.00043 ( 1)  0.109 +-  0.128
 139 G   0.86626 0.09411 0.02658 0.00853 0.00291 0.00103 0.00037 0.00013 0.00005 0.00001 0.00000 ( 1)  0.069 +-  0.058
 140 L   0.77964 0.12356 0.05075 0.02349 0.01146 0.00573 0.00289 0.00144 0.00068 0.00026 0.00009 ( 1)  0.091 +-  0.098
 141 R   0.00064 0.01716 0.06551 0.12044 0.15565 0.16339 0.14878 0.12074 0.08653 0.04721 0.07394 ( 6)  0.642 +-  0.328
 142 E   0.61543 0.20340 0.09858 0.04570 0.02073 0.00928 0.00410 0.00177 0.00072 0.00024 0.00004 ( 1)  0.121 +-  0.117
 143 S   0.00006 0.00220 0.01133 0.02816 0.04923 0.06966 0.08499 0.09172 0.08671 0.06193 0.51400 (11)  1.377 +-  1.014
 144 Q   0.82054 0.11190 0.03966 0.01592 0.00677 0.00297 0.00132 0.00058 0.00024 0.00008 0.00002 ( 1)  0.080 +-  0.078
 145 I   0.89237 0.08066 0.01927 0.00533 0.00160 0.00051 0.00017 0.00006 0.00002 0.00001 0.00000 ( 1)  0.065 +-  0.048
 146 G   0.49757 0.12833 0.08588 0.06417 0.05008 0.03973 0.03146 0.02439 0.01785 0.01053 0.05000 ( 1)  0.316 +-  0.657
 147 N   0.03276 0.11010 0.17221 0.18258 0.16006 0.12507 0.08994 0.06002 0.03647 0.01739 0.01341 ( 4)  0.437 +-  0.244
 148 L   0.05435 0.11645 0.16708 0.17391 0.15288 0.12064 0.08777 0.05924 0.03635 0.01748 0.01385 ( 4)  0.428 +-  0.252
 149 Y   0.54130 0.20904 0.11844 0.06396 0.03367 0.01741 0.00883 0.00436 0.00203 0.00076 0.00021 ( 1)  0.147 +-  0.144
 150 F   0.33572 0.27535 0.18803 0.10413 0.05234 0.02493 0.01145 0.00508 0.00212 0.00072 0.00013 ( 1)  0.193 +-  0.151
 151 N   0.04906 0.14569 0.20218 0.19114 0.15042 0.10635 0.06983 0.04297 0.02434 0.01096 0.00705 ( 3)  0.387 +-  0.223
 152 E   0.02009 0.08417 0.15289 0.17991 0.16966 0.13941 0.10364 0.07060 0.04334 0.02070 0.01559 ( 4)  0.468 +-  0.246
 153 L   0.56689 0.20877 0.11240 0.05754 0.02866 0.01399 0.00669 0.00311 0.00136 0.00048 0.00010 ( 1)  0.137 +-  0.133
 154 Q   0.85370 0.09978 0.03020 0.01034 0.00375 0.00140 0.00053 0.00020 0.00007 0.00002 0.00000 ( 1)  0.072 +-  0.063
 155 T   0.00004 0.00363 0.02539 0.06804 0.11424 0.14570 0.15459 0.14220 0.11331 0.06761 0.16526 (11)  0.795 +-  0.426
 156 R   0.00327 0.03516 0.09583 0.14661 0.16823 0.16180 0.13717 0.10448 0.07060 0.03647 0.04038 ( 5)  0.569 +-  0.283
 157 T   0.87159 0.09167 0.02505 0.00778 0.00257 0.00088 0.00031 0.00011 0.00004 0.00001 0.00000 ( 1)  0.068 +-  0.056
 158 R   0.00105 0.01440 0.04873 0.09133 0.12689 0.14617 0.14691 0.13133 0.10303 0.06092 0.12922 ( 7)  0.725 +-  0.383
 159 D   0.00075 0.01922 0.07104 0.12727 0.16090 0.16556 0.14790 0.11778 0.08283 0.04437 0.06237 ( 6)  0.622 +-  0.311
 160 Y   0.86336 0.09512 0.02742 0.00904 0.00319 0.00117 0.00044 0.00017 0.00006 0.00002 0.00000 ( 1)  0.070 +-  0.060
 161 T   0.80643 0.11637 0.04357 0.01844 0.00825 0.00381 0.00178 0.00082 0.00036 0.00013 0.00004 ( 1)  0.083 +-  0.085
 162 N   0.90090 0.07578 0.01700 0.00446 0.00128 0.00039 0.00013 0.00004 0.00001 0.00000 0.00000 ( 1)  0.063 +-  0.045
 163 H   0.89529 0.07950 0.01839 0.00486 0.00138 0.00041 0.00012 0.00004 0.00001 0.00000 0.00000 ( 1)  0.064 +-  0.047
 164 C   0.82188 0.11157 0.03930 0.01565 0.00660 0.00287 0.00126 0.00055 0.00023 0.00008 0.00002 ( 1)  0.079 +-  0.077
 165 V   0.84784 0.10136 0.03185 0.01148 0.00444 0.00180 0.00074 0.00031 0.00013 0.00004 0.00001 ( 1)  0.073 +-  0.067
 166 N   0.01702 0.07257 0.13709 0.16905 0.16731 0.14414 0.11216 0.07980 0.05108 0.02536 0.02442 ( 4)  0.497 +-  0.267
 167 A   0.02419 0.08970 0.15298 0.17500 0.16393 0.13564 0.10241 0.07121 0.04475 0.02189 0.01831 ( 4)  0.469 +-  0.255
 168 Y   0.87192 0.09127 0.02497 0.00781 0.00262 0.00091 0.00033 0.00012 0.00004 0.00001 0.00000 ( 1)  0.068 +-  0.056
 169 N   0.91431 0.06810 0.01344 0.00309 0.00077 0.00021 0.00006 0.00002 0.00000 0.00000 0.00000 ( 1)  0.061 +-  0.040
 170 N   0.00059 0.01644 0.06494 0.12222 0.16007 0.16868 0.15289 0.12259 0.08626 0.04596 0.05936 ( 6)  0.626 +-  0.301
 171 G   0.85875 0.09746 0.02874 0.00963 0.00343 0.00126 0.00047 0.00018 0.00006 0.00002 0.00000 ( 1)  0.071 +-  0.061
 172 L   0.82329 0.11094 0.03887 0.01544 0.00650 0.00283 0.00125 0.00055 0.00023 0.00008 0.00002 ( 1)  0.079 +-  0.077
 173 A   0.00347 0.03552 0.09340 0.13980 0.15901 0.15346 0.13207 0.10327 0.07239 0.03919 0.06841 ( 5)  0.606 +-  0.354
 174 G   0.00000 0.00009 0.00126 0.00605 0.01698 0.03436 0.05532 0.07424 0.08334 0.06825 0.66011 (11)  1.583 +-  1.040
 175 L   0.16618 0.19845 0.19638 0.15573 0.11057 0.07329 0.04609 0.02751 0.01522 0.00673 0.00384 ( 2)  0.307 +-  0.217
 176 R   0.61537 0.20343 0.09861 0.04571 0.02073 0.00928 0.00410 0.00177 0.00072 0.00024 0.00004 ( 1)  0.121 +-  0.117
 177 G   0.76209 0.12759 0.05523 0.02686 0.01374 0.00719 0.00379 0.00197 0.00097 0.00039 0.00017 ( 1)  0.096 +-  0.107
 178 T   0.87749 0.08870 0.02338 0.00703 0.00226 0.00076 0.00026 0.00009 0.00003 0.00001 0.00000 ( 1)  0.067 +-  0.054
 179 S   0.06496 0.17474 0.22124 0.19199 0.13945 0.09145 0.05594 0.03221 0.01715 0.00730 0.00357 ( 3)  0.352 +-  0.205
 180 A   0.02082 0.09242 0.16781 0.19216 0.17377 0.13574 0.09546 0.06134 0.03551 0.01602 0.00897 ( 4)  0.444 +-  0.226
 181 E   0.04695 0.13875 0.19242 0.18379 0.14805 0.10857 0.07481 0.04878 0.02948 0.01423 0.01418 ( 3)  0.408 +-  0.250
 182 S   0.88286 0.08621 0.02184 0.00628 0.00192 0.00061 0.00020 0.00006 0.00002 0.00001 0.00000 ( 1)  0.066 +-  0.051
 183 W   0.72192 0.13471 0.06478 0.03480 0.01954 0.01117 0.00638 0.00357 0.00189 0.00081 0.00043 ( 1)  0.109 +-  0.128
 184 L   0.00007 0.00300 0.01651 0.04239 0.07442 0.10349 0.12210 0.12583 0.11239 0.07501 0.32479 (11)  1.019 +-  0.645
 185 K   0.37052 0.28132 0.17856 0.09238 0.04359 0.01957 0.00851 0.00358 0.00143 0.00047 0.00007 ( 1)  0.178 +-  0.141
 186 Y   0.79104 0.11998 0.04755 0.02141 0.01024 0.00506 0.00253 0.00126 0.00060 0.00023 0.00009 ( 1)  0.088 +-  0.094
 187 H   0.69313 0.18727 0.07429 0.02835 0.01067 0.00400 0.00149 0.00055 0.00019 0.00006 0.00001 ( 1)  0.100 +-  0.093
 188 Q   0.22427 0.23356 0.20199 0.14073 0.08841 0.05228 0.02962 0.01609 0.00820 0.00338 0.00146 ( 2)  0.258 +-  0.191
 189 F   0.11218 0.15565 0.17775 0.16146 0.13031 0.09739 0.06850 0.04532 0.02755 0.01323 0.01064 ( 3)  0.373 +-  0.250
 190 R   0.83199 0.10848 0.03649 0.01380 0.00550 0.00224 0.00092 0.00037 0.00014 0.00005 0.00001 ( 1)  0.077 +-  0.072
 191 R   0.86816 0.09318 0.02604 0.00828 0.00281 0.00099 0.00036 0.00013 0.00004 0.00001 0.00000 ( 1)  0.069 +-  0.057
 192 E   0.84843 0.10131 0.03171 0.01134 0.00434 0.00173 0.00070 0.00029 0.00011 0.00004 0.00001 ( 1)  0.073 +-  0.066
 193 A   0.25254 0.25196 0.20590 0.13374 0.07724 0.04140 0.02095 0.01002 0.00443 0.00157 0.00025 ( 1)  0.233 +-  0.171
 194 T   0.85821 0.09765 0.02890 0.00971 0.00347 0.00129 0.00049 0.00018 0.00007 0.00002 0.00000 ( 1)  0.071 +-  0.061
 195 L   0.47990 0.20663 0.13089 0.07899 0.04644 0.02679 0.01514 0.00830 0.00429 0.00179 0.00084 ( 1)  0.174 +-  0.170
 196 M   0.26516 0.25515 0.20269 0.12898 0.07350 0.03914 0.01980 0.00952 0.00426 0.00153 0.00028 ( 1)  0.227 +-  0.169
 197 A   0.66491 0.19366 0.08322 0.03451 0.01414 0.00577 0.00235 0.00094 0.00036 0.00011 0.00002 ( 1)  0.107 +-  0.102
 198 M   0.65638 0.19759 0.08644 0.03591 0.01450 0.00574 0.00223 0.00084 0.00030 0.00009 0.00001 ( 1)  0.109 +-  0.102
 199 D   0.91715 0.06625 0.01275 0.00287 0.00071 0.00019 0.00005 0.00002 0.00000 0.00000 0.00000 ( 1)  0.060 +-  0.039
 200 L   0.80995 0.11524 0.04260 0.01781 0.00789 0.00360 0.00166 0.00076 0.00033 0.00012 0.00003 ( 1)  0.082 +-  0.083
 201 I   0.46841 0.20453 0.13218 0.08170 0.04929 0.02919 0.01694 0.00952 0.00503 0.00214 0.00106 ( 1)  0.180 +-  0.176
 202 A   0.49604 0.20682 0.12748 0.07515 0.04327 0.02448 0.01358 0.00731 0.00371 0.00152 0.00064 ( 1)  0.167 +-  0.164
 203 L   0.82148 0.11131 0.03933 0.01580 0.00675 0.00299 0.00135 0.00061 0.00026 0.00009 0.00003 ( 1)  0.079 +-  0.078
 204 F   0.80453 0.11719 0.04416 0.01875 0.00839 0.00386 0.00179 0.00082 0.00036 0.00013 0.00003 ( 1)  0.084 +-  0.085
 205 P   0.85823 0.09797 0.02889 0.00961 0.00338 0.00122 0.00045 0.00016 0.00006 0.00002 0.00000 ( 1)  0.071 +-  0.061
 206 Y   0.44518 0.20266 0.13616 0.08717 0.05430 0.03311 0.01973 0.01137 0.00615 0.00268 0.00149 ( 1)  0.191 +-  0.185

Positively selected sites

	Prob(w>1)  mean w

    91 A      0.924         2.329 +- 1.787
    96 S      0.524         1.426 +- 1.125
   143 S      0.514         1.377 +- 1.014
   174 G      0.660         1.583 +- 1.040

