Supplemental results for CODEML (seqf: algn  treef: tree)


dN/dS (w) for site classes (K=8)

p:   0.12500  0.12500  0.12500  0.12500  0.12500  0.12500  0.12500  0.12500
w:   0.00615  0.03491  0.07979  0.14025  0.21845  0.31981  0.45728  0.67643

Naive Empirical Bayes (NEB) probabilities for 8 classes & postmean_w
(amino acids refer to 1st sequence: BT_Cry9Ca1)

   1 S   0.01720 0.08268 0.14645 0.18445 0.19008 0.16822 0.12910 0.08182 ( 5)  0.250
   2 N   0.32877 0.25858 0.18006 0.11335 0.06493 0.03366 0.01533 0.00533 ( 1)  0.077
   3 P   0.29521 0.24485 0.18373 0.12595 0.07854 0.04377 0.02081 0.00715 ( 1)  0.088
   4 Q   0.20959 0.19261 0.16893 0.14174 0.11317 0.08480 0.05764 0.03154 ( 1)  0.141
   5 L   0.31707 0.25576 0.18388 0.11916 0.06926 0.03538 0.01507 0.00443 ( 1)  0.079
   6 T   0.28733 0.23968 0.18181 0.12697 0.08163 0.04783 0.02476 0.01000 ( 1)  0.094
   7 R   0.30940 0.25237 0.18446 0.12197 0.07251 0.03791 0.01648 0.00489 ( 1)  0.081
   8 E   0.02029 0.09577 0.16480 0.19946 0.19480 0.15992 0.10936 0.05561 ( 4)  0.226
   9 V   0.01522 0.07454 0.13580 0.17724 0.19041 0.17622 0.14079 0.08979 ( 5)  0.261
  10 Y   0.32502 0.25908 0.18307 0.11618 0.06599 0.03294 0.01375 0.00399 ( 1)  0.076
  11 T   0.28249 0.23723 0.18176 0.12850 0.08375 0.04974 0.02601 0.01051 ( 1)  0.096
  12 D   0.36616 0.27484 0.17746 0.10048 0.04995 0.02151 0.00769 0.00192 ( 1)  0.063
  13 P   0.23942 0.21220 0.17625 0.13801 0.10154 0.06930 0.04248 0.02080 ( 1)  0.120
  14 I   0.02236 0.10316 0.17202 0.20116 0.19026 0.15259 0.10381 0.05464 ( 4)  0.220
  15 V   0.27983 0.23680 0.18314 0.13047 0.08517 0.05003 0.02526 0.00931 ( 1)  0.095
  16 F   0.02463 0.11319 0.18677 0.21353 0.19369 0.14457 0.08711 0.03650 ( 4)  0.202
  17 N   0.37591 0.27688 0.17433 0.09626 0.04700 0.02021 0.00743 0.00200 ( 1)  0.061
  18 P   0.26890 0.23064 0.18204 0.13313 0.08975 0.05484 0.02912 0.01157 ( 1)  0.101
  19 P   0.01559 0.07637 0.13898 0.18071 0.19257 0.17555 0.13669 0.08355 ( 5)  0.256
  20 A   0.31066 0.25109 0.18182 0.11987 0.07209 0.03917 0.01858 0.00671 ( 1)  0.083
  21 N   0.37591 0.27688 0.17433 0.09626 0.04700 0.02021 0.00743 0.00200 ( 1)  0.061
  22 V   0.00013 0.00380 0.01789 0.04828 0.09895 0.17188 0.26781 0.39127 ( 8)  0.472
  23 G   0.26258 0.22699 0.18134 0.13475 0.09261 0.05782 0.03135 0.01256 ( 1)  0.104
  24 L   0.01707 0.08103 0.14162 0.17711 0.18384 0.16761 0.13661 0.09511 ( 5)  0.260
  25 C   0.25247 0.22016 0.17858 0.13580 0.09652 0.06323 0.03676 0.01647 ( 1)  0.112
  26 R   0.25665 0.22260 0.17904 0.13467 0.09452 0.06115 0.03529 0.01608 ( 1)  0.110
  27 R   0.30940 0.25237 0.18446 0.12197 0.07251 0.03791 0.01648 0.00489 ( 1)  0.081
  28 W   0.19293 0.18047 0.16266 0.14147 0.11820 0.09375 0.06861 0.04192 ( 1)  0.156
  29 G   0.01370 0.06807 0.12668 0.16996 0.18875 0.18141 0.15096 0.10047 ( 5)  0.273
  30 T   0.03465 0.14662 0.21512 0.21499 0.17099 0.11557 0.06831 0.03374 ( 3)  0.181
  31 N   0.33166 0.25934 0.17927 0.11210 0.06393 0.03314 0.01518 0.00538 ( 1)  0.076
  32 P   0.27559 0.23323 0.18095 0.13016 0.08675 0.05294 0.02854 0.01184 ( 1)  0.099
  33 Y   0.32502 0.25908 0.18307 0.11618 0.06599 0.03294 0.01375 0.00399 ( 1)  0.076
  34 N   0.00071 0.01772 0.06380 0.12419 0.17664 0.20786 0.21457 0.19452 ( 7)  0.358
  35 T   0.29552 0.24395 0.18218 0.12471 0.07827 0.04455 0.02226 0.00856 ( 1)  0.090
  36 F   0.33610 0.26446 0.18291 0.11253 0.06123 0.02882 0.01109 0.00286 ( 1)  0.071
  37 S   0.24823 0.21680 0.17654 0.13533 0.09762 0.06565 0.04001 0.01981 ( 1)  0.116
  38 E   0.01898 0.09024 0.15713 0.19334 0.19316 0.16376 0.11769 0.06570 ( 4)  0.236
  39 L   0.30187 0.24783 0.18328 0.12355 0.07571 0.04153 0.01953 0.00670 ( 1)  0.086
  40 E   0.28726 0.24061 0.18331 0.12821 0.08197 0.04708 0.02321 0.00834 ( 1)  0.092
  41 N   0.37591 0.27688 0.17433 0.09626 0.04700 0.02021 0.00743 0.00200 ( 1)  0.061
  42 A   0.01907 0.08994 0.15510 0.18953 0.18943 0.16280 0.12119 0.07295 ( 4)  0.240
  43 F   0.25634 0.22267 0.17941 0.13510 0.09479 0.06113 0.03497 0.01559 ( 1)  0.109
  44 I   0.35620 0.27066 0.17833 0.10401 0.05390 0.02461 0.00957 0.00272 ( 1)  0.066
  45 R   0.19257 0.17999 0.16210 0.14097 0.11792 0.09388 0.06930 0.04326 ( 1)  0.157
  46 P   0.24406 0.21496 0.17698 0.13717 0.09979 0.06725 0.04055 0.01924 ( 1)  0.117
  47 P   0.26419 0.22776 0.18123 0.13401 0.09168 0.05711 0.03113 0.01289 ( 1)  0.104
  48 H   0.34363 0.26707 0.18149 0.10941 0.05833 0.02701 0.01034 0.00272 ( 1)  0.069
  49 L   0.02459 0.11279 0.18571 0.21208 0.19264 0.14468 0.08862 0.03888 ( 4)  0.204
  50 F   0.33610 0.26446 0.18291 0.11253 0.06123 0.02882 0.01109 0.00286 ( 1)  0.071
  51 D   0.03052 0.13359 0.20577 0.21741 0.18208 0.12673 0.07298 0.03091 ( 4)  0.186
  52 R   0.24708 0.21765 0.17893 0.13796 0.09916 0.06528 0.03766 0.01628 ( 1)  0.114
  53 L   0.19508 0.18196 0.16333 0.14134 0.11742 0.09257 0.06734 0.04097 ( 1)  0.154
  54 N   0.36259 0.27255 0.17695 0.10153 0.05177 0.02326 0.00888 0.00245 ( 1)  0.065
  55 S   0.01753 0.08441 0.14986 0.18900 0.19429 0.16974 0.12515 0.07002 ( 5)  0.243
  56 L   0.23362 0.20888 0.17571 0.13966 0.10433 0.07213 0.04441 0.02126 ( 1)  0.123
  57 T   0.30487 0.24842 0.18201 0.12169 0.07437 0.04116 0.01999 0.00749 ( 1)  0.086
  58 I   0.33568 0.26192 0.17999 0.11117 0.06206 0.03111 0.01358 0.00448 ( 1)  0.074
  59 S   0.00001 0.00107 0.01006 0.03963 0.10013 0.19040 0.29237 0.36633 ( 8)  0.471
  60 S   0.00056 0.01504 0.05875 0.12420 0.18806 0.22563 0.22102 0.16674 ( 6)  0.350
  61 N   0.02631 0.11741 0.18667 0.20636 0.18403 0.13980 0.09145 0.04798 ( 4)  0.207
  62 R   0.22120 0.20022 0.17172 0.14017 0.10850 0.07866 0.05179 0.02773 ( 1)  0.133
  63 F   0.02463 0.11319 0.18677 0.21353 0.19369 0.14457 0.08711 0.03650 ( 4)  0.202
  64 -   0.13322 0.13215 0.13049 0.12830 0.12553 0.12205 0.11753 0.11073 ( 1)  0.229
  65 -   0.13668 0.13512 0.13272 0.12957 0.12562 0.12071 0.11441 0.10517 ( 1)  0.224
  66 P   0.00021 0.00605 0.02702 0.06781 0.12663 0.19583 0.26338 0.31307 ( 8)  0.434
  67 V   0.00056 0.01499 0.05934 0.12678 0.19272 0.22956 0.21946 0.15659 ( 6)  0.345
  68 S   0.00000 0.00064 0.00636 0.02696 0.07464 0.15920 0.28415 0.44804 ( 8)  0.505
  69 S   0.00034 0.00959 0.04034 0.09364 0.15866 0.21728 0.24919 0.23095 ( 7)  0.391
  70 N   0.02761 0.12372 0.19694 0.21602 0.18780 0.13496 0.07935 0.03360 ( 4)  0.194
  71 F   0.02111 0.09911 0.16915 0.20247 0.19498 0.15718 0.10485 0.05114 ( 4)  0.221
  72 M   0.00016 0.00496 0.02462 0.06778 0.13492 0.21333 0.27585 0.27837 ( 8)  0.424
  73 D   0.02565 0.11631 0.18857 0.21183 0.18970 0.14137 0.08706 0.03950 ( 4)  0.202
  74 Y   0.00072 0.01883 0.07079 0.14220 0.20211 0.22489 0.20203 0.13841 ( 6)  0.328
  75 W   0.19293 0.18047 0.16266 0.14147 0.11820 0.09375 0.06861 0.04192 ( 1)  0.156
  76 S   0.01305 0.06517 0.12229 0.16582 0.18664 0.18258 0.15586 0.10859 ( 5)  0.279
  77 G   0.28166 0.23766 0.18303 0.12972 0.08424 0.04931 0.02495 0.00943 ( 1)  0.095
  78 H   0.34363 0.26707 0.18149 0.10941 0.05833 0.02701 0.01034 0.00272 ( 1)  0.069
  79 T   0.25340 0.21965 0.17688 0.13378 0.09516 0.06325 0.03842 0.01945 ( 1)  0.114
  80 L   0.23362 0.20888 0.17571 0.13966 0.10433 0.07213 0.04441 0.02126 ( 1)  0.123
  81 R   0.00696 0.03760 0.07913 0.12369 0.16430 0.19411 0.20589 0.18830 ( 7)  0.345
  82 R   0.01952 0.09266 0.16084 0.19691 0.19507 0.16287 0.11349 0.05863 ( 4)  0.230
  83 S   0.00021 0.00719 0.03629 0.09633 0.17539 0.24072 0.25436 0.18952 ( 7)  0.376
  84 Y   0.00055 0.01488 0.05857 0.12459 0.18922 0.22661 0.22045 0.16511 ( 6)  0.349
  85 L   0.00000 0.00041 0.00439 0.02036 0.06203 0.14562 0.28446 0.48273 ( 8)  0.520
  86 N   0.30580 0.24800 0.18085 0.12073 0.07413 0.04162 0.02076 0.00811 ( 1)  0.086
  87 D   0.00071 0.01828 0.06738 0.13342 0.18966 0.21665 0.20845 0.16546 ( 6)  0.343
  88 S   0.00755 0.04005 0.08230 0.12560 0.16349 0.19064 0.20192 0.18845 ( 7)  0.342
  89 A   0.01660 0.08063 0.14491 0.18551 0.19399 0.17279 0.13034 0.07523 ( 5)  0.249
  90 V   0.00048 0.01323 0.05341 0.11721 0.18439 0.22900 0.22974 0.17251 ( 7)  0.356
  91 Q   0.00048 0.01308 0.05285 0.11614 0.18310 0.22824 0.23049 0.17561 ( 7)  0.358
  92 E   0.30393 0.24957 0.18432 0.12361 0.07484 0.04008 0.01801 0.00564 ( 1)  0.084
  93 D   0.00104 0.02624 0.09373 0.17552 0.22727 0.22311 0.16777 0.08532 ( 5)  0.288
  94 S   0.36856 0.27591 0.17729 0.09963 0.04895 0.02071 0.00722 0.00174 ( 1)  0.062
  95 Y   0.29477 0.24464 0.18380 0.12622 0.07886 0.04397 0.02080 0.00695 ( 1)  0.088
  96 G   0.24427 0.21495 0.17677 0.13687 0.09953 0.06717 0.04072 0.01972 ( 1)  0.117
  97 L   0.00000 0.00019 0.00215 0.01086 0.03716 0.10215 0.24855 0.59894 ( 8)  0.561
  98 I   0.02961 0.12995 0.20108 0.21397 0.18142 0.12923 0.07800 0.03676 ( 4)  0.192
  99 T   0.30861 0.25026 0.18209 0.12072 0.07298 0.03978 0.01884 0.00671 ( 1)  0.084
 100 T   0.00000 0.00029 0.00325 0.01578 0.05067 0.12665 0.26974 0.53362 ( 8)  0.538
 101 T   0.00000 0.00058 0.00585 0.02540 0.07210 0.15733 0.28579 0.45295 ( 8)  0.507
 102 R   0.01622 0.07932 0.14381 0.18574 0.19559 0.17466 0.13097 0.07370 ( 5)  0.249
 103 A   0.00000 0.00004 0.00098 0.00744 0.03260 0.10294 0.26269 0.59332 ( 8)  0.563
 104 T   0.00039 0.01074 0.04470 0.10215 0.16909 0.22370 0.24335 0.20588 ( 7)  0.377
 105 I   0.02344 0.10819 0.17994 0.20844 0.19305 0.14883 0.09445 0.04366 ( 4)  0.210
 106 N   0.37591 0.27688 0.17433 0.09626 0.04700 0.02021 0.00743 0.00200 ( 1)  0.061
 107 P   0.00000 0.00042 0.00436 0.01960 0.05846 0.13668 0.27372 0.50676 ( 8)  0.528
 108 G   0.00010 0.00316 0.01529 0.04267 0.09084 0.16464 0.26893 0.41435 ( 8)  0.483
 109 V   0.00002 0.00296 0.02443 0.08157 0.16730 0.24518 0.26972 0.20883 ( 7)  0.393
 110 D   0.03270 0.13936 0.20738 0.21214 0.17448 0.12275 0.07487 0.03632 ( 4)  0.188
 111 G   0.26258 0.22699 0.18134 0.13475 0.09261 0.05782 0.03135 0.01256 ( 1)  0.104
 112 T   0.01886 0.08987 0.15695 0.19380 0.19421 0.16478 0.11768 0.06386 ( 5)  0.235
 113 N   0.00000 0.00002 0.00055 0.00441 0.02079 0.07334 0.22216 0.67873 ( 8)  0.589
 114 R   0.00000 0.00033 0.00349 0.01628 0.05081 0.12528 0.26727 0.53654 ( 8)  0.539
 115 I   0.01836 0.08740 0.15251 0.18852 0.19019 0.16454 0.12323 0.07525 ( 5)  0.243
 116 E   0.01714 0.08267 0.14719 0.18651 0.19319 0.17079 0.12832 0.07421 ( 5)  0.247
 117 S   0.24245 0.21430 0.17722 0.13790 0.10056 0.06775 0.04068 0.01914 ( 1)  0.118
 118 T   0.00919 0.04796 0.09605 0.14141 0.17546 0.19199 0.18632 0.15161 ( 6)  0.317
 119 A   0.28511 0.23938 0.18304 0.12864 0.08278 0.04800 0.02406 0.00897 ( 1)  0.093
 120 V   0.00037 0.01034 0.04355 0.10083 0.16900 0.22570 0.24601 0.20421 ( 7)  0.378
 121 D   0.03667 0.15617 0.22984 0.22733 0.17379 0.10690 0.05208 0.01724 ( 3)  0.164
 122 F   0.33610 0.26446 0.18291 0.11253 0.06123 0.02882 0.01109 0.00286 ( 1)  0.071
 123 R   0.01983 0.09428 0.16371 0.19989 0.19649 0.16160 0.10979 0.05441 ( 4)  0.226
 124 S   0.00000 0.00007 0.00150 0.01064 0.04305 0.12361 0.28074 0.54039 ( 8)  0.544
 125 A   0.00000 0.00072 0.00717 0.03028 0.08295 0.17259 0.29295 0.41333 ( 8)  0.492
 126 L   0.00015 0.00430 0.01977 0.05185 0.10311 0.17408 0.26501 0.38174 ( 8)  0.467
 127 I   0.00000 0.00067 0.00648 0.02694 0.07337 0.15498 0.27828 0.45929 ( 8)  0.508
 128 G   0.00091 0.02329 0.08505 0.16392 0.22004 0.22603 0.18039 0.10036 ( 6)  0.301
 129 I   0.00029 0.00819 0.03566 0.08608 0.15186 0.21617 0.25663 0.24512 ( 7)  0.401
 130 Y   0.31241 0.25301 0.18325 0.12021 0.07126 0.03757 0.01685 0.00544 ( 1)  0.081
 131 G   0.21425 0.19517 0.16918 0.14023 0.11080 0.08253 0.05627 0.03157 ( 1)  0.139
 132 V   0.01467 0.07206 0.13191 0.17348 0.18848 0.17728 0.14513 0.09700 ( 5)  0.267
 133 N   0.00082 0.02092 0.07634 0.14819 0.20354 0.22005 0.19468 0.13546 ( 6)  0.323
 134 R   0.00001 0.00123 0.01133 0.04378 0.10788 0.19860 0.29236 0.34480 ( 8)  0.461
 135 A   0.00036 0.01012 0.04306 0.10061 0.16965 0.22687 0.24628 0.20305 ( 7)  0.377
 136 S   0.00041 0.01133 0.04656 0.10481 0.17076 0.22261 0.23973 0.20379 ( 7)  0.375
 137 F   0.02597 0.11792 0.19131 0.21453 0.19085 0.14015 0.08378 0.03549 ( 4)  0.198
 138 V   0.00023 0.00670 0.02961 0.07332 0.13457 0.20317 0.26313 0.28927 ( 8)  0.423
 139 P   0.25614 0.22276 0.17970 0.13539 0.09491 0.06103 0.03472 0.01535 ( 1)  0.109
 140 G   0.00040 0.01107 0.04573 0.10355 0.16987 0.22298 0.24145 0.20495 ( 7)  0.376
 141 G   0.25875 0.22390 0.17950 0.13444 0.09383 0.06021 0.03425 0.01513 ( 1)  0.108
 142 L   0.00015 0.00441 0.02058 0.05474 0.10960 0.18371 0.27068 0.35613 ( 8)  0.457
 143 F   0.00071 0.01877 0.07158 0.14580 0.20895 0.23127 0.20053 0.12238 ( 6)  0.321
 144 N   0.03800 0.16059 0.23361 0.22767 0.17107 0.10327 0.04945 0.01632 ( 3)  0.160
 145 G   0.01480 0.07456 0.13989 0.18601 0.19959 0.17922 0.13312 0.07280 ( 5)  0.251
 146 T   0.01162 0.05858 0.11169 0.15508 0.18049 0.18492 0.16833 0.12929 ( 6)  0.296
 147 T   0.02059 0.09606 0.16305 0.19530 0.19044 0.15854 0.11289 0.06312 ( 4)  0.231
 148 S   0.00000 0.00004 0.00085 0.00637 0.02795 0.08988 0.24213 0.63278 ( 8)  0.575
 149 P   0.01936 0.09227 0.16093 0.19778 0.19622 0.16340 0.11284 0.05720 ( 4)  0.229
 150 A   0.00065 0.01686 0.06325 0.12785 0.18579 0.21707 0.21383 0.17471 ( 6)  0.350
 151 N   0.03457 0.14712 0.21742 0.21850 0.17360 0.11541 0.06497 0.02841 ( 4)  0.177
 152 G   0.00027 0.00768 0.03300 0.07910 0.14024 0.20470 0.25743 0.27757 ( 8)  0.416
 153 G   0.17714 0.16821 0.15523 0.13943 0.12151 0.10190 0.08059 0.05599 ( 1)  0.173
 154 C   0.31626 0.25580 0.18448 0.11978 0.06954 0.03527 0.01474 0.00414 ( 1)  0.078
 155 R   0.01301 0.06500 0.12201 0.16556 0.18655 0.18274 0.15623 0.10890 ( 5)  0.280
 156 D   0.00002 0.00234 0.02006 0.07014 0.15191 0.23707 0.28041 0.23806 ( 7)  0.410
 157 L   0.00010 0.00303 0.01467 0.04096 0.08760 0.16034 0.26683 0.42647 ( 8)  0.488
 158 Y   0.00043 0.01188 0.04891 0.10991 0.17767 0.22754 0.23671 0.18694 ( 7)  0.366
 159 D   0.00104 0.02624 0.09373 0.17552 0.22727 0.22311 0.16777 0.08532 ( 5)  0.288
 160 T   0.01727 0.08273 0.14594 0.18325 0.18884 0.16796 0.13036 0.08366 ( 5)  0.252
 161 N   0.00001 0.00151 0.01349 0.05004 0.11755 0.20550 0.28739 0.32450 ( 8)  0.450
 162 D   0.02623 0.11870 0.19176 0.21423 0.19015 0.13959 0.08362 0.03572 ( 4)  0.198
 163 E   0.02135 0.10006 0.17031 0.20307 0.19452 0.15589 0.10361 0.05118 ( 4)  0.220
 164 L   0.23289 0.20819 0.17514 0.13931 0.10432 0.07253 0.04523 0.02239 ( 1)  0.124
 165 P   0.26890 0.23064 0.18204 0.13313 0.08975 0.05484 0.02912 0.01157 ( 1)  0.101
 166 P   0.00867 0.04505 0.08996 0.13265 0.16636 0.18702 0.19219 0.17811 ( 7)  0.332
 167 D   0.00037 0.01025 0.04254 0.09720 0.16186 0.21772 0.24539 0.22467 ( 7)  0.387
 168 E   0.00083 0.02133 0.07920 0.15597 0.21506 0.22813 0.18916 0.11032 ( 6)  0.310
 169 S   0.02504 0.11465 0.18786 0.21271 0.19111 0.14222 0.08716 0.03925 ( 4)  0.203
 170 T   0.00054 0.01418 0.05441 0.11349 0.17203 0.21255 0.22582 0.20698 ( 7)  0.370
 171 G   0.18894 0.17733 0.16070 0.14085 0.11894 0.09578 0.07173 0.04573 ( 1)  0.160
 172 S   0.00697 0.03709 0.07674 0.11833 0.15650 0.18714 0.20677 0.21046 ( 8)  0.355
 173 S   0.00017 0.00507 0.02327 0.06042 0.11747 0.19013 0.26860 0.33487 ( 8)  0.446
 174 T   0.00000 0.00003 0.00078 0.00600 0.02706 0.08932 0.24476 0.63204 ( 8)  0.575
 175 H   0.02781 0.12482 0.19898 0.21812 0.18873 0.13399 0.07680 0.03074 ( 4)  0.191
 176 R   0.00687 0.03648 0.07576 0.11846 0.15997 0.19446 0.21246 0.19553 ( 7)  0.351
 177 L   0.23330 0.20861 0.17551 0.13956 0.10436 0.07230 0.04472 0.02164 ( 1)  0.123
 178 S   0.32324 0.25811 0.18294 0.11663 0.06673 0.03369 0.01433 0.00433 ( 1)  0.077
 179 H   0.34363 0.26707 0.18149 0.10941 0.05833 0.02701 0.01034 0.00272 ( 1)  0.069
 180 V   0.33768 0.26437 0.18184 0.11152 0.06084 0.02901 0.01153 0.00320 ( 1)  0.071
 181 T   0.29583 0.24280 0.18038 0.12344 0.07819 0.04561 0.02384 0.00991 ( 1)  0.091
 182 F   0.29654 0.24553 0.18379 0.12562 0.07805 0.04327 0.02038 0.00682 ( 1)  0.087
 183 F   0.01174 0.05962 0.11459 0.15997 0.18592 0.18780 0.16472 0.11564 ( 6)  0.288
 184 S   0.00001 0.00084 0.00800 0.03230 0.08479 0.17074 0.28616 0.41716 ( 8)  0.491
 185 F   0.29654 0.24553 0.18379 0.12562 0.07805 0.04327 0.02038 0.00682 ( 1)  0.087
 186 Q   0.00000 0.00001 0.00026 0.00316 0.01920 0.07756 0.24140 0.65842 ( 8)  0.585
 187 T   0.33798 0.26249 0.17929 0.11011 0.06124 0.03073 0.01354 0.00461 ( 1)  0.074
 188 N   0.00098 0.02450 0.08719 0.16359 0.21492 0.21921 0.17919 0.11042 ( 6)  0.304
 189 Q   0.20959 0.19261 0.16893 0.14174 0.11317 0.08480 0.05764 0.03154 ( 1)  0.141
 190 A   0.02491 0.11404 0.18721 0.21287 0.19226 0.14346 0.08727 0.03798 ( 4)  0.202
 191 G   0.23459 0.20918 0.17535 0.13892 0.10361 0.07176 0.04460 0.02199 ( 1)  0.123
 192 S   0.01810 0.08687 0.15330 0.19169 0.19481 0.16769 0.12135 0.06619 ( 5)  0.239
 193 I   0.00056 0.01483 0.05782 0.12196 0.18448 0.22213 0.22126 0.17696 ( 6)  0.354
 194 A   0.00046 0.01244 0.04983 0.10890 0.17212 0.21864 0.23282 0.20480 ( 7)  0.372
 195 N   0.03072 0.13498 0.20864 0.22046 0.18330 0.12512 0.06936 0.02742 ( 4)  0.183
 196 A   0.00000 0.00007 0.00146 0.01018 0.04069 0.11663 0.27028 0.56069 ( 8)  0.551
 197 G   0.21797 0.19783 0.17046 0.14011 0.10952 0.08048 0.05398 0.02966 ( 1)  0.136
 198 S   0.00000 0.00001 0.00025 0.00305 0.01871 0.07639 0.24024 0.66136 ( 8)  0.586
 199 V   0.27393 0.23339 0.18243 0.13183 0.08765 0.05270 0.02745 0.01062 ( 1)  0.099
 200 P   0.29424 0.24438 0.18379 0.12636 0.07905 0.04415 0.02096 0.00708 ( 1)  0.088
 201 T   0.00031 0.00847 0.03511 0.08091 0.13835 0.19718 0.24912 0.29055 ( 8)  0.418
 202 Y   0.32502 0.25908 0.18307 0.11618 0.06599 0.03294 0.01375 0.00399 ( 1)  0.076
 203 V   0.28864 0.24117 0.18314 0.12767 0.08139 0.04667 0.02302 0.00830 ( 1)  0.092
 204 W   0.19293 0.18047 0.16266 0.14147 0.11820 0.09375 0.06861 0.04192 ( 1)  0.156
 205 T   0.01367 0.06742 0.12436 0.16565 0.18374 0.17859 0.15401 0.11256 ( 5)  0.279
 206 R   0.02362 0.10925 0.18205 0.21088 0.19448 0.14815 0.09159 0.03997 ( 4)  0.207
 207 R   0.00019 0.00554 0.02498 0.06360 0.12121 0.19239 0.26665 0.32544 ( 8)  0.441
 208 D   0.36616 0.27484 0.17746 0.10048 0.04995 0.02151 0.00769 0.00192 ( 1)  0.063


lnL = -2395.007912

