Supplemental results for CODEML (seqf: algn  treef: tree)


dN/dS (w) for site classes (K=8)

p:   0.12500  0.12500  0.12500  0.12500  0.12500  0.12500  0.12500  0.12500
w:   0.00129  0.01722  0.05762  0.12810  0.23358  0.37946  0.57299  0.82846

Naive Empirical Bayes (NEB) probabilities for 8 classes & postmean_w
(amino acids refer to 1st sequence: BT_Cry7Cb1)

   1 -   0.22904 0.21608 0.18668 0.14548 0.10162 0.06388 0.03687 0.02035 ( 1)  0.119
   2 -   0.25115 0.23190 0.19025 0.13693 0.08744 0.05177 0.03075 0.01981 ( 1)  0.107
   3 A   0.00635 0.07532 0.18669 0.24891 0.21962 0.14390 0.07876 0.04046 ( 4)  0.228
   4 G   0.33948 0.29106 0.19875 0.10536 0.04390 0.01516 0.00477 0.00152 ( 1)  0.050
   5 G   0.00000 0.00005 0.00178 0.01543 0.06560 0.17241 0.31511 0.42962 ( 8)  0.619
   6 I   0.36333 0.30251 0.19248 0.09163 0.03398 0.01100 0.00366 0.00141 ( 1)  0.044
   7 V   0.00002 0.00366 0.03149 0.10020 0.18209 0.23133 0.23614 0.21506 ( 7)  0.459
   8 A   0.00001 0.00230 0.02113 0.07481 0.15631 0.23062 0.26479 0.25002 ( 7)  0.494
   9 L   0.00615 0.07284 0.18008 0.24163 0.21875 0.14997 0.08581 0.04475 ( 4)  0.237
  10 F   0.00815 0.09440 0.22067 0.26857 0.21071 0.11997 0.05515 0.02239 ( 4)  0.194
  11 T   0.00588 0.07038 0.17828 0.24695 0.22851 0.15398 0.08067 0.03535 ( 4)  0.230
  12 E   0.00000 0.00000 0.00030 0.00524 0.03562 0.13107 0.30942 0.51835 ( 8)  0.665
  13 V   0.00005 0.00727 0.05739 0.15895 0.23870 0.23835 0.18183 0.11746 ( 5)  0.371
  14 L   0.00004 0.00569 0.04693 0.13896 0.22620 0.24504 0.20062 0.13653 ( 6)  0.394
  15 R   0.00003 0.00425 0.03569 0.11432 0.21269 0.26048 0.22453 0.14801 ( 6)  0.417
  16 L   0.00001 0.00111 0.01205 0.05186 0.12952 0.22043 0.28470 0.30032 ( 8)  0.533
  17 L   0.28695 0.25806 0.19852 0.12862 0.07092 0.03448 0.01558 0.00687 ( 1)  0.077
  18 W   0.23120 0.21857 0.18962 0.14823 0.10289 0.06254 0.03272 0.01423 ( 1)  0.112
  19 P   0.31659 0.27937 0.20398 0.11902 0.05448 0.01954 0.00562 0.00139 ( 1)  0.057
  20 N   0.00000 0.00001 0.00092 0.01341 0.07121 0.19391 0.32815 0.39239 ( 8)  0.605
  21 K   0.00000 0.00035 0.00947 0.05985 0.16583 0.26216 0.27819 0.22415 ( 7)  0.492
  22 Q   0.00002 0.00312 0.02747 0.09095 0.17431 0.23407 0.24769 0.22236 ( 7)  0.469
  23 D   0.00001 0.00101 0.01005 0.04040 0.10070 0.18630 0.28338 0.37816 ( 8)  0.576
  24 E   0.00000 0.00064 0.01628 0.09300 0.22181 0.28683 0.23717 0.14427 ( 6)  0.429
  25 L   0.00001 0.00204 0.01861 0.06624 0.14266 0.22197 0.27239 0.27607 ( 8)  0.512
  26 W   0.23120 0.21857 0.18962 0.14823 0.10289 0.06254 0.03272 0.01423 ( 1)  0.112
  27 E   0.37803 0.30847 0.18735 0.08357 0.02918 0.00919 0.00307 0.00116 ( 1)  0.040
  28 S   0.00000 0.00029 0.00817 0.05385 0.15685 0.26000 0.28566 0.23518 ( 7)  0.501
  29 F   0.01006 0.11359 0.24973 0.27514 0.19067 0.09753 0.04375 0.01952 ( 4)  0.174
  30 M   0.36086 0.30408 0.19775 0.09470 0.03263 0.00814 0.00156 0.00027 ( 1)  0.041
  31 K   0.00003 0.00548 0.04657 0.14079 0.22762 0.24072 0.19674 0.14205 ( 6)  0.396
  32 E   0.00816 0.09469 0.22238 0.27186 0.21274 0.11858 0.05191 0.01968 ( 4)  0.190
  33 V   0.34999 0.29502 0.19399 0.09822 0.04013 0.01474 0.00557 0.00233 ( 1)  0.049
  34 E   0.36199 0.30140 0.19216 0.09229 0.03495 0.01168 0.00400 0.00154 ( 1)  0.045
  35 K   0.00000 0.00000 0.00045 0.00751 0.04605 0.14847 0.31032 0.48720 ( 8)  0.650
  36 L   0.29375 0.26280 0.19953 0.12641 0.06749 0.03138 0.01330 0.00534 ( 1)  0.072
  37 I   0.35589 0.29918 0.19475 0.09588 0.03680 0.01212 0.00396 0.00143 ( 1)  0.046
  38 E   0.00000 0.00055 0.01361 0.07474 0.17603 0.24510 0.25510 0.23487 ( 7)  0.485
  39 Q   0.00755 0.08831 0.21144 0.26650 0.21681 0.12627 0.05845 0.02468 ( 4)  0.200
  40 E   0.01220 0.13441 0.27828 0.27947 0.17299 0.07864 0.03143 0.01258 ( 4)  0.153
  41 I   0.39129 0.31438 0.18342 0.07627 0.02428 0.00710 0.00234 0.00092 ( 1)  0.037
  42 T   0.00773 0.09031 0.21491 0.26627 0.21101 0.12172 0.05955 0.02850 ( 4)  0.201
  43 D   0.00008 0.01166 0.08358 0.19883 0.24856 0.21089 0.14811 0.09829 ( 5)  0.335
  44 A   0.00001 0.00092 0.00909 0.03704 0.09607 0.18666 0.29126 0.37896 ( 8)  0.579
  45 V   0.00543 0.06593 0.17095 0.24059 0.22362 0.15453 0.09001 0.04894 ( 4)  0.245
  46 V   0.00002 0.00385 0.03435 0.11458 0.21394 0.26120 0.22630 0.14575 ( 6)  0.416
  47 S   0.00000 0.00002 0.00141 0.01768 0.07916 0.18813 0.30628 0.40732 ( 8)  0.605
  48 K   0.00797 0.09151 0.21020 0.25292 0.20310 0.12687 0.07010 0.03732 ( 4)  0.213
  49 A   0.33711 0.29005 0.19961 0.10684 0.04478 0.01539 0.00474 0.00148 ( 1)  0.051
  50 L   0.00481 0.05711 0.14298 0.20059 0.20301 0.17058 0.12894 0.09198 ( 5)  0.297
  51 A   0.00949 0.10714 0.23605 0.26390 0.19096 0.10663 0.05518 0.03066 ( 4)  0.191
  52 E   0.01072 0.11905 0.25251 0.26816 0.18455 0.09801 0.04611 0.02087 ( 4)  0.175
  53 L   0.30619 0.27075 0.19975 0.12077 0.06068 0.02654 0.01086 0.00446 ( 1)  0.066
  54 E   0.00761 0.08760 0.20321 0.24918 0.20586 0.13252 0.07449 0.03954 ( 4)  0.219
  55 G   0.31565 0.27755 0.20149 0.11775 0.05550 0.02179 0.00764 0.00264 ( 1)  0.060
  56 L   0.30736 0.27150 0.19978 0.12029 0.06013 0.02614 0.01058 0.00423 ( 1)  0.066
  57 R   0.00748 0.08702 0.20617 0.25823 0.21333 0.13126 0.06647 0.03005 ( 4)  0.209
  58 N   0.01013 0.11450 0.25205 0.27855 0.19291 0.09617 0.03986 0.01583 ( 4)  0.170
  59 A   0.00000 0.00008 0.00237 0.01926 0.07560 0.18340 0.31308 0.40622 ( 8)  0.606
  60 L   0.00000 0.00094 0.01094 0.05002 0.12874 0.22047 0.28414 0.30476 ( 8)  0.536
  61 Q   0.00000 0.00001 0.00067 0.01002 0.05541 0.16276 0.31298 0.45815 ( 8)  0.635
  62 G   0.00000 0.00017 0.00486 0.03445 0.11166 0.21726 0.30066 0.33095 ( 8)  0.560
  63 Y   0.33056 0.28632 0.20033 0.11026 0.04806 0.01730 0.00551 0.00166 ( 1)  0.053
  64 T   0.00000 0.00017 0.00486 0.03450 0.11276 0.22088 0.30290 0.32393 ( 8)  0.557
  65 D   0.00000 0.00001 0.00064 0.00970 0.05469 0.16282 0.31431 0.45783 ( 8)  0.635
  66 A   0.00894 0.10179 0.22883 0.26366 0.19733 0.11285 0.05763 0.02897 ( 4)  0.195
  67 L   0.30156 0.26896 0.20214 0.12482 0.06305 0.02652 0.00968 0.00326 ( 1)  0.066
  68 E   0.00973 0.10945 0.23926 0.26593 0.19263 0.10693 0.05199 0.02408 ( 4)  0.185
  69 A   0.00000 0.00056 0.01429 0.08168 0.19860 0.27191 0.25183 0.18113 ( 6)  0.455
  70 W   0.23120 0.21857 0.18962 0.14823 0.10289 0.06254 0.03272 0.01423 ( 1)  0.112
  71 Q   0.00412 0.05041 0.13542 0.20761 0.22322 0.18413 0.12381 0.07127 ( 5)  0.287
  72 N   0.00000 0.00090 0.02110 0.10699 0.22353 0.26398 0.22301 0.16048 ( 6)  0.428
  73 N   0.38404 0.31280 0.18805 0.08080 0.02553 0.00661 0.00168 0.00049 ( 1)  0.037
  74 R   0.00439 0.05368 0.14326 0.21671 0.22727 0.17971 0.11359 0.06138 ( 5)  0.274
  75 S   0.00931 0.10675 0.24302 0.28112 0.20265 0.10193 0.04049 0.01472 ( 4)  0.173
  76 D   0.00002 0.00382 0.03432 0.11496 0.21370 0.25842 0.22416 0.15061 ( 6)  0.418
  77 K   0.00932 0.10650 0.24073 0.27698 0.20100 0.10423 0.04395 0.01729 ( 4)  0.177
  78 L   0.00293 0.03727 0.10840 0.18472 0.22196 0.20297 0.14914 0.09262 ( 5)  0.322
  79 K   0.00000 0.00015 0.00444 0.03228 0.10855 0.21843 0.30553 0.33061 ( 8)  0.562
  80 Q   0.00001 0.00093 0.00954 0.04038 0.10588 0.19992 0.29325 0.35009 ( 8)  0.564
  81 L   0.00001 0.00166 0.01526 0.05588 0.12713 0.21349 0.28260 0.30398 ( 8)  0.533
  82 L   0.00002 0.00342 0.02928 0.09430 0.17795 0.23723 0.24649 0.21132 ( 7)  0.462
  83 V   0.32289 0.28068 0.19864 0.11245 0.05212 0.02121 0.00842 0.00359 ( 1)  0.059
  84 Y   0.00000 0.00000 0.00003 0.00122 0.01427 0.08004 0.26987 0.63456 ( 8)  0.714
  85 D   0.00000 0.00031 0.00831 0.05131 0.14213 0.23730 0.28557 0.27508 ( 7)  0.522
  86 R   0.00550 0.06579 0.16710 0.23380 0.22263 0.16025 0.09503 0.04991 ( 4)  0.249
  87 F   0.00993 0.11225 0.24749 0.27433 0.19219 0.09964 0.04479 0.01939 ( 4)  0.176
  88 V   0.00003 0.00464 0.03797 0.11385 0.19666 0.23881 0.22722 0.18082 ( 6)  0.433
  89 S   0.00000 0.00010 0.00325 0.02647 0.09890 0.21484 0.31350 0.34295 ( 8)  0.572
  90 T   0.00003 0.00443 0.03725 0.11480 0.20073 0.24233 0.22628 0.17414 ( 6)  0.430
  91 E   0.00686 0.08170 0.20217 0.26251 0.21837 0.13207 0.06603 0.03030 ( 4)  0.211
  92 N   0.00000 0.00036 0.00959 0.05867 0.15783 0.24878 0.27713 0.24764 ( 7)  0.503
  93 L   0.00001 0.00187 0.01786 0.06697 0.14827 0.22863 0.27113 0.26527 ( 7)  0.506
  94 F   0.36844 0.30653 0.19371 0.08959 0.03062 0.00836 0.00214 0.00061 ( 1)  0.040
  95 K   0.00000 0.00034 0.00894 0.05545 0.15296 0.24853 0.28235 0.25144 ( 7)  0.508
  96 F   0.00000 0.00000 0.00044 0.00734 0.04694 0.15688 0.32483 0.46356 ( 8)  0.642
  97 A   0.00000 0.00001 0.00092 0.01367 0.07279 0.19644 0.32799 0.38818 ( 8)  0.603
  98 M   0.00984 0.11251 0.25376 0.28776 0.19945 0.09331 0.03301 0.01036 ( 4)  0.163
  99 P   0.29731 0.26696 0.20365 0.12812 0.06540 0.02696 0.00906 0.00254 ( 1)  0.066
 100 S   0.31649 0.27884 0.20304 0.11845 0.05479 0.02033 0.00631 0.00175 ( 1)  0.058
 101 F   0.36844 0.30653 0.19371 0.08959 0.03062 0.00836 0.00214 0.00061 ( 1)  0.040
 102 R   0.00002 0.00274 0.02463 0.08369 0.16454 0.22670 0.25061 0.24707 ( 7)  0.485
 103 V   0.00000 0.00012 0.00341 0.02452 0.08384 0.18129 0.29567 0.41114 ( 8)  0.602
 104 G   0.00000 0.00001 0.00055 0.00837 0.04778 0.14769 0.30546 0.49014 ( 8)  0.649
 105 G   0.33914 0.29165 0.20014 0.10607 0.04337 0.01423 0.00414 0.00126 ( 1)  0.050
 106 F   0.00000 0.00027 0.00740 0.04888 0.14447 0.24874 0.29157 0.25868 ( 7)  0.516
 107 E   0.37803 0.30847 0.18735 0.08357 0.02918 0.00919 0.00307 0.00116 ( 1)  0.040
 108 V   0.00765 0.08711 0.19727 0.23471 0.19183 0.13067 0.08749 0.06327 ( 4)  0.240
 109 P   0.32660 0.28550 0.20353 0.11392 0.04905 0.01622 0.00424 0.00094 ( 1)  0.052
 110 L   0.30736 0.27150 0.19978 0.12029 0.06013 0.02614 0.01058 0.00423 ( 1)  0.066
 111 L   0.29682 0.26255 0.19468 0.12067 0.06537 0.03350 0.01731 0.00910 ( 1)  0.077
 112 T   0.00004 0.00620 0.05045 0.14610 0.23089 0.24214 0.19322 0.13096 ( 6)  0.387
 113 V   0.34999 0.29502 0.19399 0.09822 0.04013 0.01474 0.00557 0.00233 ( 1)  0.049
 114 Y   0.33056 0.28632 0.20033 0.11026 0.04806 0.01730 0.00551 0.00166 ( 1)  0.053
 115 A   0.33017 0.28565 0.19955 0.11002 0.04848 0.01794 0.00609 0.00210 ( 1)  0.054
 116 Q   0.32694 0.28518 0.20251 0.11318 0.04923 0.01690 0.00482 0.00125 ( 1)  0.053
 117 A   0.33154 0.28678 0.20003 0.10961 0.04755 0.01709 0.00556 0.00184 ( 1)  0.053
 118 A   0.33421 0.28837 0.19984 0.10826 0.04619 0.01627 0.00518 0.00167 ( 1)  0.052
 119 N   0.32069 0.27961 0.19964 0.11486 0.05399 0.02141 0.00744 0.00236 ( 1)  0.058
 120 L   0.31029 0.27255 0.19816 0.11783 0.05888 0.02625 0.01120 0.00484 ( 1)  0.066
 121 H   0.32709 0.28497 0.20194 0.11284 0.04942 0.01731 0.00509 0.00134 ( 1)  0.054
 122 L   0.29761 0.26532 0.19970 0.12473 0.06536 0.02980 0.01247 0.00501 ( 1)  0.070
 123 L   0.00326 0.04056 0.11308 0.18365 0.21303 0.19382 0.14893 0.10368 ( 5)  0.325
 124 L   0.30736 0.27150 0.19978 0.12029 0.06013 0.02614 0.01058 0.00423 ( 1)  0.066
 125 L   0.30736 0.27150 0.19978 0.12029 0.06013 0.02614 0.01058 0.00423 ( 1)  0.066
 126 K   0.00566 0.06655 0.16260 0.21812 0.20579 0.15819 0.11003 0.07306 ( 4)  0.270
 127 N   0.01216 0.13405 0.27775 0.27929 0.17318 0.07895 0.03174 0.01288 ( 4)  0.153
 128 S   0.00671 0.07871 0.19049 0.24690 0.21388 0.14069 0.07937 0.04326 ( 4)  0.229
 129 E   0.00001 0.00249 0.02341 0.08487 0.17767 0.25038 0.25757 0.20360 ( 7)  0.465
 130 L   0.00004 0.00559 0.04473 0.12723 0.20127 0.22404 0.21019 0.18693 ( 6)  0.426
 131 F   0.35720 0.30080 0.19614 0.09589 0.03554 0.01066 0.00293 0.00085 ( 1)  0.044
 132 G   0.33183 0.28729 0.20066 0.10985 0.04721 0.01651 0.00509 0.00155 ( 1)  0.053
 133 A   0.00721 0.08334 0.19543 0.24383 0.20631 0.13737 0.08102 0.04550 ( 4)  0.228
 134 E   0.36612 0.30319 0.19091 0.09013 0.03358 0.01106 0.00367 0.00132 ( 1)  0.043
 135 W   0.23120 0.21857 0.18962 0.14823 0.10289 0.06254 0.03272 0.01423 ( 1)  0.112
 136 G   0.34203 0.29251 0.19843 0.10401 0.04264 0.01446 0.00448 0.00143 ( 1)  0.049
 137 M   0.00000 0.00016 0.00489 0.03603 0.12170 0.23941 0.31062 0.28718 ( 7)  0.540
 138 Q   0.00000 0.00021 0.00580 0.03915 0.12020 0.22133 0.29271 0.32060 ( 8)  0.551
 139 Q   0.00000 0.00000 0.00033 0.00555 0.03583 0.12677 0.29849 0.53302 ( 8)  0.670
 140 Y   0.00000 0.00000 0.00025 0.00423 0.02872 0.10995 0.28628 0.57056 ( 8)  0.686
 141 E   0.00723 0.08188 0.18276 0.21486 0.18035 0.13668 0.10732 0.08891 ( 4)  0.269
 142 I   0.00963 0.10750 0.23134 0.25222 0.18314 0.10979 0.06509 0.04130 ( 4)  0.203
 143 D   0.00000 0.00027 0.00721 0.04608 0.13310 0.23170 0.29002 0.29162 ( 8)  0.533
 144 L   0.00000 0.00013 0.00387 0.02781 0.09383 0.19564 0.29888 0.37984 ( 8)  0.586
 145 F   0.00732 0.08460 0.19796 0.24632 0.20793 0.13726 0.07813 0.04049 ( 4)  0.223
 146 Y   0.31598 0.27737 0.20078 0.11726 0.05570 0.02232 0.00796 0.00264 ( 1)  0.060
 147 N   0.00012 0.01723 0.11715 0.25228 0.26883 0.18413 0.10336 0.05690 ( 5)  0.278
 148 E   0.00002 0.00379 0.03414 0.11516 0.21709 0.26508 0.22553 0.13920 ( 6)  0.413
 149 Q   0.31210 0.27595 0.20284 0.12042 0.05729 0.02213 0.00720 0.00208 ( 1)  0.060
 150 K   0.00004 0.00634 0.05236 0.15389 0.24333 0.24776 0.18438 0.11190 ( 6)  0.372
 151 D   0.00000 0.00007 0.00214 0.01721 0.06803 0.17058 0.30776 0.43421 ( 8)  0.619
 152 Y   0.00000 0.00007 0.00218 0.01660 0.06294 0.15728 0.29839 0.46254 ( 8)  0.631
 153 V   0.00000 0.00021 0.00583 0.03898 0.11950 0.22225 0.29661 0.31661 ( 8)  0.550
 154 V   0.00004 0.00600 0.04845 0.13945 0.22149 0.23877 0.20082 0.14497 ( 6)  0.398
 155 E   0.00005 0.00795 0.06150 0.16532 0.24002 0.23277 0.17565 0.11675 ( 5)  0.367
 156 Y   0.30788 0.27223 0.20070 0.12091 0.06004 0.02539 0.00956 0.00328 ( 1)  0.064
 157 T   0.00549 0.06596 0.16865 0.23756 0.22624 0.16033 0.09123 0.04454 ( 4)  0.244
 158 D   0.39068 0.31503 0.18501 0.07697 0.02375 0.00627 0.00173 0.00057 ( 1)  0.036
 159 H   0.00838 0.09684 0.22496 0.27071 0.20883 0.11647 0.05259 0.02122 ( 4)  0.190
 160 C   0.32450 0.28404 0.20330 0.11483 0.05034 0.01718 0.00471 0.00110 ( 1)  0.054
 161 V   0.34267 0.29119 0.19526 0.10194 0.04320 0.01644 0.00644 0.00285 ( 1)  0.052
 162 K   0.00939 0.10554 0.23051 0.25646 0.18866 0.11126 0.06217 0.03601 ( 4)  0.200
 163 W   0.23120 0.21857 0.18962 0.14823 0.10289 0.06254 0.03272 0.01423 ( 1)  0.112
 164 Y   0.33056 0.28632 0.20033 0.11026 0.04806 0.01730 0.00551 0.00166 ( 1)  0.053
 165 T   0.00000 0.00001 0.00054 0.00798 0.04499 0.13985 0.29833 0.50830 ( 8)  0.657
 166 E   0.00003 0.00562 0.04836 0.14997 0.24867 0.25817 0.18631 0.10286 ( 6)  0.370
 167 G   0.28050 0.25425 0.19922 0.13252 0.07491 0.03657 0.01583 0.00620 ( 1)  0.079
 168 L   0.30736 0.27150 0.19978 0.12029 0.06013 0.02614 0.01058 0.00423 ( 1)  0.066
 169 N   0.01354 0.14752 0.29672 0.28262 0.16115 0.06586 0.02374 0.00885 ( 3)  0.139
 170 R   0.00000 0.00011 0.00313 0.02263 0.07921 0.17718 0.29720 0.42055 ( 8)  0.608
 171 L   0.29477 0.26358 0.19981 0.12609 0.06679 0.03073 0.01296 0.00528 ( 1)  0.072
 172 K   0.35627 0.29924 0.19459 0.09586 0.03685 0.01204 0.00382 0.00132 ( 1)  0.046
 173 N   0.14624 0.14477 0.14110 0.13497 0.12636 0.11549 0.10272 0.08835 ( 1)  0.233
 174 A   0.14443 0.14310 0.13980 0.13425 0.12640 0.11642 0.10457 0.09104 ( 1)  0.237
 175 S   0.13602 0.13530 0.13349 0.13042 0.12603 0.12032 0.11334 0.10507 ( 1)  0.254
 176 G   0.34814 0.29626 0.19820 0.10096 0.03937 0.01241 0.00356 0.00110 ( 1)  0.047
 177 V   0.00000 0.00014 0.00410 0.03021 0.10411 0.21622 0.31035 0.33487 ( 8)  0.566
 178 K   0.01274 0.13987 0.28696 0.28279 0.16890 0.07226 0.02661 0.00987 ( 3)  0.145
 179 G   0.00684 0.08093 0.19913 0.26133 0.22289 0.13600 0.06527 0.02761 ( 4)  0.210
 180 K   0.00005 0.00786 0.06105 0.16481 0.23984 0.23346 0.17704 0.11591 ( 5)  0.367
 181 V   0.00000 0.00000 0.00038 0.00733 0.05039 0.16943 0.33435 0.43813 ( 8)  0.632
 182 W   0.23120 0.21857 0.18962 0.14823 0.10289 0.06254 0.03272 0.01423 ( 1)  0.112
 183 E   0.00002 0.00359 0.03085 0.09868 0.18170 0.23488 0.24058 0.20969 ( 7)  0.458
 184 E   0.00000 0.00001 0.00049 0.00713 0.03966 0.12511 0.28500 0.54260 ( 8)  0.671
 185 Y   0.33056 0.28632 0.20033 0.11026 0.04806 0.01730 0.00551 0.00166 ( 1)  0.053
 186 N   0.00581 0.06881 0.17050 0.23133 0.21581 0.15658 0.09690 0.05425 ( 4)  0.251
 187 R   0.00358 0.04461 0.12441 0.20101 0.22779 0.19449 0.13108 0.07303 ( 5)  0.296
 188 F   0.30098 0.26828 0.20151 0.12469 0.06358 0.02730 0.01023 0.00343 ( 1)  0.067
 189 R   0.24862 0.23172 0.19418 0.14363 0.09287 0.05233 0.02571 0.01094 ( 1)  0.099
 190 R   0.34959 0.29749 0.19880 0.10065 0.03843 0.01143 0.00289 0.00072 ( 1)  0.045
 191 E   0.37803 0.30847 0.18735 0.08357 0.02918 0.00919 0.00307 0.00116 ( 1)  0.040
 192 M   0.36086 0.30408 0.19775 0.09470 0.03263 0.00814 0.00156 0.00027 ( 1)  0.041
 193 T   0.33300 0.28822 0.20102 0.10952 0.04647 0.01581 0.00463 0.00132 ( 1)  0.052
 194 I   0.00473 0.05712 0.14848 0.21648 0.21943 0.17211 0.11364 0.06802 ( 5)  0.275
 195 M   0.00000 0.00014 0.00399 0.02751 0.08921 0.18432 0.29351 0.40132 ( 8)  0.595
 196 V   0.31472 0.27505 0.19759 0.11530 0.05634 0.02483 0.01094 0.00523 ( 1)  0.064
 197 L   0.30736 0.27150 0.19978 0.12029 0.06013 0.02614 0.01058 0.00423 ( 1)  0.066
 198 D   0.39068 0.31503 0.18501 0.07697 0.02375 0.00627 0.00173 0.00057 ( 1)  0.036
 199 L   0.00001 0.00136 0.01361 0.05521 0.13407 0.22413 0.28173 0.28988 ( 8)  0.526
 200 L   0.00002 0.00378 0.03168 0.09843 0.17777 0.22978 0.23979 0.21875 ( 7)  0.462
 201 P   0.00004 0.00580 0.04763 0.13991 0.22505 0.24114 0.19853 0.14191 ( 6)  0.396
 202 L   0.30736 0.27150 0.19978 0.12029 0.06013 0.02614 0.01058 0.00423 ( 1)  0.066
 203 F   0.36844 0.30653 0.19371 0.08959 0.03062 0.00836 0.00214 0.00061 ( 1)  0.040
 204 P   0.00754 0.08843 0.21297 0.26990 0.21917 0.12527 0.05532 0.02139 ( 4)  0.197
 205 I   0.00000 0.00002 0.00086 0.00824 0.04045 0.12860 0.29590 0.52592 ( 8)  0.665


lnL = -2321.774712

