Supplemental results for CODEML (seqf: algn  treef: tree)


dN/dS (w) for site classes (K=4)

site class             0        1       2a       2b
proportion       0.36764  0.63236  0.00000  0.00000
background w     0.10885  1.00000  0.10885  1.00000
foreground w     0.10885  1.00000  1.00000  1.00000

Naive Empirical Bayes (NEB) probabilities for 4 classes
(amino acids refer to 1st sequence: BT_Cry16Aa1)

   1 -   0.36947 0.63053 0.00000 0.00000 ( 2)
   2 -   0.12944 0.87056 0.00000 0.00000 ( 2)
   3 -   0.04964 0.95036 0.00000 0.00000 ( 2)
   4 -   0.86333 0.13667 0.00000 0.00000 ( 1)
   5 M   0.08159 0.91841 0.00000 0.00000 ( 2)
   6 Q   0.99686 0.00314 0.00000 0.00000 ( 1)
   7 T   0.99890 0.00110 0.00000 0.00000 ( 1)
   8 L   0.98122 0.01878 0.00000 0.00000 ( 1)
   9 T   0.99997 0.00003 0.00000 0.00000 ( 1)
  10 R   1.00000 0.00000 0.00000 0.00000 ( 1)
  11 K   0.99818 0.00182 0.00000 0.00000 ( 1)
  12 V   0.91416 0.08584 0.00000 0.00000 ( 1)
  13 Y   0.99999 0.00001 0.00000 0.00000 ( 1)
  14 S   0.99667 0.00333 0.00000 0.00000 ( 1)
  15 D   0.99991 0.00009 0.00000 0.00000 ( 1)
  16 P   0.99970 0.00030 0.00000 0.00000 ( 1)
  17 V   0.99170 0.00830 0.00000 0.00000 ( 1)
  18 N   0.99913 0.00087 0.00000 0.00000 ( 1)
  19 F   0.21821 0.78179 0.00000 0.00000 ( 2)
  20 I   0.36764 0.63236 0.00000 0.00000 ( 2)
  21 D   0.00387 0.99613 0.00000 0.00000 ( 2)
  22 E   0.10926 0.89074 0.00000 0.00000 ( 2)
  23 N   0.98648 0.01352 0.00000 0.00000 ( 1)
  24 I   0.00002 0.99998 0.00000 0.00000 ( 2)
  25 P   0.78211 0.21789 0.00000 0.00000 ( 1)
  26 I   0.94983 0.05017 0.00000 0.00000 ( 1)
  27 S   0.21021 0.78979 0.00000 0.00000 ( 2)
  28 E   0.87185 0.12815 0.00000 0.00000 ( 1)
  29 Y   0.99983 0.00017 0.00000 0.00000 ( 1)
  30 E   0.99765 0.00235 0.00000 0.00000 ( 1)
  31 K   0.24535 0.75465 0.00000 0.00000 ( 2)
  32 M   0.28943 0.71057 0.00000 0.00000 ( 2)
  33 Y   0.99949 0.00051 0.00000 0.00000 ( 1)
  34 N   0.98977 0.01023 0.00000 0.00000 ( 1)
  35 I   0.01629 0.98371 0.00000 0.00000 ( 2)
  36 S   0.00125 0.99875 0.00000 0.00000 ( 2)
  37 P   0.99634 0.00366 0.00000 0.00000 ( 1)
  38 E   0.02431 0.97569 0.00000 0.00000 ( 2)
  39 L   0.00241 0.99759 0.00000 0.00000 ( 2)
  40 F   0.99998 0.00002 0.00000 0.00000 ( 1)
  41 S   0.00009 0.99991 0.00000 0.00000 ( 2)
  42 T   0.08053 0.91947 0.00000 0.00000 ( 2)
  43 L   0.99999 0.00001 0.00000 0.00000 ( 1)
  44 F   0.00240 0.99760 0.00000 0.00000 ( 2)
  45 S   0.00000 1.00000 0.00000 0.00000 ( 2)
  46 I   0.01504 0.98496 0.00000 0.00000 ( 2)
  47 S   0.01219 0.98781 0.00000 0.00000 ( 2)
  48 F   0.97599 0.02401 0.00000 0.00000 ( 1)
  49 Y   0.99106 0.00894 0.00000 0.00000 ( 1)
  50 T   0.95225 0.04775 0.00000 0.00000 ( 1)
  51 N   0.03031 0.96969 0.00000 0.00000 ( 2)
  52 K   0.00891 0.99109 0.00000 0.00000 ( 2)
  53 S   0.02063 0.97937 0.00000 0.00000 ( 2)
  54 G   0.00182 0.99818 0.00000 0.00000 ( 2)
  55 -   0.04062 0.95938 0.00000 0.00000 ( 2)
  56 -   0.01025 0.98975 0.00000 0.00000 ( 2)
  57 -   0.49201 0.50799 0.00000 0.00000 ( 2)
  58 -   0.70866 0.29134 0.00000 0.00000 ( 1)
  59 -   0.36764 0.63236 0.00000 0.00000 ( 2)
  60 N   0.00020 0.99980 0.00000 0.00000 ( 2)
  61 K   0.00078 0.99922 0.00000 0.00000 ( 2)
  62 F   0.00930 0.99070 0.00000 0.00000 ( 2)
  63 L   0.99939 0.00061 0.00000 0.00000 ( 1)
  64 N   0.88662 0.11338 0.00000 0.00000 ( 1)
  65 G   0.99994 0.00006 0.00000 0.00000 ( 1)
  66 H   0.92603 0.07397 0.00000 0.00000 ( 1)
  67 V   0.00042 0.99958 0.00000 0.00000 ( 2)
  68 N   0.99854 0.00146 0.00000 0.00000 ( 1)
  69 R   0.03102 0.96898 0.00000 0.00000 ( 2)
  70 H   0.96351 0.03649 0.00000 0.00000 ( 1)
  71 V   0.00036 0.99964 0.00000 0.00000 ( 2)
  72 G   0.00010 0.99990 0.00000 0.00000 ( 2)
  73 T   0.22849 0.77151 0.00000 0.00000 ( 2)
  74 D   0.00001 0.99999 0.00000 0.00000 ( 2)
  75 L   0.00014 0.99986 0.00000 0.00000 ( 2)
  76 N   0.48580 0.51420 0.00000 0.00000 ( 2)
  77 Y   0.25524 0.74476 0.00000 0.00000 ( 2)
  78 N   0.00247 0.99753 0.00000 0.00000 ( 2)
  79 G   0.03333 0.96667 0.00000 0.00000 ( 2)
  80 L   0.66077 0.33923 0.00000 0.00000 ( 1)
  81 R   0.00144 0.99856 0.00000 0.00000 ( 2)
  82 E   0.86101 0.13899 0.00000 0.00000 ( 1)
  83 T   0.21341 0.78659 0.00000 0.00000 ( 2)
  84 H   0.00086 0.99914 0.00000 0.00000 ( 2)
  85 Y   0.00930 0.99070 0.00000 0.00000 ( 2)
  86 G   0.99999 0.00001 0.00000 0.00000 ( 1)
  87 N   0.08490 0.91510 0.00000 0.00000 ( 2)
  88 Y   0.06968 0.93032 0.00000 0.00000 ( 2)
  89 G   0.00900 0.99100 0.00000 0.00000 ( 2)
  90 S   0.00153 0.99847 0.00000 0.00000 ( 2)
  91 N   0.00549 0.99451 0.00000 0.00000 ( 2)
  92 Y   0.00257 0.99743 0.00000 0.00000 ( 2)
  93 E   0.01099 0.98901 0.00000 0.00000 ( 2)
  94 V   0.00784 0.99216 0.00000 0.00000 ( 2)
  95 E   0.00006 0.99994 0.00000 0.00000 ( 2)
  96 S   0.06764 0.93236 0.00000 0.00000 ( 2)
  97 M   0.00134 0.99866 0.00000 0.00000 ( 2)
  98 A   0.92179 0.07821 0.00000 0.00000 ( 1)
  99 F   0.81510 0.18490 0.00000 0.00000 ( 1)
 100 D   0.02130 0.97870 0.00000 0.00000 ( 2)
 101 D   0.93068 0.06932 0.00000 0.00000 ( 1)
 102 I   0.13250 0.86750 0.00000 0.00000 ( 2)
 103 -   0.36764 0.63236 0.00000 0.00000 ( 2)
 104 -   0.36764 0.63236 0.00000 0.00000 ( 2)
 105 -   0.36764 0.63236 0.00000 0.00000 ( 2)
 106 -   0.36764 0.63236 0.00000 0.00000 ( 2)
 107 -   0.55040 0.44960 0.00000 0.00000 ( 1)
 108 -   0.25086 0.74914 0.00000 0.00000 ( 2)
 109 K   0.01718 0.98282 0.00000 0.00000 ( 2)
 110 A   0.44995 0.55005 0.00000 0.00000 ( 2)
 111 Y   0.99997 0.00003 0.00000 0.00000 ( 1)
 112 S   0.48629 0.51371 0.00000 0.00000 ( 2)
 113 N   0.93929 0.06071 0.00000 0.00000 ( 1)
 114 N   0.37313 0.62687 0.00000 0.00000 ( 2)
 115 Y   0.16265 0.83735 0.00000 0.00000 ( 2)
 116 F   0.00743 0.99257 0.00000 0.00000 ( 2)
 117 N   0.96275 0.03725 0.00000 0.00000 ( 1)
 118 N   0.01038 0.98962 0.00000 0.00000 ( 2)
 119 T   0.00009 0.99991 0.00000 0.00000 ( 2)
 120 Q   0.02800 0.97200 0.00000 0.00000 ( 2)
 121 N   0.00362 0.99638 0.00000 0.00000 ( 2)
 122 N   0.00230 0.99770 0.00000 0.00000 ( 2)
 123 N   0.00693 0.99307 0.00000 0.00000 ( 2)
 124 P   0.02603 0.97397 0.00000 0.00000 ( 2)
 125 T   0.17429 0.82571 0.00000 0.00000 ( 2)
 126 -   0.36764 0.63236 0.00000 0.00000 ( 2)
 127 S   0.03743 0.96257 0.00000 0.00000 ( 2)
 128 V   0.01481 0.98519 0.00000 0.00000 ( 2)
 129 K   0.01109 0.98891 0.00000 0.00000 ( 2)
 130 S   0.00138 0.99862 0.00000 0.00000 ( 2)
 131 I   0.92465 0.07535 0.00000 0.00000 ( 1)
 132 K   0.34929 0.65071 0.00000 0.00000 ( 2)
 133 F   0.01742 0.98258 0.00000 0.00000 ( 2)
 134 L   0.00521 0.99479 0.00000 0.00000 ( 2)
 135 I   0.02122 0.97878 0.00000 0.00000 ( 2)
 136 T   0.00002 0.99998 0.00000 0.00000 ( 2)
 137 K   0.00051 0.99949 0.00000 0.00000 ( 2)
 138 N   0.05871 0.94129 0.00000 0.00000 ( 2)
 139 N   0.00010 0.99990 0.00000 0.00000 ( 2)
 140 D   0.29092 0.70908 0.00000 0.00000 ( 2)
 141 E   0.14204 0.85796 0.00000 0.00000 ( 2)
 142 W   0.00093 0.99907 0.00000 0.00000 ( 2)
 143 I   0.00000 1.00000 0.00000 0.00000 ( 2)
 144 Y   0.00757 0.99243 0.00000 0.00000 ( 2)
 145 G   0.65780 0.34220 0.00000 0.00000 ( 1)
 146 E   0.97739 0.02261 0.00000 0.00000 ( 1)
 147 P   0.00217 0.99783 0.00000 0.00000 ( 2)
 148 D   0.00000 1.00000 0.00000 0.00000 ( 2)
 149 S   0.00000 1.00000 0.00000 0.00000 ( 2)
 150 S   0.29081 0.70919 0.00000 0.00000 ( 2)
 151 N   0.00180 0.99820 0.00000 0.00000 ( 2)
 152 I   0.00009 0.99991 0.00000 0.00000 ( 2)
 153 D   0.18561 0.81439 0.00000 0.00000 ( 2)
 154 F   0.05910 0.94090 0.00000 0.00000 ( 2)
 155 T   0.07281 0.92719 0.00000 0.00000 ( 2)
 156 R   0.48737 0.51263 0.00000 0.00000 ( 2)
 157 N   0.47485 0.52515 0.00000 0.00000 ( 2)
 158 I   0.29964 0.70036 0.00000 0.00000 ( 2)
 159 -   0.00025 0.99975 0.00000 0.00000 ( 2)
 160 -   0.00050 0.99950 0.00000 0.00000 ( 2)
 161 -   0.41179 0.58821 0.00000 0.00000 ( 2)
 162 -   0.00033 0.99967 0.00000 0.00000 ( 2)
 163 -   0.03000 0.97000 0.00000 0.00000 ( 2)
 164 -   0.07645 0.92355 0.00000 0.00000 ( 2)
 165 -   0.00002 0.99998 0.00000 0.00000 ( 2)
 166 -   0.04211 0.95789 0.00000 0.00000 ( 2)
 167 -   0.42487 0.57513 0.00000 0.00000 ( 2)
 168 -   0.49050 0.50950 0.00000 0.00000 ( 2)
 169 Q   0.00354 0.99646 0.00000 0.00000 ( 2)
 170 G   0.01027 0.98973 0.00000 0.00000 ( 2)
 171 Y   0.03284 0.96716 0.00000 0.00000 ( 2)
 172 L   0.00065 0.99935 0.00000 0.00000 ( 2)
 173 S   0.00001 0.99999 0.00000 0.00000 ( 2)
 174 N   0.00016 0.99984 0.00000 0.00000 ( 2)
 175 L   0.99869 0.00131 0.00000 0.00000 ( 1)
 176 N   0.24594 0.75406 0.00000 0.00000 ( 2)
 177 N   0.01117 0.98883 0.00000 0.00000 ( 2)
 178 E   0.00324 0.99676 0.00000 0.00000 ( 2)
 179 S   0.99703 0.00297 0.00000 0.00000 ( 1)
 180 Y   0.17197 0.82803 0.00000 0.00000 ( 2)
 181 T   0.92139 0.07861 0.00000 0.00000 ( 1)
 182 H   0.99999 0.00001 0.00000 0.00000 ( 1)
 183 S   0.00526 0.99474 0.00000 0.00000 ( 2)
 184 L   0.99985 0.00015 0.00000 0.00000 ( 1)
 185 S   0.99957 0.00043 0.00000 0.00000 ( 1)
 186 D   0.99990 0.00010 0.00000 0.00000 ( 1)
 187 M   0.26883 0.73117 0.00000 0.00000 ( 2)
 188 I   0.99986 0.00014 0.00000 0.00000 ( 1)
 189 L   0.94812 0.05188 0.00000 0.00000 ( 1)
 190 A   0.03060 0.96940 0.00000 0.00000 ( 2)
 191 N   0.01305 0.98695 0.00000 0.00000 ( 2)
 192 N   0.79766 0.20234 0.00000 0.00000 ( 1)
 193 D   0.06276 0.93724 0.00000 0.00000 ( 2)
 194 K   0.82400 0.17600 0.00000 0.00000 ( 1)
 195 -   0.40773 0.59227 0.00000 0.00000 ( 2)
 196 I   0.03226 0.96774 0.00000 0.00000 ( 2)
 197 Q   0.16139 0.83861 0.00000 0.00000 ( 2)
 198 I   0.00226 0.99774 0.00000 0.00000 ( 2)
 199 N   0.00297 0.99703 0.00000 0.00000 ( 2)
 200 I   0.15433 0.84567 0.00000 0.00000 ( 2)
 201 D   0.03692 0.96308 0.00000 0.00000 ( 2)
 202 T   0.12079 0.87921 0.00000 0.00000 ( 2)
 203 P   0.98905 0.01095 0.00000 0.00000 ( 1)
 204 H   0.13143 0.86857 0.00000 0.00000 ( 2)
 205 S   0.05665 0.94335 0.00000 0.00000 ( 2)
 206 Y   0.99967 0.00033 0.00000 0.00000 ( 1)
 207 S   0.97799 0.02201 0.00000 0.00000 ( 1)
 208 Y   0.99999 0.00001 0.00000 0.00000 ( 1)
 209 S   0.93349 0.06651 0.00000 0.00000 ( 1)
 210 W   0.99808 0.00192 0.00000 0.00000 ( 1)
 211 I   0.99833 0.00167 0.00000 0.00000 ( 1)
 212 Y   0.99888 0.00112 0.00000 0.00000 ( 1)
 213 K   0.00094 0.99906 0.00000 0.00000 ( 2)
 214 -   0.03588 0.96412 0.00000 0.00000 ( 2)
 215 -   0.62091 0.37909 0.00000 0.00000 ( 1)
 216 -   0.31758 0.68242 0.00000 0.00000 ( 2)
 217 -   0.86214 0.13786 0.00000 0.00000 ( 1)
 218 -   0.21713 0.78287 0.00000 0.00000 ( 2)
 219 -   0.19277 0.80723 0.00000 0.00000 ( 2)
 220 -   0.46868 0.53132 0.00000 0.00000 ( 2)
 221 -   0.22658 0.77342 0.00000 0.00000 ( 2)
 222 -   0.38344 0.61656 0.00000 0.00000 ( 2)
 223 -   0.36764 0.63236 0.00000 0.00000 ( 2)
 224 -   0.36764 0.63236 0.00000 0.00000 ( 2)
 225 -   0.35701 0.64299 0.00000 0.00000 ( 2)


lnL = -5254.039671

