Supplemental results for CODEML (seqf: algn  treef: tree)


dN/dS (w) for site classes (K=8)

p:   0.12500  0.12500  0.12500  0.12500  0.12500  0.12500  0.12500  0.12500
w:   0.00507  0.04214  0.11264  0.21478  0.34691  0.50710  0.69251  0.89748

Naive Empirical Bayes (NEB) probabilities for 8 classes & postmean_w
(amino acids refer to 1st sequence: BT_Cry21Aa1)

   1 -   0.03535 0.15117 0.20405 0.19414 0.15589 0.11665 0.08386 0.05890 ( 3)  0.295
   2 L   0.01058 0.19758 0.28703 0.23493 0.14402 0.07445 0.03523 0.01618 ( 3)  0.218
   3 K   0.03411 0.42994 0.32899 0.13536 0.04726 0.01635 0.00581 0.00216 ( 2)  0.115
   4 G   0.01908 0.38399 0.37095 0.15226 0.05088 0.01609 0.00508 0.00168 ( 2)  0.122
   5 F   0.03934 0.45674 0.33474 0.12346 0.03380 0.00875 0.00242 0.00075 ( 2)  0.102
   6 P   0.24681 0.45562 0.16923 0.07307 0.03386 0.01401 0.00536 0.00204 ( 2)  0.080
   7 A   0.86623 0.11727 0.01350 0.00239 0.00047 0.00011 0.00003 0.00001 ( 1)  0.012
   8 E   0.32123 0.50496 0.14186 0.02643 0.00445 0.00083 0.00019 0.00005 ( 2)  0.047
   9 K   0.89221 0.09679 0.00931 0.00137 0.00024 0.00005 0.00001 0.00000 ( 1)  0.010
  10 G   0.00075 0.10355 0.28302 0.28864 0.18094 0.08804 0.03860 0.01646 ( 4)  0.247
  11 -   0.00000 0.00175 0.01952 0.06368 0.12743 0.19923 0.26726 0.32113 ( 8)  0.634
  12 -   0.00000 0.00001 0.00077 0.00969 0.04707 0.13727 0.29417 0.51101 ( 8)  0.750
  13 -   0.00008 0.01487 0.06509 0.11875 0.16580 0.19928 0.21654 0.21959 ( 8)  0.539
  14 Y   0.00000 0.00015 0.01471 0.10024 0.21475 0.25891 0.23179 0.17945 ( 6)  0.551
  15 G   0.01678 0.39276 0.40606 0.13984 0.03366 0.00803 0.00217 0.00069 ( 3)  0.110
  16 D   0.00000 0.00000 0.00028 0.00751 0.05125 0.16390 0.32259 0.45448 ( 8)  0.734
  17 S   0.00000 0.00002 0.00156 0.01933 0.08788 0.20892 0.32015 0.36214 ( 8)  0.687
  18 I   0.00000 0.00033 0.01854 0.11437 0.23865 0.26997 0.21532 0.14282 ( 6)  0.524
  19 A   0.00000 0.00015 0.00659 0.05213 0.15942 0.25878 0.28179 0.24114 ( 7)  0.610
  20 Y   0.00000 0.01008 0.13954 0.29735 0.27310 0.16405 0.07981 0.03608 ( 4)  0.346
  21 V   0.35008 0.41318 0.14320 0.05591 0.02177 0.00922 0.00437 0.00227 ( 2)  0.065
  22 S   0.00000 0.00018 0.01303 0.09178 0.21623 0.27647 0.23979 0.16251 ( 6)  0.548
  23 -   0.12500 0.12500 0.12500 0.12500 0.12500 0.12500 0.12500 0.12500 ( 2)  0.352
  24 E   0.02755 0.51157 0.35780 0.08388 0.01518 0.00305 0.00075 0.00022 ( 2)  0.088
  25 P   0.00000 0.00007 0.00555 0.04847 0.14931 0.25401 0.29032 0.25228 ( 7)  0.619
  26 L   0.00027 0.04797 0.20208 0.28240 0.22565 0.13587 0.07100 0.03475 ( 4)  0.313
  27 N   0.40877 0.47499 0.09682 0.01568 0.00286 0.00065 0.00018 0.00006 ( 2)  0.038
  28 G   0.85871 0.12855 0.01087 0.00154 0.00026 0.00005 0.00001 0.00000 ( 1)  0.011
  29 A   0.01425 0.26054 0.31247 0.21101 0.11146 0.05306 0.02500 0.01221 ( 3)  0.185
  30 N   0.12705 0.61129 0.19403 0.04977 0.01286 0.00356 0.00107 0.00036 ( 2)  0.066
  31 A   0.00195 0.24793 0.41152 0.20707 0.08020 0.03171 0.01348 0.00614 ( 3)  0.160
  32 V   0.02026 0.21327 0.22958 0.20393 0.14765 0.09580 0.05744 0.03207 ( 3)  0.247
  33 K   0.00412 0.37831 0.41748 0.14661 0.03930 0.01036 0.00291 0.00091 ( 3)  0.116
  34 L   0.26756 0.47314 0.16762 0.05878 0.02132 0.00760 0.00283 0.00113 ( 2)  0.067
  35 T   0.00009 0.05547 0.25349 0.28428 0.19748 0.11391 0.06176 0.03352 ( 4)  0.291
  36 -   0.17269 0.16592 0.15379 0.13779 0.11960 0.10080 0.08277 0.06664 ( 1)  0.265
  37 -   0.00000 0.00024 0.00390 0.02206 0.07176 0.16463 0.29565 0.44177 ( 8)  0.715
  38 -   0.00000 0.00025 0.00412 0.02320 0.07473 0.16896 0.29715 0.43159 ( 8)  0.710
  39 -   0.00006 0.00401 0.02438 0.07048 0.13742 0.20799 0.26328 0.29238 ( 8)  0.616
  40 -   0.00409 0.03221 0.07747 0.12685 0.16839 0.19431 0.20219 0.19449 ( 7)  0.509
  41 -   0.00002 0.00144 0.00991 0.03422 0.08356 0.16481 0.28036 0.42568 ( 8)  0.697
  42 -   0.22028 0.20313 0.17419 0.13958 0.10500 0.07458 0.05040 0.03284 ( 1)  0.198
  43 -   0.00006 0.00365 0.02250 0.06631 0.13232 0.20543 0.26672 0.30302 ( 8)  0.624
  44 S   0.00001 0.00987 0.10264 0.21245 0.24186 0.20278 0.14128 0.08911 ( 5)  0.422
  45 Y   0.00000 0.00023 0.01538 0.09127 0.19785 0.25365 0.24312 0.19850 ( 6)  0.565
  46 Q   0.00000 0.00002 0.00335 0.03928 0.13835 0.24962 0.29697 0.27242 ( 7)  0.634
  47 V   0.00000 0.00002 0.00342 0.03928 0.13079 0.23359 0.29321 0.29969 ( 8)  0.645
  48 L   0.00069 0.11834 0.32666 0.27254 0.15299 0.07500 0.03594 0.01784 ( 3)  0.232
  49 Q   0.00000 0.00003 0.00252 0.03048 0.12483 0.24971 0.30986 0.28256 ( 7)  0.645
  50 M   0.00000 0.00100 0.02778 0.13119 0.25279 0.27062 0.19940 0.11723 ( 6)  0.500
  51 E   0.00000 0.00146 0.04298 0.16206 0.24991 0.24025 0.18166 0.12166 ( 5)  0.483
  52 V   0.00146 0.20874 0.41255 0.23914 0.09039 0.03117 0.01163 0.00493 ( 3)  0.166
  53 T   0.00288 0.27591 0.38662 0.19253 0.07993 0.03549 0.01742 0.00922 ( 3)  0.163
  54 N   0.42701 0.46558 0.09018 0.01405 0.00246 0.00053 0.00014 0.00004 ( 2)  0.036
  55 Q   0.00000 0.00005 0.00506 0.04309 0.13416 0.24259 0.29804 0.27700 ( 7)  0.634
  56 T   0.00148 0.15321 0.29841 0.23360 0.14254 0.08537 0.05248 0.03291 ( 3)  0.249
  57 T   0.00000 0.00455 0.04614 0.12772 0.19518 0.21974 0.21311 0.19356 ( 6)  0.533
  58 Q   0.00185 0.15297 0.36333 0.28449 0.13504 0.04573 0.01301 0.00360 ( 3)  0.191
  59 K   0.03795 0.46850 0.29106 0.11521 0.04750 0.02182 0.01137 0.00659 ( 2)  0.119
  60 Y   0.85647 0.13175 0.01038 0.00117 0.00019 0.00003 0.00001 0.00000 ( 1)  0.011
  61 R   0.00000 0.00560 0.08018 0.21334 0.27073 0.22041 0.13661 0.07313 ( 5)  0.421
  62 I   0.00201 0.19314 0.33415 0.23070 0.12515 0.06426 0.03306 0.01753 ( 3)  0.210
  63 R   0.68624 0.23891 0.05220 0.01388 0.00524 0.00221 0.00093 0.00039 ( 1)  0.026
  64 I   0.00014 0.06753 0.18147 0.21792 0.19764 0.15435 0.10923 0.07172 ( 4)  0.357
  65 R   0.77879 0.18962 0.02553 0.00465 0.00109 0.00025 0.00006 0.00001 ( 1)  0.016
  66 Y   0.84768 0.13828 0.01211 0.00157 0.00029 0.00006 0.00001 0.00000 ( 1)  0.012
  67 A   0.88004 0.10738 0.01060 0.00161 0.00028 0.00006 0.00002 0.00000 ( 1)  0.011
  68 T   0.04804 0.45651 0.29920 0.12675 0.04559 0.01591 0.00577 0.00223 ( 2)  0.110
  69 G   0.00000 0.00234 0.02789 0.11659 0.22806 0.26295 0.21633 0.14582 ( 6)  0.521
  70 G   0.00000 0.00005 0.00322 0.03298 0.12674 0.24909 0.30796 0.27995 ( 7)  0.642
  71 D   0.00000 0.01513 0.16034 0.28296 0.23909 0.15475 0.09260 0.05512 ( 4)  0.354
  72 T   0.00000 0.02434 0.21560 0.30547 0.22453 0.12864 0.06719 0.03422 ( 4)  0.311
  73 A   0.00005 0.03137 0.15743 0.25792 0.24351 0.16679 0.09454 0.04838 ( 4)  0.352
  74 A   0.00019 0.07503 0.26987 0.29790 0.19072 0.09659 0.04650 0.02321 ( 4)  0.266
  75 S   0.00001 0.01369 0.17785 0.34623 0.26775 0.12839 0.04880 0.01728 ( 4)  0.302
  76 I   0.00072 0.08479 0.21050 0.22339 0.18322 0.13588 0.09575 0.06575 ( 4)  0.333
  77 W   0.00000 0.00293 0.04431 0.14721 0.23441 0.24494 0.19555 0.13064 ( 6)  0.495
  78 F   0.00002 0.01706 0.11730 0.23960 0.26660 0.19504 0.11013 0.05425 ( 5)  0.382
  79 H   0.00000 0.00001 0.00146 0.02136 0.08836 0.19561 0.30594 0.38728 ( 8)  0.694
  80 I   0.00193 0.19374 0.34441 0.23049 0.11848 0.06020 0.03230 0.01845 ( 3)  0.207
  81 I   0.00000 0.00000 0.00008 0.00240 0.02100 0.09179 0.26910 0.61563 ( 8)  0.793
  82 -   0.00033 0.05496 0.17855 0.22464 0.20092 0.15423 0.11019 0.07618 ( 4)  0.363
  83 -   0.03308 0.17173 0.21205 0.17444 0.13528 0.10877 0.08980 0.07484 ( 3)  0.300
  84 -   0.02470 0.12786 0.16967 0.16338 0.14909 0.13514 0.12156 0.10859 ( 3)  0.362
  85 -   0.00024 0.01371 0.06785 0.14322 0.19437 0.20797 0.19687 0.17578 ( 6)  0.506
  86 -   0.53631 0.25504 0.09409 0.04337 0.02653 0.01893 0.01440 0.01133 ( 1)  0.072
  87 -   0.00030 0.01515 0.06312 0.12048 0.16542 0.19624 0.21524 0.22404 ( 8)  0.541
  88 G   0.00001 0.01264 0.07619 0.19337 0.26938 0.22679 0.14268 0.07893 ( 5)  0.429
  89 P   0.00000 0.00001 0.00195 0.02720 0.11814 0.24281 0.31091 0.29898 ( 7)  0.654
  90 S   0.00000 0.00001 0.00104 0.01421 0.06899 0.18242 0.31948 0.41383 ( 8)  0.712
  91 G   0.00000 0.00000 0.00000 0.00001 0.00040 0.00961 0.11870 0.87129 ( 8)  0.869
  92 N   0.00000 0.00000 0.00073 0.01475 0.08073 0.20481 0.32251 0.37647 ( 8)  0.696
  93 D   0.00000 0.00207 0.04886 0.14892 0.21069 0.21877 0.19966 0.17102 ( 6)  0.513
  94 L   0.00044 0.08300 0.26424 0.26897 0.18950 0.10864 0.05619 0.02903 ( 4)  0.277
  95 T   0.00002 0.02778 0.18473 0.27733 0.23211 0.14912 0.08424 0.04466 ( 4)  0.336
  96 N   0.00000 0.00570 0.10324 0.22822 0.23795 0.19006 0.13817 0.09666 ( 5)  0.422
  97 E   0.00000 0.00036 0.01699 0.09916 0.20942 0.25676 0.23438 0.18293 ( 6)  0.553
  98 G   0.00000 0.00026 0.01112 0.06501 0.17186 0.26146 0.27076 0.21953 ( 7)  0.592
  99 H   0.00000 0.00000 0.00012 0.00462 0.04066 0.15136 0.32308 0.48015 ( 8)  0.747
 100 N   0.00003 0.02923 0.17589 0.27621 0.23671 0.15236 0.08510 0.04447 ( 4)  0.339
 101 F   0.00001 0.00426 0.02536 0.07972 0.16739 0.23691 0.25495 0.23140 ( 7)  0.583
 102 S   0.00000 0.00038 0.01086 0.06016 0.15957 0.24661 0.27196 0.25047 ( 7)  0.608
 103 S   0.00000 0.00003 0.00158 0.01420 0.05991 0.16064 0.30800 0.45564 ( 8)  0.728
 104 V   0.00000 0.00000 0.00007 0.00216 0.01924 0.08907 0.27225 0.61721 ( 8)  0.795
 105 S   0.00000 0.00002 0.00292 0.03048 0.10772 0.21557 0.30332 0.33996 ( 8)  0.669
 106 S   0.00003 0.04114 0.26318 0.32390 0.20537 0.10082 0.04546 0.02011 ( 4)  0.273
 107 R   0.00000 0.00000 0.00006 0.00308 0.03371 0.14368 0.32758 0.49188 ( 8)  0.754
 108 N   0.00290 0.22974 0.37175 0.23093 0.10142 0.04039 0.01613 0.00674 ( 3)  0.174
 109 K   0.00003 0.03400 0.20860 0.28615 0.22150 0.13433 0.07437 0.04103 ( 4)  0.320
 110 M   0.00996 0.31595 0.38019 0.20141 0.06916 0.01796 0.00427 0.00111 ( 3)  0.137
 111 F   0.00029 0.10475 0.39707 0.31685 0.12826 0.03894 0.01079 0.00304 ( 3)  0.192
 112 V   0.00003 0.03037 0.17431 0.26505 0.23378 0.15680 0.09067 0.04899 ( 4)  0.345
 113 Q   0.00003 0.02214 0.13771 0.25317 0.26507 0.18282 0.09577 0.04329 ( 5)  0.361
 114 G   0.03174 0.50490 0.33780 0.09516 0.02238 0.00560 0.00173 0.00069 ( 2)  0.092
 115 N   0.00000 0.00007 0.00227 0.01806 0.07251 0.17813 0.30866 0.42030 ( 8)  0.711
 116 N   0.00607 0.35550 0.32974 0.15828 0.07568 0.03928 0.02211 0.01335 ( 2)  0.160
 117 G   0.01973 0.42005 0.39778 0.12744 0.02767 0.00571 0.00129 0.00033 ( 2)  0.104
 118 K   0.47186 0.40479 0.09370 0.02249 0.00535 0.00133 0.00037 0.00011 ( 1)  0.038
 119 Y   0.85647 0.13175 0.01038 0.00117 0.00019 0.00003 0.00001 0.00000 ( 1)  0.011
 120 V   0.04864 0.57089 0.29120 0.06935 0.01490 0.00361 0.00105 0.00036 ( 2)  0.080
 121 L   0.00039 0.08811 0.32510 0.30684 0.16621 0.07217 0.02920 0.01198 ( 3)  0.231
 122 N   0.00000 0.00119 0.02999 0.13168 0.24229 0.25990 0.20268 0.13228 ( 6)  0.507
 123 I   0.00000 0.00000 0.00029 0.00801 0.05384 0.16476 0.31699 0.45611 ( 8)  0.733
 124 L   0.01259 0.26919 0.33589 0.20841 0.10131 0.04499 0.01933 0.00829 ( 3)  0.173
 125 T   0.00001 0.00580 0.05454 0.15414 0.23176 0.23771 0.18910 0.12694 ( 6)  0.485
 126 -   0.13444 0.13336 0.13134 0.12848 0.12486 0.12063 0.11593 0.11095 ( 1)  0.333
 127 -   0.13737 0.13592 0.13322 0.12942 0.12468 0.11920 0.11321 0.10698 ( 1)  0.327
 128 -   0.17985 0.17116 0.15601 0.13692 0.11641 0.09658 0.07889 0.06419 ( 1)  0.257
 129 -   0.18732 0.17707 0.15938 0.13742 0.11429 0.09250 0.07362 0.05841 ( 1)  0.246
 130 -   0.13737 0.13592 0.13322 0.12942 0.12468 0.11920 0.11321 0.10698 ( 1)  0.327
 131 -   0.15942 0.15476 0.14631 0.13499 0.12183 0.10783 0.09392 0.08095 ( 1)  0.287
 132 -   0.16581 0.16003 0.14968 0.13604 0.12050 0.10439 0.08882 0.07474 ( 1)  0.277
 133 D   0.00056 0.19853 0.45707 0.24393 0.07483 0.01899 0.00478 0.00132 ( 3)  0.152
 134 S   0.00097 0.12984 0.33790 0.29832 0.15124 0.05662 0.01883 0.00627 ( 3)  0.207
 135 I   0.08269 0.56904 0.21456 0.07632 0.03122 0.01455 0.00749 0.00413 ( 2)  0.092
 136 E   0.00053 0.12177 0.40541 0.30106 0.12029 0.03698 0.01070 0.00326 ( 3)  0.186
 137 L   0.00000 0.00485 0.03859 0.10493 0.18550 0.23207 0.23090 0.20316 ( 6)  0.551
 138 P   0.83356 0.14899 0.01469 0.00222 0.00042 0.00009 0.00002 0.00001 ( 1)  0.013
 139 S   0.00075 0.10804 0.28660 0.27662 0.17199 0.08834 0.04428 0.02338 ( 3)  0.252
 140 G   0.04559 0.52869 0.30079 0.09185 0.02462 0.00634 0.00166 0.00046 ( 2)  0.089
 141 Q   0.00000 0.01308 0.18757 0.34548 0.25934 0.12602 0.04995 0.01855 ( 4)  0.301
 142 -   0.23835 0.21594 0.17920 0.13717 0.09759 0.06513 0.04128 0.02534 ( 1)  0.178
 143 Q   0.00000 0.00042 0.02017 0.11313 0.22979 0.26469 0.21901 0.15279 ( 6)  0.529
 144 T   0.03574 0.32017 0.29777 0.19064 0.09365 0.03996 0.01585 0.00621 ( 2)  0.157
 145 I   0.41343 0.39833 0.13435 0.03894 0.01055 0.00306 0.00098 0.00035 ( 1)  0.049
 146 L   0.00000 0.00011 0.00800 0.05914 0.16762 0.26188 0.27603 0.22722 ( 7)  0.600
 147 I   0.00013 0.06723 0.19747 0.24050 0.20161 0.14150 0.09262 0.05894 ( 4)  0.335
 148 Q   0.00000 0.00000 0.00021 0.00368 0.03118 0.12954 0.31366 0.52172 ( 8)  0.763
 149 N   0.00032 0.10389 0.32965 0.27587 0.15401 0.07717 0.03874 0.02035 ( 3)  0.238
 150 T   0.00000 0.00022 0.00584 0.03469 0.09941 0.19025 0.28895 0.38063 ( 8)  0.681
 151 N   0.00000 0.00051 0.01759 0.08456 0.17280 0.23264 0.25122 0.24068 ( 7)  0.588
 152 -   0.00000 0.00000 0.00041 0.00790 0.04595 0.14124 0.30007 0.50442 ( 8)  0.750
 153 -   0.00000 0.00000 0.00007 0.00177 0.01545 0.07638 0.25745 0.64887 ( 8)  0.805
 154 -   0.00000 0.00051 0.00469 0.02067 0.06300 0.14833 0.28759 0.47520 ( 8)  0.728
 155 S   0.00002 0.03326 0.22609 0.30851 0.21977 0.12020 0.06084 0.03131 ( 4)  0.301
 156 Q   0.00000 0.00111 0.03923 0.16676 0.27365 0.25569 0.16977 0.09379 ( 5)  0.467
 157 D   0.05796 0.63241 0.25225 0.04633 0.00853 0.00188 0.00049 0.00015 ( 2)  0.070
 158 L   0.76928 0.19067 0.03046 0.00680 0.00193 0.00059 0.00020 0.00007 ( 1)  0.018
 159 F   0.04382 0.48633 0.32707 0.10758 0.02648 0.00645 0.00174 0.00052 ( 2)  0.095
 160 L   0.04593 0.31330 0.32851 0.18884 0.08091 0.02936 0.00986 0.00330 ( 3)  0.144
 161 D   0.91572 0.07721 0.00608 0.00081 0.00014 0.00003 0.00001 0.00000 ( 1)  0.009
 162 R   0.80200 0.16767 0.02311 0.00539 0.00138 0.00034 0.00009 0.00002 ( 1)  0.016
 163 I   0.38290 0.39393 0.14588 0.04987 0.01691 0.00639 0.00277 0.00135 ( 2)  0.058
 164 E   0.88339 0.10591 0.00912 0.00131 0.00022 0.00004 0.00001 0.00000 ( 1)  0.010
 165 -   0.04646 0.43155 0.25457 0.14187 0.06987 0.03161 0.01543 0.00864 ( 2)  0.136
 166 -   0.21162 0.19661 0.17103 0.13990 0.10809 0.07930 0.05564 0.03781 ( 1)  0.209
 167 -   0.04097 0.55739 0.29825 0.07311 0.01911 0.00670 0.00297 0.00150 ( 2)  0.086


lnL = -3291.146268

