Supplemental results for CODEML (seqf: algn  treef: tree)


dN/dS (w) for site classes (K=3)

p:   0.01051  0.57414  0.41535
w:   0.04712  0.04712  0.55391

Naive Empirical Bayes (NEB) probabilities for 3 classes & postmean_w
(amino acids refer to 1st sequence: BT_Cry7Cb1)

   1 -   0.01051 0.57414 0.41535 ( 2)  0.258
   2 -   0.01051 0.57414 0.41535 ( 2)  0.258
   3 A   0.01469 0.80256 0.18274 ( 2)  0.140
   4 G   0.01783 0.97386 0.00831 ( 2)  0.051
   5 G   0.00013 0.00728 0.99259 ( 3)  0.550
   6 I   0.01532 0.83665 0.14803 ( 2)  0.122
   7 V   0.00057 0.03096 0.96847 ( 3)  0.538
   8 A   0.00295 0.16094 0.83612 ( 3)  0.471
   9 L   0.01386 0.75685 0.22929 ( 2)  0.163
  10 F   0.01584 0.86493 0.11924 ( 2)  0.108
  11 T   0.01329 0.72559 0.26113 ( 2)  0.179
  12 E   0.00004 0.00196 0.99800 ( 3)  0.553
  13 V   0.00056 0.03069 0.96875 ( 3)  0.538
  14 L   0.00424 0.23160 0.76416 ( 3)  0.434
  15 R   0.00338 0.18459 0.81203 ( 3)  0.459
  16 L   0.00104 0.05661 0.94235 ( 3)  0.525
  17 L   0.01735 0.94758 0.03507 ( 2)  0.065
  18 W   0.01635 0.89278 0.09087 ( 2)  0.093
  19 P   0.01771 0.96713 0.01517 ( 2)  0.055
  20 N   0.00005 0.00269 0.99726 ( 3)  0.553
  21 K   0.00052 0.02859 0.97089 ( 3)  0.539
  22 Q   0.00015 0.00818 0.99167 ( 3)  0.550
  23 D   0.00000 0.00012 0.99988 ( 3)  0.554
  24 E   0.00001 0.00036 0.99964 ( 3)  0.554
  25 L   0.01011 0.55231 0.43758 ( 2)  0.269
  26 W   0.01635 0.89278 0.09087 ( 2)  0.093
  27 E   0.01569 0.85699 0.12732 ( 2)  0.112
  28 S   0.00005 0.00297 0.99698 ( 3)  0.552
  29 F   0.01625 0.88723 0.09653 ( 2)  0.096
  30 M   0.01792 0.97842 0.00367 ( 2)  0.049
  31 K   0.00011 0.00610 0.99379 ( 3)  0.551
  32 E   0.01619 0.88446 0.09935 ( 2)  0.097
  33 V   0.01770 0.96652 0.01578 ( 2)  0.055
  34 E   0.01773 0.96808 0.01419 ( 2)  0.054
  35 K   0.00001 0.00038 0.99961 ( 3)  0.554
  36 L   0.01765 0.96392 0.01843 ( 2)  0.056
  37 I   0.01778 0.97123 0.01099 ( 2)  0.053
  38 E   0.00169 0.09213 0.90618 ( 3)  0.506
  39 Q   0.01779 0.97166 0.01055 ( 2)  0.052
  40 E   0.01509 0.82438 0.16052 ( 2)  0.128
  41 I   0.01785 0.97485 0.00730 ( 2)  0.051
  42 T   0.01506 0.82242 0.16252 ( 2)  0.129
  43 D   0.00527 0.28760 0.70714 ( 3)  0.405
  44 A   0.00102 0.05550 0.94348 ( 3)  0.525
  45 V   0.01419 0.77479 0.21102 ( 2)  0.154
  46 V   0.00369 0.20134 0.79497 ( 3)  0.450
  47 S   0.00012 0.00661 0.99327 ( 3)  0.550
  48 K   0.01542 0.84211 0.14247 ( 2)  0.119
  49 A   0.01773 0.96813 0.01415 ( 2)  0.054
  50 L   0.01720 0.93947 0.04333 ( 2)  0.069
  51 A   0.00552 0.30151 0.69296 ( 3)  0.398
  52 E   0.01599 0.87306 0.11096 ( 2)  0.103
  53 L   0.01748 0.95491 0.02760 ( 2)  0.061
  54 E   0.00475 0.25956 0.73569 ( 3)  0.420
  55 G   0.01769 0.96614 0.01617 ( 2)  0.055
  56 L   0.01750 0.95567 0.02683 ( 2)  0.061
  57 R   0.00365 0.19917 0.79718 ( 3)  0.451
  58 N   0.01620 0.88482 0.09898 ( 2)  0.097
  59 A   0.00022 0.01209 0.98769 ( 3)  0.548
  60 L   0.00136 0.07433 0.92431 ( 3)  0.516
  61 Q   0.00048 0.02637 0.97314 ( 3)  0.540
  62 G   0.00292 0.15969 0.83739 ( 3)  0.471
  63 Y   0.01497 0.81756 0.16747 ( 2)  0.132
  64 T   0.00031 0.01696 0.98273 ( 3)  0.545
  65 D   0.00007 0.00395 0.99598 ( 3)  0.552
  66 A   0.01526 0.83329 0.15146 ( 2)  0.124
  67 L   0.01741 0.95101 0.03158 ( 2)  0.063
  68 E   0.01563 0.85383 0.13053 ( 2)  0.113
  69 A   0.00098 0.05376 0.94525 ( 3)  0.526
  70 W   0.01635 0.89278 0.09087 ( 2)  0.093
  71 Q   0.01217 0.66474 0.32309 ( 2)  0.211
  72 N   0.00995 0.54349 0.44656 ( 2)  0.273
  73 N   0.01790 0.97770 0.00440 ( 2)  0.049
  74 R   0.01205 0.65837 0.32958 ( 2)  0.214
  75 S   0.01546 0.84440 0.14013 ( 2)  0.118
  76 D   0.00527 0.28762 0.70711 ( 3)  0.405
  77 K   0.01621 0.88542 0.09837 ( 2)  0.097
  78 L   0.00931 0.50855 0.48214 ( 2)  0.291
  79 K   0.00003 0.00138 0.99859 ( 3)  0.553
  80 Q   0.00086 0.04696 0.95218 ( 3)  0.530
  81 L   0.00117 0.06407 0.93475 ( 3)  0.521
  82 L   0.00228 0.12466 0.87306 ( 3)  0.490
  83 V   0.01747 0.95420 0.02833 ( 2)  0.061
  84 Y   0.00001 0.00081 0.99918 ( 3)  0.553
  85 D   0.00008 0.00445 0.99547 ( 3)  0.552
  86 R   0.01354 0.73940 0.24706 ( 2)  0.172
  87 F   0.01616 0.88277 0.10106 ( 2)  0.098
  88 V   0.00335 0.18275 0.81391 ( 3)  0.460
  89 S   0.00007 0.00401 0.99591 ( 3)  0.552
  90 T   0.00333 0.18168 0.81500 ( 3)  0.460
  91 E   0.01552 0.84766 0.13682 ( 2)  0.116
  92 N   0.00004 0.00218 0.99778 ( 3)  0.553
  93 L   0.00126 0.06897 0.92976 ( 3)  0.518
  94 F   0.01789 0.97699 0.00512 ( 2)  0.050
  95 K   0.00086 0.04675 0.95240 ( 3)  0.530
  96 F   0.00000 0.00017 0.99983 ( 3)  0.554
  97 A   0.00007 0.00362 0.99631 ( 3)  0.552
  98 M   0.00882 0.48169 0.50949 ( 3)  0.305
  99 P   0.01760 0.96113 0.02127 ( 2)  0.058
 100 S   0.01768 0.96581 0.01651 ( 2)  0.055
 101 F   0.01789 0.97699 0.00512 ( 2)  0.050
 102 R   0.00257 0.14022 0.85722 ( 3)  0.482
 103 V   0.00038 0.02076 0.97886 ( 3)  0.543
 104 G   0.00001 0.00058 0.99941 ( 3)  0.554
 105 G   0.01778 0.97124 0.01098 ( 2)  0.053
 106 F   0.00049 0.02670 0.97281 ( 3)  0.540
 107 E   0.01783 0.97350 0.00867 ( 2)  0.052
 108 V   0.01455 0.79486 0.19059 ( 2)  0.144
 109 P   0.01780 0.97201 0.01019 ( 2)  0.052
 110 L   0.01750 0.95567 0.02683 ( 2)  0.061
 111 L   0.01719 0.93900 0.04380 ( 2)  0.069
 112 T   0.01443 0.78784 0.19774 ( 2)  0.147
 113 V   0.01770 0.96652 0.01578 ( 2)  0.055
 114 Y   0.01773 0.96827 0.01400 ( 2)  0.054
 115 A   0.01778 0.97079 0.01143 ( 2)  0.053
 116 Q   0.01779 0.97166 0.01055 ( 2)  0.052
 117 A   0.01757 0.95954 0.02289 ( 2)  0.059
 118 A   0.01776 0.96980 0.01244 ( 2)  0.053
 119 N   0.01778 0.97105 0.01117 ( 2)  0.053
 120 L   0.01743 0.95199 0.03058 ( 2)  0.063
 121 H   0.01768 0.96544 0.01688 ( 2)  0.056
 122 L   0.01741 0.95078 0.03181 ( 2)  0.063
 123 L   0.00040 0.02179 0.97781 ( 3)  0.543
 124 L   0.01750 0.95567 0.02683 ( 2)  0.061
 125 L   0.01750 0.95567 0.02683 ( 2)  0.061
 126 K   0.01307 0.71368 0.27326 ( 2)  0.186
 127 N   0.01668 0.91101 0.07231 ( 2)  0.084
 128 S   0.01564 0.85427 0.13009 ( 2)  0.113
 129 E   0.00174 0.09478 0.90349 ( 3)  0.505
 130 L   0.01377 0.75188 0.23436 ( 2)  0.166
 131 F   0.01788 0.97631 0.00581 ( 2)  0.050
 132 G   0.01767 0.96500 0.01734 ( 2)  0.056
 133 A   0.01486 0.81147 0.17367 ( 2)  0.135
 134 E   0.01502 0.82021 0.16477 ( 2)  0.131
 135 W   0.01635 0.89278 0.09087 ( 2)  0.093
 136 G   0.01773 0.96845 0.01381 ( 2)  0.054
 137 M   0.00390 0.21306 0.78304 ( 3)  0.444
 138 Q   0.00022 0.01187 0.98791 ( 3)  0.548
 139 Q   0.00362 0.19749 0.79889 ( 3)  0.452
 140 Y   0.00001 0.00044 0.99955 ( 3)  0.554
 141 E   0.01087 0.59354 0.39559 ( 2)  0.248
 142 I   0.01783 0.97373 0.00844 ( 2)  0.051
 143 D   0.00034 0.01837 0.98130 ( 3)  0.544
 144 L   0.00001 0.00057 0.99942 ( 3)  0.554
 145 F   0.01556 0.84971 0.13473 ( 2)  0.115
 146 Y   0.01766 0.96449 0.01785 ( 2)  0.056
 147 N   0.01691 0.92332 0.05978 ( 2)  0.077
 148 E   0.00355 0.19389 0.80256 ( 3)  0.454
 149 Q   0.01767 0.96510 0.01723 ( 2)  0.056
 150 K   0.00420 0.22934 0.76646 ( 3)  0.436
 151 D   0.00013 0.00714 0.99273 ( 3)  0.550
 152 Y   0.00035 0.01912 0.98053 ( 3)  0.544
 153 V   0.00163 0.08895 0.90942 ( 3)  0.508
 154 V   0.00349 0.19075 0.80576 ( 3)  0.455
 155 E   0.01619 0.88446 0.09935 ( 2)  0.097
 156 Y   0.01751 0.95621 0.02629 ( 2)  0.060
 157 T   0.01363 0.74455 0.24182 ( 2)  0.170
 158 D   0.01787 0.97602 0.00611 ( 2)  0.050
 159 H   0.01637 0.89417 0.08946 ( 2)  0.092
 160 C   0.01767 0.96526 0.01707 ( 2)  0.056
 161 V   0.01770 0.96656 0.01574 ( 2)  0.055
 162 K   0.00371 0.20247 0.79382 ( 3)  0.449
 163 W   0.01635 0.89278 0.09087 ( 2)  0.093
 164 Y   0.01773 0.96827 0.01400 ( 2)  0.054
 165 T   0.00004 0.00234 0.99761 ( 3)  0.553
 166 E   0.00052 0.02840 0.97108 ( 3)  0.539
 167 G   0.01717 0.93772 0.04511 ( 2)  0.070
 168 L   0.01750 0.95567 0.02683 ( 2)  0.061
 169 N   0.01677 0.91611 0.06711 ( 2)  0.081
 170 R   0.00008 0.00418 0.99575 ( 3)  0.552
 171 L   0.01736 0.94827 0.03436 ( 2)  0.065
 172 K   0.01778 0.97092 0.01130 ( 2)  0.053
 173 N   0.01384 0.75611 0.23005 ( 2)  0.164
 174 A   0.00365 0.19944 0.79691 ( 3)  0.451
 175 S   0.01293 0.70616 0.28091 ( 2)  0.189
 176 G   0.01771 0.96716 0.01513 ( 2)  0.055
 177 V   0.00038 0.02051 0.97911 ( 3)  0.543
 178 K   0.01701 0.92882 0.05418 ( 2)  0.075
 179 G   0.01475 0.80570 0.17955 ( 2)  0.138
 180 K   0.00485 0.26482 0.73033 ( 3)  0.417
 181 V   0.00002 0.00133 0.99865 ( 3)  0.553
 182 W   0.01635 0.89278 0.09087 ( 2)  0.093
 183 E   0.00218 0.11891 0.87891 ( 3)  0.493
 184 E   0.00006 0.00327 0.99667 ( 3)  0.552
 185 Y   0.01773 0.96827 0.01400 ( 2)  0.054
 186 N   0.01273 0.69520 0.29207 ( 2)  0.195
 187 R   0.00938 0.51214 0.47848 ( 2)  0.290
 188 F   0.01765 0.96409 0.01825 ( 2)  0.056
 189 R   0.01675 0.91486 0.06839 ( 2)  0.082
 190 R   0.01785 0.97484 0.00731 ( 2)  0.051
 191 E   0.01783 0.97350 0.00867 ( 2)  0.052
 192 M   0.01792 0.97842 0.00367 ( 2)  0.049
 193 T   0.01776 0.96990 0.01234 ( 2)  0.053
 194 I   0.01333 0.72786 0.25881 ( 2)  0.178
 195 M   0.00173 0.09440 0.90387 ( 3)  0.505
 196 V   0.01755 0.95820 0.02425 ( 2)  0.059
 197 L   0.01743 0.95213 0.03044 ( 2)  0.063
 198 D   0.01790 0.97744 0.00467 ( 2)  0.049
 199 L   0.00217 0.11849 0.87934 ( 3)  0.493
 200 L   0.00229 0.12524 0.87247 ( 3)  0.489
 201 P   0.00417 0.22778 0.76805 ( 3)  0.436
 202 L   0.01750 0.95567 0.02683 ( 2)  0.061
 203 F   0.01789 0.97699 0.00512 ( 2)  0.050
 204 P   0.01780 0.97201 0.01019 ( 2)  0.052
 205 I   0.00160 0.08760 0.91080 ( 3)  0.509

Positively selected sites

	Prob(w>1)  mean w



lnL = -2341.920658

