Supplemental results for CODEML (seqf: algn  treef: tree)


dN/dS (w) for site classes (K=9)

p:   0.10515  0.10515  0.10515  0.10515  0.10515  0.10515  0.10515  0.10515  0.15878
w:   0.00054  0.00766  0.02660  0.06136  0.11713  0.20252  0.33592  0.57992  2.83655

Naive Empirical Bayes (NEB) probabilities for 9 classes & postmean_w & P(w>1)
(amino acids refer to 1st sequence: BT_Cry4Ba1)

   1 Y   0.00001 0.00157 0.01560 0.05852 0.12477 0.18068 0.20397 0.20279 0.21210 ( 9)  0.843  0.212
   2 T   0.00409 0.05144 0.13198 0.18598 0.18843 0.16485 0.13815 0.10734 0.02775 ( 5)  0.258  0.028
   3 D   0.00594 0.06908 0.14587 0.15467 0.12334 0.10844 0.11909 0.14494 0.12863 ( 4)  0.539  0.129
   4 A   0.00001 0.00194 0.01620 0.04801 0.08480 0.12196 0.16814 0.22939 0.32955 ( 9)  1.162  0.330
   5 I   0.31477 0.26277 0.17020 0.09203 0.05217 0.03652 0.03011 0.02605 0.01537 ( 1)  0.095  0.015
   6 T   0.30983 0.26512 0.18081 0.10140 0.05481 0.03477 0.02630 0.02038 0.00657 ( 1)  0.066  0.007
   7 Q   0.00001 0.00100 0.01062 0.04480 0.11315 0.19824 0.25888 0.26107 0.11224 ( 8)  0.613  0.112
   8 V   0.00602 0.07228 0.16572 0.19995 0.17738 0.14599 0.12016 0.09203 0.02048 ( 4)  0.219  0.020
   9 P   0.28635 0.25849 0.19847 0.12598 0.06622 0.03074 0.01530 0.01025 0.00820 ( 1)  0.063  0.008
  10 A   0.30153 0.26300 0.18665 0.10772 0.05539 0.03106 0.02233 0.01895 0.01337 ( 1)  0.083  0.013
  11 V   0.31810 0.27279 0.18606 0.10200 0.05097 0.02909 0.02084 0.01591 0.00426 ( 1)  0.054  0.004
  12 K   0.34895 0.28883 0.18123 0.08896 0.04099 0.02254 0.01537 0.01093 0.00221 ( 1)  0.040  0.002
  13 S   0.30342 0.26918 0.19814 0.11815 0.05837 0.02663 0.01403 0.00940 0.00268 ( 1)  0.045  0.003
  14 N   0.00001 0.00188 0.01567 0.04569 0.07739 0.10424 0.13886 0.19737 0.41888 ( 9)  1.383  0.419
  15 F   0.00001 0.00167 0.01604 0.05792 0.12226 0.18393 0.22204 0.22775 0.16838 ( 8)  0.740  0.168
  16 L   0.00244 0.03203 0.09056 0.14711 0.17257 0.16758 0.15139 0.13500 0.10132 ( 5)  0.482  0.101
  17 N   0.00442 0.05530 0.13953 0.19198 0.19069 0.16511 0.13567 0.09939 0.01791 ( 4)  0.226  0.018
  18 -   0.11308 0.11297 0.11267 0.11211 0.11123 0.10990 0.10786 0.10424 0.11593 ( 9)  0.472  0.116
  19 -   0.10671 0.10669 0.10664 0.10654 0.10639 0.10616 0.10580 0.10515 0.14994 ( 9)  0.566  0.150
  20 A   0.00389 0.04951 0.13043 0.18887 0.19195 0.16340 0.13472 0.10708 0.03015 ( 5)  0.264  0.030
  21 T   0.31570 0.26803 0.17954 0.09862 0.05302 0.03406 0.02591 0.01980 0.00533 ( 1)  0.061  0.005
  22 A   0.00001 0.00150 0.01374 0.04608 0.08957 0.13128 0.17719 0.23807 0.30256 ( 9)  1.096  0.303
  23 K   0.00001 0.00126 0.01191 0.04194 0.08730 0.13777 0.19428 0.26068 0.26485 ( 9)  1.009  0.265
  24 V   0.31810 0.27279 0.18606 0.10200 0.05097 0.02909 0.02084 0.01591 0.00426 ( 1)  0.054  0.004
  25 I   0.00478 0.05825 0.13828 0.17570 0.16500 0.14404 0.12840 0.11366 0.07187 ( 4)  0.376  0.072
  26 K   0.33612 0.28179 0.18235 0.09342 0.04454 0.02500 0.01772 0.01390 0.00515 ( 1)  0.052  0.005
  27 G   0.30822 0.27214 0.19779 0.11530 0.05532 0.02491 0.01360 0.00958 0.00315 ( 1)  0.045  0.003
  28 P   0.31052 0.27458 0.19991 0.11599 0.05428 0.02298 0.01160 0.00784 0.00231 ( 1)  0.041  0.002
  29 G   0.31790 0.27771 0.19665 0.11011 0.05059 0.02252 0.01281 0.00920 0.00251 ( 1)  0.042  0.003
  30 H   0.34152 0.29274 0.19694 0.10047 0.04026 0.01510 0.00723 0.00467 0.00106 ( 1)  0.030  0.001
  31 T   0.31570 0.26803 0.17954 0.09862 0.05302 0.03406 0.02591 0.01980 0.00533 ( 1)  0.061  0.005
  32 G   0.27868 0.25265 0.19645 0.12808 0.07056 0.03491 0.01813 0.01188 0.00866 ( 1)  0.068  0.009
  33 G   0.29056 0.26037 0.19650 0.12193 0.06323 0.03010 0.01634 0.01184 0.00912 ( 1)  0.067  0.009
  34 D   0.36399 0.29814 0.18125 0.08321 0.03470 0.01760 0.01160 0.00812 0.00138 ( 1)  0.033  0.001
  35 L   0.26979 0.24613 0.19466 0.13101 0.07583 0.03988 0.02179 0.01434 0.00657 ( 1)  0.066  0.007
  36 V   0.32100 0.27447 0.18596 0.10104 0.05011 0.02847 0.02025 0.01515 0.00355 ( 1)  0.051  0.004
  37 A   0.00002 0.00329 0.03065 0.10263 0.18834 0.23243 0.22370 0.17865 0.04030 ( 6)  0.369  0.040
  38 L   0.28767 0.25720 0.19377 0.12150 0.06583 0.03441 0.02064 0.01470 0.00430 ( 1)  0.057  0.004
  39 T   0.00406 0.05114 0.13167 0.18638 0.18858 0.16333 0.13641 0.10746 0.03098 ( 5)  0.267  0.031
  40 S   0.00000 0.00002 0.00056 0.00490 0.02094 0.05684 0.11513 0.19982 0.60181 ( 9)  1.876  0.602
  41 N   0.36042 0.29173 0.17447 0.08228 0.03894 0.02279 0.01594 0.01119 0.00223 ( 1)  0.039  0.002
  42 G   0.00002 0.00319 0.02949 0.09862 0.18283 0.22989 0.22606 0.18546 0.04444 ( 6)  0.384  0.044
  43 T   0.00100 0.01404 0.04692 0.09848 0.15689 0.20329 0.22088 0.19736 0.06112 ( 7)  0.429  0.061
  44 L   0.00001 0.00236 0.02268 0.08062 0.16113 0.21816 0.22873 0.20222 0.08408 ( 7)  0.501  0.084
  45 S   0.00001 0.00112 0.01165 0.04723 0.11333 0.18930 0.24082 0.24605 0.15050 ( 8)  0.705  0.150
  46 -   0.10515 0.10515 0.10515 0.10515 0.10515 0.10515 0.10515 0.10515 0.15878 ( 9)  0.590  0.159
  47 G   0.00000 0.00070 0.00871 0.04185 0.11089 0.18821 0.23167 0.23251 0.18546 ( 8)  0.793  0.185
  48 R   0.00328 0.04201 0.11308 0.17300 0.19239 0.17919 0.15349 0.11914 0.02442 ( 5)  0.263  0.024
  49 M   0.00225 0.03215 0.10379 0.18144 0.20635 0.18315 0.15052 0.11587 0.02448 ( 5)  0.263  0.024
  50 E   0.00001 0.00236 0.02277 0.08082 0.16000 0.21451 0.22503 0.20191 0.09258 ( 7)  0.523  0.093
  51 I   0.33497 0.27558 0.17245 0.08915 0.04860 0.03249 0.02469 0.01816 0.00392 ( 1)  0.055  0.004
  52 Q   0.00448 0.05708 0.14964 0.21207 0.20241 0.15203 0.10886 0.08247 0.03097 ( 4)  0.244  0.031
  53 C   0.13190 0.13133 0.12983 0.12712 0.12290 0.11672 0.10773 0.09314 0.03933 ( 1)  0.252  0.039
  54 K   0.14236 0.14131 0.13854 0.13361 0.12612 0.11557 0.10106 0.07968 0.02176 ( 1)  0.193  0.022
  55 T   0.13838 0.13750 0.13520 0.13110 0.12482 0.11588 0.10337 0.08441 0.02934 ( 1)  0.218  0.029
  56 S   0.14422 0.14310 0.14017 0.13495 0.12702 0.11585 0.10049 0.07786 0.01634 ( 1)  0.177  0.016
  57 I   0.14281 0.14171 0.13883 0.13371 0.12596 0.11509 0.10025 0.07866 0.02299 ( 1)  0.196  0.023
  58 F   0.13894 0.13808 0.13583 0.13180 0.12560 0.11672 0.10417 0.08487 0.02399 ( 1)  0.203  0.024
  59 N   0.14654 0.14525 0.14188 0.13593 0.12696 0.11451 0.09778 0.07403 0.01712 ( 1)  0.176  0.017
  60 D   0.36399 0.29814 0.18125 0.08321 0.03470 0.01760 0.01160 0.00812 0.00138 ( 1)  0.033  0.001
  61 P   0.00400 0.05041 0.12966 0.18355 0.18655 0.16344 0.13895 0.11231 0.03114 ( 5)  0.270  0.031
  62 T   0.00386 0.04892 0.12775 0.18478 0.19097 0.16652 0.13768 0.10743 0.03209 ( 5)  0.271  0.032
  63 R   0.00001 0.00110 0.01057 0.03820 0.08159 0.13082 0.18623 0.25346 0.29803 ( 9)  1.094  0.298
  64 S   0.00000 0.00006 0.00196 0.01576 0.05868 0.13362 0.22206 0.30444 0.26341 ( 8)  1.033  0.263
  65 Y   0.29543 0.26409 0.19836 0.12254 0.06317 0.02891 0.01356 0.00803 0.00590 ( 1)  0.054  0.006
  66 G   0.00442 0.05566 0.14268 0.19809 0.19170 0.15575 0.12404 0.09813 0.02953 ( 4)  0.253  0.030
  67 L   0.00001 0.00108 0.01020 0.03578 0.07282 0.11055 0.15329 0.21718 0.39911 ( 9)  1.343  0.399
  68 R   0.21185 0.20271 0.18095 0.14871 0.11152 0.07530 0.04423 0.01994 0.00478 ( 1)  0.084  0.005
  69 I   0.33317 0.27450 0.17230 0.08938 0.04896 0.03299 0.02531 0.01895 0.00444 ( 1)  0.057  0.004
  70 R   0.29110 0.26321 0.20274 0.12862 0.06609 0.02808 0.01152 0.00627 0.00237 ( 1)  0.043  0.002
  71 Y   0.32387 0.28218 0.19846 0.10981 0.04912 0.01989 0.00929 0.00581 0.00157 ( 1)  0.035  0.002
  72 A   0.32180 0.27607 0.18809 0.10209 0.04944 0.02687 0.01858 0.01384 0.00322 ( 1)  0.048  0.003
  73 A   0.31658 0.27315 0.18862 0.10431 0.05131 0.02797 0.01932 0.01465 0.00409 ( 1)  0.052  0.004
  74 N   0.00001 0.00256 0.02452 0.08704 0.17483 0.23776 0.24310 0.19245 0.03772 ( 7)  0.375  0.038
  75 S   0.37304 0.30470 0.18256 0.07959 0.02976 0.01385 0.00910 0.00642 0.00098 ( 1)  0.028  0.001
  76 P   0.00001 0.00162 0.01628 0.06297 0.14155 0.21732 0.25050 0.22934 0.08041 ( 7)  0.510  0.080
  77 I   0.00002 0.00344 0.03113 0.10198 0.18678 0.23281 0.22441 0.17651 0.04292 ( 6)  0.376  0.043
  78 V   0.00001 0.00189 0.01856 0.06899 0.14737 0.21581 0.24164 0.21941 0.08632 ( 7)  0.519  0.086
  79 L   0.00006 0.00077 0.00236 0.00502 0.00990 0.01974 0.04145 0.09660 0.82410 ( 9)  2.413  0.824
  80 N   0.00000 0.00002 0.00068 0.00513 0.01794 0.04127 0.08289 0.17591 0.67616 ( 9)  2.059  0.676
  81 V   0.00000 0.00006 0.00056 0.00199 0.00456 0.00899 0.01870 0.04730 0.91783 ( 9)  2.640  0.918
  82 S   0.00000 0.00002 0.00021 0.00087 0.00238 0.00546 0.01276 0.03574 0.94257 ( 9)  2.700  0.943
  83 Y   0.00241 0.03145 0.08749 0.13695 0.14874 0.13089 0.12094 0.14241 0.19871 ( 9)  0.742  0.199
  84 V   0.00006 0.00080 0.00298 0.00767 0.01684 0.03419 0.06719 0.13746 0.73282 ( 9)  2.190  0.733
  85 L   0.00000 0.00000 0.00002 0.00038 0.00264 0.01085 0.03213 0.08533 0.86865 ( 9)  2.527  0.869
  86 Q   0.00000 0.00000 0.00015 0.00110 0.00399 0.01010 0.02297 0.05803 0.90365 ( 9)  2.607  0.904
  87 G   0.00000 0.00002 0.00024 0.00127 0.00472 0.01349 0.03306 0.08205 0.86515 ( 9)  2.516  0.865
  88 V   0.00000 0.00029 0.00294 0.01130 0.02575 0.04499 0.07523 0.14037 0.69913 ( 9)  2.103  0.699
  89 S   0.00000 0.00004 0.00137 0.01089 0.04096 0.09711 0.17321 0.26402 0.41241 ( 9)  1.406  0.412
  90 R   0.00000 0.00000 0.00011 0.00115 0.00582 0.01816 0.04360 0.09951 0.83165 ( 9)  2.436  0.832
  91 G   0.00000 0.00086 0.00800 0.02773 0.05720 0.09056 0.13157 0.19342 0.49065 ( 9)  1.575  0.491
  92 T   0.00000 0.00013 0.00125 0.00457 0.01090 0.02287 0.04893 0.11424 0.79711 ( 9)  2.350  0.797
  93 T   0.00000 0.00000 0.00001 0.00024 0.00165 0.00665 0.01979 0.05520 0.91646 ( 9)  2.640  0.916
  94 I   0.00000 0.00001 0.00034 0.00268 0.01037 0.02638 0.05377 0.10610 0.80035 ( 9)  2.357  0.800
  95 S   0.00000 0.00000 0.00001 0.00020 0.00133 0.00540 0.01702 0.05242 0.92362 ( 9)  2.657  0.924
  96 T   0.00000 0.00004 0.00050 0.00262 0.00885 0.02363 0.05631 0.13375 0.77430 ( 9)  2.299  0.774
  97 E   0.00337 0.04326 0.11614 0.17113 0.16953 0.12667 0.08832 0.08410 0.19749 ( 9)  0.698  0.197
  98 S   0.00000 0.00000 0.00002 0.00031 0.00217 0.00905 0.02749 0.07546 0.88549 ( 9)  2.567  0.885
  99 T   0.00000 0.00000 0.00000 0.00009 0.00064 0.00266 0.00844 0.02694 0.96124 ( 9)  2.746  0.961
 100 F   0.00000 0.00009 0.00265 0.01810 0.05758 0.11806 0.18987 0.27088 0.34277 ( 9)  1.225  0.343
 101 S   0.00357 0.04532 0.11910 0.17427 0.18342 0.16437 0.14162 0.11859 0.04974 ( 5)  0.326  0.050
 102 R   0.00437 0.05507 0.14088 0.19471 0.18975 0.15983 0.13146 0.10155 0.02238 ( 4)  0.237  0.022
 103 P   0.00001 0.00146 0.01482 0.05830 0.13442 0.21328 0.25453 0.23896 0.08422 ( 7)  0.526  0.084
 104 N   0.00533 0.06041 0.12171 0.12836 0.11576 0.11959 0.14063 0.16914 0.13905 ( 8)  0.589  0.139
 105 N   0.00500 0.06143 0.14940 0.19654 0.18816 0.15942 0.12954 0.09413 0.01638 ( 4)  0.215  0.016
 106 I   0.14074 0.13974 0.13714 0.13251 0.12545 0.11549 0.10174 0.08134 0.02585 ( 1)  0.206  0.026
 107 I   0.14074 0.13974 0.13714 0.13251 0.12545 0.11549 0.10174 0.08134 0.02585 ( 1)  0.206  0.026
 108 P   0.13436 0.13370 0.13196 0.12881 0.12394 0.11686 0.10666 0.09041 0.03329 ( 1)  0.233  0.033
 109 T   0.13838 0.13750 0.13520 0.13110 0.12482 0.11588 0.10337 0.08441 0.02934 ( 1)  0.218  0.029
 110 D   0.14375 0.14264 0.13973 0.13456 0.12671 0.11566 0.10049 0.07822 0.01823 ( 1)  0.182  0.018
 111 L   0.12966 0.12915 0.12782 0.12542 0.12166 0.11616 0.10810 0.09493 0.04711 ( 1)  0.275  0.047
 112 K   0.00836 0.09733 0.20669 0.22053 0.16923 0.12297 0.09349 0.06824 0.01316 ( 4)  0.173  0.013
 113 Y   0.00577 0.07133 0.17414 0.22223 0.19123 0.13743 0.10082 0.07648 0.02057 ( 4)  0.206  0.021
 114 E   0.34021 0.28869 0.19084 0.09740 0.04205 0.01929 0.01156 0.00813 0.00183 ( 1)  0.036  0.002
 115 E   0.00002 0.00371 0.03343 0.10652 0.18384 0.21356 0.20166 0.17403 0.08323 ( 6)  0.477  0.083
 116 F   0.34717 0.29499 0.19410 0.09581 0.03777 0.01515 0.00822 0.00557 0.00120 ( 1)  0.030  0.001
 117 R   0.00222 0.03034 0.09329 0.16440 0.20101 0.19273 0.16253 0.12470 0.02879 ( 5)  0.284  0.029
 118 Y   0.29543 0.26409 0.19836 0.12254 0.06317 0.02891 0.01356 0.00803 0.00590 ( 1)  0.054  0.006
 119 K   0.00002 0.00392 0.03493 0.11081 0.19419 0.23197 0.21785 0.16947 0.03684 ( 6)  0.353  0.037
 120 D   0.14375 0.14264 0.13973 0.13456 0.12671 0.11566 0.10049 0.07822 0.01823 ( 1)  0.182  0.018
 121 P   0.13436 0.13370 0.13196 0.12881 0.12394 0.11686 0.10666 0.09041 0.03329 ( 1)  0.233  0.033
 122 F   0.00000 0.00003 0.00030 0.00157 0.00550 0.01547 0.03868 0.09708 0.84137 ( 9)  2.460  0.841
 123 D   0.14375 0.14264 0.13973 0.13456 0.12671 0.11566 0.10049 0.07822 0.01823 ( 1)  0.182  0.018
 124 A   0.00032 0.00458 0.01566 0.03516 0.06427 0.10403 0.15584 0.22417 0.39595 ( 9)  1.337  0.396
 125 I   0.14281 0.14171 0.13883 0.13371 0.12596 0.11509 0.10025 0.07866 0.02299 ( 1)  0.196  0.023
 126 V   0.13698 0.13618 0.13409 0.13034 0.12458 0.11632 0.10463 0.08659 0.03029 ( 1)  0.222  0.030
 127 P   0.11638 0.11621 0.11576 0.11494 0.11363 0.11166 0.10865 0.10337 0.09941 ( 1)  0.425  0.099
 128 M   0.36354 0.30585 0.19507 0.08900 0.02925 0.00898 0.00449 0.00316 0.00066 ( 1)  0.024  0.001
 129 R   0.00072 0.01061 0.03944 0.09289 0.16141 0.21707 0.23241 0.19819 0.04726 ( 7)  0.397  0.047
 130 L   0.00002 0.00301 0.02733 0.09028 0.16883 0.21854 0.22326 0.19391 0.07482 ( 7)  0.470  0.075
 131 S   0.00400 0.05038 0.12941 0.18328 0.18705 0.16451 0.13943 0.11170 0.03024 ( 5)  0.268  0.030
 132 S   0.00001 0.00213 0.02053 0.07403 0.15335 0.21953 0.24267 0.21719 0.07056 ( 7)  0.475  0.071
 133 N   0.36042 0.29173 0.17447 0.08228 0.03894 0.02279 0.01594 0.01119 0.00223 ( 1)  0.039  0.002
 134 Q   0.00001 0.00191 0.01891 0.07075 0.15178 0.22110 0.24345 0.21675 0.07534 ( 7)  0.489  0.075
 135 L   0.00001 0.00149 0.01467 0.05495 0.12051 0.18534 0.22277 0.22472 0.17554 ( 8)  0.759  0.176
 136 I   0.00393 0.04934 0.12605 0.17891 0.18622 0.16804 0.14289 0.11182 0.03279 ( 5)  0.276  0.033
 137 T   0.00372 0.04751 0.12593 0.18416 0.19199 0.17044 0.14276 0.10880 0.02468 ( 5)  0.253  0.025
 138 I   0.00003 0.00552 0.04551 0.12891 0.20076 0.22106 0.20132 0.15717 0.03971 ( 6)  0.349  0.040
 139 A   0.00345 0.04458 0.12146 0.18489 0.19748 0.17159 0.13872 0.10732 0.03051 ( 5)  0.268  0.031
 140 I   0.00521 0.06374 0.15298 0.19680 0.18408 0.15427 0.12631 0.09501 0.02161 ( 4)  0.228  0.022
 141 Q   0.00001 0.00140 0.01423 0.05627 0.13096 0.21043 0.25409 0.24079 0.09182 ( 7)  0.547  0.092
 142 P   0.30613 0.27187 0.20008 0.11807 0.05634 0.02416 0.01217 0.00829 0.00288 ( 1)  0.043  0.003
 143 L   0.00347 0.04480 0.12149 0.18287 0.19227 0.16566 0.13589 0.11046 0.04309 ( 5)  0.303  0.043
 144 N   0.00004 0.00711 0.05564 0.14420 0.20081 0.20122 0.17852 0.14965 0.06281 ( 6)  0.400  0.063
 145 M   0.00816 0.09730 0.21663 0.23879 0.17415 0.11241 0.08048 0.05996 0.01211 ( 4)  0.160  0.012
 146 T   0.00001 0.00259 0.02460 0.08625 0.17088 0.22987 0.23581 0.19479 0.05520 ( 7)  0.421  0.055
 147 S   0.00002 0.00316 0.02832 0.09191 0.16880 0.21614 0.22080 0.19325 0.07760 ( 7)  0.476  0.078
 148 N   0.00005 0.00836 0.06467 0.16446 0.22253 0.21293 0.17458 0.12670 0.02571 ( 5)  0.286  0.026
 149 N   0.36905 0.29474 0.17101 0.07814 0.03689 0.02201 0.01558 0.01082 0.00176 ( 1)  0.037  0.002
 150 -   0.11299 0.11288 0.11258 0.11202 0.11115 0.10982 0.10778 0.10418 0.11659 ( 9)  0.473  0.117
 151 -   0.10699 0.10697 0.10691 0.10680 0.10662 0.10634 0.10591 0.10513 0.14833 ( 9)  0.562  0.148
 152 -   0.11308 0.11297 0.11267 0.11211 0.11123 0.10990 0.10786 0.10424 0.11593 ( 9)  0.472  0.116
 153 -   0.11315 0.11304 0.11274 0.11218 0.11130 0.10996 0.10790 0.10426 0.11547 ( 9)  0.470  0.115
 154 Q   0.00000 0.00008 0.00238 0.01729 0.05597 0.11042 0.16964 0.24352 0.40070 ( 9)  1.365  0.401
 155 V   0.29278 0.25698 0.18538 0.11010 0.05892 0.03421 0.02476 0.02092 0.01594 ( 1)  0.093  0.016
 156 I   0.00002 0.00296 0.02696 0.09000 0.17141 0.22694 0.23369 0.19357 0.05446 ( 7)  0.418  0.054
 157 I   0.00357 0.04571 0.12193 0.18191 0.19410 0.17237 0.14196 0.10832 0.03013 ( 5)  0.268  0.030
 158 D   0.34343 0.28756 0.18457 0.09171 0.04078 0.02102 0.01427 0.01131 0.00535 ( 1)  0.048  0.005
 159 R   0.00662 0.07977 0.18383 0.21970 0.18365 0.13508 0.10119 0.07483 0.01533 ( 4)  0.189  0.015
 160 I   0.00426 0.05251 0.12862 0.17063 0.16573 0.14596 0.13015 0.11654 0.08561 ( 4)  0.417  0.086
 161 E   0.32947 0.28323 0.19330 0.10341 0.04644 0.02112 0.01213 0.00847 0.00244 ( 1)  0.039  0.002
 162 I   0.14281 0.14171 0.13883 0.13371 0.12596 0.11509 0.10025 0.07866 0.02299 ( 1)  0.196  0.023
 163 I   0.14281 0.14171 0.13883 0.13371 0.12596 0.11509 0.10025 0.07866 0.02299 ( 1)  0.196  0.023

Positively selected sites

	Prob(w>1)  mean w

    40 S      0.602         1.876
    79 L      0.824         2.413
    80 N      0.676         2.059
    81 V      0.918         2.640
    82 S      0.943         2.700
    84 V      0.733         2.190
    85 L      0.869         2.527
    86 Q      0.904         2.607
    87 G      0.865         2.516
    88 V      0.699         2.103
    90 R      0.832         2.436
    92 T      0.797         2.350
    93 T      0.916         2.640
    94 I      0.800         2.357
    95 S      0.924         2.657
    96 T      0.774         2.299
    98 S      0.885         2.567
    99 T      0.961*        2.746
   122 F      0.841         2.460


lnL = -1488.730774

Bayes Empirical Bayes (BEB) probabilities for 11 classes (class) & postmean_w
(amino acids refer to 1st sequence: BT_Cry4Ba1)

   1 Y   0.27077 0.09596 0.07688 0.05940 0.04699 0.03833 0.03220 0.02803 0.02613 0.04475 0.28055 (11)  0.922 +-  1.123
   2 T   0.74010 0.07929 0.04292 0.02788 0.01975 0.01471 0.01136 0.00912 0.00786 0.01263 0.03437 ( 1)  0.194 +-  0.433
   3 D   0.65742 0.05013 0.03077 0.02478 0.02143 0.01891 0.01685 0.01525 0.01454 0.02522 0.12470 ( 1)  0.431 +-  0.817
   4 A   0.21508 0.05899 0.05153 0.04675 0.04275 0.03913 0.03591 0.03341 0.03269 0.05748 0.38629 (11)  1.199 +-  1.215
   5 I   0.86603 0.03743 0.01811 0.01192 0.00879 0.00686 0.00555 0.00466 0.00419 0.00699 0.02946 ( 1)  0.151 +-  0.425
   6 T   0.89856 0.03573 0.01577 0.00980 0.00690 0.00515 0.00400 0.00323 0.00280 0.00449 0.01356 ( 1)  0.105 +-  0.287
   7 Q   0.22438 0.10386 0.09905 0.08298 0.06709 0.05413 0.04423 0.03711 0.03316 0.05357 0.20043 ( 1)  0.732 +-  0.882
   8 V   0.78566 0.06872 0.03592 0.02312 0.01628 0.01206 0.00926 0.00738 0.00632 0.01007 0.02520 ( 1)  0.161 +-  0.373
   9 P   0.92777 0.03349 0.00999 0.00478 0.00302 0.00222 0.00177 0.00149 0.00135 0.00228 0.01185 ( 1)  0.093 +-  0.283
  10 A   0.90011 0.03253 0.01289 0.00792 0.00575 0.00449 0.00365 0.00309 0.00280 0.00471 0.02207 ( 1)  0.125 +-  0.376
  11 V   0.91717 0.03190 0.01290 0.00781 0.00545 0.00406 0.00314 0.00252 0.00217 0.00347 0.00940 ( 1)  0.091 +-  0.236
  12 K   0.93194 0.02856 0.01114 0.00650 0.00440 0.00318 0.00241 0.00189 0.00160 0.00250 0.00588 ( 1)  0.079 +-  0.188
  13 S   0.93868 0.03079 0.00933 0.00467 0.00301 0.00218 0.00167 0.00135 0.00117 0.00188 0.00527 ( 1)  0.074 +-  0.177
  14 N   0.20168 0.05183 0.04274 0.03833 0.03551 0.03323 0.03129 0.02991 0.03008 0.05483 0.45057 (11)  1.361 +-  1.275
  15 F   0.27519 0.09628 0.08141 0.06575 0.05316 0.04354 0.03634 0.03124 0.02865 0.04793 0.24053 ( 1)  0.816 +-  1.016
  16 L   0.61745 0.08351 0.04907 0.03356 0.02509 0.01981 0.01627 0.01389 0.01271 0.02161 0.10703 ( 1)  0.398 +-  0.772
  17 N   0.76003 0.07895 0.04229 0.02700 0.01870 0.01358 0.01023 0.00800 0.00673 0.01057 0.02392 ( 1)  0.165 +-  0.364
  18 -   0.62333 0.06493 0.04041 0.02928 0.02276 0.01846 0.01548 0.01345 0.01251 0.02158 0.13781 ( 1)  0.481 +-  0.906
  19 -   0.59102 0.06224 0.03919 0.02872 0.02259 0.01853 0.01571 0.01381 0.01300 0.02268 0.17250 ( 1)  0.583 +-  1.026
  20 A   0.74011 0.07934 0.04174 0.02698 0.01927 0.01451 0.01133 0.00919 0.00799 0.01293 0.03661 ( 1)  0.198 +-  0.445
  21 T   0.90048 0.03559 0.01590 0.00990 0.00693 0.00514 0.00396 0.00317 0.00272 0.00434 0.01186 ( 1)  0.101 +-  0.266
  22 A   0.20476 0.06479 0.05619 0.05022 0.04558 0.04150 0.03791 0.03510 0.03415 0.05957 0.37021 (11)  1.157 +-  1.179
  23 K   0.18911 0.06696 0.06188 0.05649 0.05138 0.04658 0.04226 0.03882 0.03744 0.06430 0.34479 (11)  1.089 +-  1.107
  24 V   0.91717 0.03190 0.01290 0.00781 0.00545 0.00406 0.00314 0.00252 0.00217 0.00347 0.00940 ( 1)  0.091 +-  0.236
  25 I   0.71291 0.06853 0.03814 0.02605 0.01946 0.01528 0.01244 0.01052 0.00953 0.01602 0.07112 ( 1)  0.288 +-  0.638
  26 K   0.91994 0.02976 0.01188 0.00716 0.00503 0.00380 0.00299 0.00246 0.00216 0.00351 0.01131 ( 1)  0.094 +-  0.259
  27 G   0.93916 0.02943 0.00897 0.00463 0.00306 0.00225 0.00175 0.00142 0.00124 0.00201 0.00607 ( 1)  0.076 +-  0.191
  28 P   0.94567 0.02823 0.00800 0.00393 0.00254 0.00185 0.00143 0.00115 0.00100 0.00161 0.00460 ( 1)  0.071 +-  0.166
  29 G   0.94238 0.02763 0.00854 0.00455 0.00305 0.00225 0.00174 0.00140 0.00121 0.00194 0.00531 ( 1)  0.074 +-  0.177
  30 H   0.96023 0.02228 0.00578 0.00276 0.00175 0.00125 0.00095 0.00076 0.00065 0.00103 0.00257 ( 1)  0.063 +-  0.124
  31 T   0.90048 0.03559 0.01590 0.00990 0.00693 0.00514 0.00396 0.00317 0.00272 0.00434 0.01186 ( 1)  0.101 +-  0.266
  32 G   0.92075 0.03605 0.01142 0.00557 0.00350 0.00254 0.00200 0.00166 0.00150 0.00252 0.01249 ( 1)  0.095 +-  0.289
  33 G   0.92375 0.03281 0.01030 0.00526 0.00348 0.00261 0.00210 0.00177 0.00160 0.00271 0.01361 ( 1)  0.098 +-  0.301
  34 D   0.94439 0.02465 0.00907 0.00521 0.00350 0.00252 0.00189 0.00148 0.00124 0.00193 0.00413 ( 1)  0.072 +-  0.157
  35 L   0.91510 0.03895 0.01309 0.00658 0.00417 0.00301 0.00234 0.00192 0.00170 0.00280 0.01035 ( 1)  0.091 +-  0.254
  36 V   0.91992 0.03162 0.01273 0.00766 0.00531 0.00391 0.00300 0.00239 0.00204 0.00323 0.00819 ( 1)  0.087 +-  0.220
  37 A   0.47562 0.12911 0.08859 0.06141 0.04432 0.03317 0.02567 0.02063 0.01781 0.02848 0.07520 ( 1)  0.359 +-  0.589
  38 L   0.92030 0.03546 0.01236 0.00669 0.00446 0.00328 0.00254 0.00206 0.00179 0.00288 0.00818 ( 1)  0.086 +-  0.219
  39 T   0.73864 0.07885 0.04228 0.02747 0.01957 0.01467 0.01140 0.00920 0.00798 0.01287 0.03708 ( 1)  0.200 +-  0.452
  40 S   0.01732 0.02107 0.03070 0.03483 0.03594 0.03560 0.03470 0.03399 0.03485 0.06474 0.65626 (11)  1.959 +-  1.255
  41 N   0.92716 0.02979 0.01222 0.00720 0.00485 0.00349 0.00262 0.00204 0.00171 0.00267 0.00624 ( 1)  0.081 +-  0.195
  42 G   0.45980 0.12709 0.08895 0.06256 0.04567 0.03454 0.02697 0.02186 0.01901 0.03055 0.08299 ( 1)  0.381 +-  0.610
  43 T   0.47731 0.10448 0.07853 0.05920 0.04518 0.03506 0.02777 0.02269 0.01981 0.03182 0.09814 ( 1)  0.419 +-  0.684
  44 L   0.38176 0.11983 0.08975 0.06580 0.04959 0.03858 0.03096 0.02578 0.02301 0.03778 0.13718 ( 1)  0.530 +-  0.782
  45 S   0.23000 0.09862 0.09049 0.07491 0.06069 0.04940 0.04088 0.03481 0.03160 0.05210 0.23650 (11)  0.819 +-  0.980
  46 -   0.58295 0.06154 0.03884 0.02854 0.02250 0.01851 0.01573 0.01386 0.01308 0.02288 0.18156 ( 1)  0.610 +-  1.056
  47 G   0.19765 0.09925 0.09009 0.07276 0.05818 0.04728 0.03935 0.03384 0.03112 0.05219 0.27830 (11)  0.930 +-  1.063
  48 R   0.70833 0.08757 0.04944 0.03242 0.02300 0.01710 0.01317 0.01054 0.00904 0.01444 0.03495 ( 1)  0.203 +-  0.426
  49 M   0.71108 0.09074 0.04865 0.03120 0.02198 0.01634 0.01262 0.01014 0.00874 0.01403 0.03447 ( 1)  0.200 +-  0.421
  50 E   0.37969 0.11757 0.08752 0.06434 0.04877 0.03819 0.03083 0.02581 0.02316 0.03822 0.14591 ( 1)  0.551 +-  0.809
  51 I   0.90059 0.03641 0.01666 0.01029 0.00710 0.00518 0.00393 0.00310 0.00261 0.00411 0.01002 ( 1)  0.097 +-  0.244
  52 Q   0.78201 0.07512 0.03436 0.02037 0.01405 0.01052 0.00828 0.00680 0.00601 0.00990 0.03259 ( 1)  0.175 +-  0.427
  53 C   0.71141 0.07074 0.04205 0.02910 0.02161 0.01675 0.01342 0.01115 0.00992 0.01637 0.05749 ( 1)  0.256 +-  0.557
  54 K   0.75108 0.07163 0.04086 0.02717 0.01942 0.01451 0.01122 0.00901 0.00776 0.01245 0.03490 ( 1)  0.194 +-  0.441
  55 T   0.73585 0.07124 0.04125 0.02784 0.02019 0.01530 0.01199 0.00976 0.00852 0.01384 0.04423 ( 1)  0.220 +-  0.499
  56 S   0.75921 0.07203 0.04085 0.02700 0.01916 0.01421 0.01090 0.00868 0.00742 0.01179 0.02873 ( 1)  0.177 +-  0.395
  57 I   0.75176 0.07145 0.04063 0.02695 0.01921 0.01433 0.01107 0.00888 0.00765 0.01227 0.03581 ( 1)  0.196 +-  0.451
  58 F   0.73988 0.07172 0.04156 0.02806 0.02033 0.01539 0.01204 0.00977 0.00850 0.01374 0.03900 ( 1)  0.205 +-  0.458
  59 N   0.76525 0.07168 0.04015 0.02623 0.01843 0.01355 0.01032 0.00816 0.00694 0.01099 0.02830 ( 1)  0.175 +-  0.400
  60 D   0.94439 0.02465 0.00907 0.00521 0.00350 0.00252 0.00189 0.00148 0.00124 0.00193 0.00413 ( 1)  0.072 +-  0.157
  61 P   0.73145 0.07875 0.04281 0.02818 0.02030 0.01536 0.01205 0.00980 0.00855 0.01387 0.03887 ( 1)  0.206 +-  0.453
  62 T   0.73345 0.08083 0.04327 0.02789 0.01975 0.01477 0.01147 0.00927 0.00804 0.01300 0.03827 ( 1)  0.204 +-  0.460
  63 R   0.17052 0.06308 0.05900 0.05420 0.04959 0.04522 0.04128 0.03814 0.03701 0.06408 0.37787 (11)  1.183 +-  1.159
  64 S   0.06451 0.05912 0.07144 0.07056 0.06533 0.05905 0.05304 0.04809 0.04568 0.07631 0.38688 (11)  1.240 +-  1.099
  65 Y   0.93492 0.03272 0.00953 0.00432 0.00258 0.00181 0.00140 0.00115 0.00103 0.00173 0.00881 ( 1)  0.083 +-  0.245
  66 G   0.76057 0.07542 0.03805 0.02412 0.01712 0.01291 0.01013 0.00827 0.00724 0.01179 0.03439 ( 1)  0.187 +-  0.431
  67 L   0.15647 0.05398 0.04825 0.04397 0.04075 0.03798 0.03556 0.03374 0.03366 0.06051 0.45512 (11)  1.382 +-  1.244
  68 R   0.88294 0.05746 0.02354 0.01179 0.00658 0.00396 0.00255 0.00175 0.00132 0.00192 0.00619 ( 1)  0.089 +-  0.218
  69 I   0.89772 0.03661 0.01689 0.01051 0.00730 0.00537 0.00410 0.00325 0.00276 0.00437 0.01112 ( 1)  0.100 +-  0.257
  70 R   0.94429 0.03246 0.00851 0.00353 0.00201 0.00138 0.00104 0.00084 0.00074 0.00120 0.00401 ( 1)  0.069 +-  0.158
  71 Y   0.95248 0.02639 0.00708 0.00328 0.00203 0.00144 0.00110 0.00088 0.00076 0.00121 0.00334 ( 1)  0.067 +-  0.142
  72 A   0.92527 0.03046 0.01177 0.00699 0.00483 0.00356 0.00273 0.00218 0.00186 0.00295 0.00741 ( 1)  0.084 +-  0.209
  73 A   0.92208 0.03107 0.01200 0.00713 0.00495 0.00368 0.00285 0.00230 0.00198 0.00317 0.00879 ( 1)  0.088 +-  0.228
  74 N   0.42654 0.13348 0.09961 0.07119 0.05151 0.03819 0.02912 0.02304 0.01957 0.03077 0.07700 ( 1)  0.381 +-  0.593
  75 S   0.95404 0.02090 0.00736 0.00425 0.00287 0.00207 0.00155 0.00121 0.00101 0.00156 0.00318 ( 1)  0.067 +-  0.138
  76 P   0.31242 0.11854 0.09944 0.07697 0.05930 0.04642 0.03719 0.03079 0.02727 0.04408 0.14759 ( 1)  0.577 +-  0.782
  77 I   0.47582 0.12882 0.08914 0.06170 0.04426 0.03292 0.02531 0.02024 0.01740 0.02776 0.07662 ( 1)  0.364 +-  0.605
  78 V   0.33670 0.11779 0.09501 0.07241 0.05549 0.04339 0.03479 0.02885 0.02560 0.04163 0.14835 ( 1)  0.573 +-  0.803
  79 L   0.02352 0.00808 0.01021 0.01248 0.01457 0.01639 0.01799 0.01964 0.02227 0.04667 0.80818 (11)  2.369 +-  1.245
  80 N   0.01831 0.01634 0.02136 0.02496 0.02791 0.03016 0.03179 0.03323 0.03590 0.06956 0.69048 (11)  2.030 +-  1.216
  81 V   0.00903 0.00386 0.00475 0.00582 0.00699 0.00818 0.00940 0.01076 0.01282 0.02836 0.90002 (11)  2.637 +-  1.205
  82 S   0.00388 0.00220 0.00309 0.00407 0.00513 0.00622 0.00735 0.00861 0.01045 0.02343 0.92557 (11)  2.709 +-  1.181
  83 Y   0.55840 0.06702 0.03675 0.02648 0.02214 0.01968 0.01795 0.01676 0.01652 0.02971 0.18859 ( 1)  0.604 +-  0.980
  84 V   0.03408 0.01398 0.01732 0.01999 0.02201 0.02350 0.02465 0.02583 0.02819 0.05633 0.73411 (11)  2.158 +-  1.263
  85 L   0.00114 0.00315 0.00675 0.00990 0.01244 0.01449 0.01625 0.01801 0.02070 0.04402 0.85316 (11)  2.500 +-  1.198
  86 Q   0.00415 0.00384 0.00560 0.00715 0.00863 0.01005 0.01145 0.01298 0.01530 0.03365 0.88720 (11)  2.597 +-  1.195
  87 G   0.00484 0.00470 0.00764 0.01011 0.01221 0.01400 0.01559 0.01723 0.01978 0.04207 0.85183 (11)  2.497 +-  1.208
  88 V   0.04729 0.02033 0.02125 0.02222 0.02329 0.02421 0.02498 0.02590 0.02805 0.05568 0.70681 (11)  2.079 +-  1.282
  89 S   0.04171 0.04011 0.05120 0.05335 0.05178 0.04881 0.04556 0.04285 0.04219 0.07383 0.50861 (11)  1.555 +-  1.199
  90 R   0.00380 0.00615 0.01035 0.01333 0.01551 0.01720 0.01861 0.02007 0.02257 0.04706 0.82535 (11)  2.421 +-  1.214
  91 G   0.12068 0.04287 0.04017 0.03772 0.03559 0.03362 0.03186 0.03061 0.03095 0.05683 0.53909 (11)  1.627 +-  1.321
  92 T   0.01927 0.00926 0.01207 0.01490 0.01743 0.01958 0.02142 0.02325 0.02616 0.05414 0.78253 (11)  2.287 +-  1.224
  93 T   0.00071 0.00196 0.00415 0.00613 0.00784 0.00934 0.01071 0.01215 0.01428 0.03095 0.90178 (11)  2.646 +-  1.194
  94 I   0.00962 0.00990 0.01390 0.01611 0.01747 0.01840 0.01916 0.02006 0.02202 0.04483 0.80854 (11)  2.385 +-  1.253
  95 S   0.00062 0.00164 0.00359 0.00556 0.00745 0.00925 0.01100 0.01288 0.01562 0.03559 0.89680 (11)  2.610 +-  1.153
  96 T   0.00997 0.00853 0.01327 0.01726 0.02047 0.02298 0.02496 0.02683 0.02983 0.06051 0.76538 (11)  2.238 +-  1.204
  97 E   0.65619 0.06682 0.02973 0.01753 0.01294 0.01090 0.00981 0.00921 0.00923 0.01710 0.16055 ( 1)  0.524 +-  0.996
  98 S   0.00093 0.00261 0.00569 0.00850 0.01084 0.01279 0.01448 0.01618 0.01872 0.04011 0.86917 (11)  2.548 +-  1.194
  99 T   0.00029 0.00082 0.00180 0.00279 0.00376 0.00474 0.00573 0.00684 0.00844 0.01903 0.94576 (11)  2.765 +-  1.159
 100 F   0.07369 0.05308 0.05973 0.05848 0.05486 0.05065 0.04660 0.04331 0.04221 0.07299 0.44440 (11)  1.376 +-  1.163
 101 S   0.70270 0.07995 0.04417 0.02935 0.02141 0.01646 0.01314 0.01090 0.00969 0.01601 0.05622 ( 1)  0.253 +-  0.552
 102 R   0.75913 0.07648 0.04019 0.02587 0.01827 0.01358 0.01048 0.00840 0.00722 0.01156 0.02882 ( 1)  0.175 +-  0.393
 103 P   0.29144 0.11543 0.10015 0.07927 0.06189 0.04880 0.03924 0.03252 0.02880 0.04641 0.15607 ( 1)  0.605 +-  0.798
 104 N   0.58957 0.05487 0.03813 0.03159 0.02730 0.02387 0.02102 0.01882 0.01775 0.03041 0.14666 ( 1)  0.505 +-  0.872
 105 N   0.77378 0.07589 0.04002 0.02540 0.01752 0.01269 0.00953 0.00744 0.00624 0.00978 0.02172 ( 1)  0.156 +-  0.348
 106 I   0.74445 0.07137 0.04093 0.02737 0.01967 0.01478 0.01150 0.00929 0.00805 0.01299 0.03961 ( 1)  0.207 +-  0.473
 107 I   0.74445 0.07137 0.04093 0.02737 0.01967 0.01478 0.01150 0.00929 0.00805 0.01299 0.03961 ( 1)  0.207 +-  0.473
 108 P   0.72166 0.07115 0.04193 0.02878 0.02120 0.01630 0.01296 0.01068 0.00943 0.01546 0.05044 ( 1)  0.237 +-  0.521
 109 T   0.73585 0.07124 0.04125 0.02784 0.02019 0.01530 0.01199 0.00976 0.00852 0.01384 0.04423 ( 1)  0.220 +-  0.499
 110 D   0.75686 0.07187 0.04080 0.02700 0.01920 0.01427 0.01097 0.00876 0.00750 0.01196 0.03080 ( 1)  0.182 +-  0.412
 111 L   0.70128 0.07016 0.04196 0.02922 0.02184 0.01704 0.01374 0.01149 0.01029 0.01709 0.06590 ( 1)  0.279 +-  0.603
 112 K   0.83915 0.05827 0.02748 0.01690 0.01162 0.00847 0.00642 0.00506 0.00428 0.00674 0.01561 ( 1)  0.124 +-  0.298
 113 Y   0.81299 0.06663 0.03022 0.01829 0.01271 0.00946 0.00735 0.00595 0.00516 0.00834 0.02288 ( 1)  0.146 +-  0.356
 114 E   0.94599 0.02546 0.00833 0.00455 0.00304 0.00221 0.00168 0.00134 0.00114 0.00180 0.00446 ( 1)  0.072 +-  0.163
 115 E   0.47101 0.11675 0.07641 0.05293 0.03919 0.03044 0.02454 0.02056 0.01850 0.03077 0.11889 ( 1)  0.460 +-  0.756
 116 F   0.95752 0.02198 0.00634 0.00328 0.00214 0.00154 0.00117 0.00093 0.00079 0.00125 0.00304 ( 1)  0.065 +-  0.135
 117 R   0.67660 0.09669 0.05483 0.03546 0.02495 0.01852 0.01430 0.01149 0.00992 0.01596 0.04126 ( 1)  0.225 +-  0.461
 118 Y   0.93492 0.03272 0.00953 0.00432 0.00258 0.00181 0.00140 0.00115 0.00103 0.00173 0.00881 ( 1)  0.083 +-  0.245
 119 K   0.50573 0.12763 0.08524 0.05818 0.04149 0.03076 0.02360 0.01883 0.01616 0.02574 0.06663 ( 1)  0.331 +-  0.564
 120 D   0.75686 0.07187 0.04080 0.02700 0.01920 0.01427 0.01097 0.00876 0.00750 0.01196 0.03080 ( 1)  0.182 +-  0.412
 121 P   0.72166 0.07115 0.04193 0.02878 0.02120 0.01630 0.01296 0.01068 0.00943 0.01546 0.05044 ( 1)  0.237 +-  0.521
 122 F   0.00602 0.00540 0.00884 0.01187 0.01445 0.01659 0.01843 0.02026 0.02310 0.04865 0.82639 (11)  2.419 +-  1.205
 123 D   0.75686 0.07187 0.04080 0.02700 0.01920 0.01427 0.01097 0.00876 0.00750 0.01196 0.03080 ( 1)  0.182 +-  0.412
 124 A   0.16467 0.04777 0.04645 0.04420 0.04148 0.03864 0.03598 0.03390 0.03356 0.05974 0.45361 (11)  1.389 +-  1.266
 125 I   0.75176 0.07145 0.04063 0.02695 0.01921 0.01433 0.01107 0.00888 0.00765 0.01227 0.03581 ( 1)  0.196 +-  0.451
 126 V   0.73113 0.07125 0.04153 0.02820 0.02056 0.01566 0.01234 0.01009 0.00884 0.01440 0.04600 ( 1)  0.225 +-  0.505
 127 P   0.63973 0.06622 0.04095 0.02948 0.02277 0.01835 0.01529 0.01320 0.01220 0.02090 0.12091 ( 1)  0.432 +-  0.841
 128 M   0.97170 0.01611 0.00375 0.00191 0.00127 0.00093 0.00071 0.00057 0.00048 0.00076 0.00180 ( 1)  0.059 +-  0.103
 129 R   0.45776 0.11430 0.08705 0.06450 0.04819 0.03674 0.02872 0.02323 0.02013 0.03213 0.08724 ( 1)  0.396 +-  0.626
 130 L   0.42134 0.11901 0.08611 0.06220 0.04648 0.03595 0.02872 0.02380 0.02117 0.03470 0.12054 ( 1)  0.479 +-  0.741
 131 S   0.73172 0.07928 0.04316 0.02832 0.02031 0.01532 0.01198 0.00973 0.00847 0.01371 0.03800 ( 1)  0.204 +-  0.448
 132 S   0.36120 0.12009 0.09517 0.07199 0.05487 0.04265 0.03397 0.02797 0.02465 0.03982 0.12761 ( 1)  0.516 +-  0.741
 133 N   0.92716 0.02979 0.01222 0.00720 0.00485 0.00349 0.00262 0.00204 0.00171 0.00267 0.00624 ( 1)  0.081 +-  0.195
 134 Q   0.34591 0.12150 0.09699 0.07300 0.05540 0.04304 0.03435 0.02839 0.02514 0.04079 0.13548 ( 1)  0.537 +-  0.759
 135 L   0.26149 0.09717 0.08304 0.06661 0.05340 0.04349 0.03622 0.03113 0.02860 0.04802 0.25083 ( 1)  0.846 +-  1.037
 136 I   0.72457 0.08105 0.04495 0.02940 0.02090 0.01561 0.01209 0.00974 0.00843 0.01358 0.03969 ( 1)  0.211 +-  0.469
 137 T   0.73505 0.08228 0.04489 0.02908 0.02046 0.01511 0.01157 0.00921 0.00787 0.01253 0.03196 ( 1)  0.189 +-  0.417
 138 I   0.55930 0.11771 0.07428 0.05004 0.03567 0.02653 0.02045 0.01640 0.01414 0.02267 0.06281 ( 1)  0.308 +-  0.560
 139 A   0.72892 0.08425 0.04440 0.02820 0.01985 0.01483 0.01153 0.00932 0.00810 0.01311 0.03749 ( 1)  0.203 +-  0.452
 140 I   0.77324 0.07324 0.03849 0.02463 0.01722 0.01266 0.00965 0.00765 0.00652 0.01035 0.02634 ( 1)  0.167 +-  0.384
 141 Q   0.28097 0.11323 0.09948 0.07931 0.06219 0.04920 0.03967 0.03299 0.02931 0.04740 0.16624 ( 1)  0.632 +-  0.821
 142 P   0.94318 0.02906 0.00828 0.00406 0.00262 0.00192 0.00149 0.00122 0.00106 0.00173 0.00538 ( 1)  0.074 +-  0.180
 143 L   0.71945 0.08128 0.04282 0.02759 0.01981 0.01511 0.01199 0.00991 0.00878 0.01448 0.04878 ( 1)  0.231 +-  0.514
 144 N   0.58808 0.10428 0.06148 0.04130 0.03016 0.02320 0.01854 0.01542 0.01376 0.02280 0.08098 ( 1)  0.340 +-  0.641
 145 M   0.85877 0.05433 0.02309 0.01387 0.00958 0.00707 0.00543 0.00433 0.00371 0.00591 0.01392 ( 1)  0.114 +-  0.278
 146 T   0.41523 0.12768 0.09467 0.06808 0.04999 0.03779 0.02944 0.02380 0.02066 0.03310 0.09957 ( 1)  0.436 +-  0.678
 147 S   0.42645 0.11718 0.08428 0.06098 0.04571 0.03547 0.02841 0.02361 0.02103 0.03454 0.12234 ( 1)  0.483 +-  0.749
 148 N   0.65414 0.11004 0.06134 0.03882 0.02671 0.01939 0.01465 0.01155 0.00980 0.01554 0.03802 ( 1)  0.223 +-  0.449
 149 N   0.92750 0.02975 0.01243 0.00736 0.00495 0.00353 0.00263 0.00204 0.00169 0.00261 0.00551 ( 1)  0.079 +-  0.182
 150 -   0.62280 0.06487 0.04038 0.02926 0.02275 0.01845 0.01547 0.01344 0.01251 0.02157 0.13850 ( 1)  0.483 +-  0.910
 151 -   0.59250 0.06237 0.03925 0.02876 0.02260 0.01854 0.01571 0.01380 0.01298 0.02264 0.17086 ( 1)  0.578 +-  1.021
 152 -   0.62333 0.06493 0.04041 0.02928 0.02276 0.01846 0.01548 0.01345 0.01251 0.02158 0.13781 ( 1)  0.481 +-  0.906
 153 -   0.62373 0.06497 0.04043 0.02929 0.02277 0.01847 0.01548 0.01345 0.01251 0.02157 0.13733 ( 1)  0.480 +-  0.904
 154 Q   0.06832 0.05056 0.05422 0.05179 0.04846 0.04514 0.04208 0.03972 0.03936 0.06974 0.49062 (11)  1.495 +-  1.208
 155 V   0.89132 0.03438 0.01394 0.00857 0.00620 0.00483 0.00394 0.00334 0.00304 0.00512 0.02531 ( 1)  0.135 +-  0.406
 156 I   0.43094 0.12472 0.09197 0.06643 0.04891 0.03697 0.02874 0.02317 0.02006 0.03207 0.09604 ( 1)  0.424 +-  0.671
 157 I   0.72709 0.08413 0.04543 0.02910 0.02043 0.01513 0.01165 0.00934 0.00804 0.01291 0.03676 ( 1)  0.203 +-  0.453
 158 D   0.92950 0.02672 0.00994 0.00587 0.00413 0.00314 0.00250 0.00208 0.00184 0.00304 0.01123 ( 1)  0.092 +-  0.262
 159 R   0.82059 0.06467 0.03023 0.01845 0.01272 0.00934 0.00715 0.00570 0.00487 0.00776 0.01852 ( 1)  0.135 +-  0.320
 160 I   0.69376 0.07016 0.03912 0.02674 0.02005 0.01584 0.01298 0.01104 0.01007 0.01706 0.08318 ( 1)  0.323 +-  0.696
 161 E   0.94359 0.02686 0.00853 0.00454 0.00300 0.00219 0.00168 0.00135 0.00116 0.00186 0.00526 ( 1)  0.074 +-  0.179
 162 I   0.75176 0.07145 0.04063 0.02695 0.01921 0.01433 0.01107 0.00888 0.00765 0.01227 0.03581 ( 1)  0.196 +-  0.451
 163 I   0.75176 0.07145 0.04063 0.02695 0.01921 0.01433 0.01107 0.00888 0.00765 0.01227 0.03581 ( 1)  0.196 +-  0.451

Positively selected sites

	Prob(w>1)  mean w

    40 S      0.656         1.959 +- 1.255
    79 L      0.808         2.369 +- 1.245
    80 N      0.690         2.030 +- 1.216
    81 V      0.900         2.637 +- 1.205
    82 S      0.926         2.709 +- 1.181
    84 V      0.734         2.158 +- 1.263
    85 L      0.853         2.500 +- 1.198
    86 Q      0.887         2.597 +- 1.195
    87 G      0.852         2.497 +- 1.208
    88 V      0.707         2.079 +- 1.282
    89 S      0.509         1.555 +- 1.199
    90 R      0.825         2.421 +- 1.214
    91 G      0.539         1.627 +- 1.321
    92 T      0.783         2.287 +- 1.224
    93 T      0.902         2.646 +- 1.194
    94 I      0.809         2.385 +- 1.253
    95 S      0.897         2.610 +- 1.153
    96 T      0.765         2.238 +- 1.204
    98 S      0.869         2.548 +- 1.194
    99 T      0.946         2.765 +- 1.159
   122 F      0.826         2.419 +- 1.205

