Supplemental results for CODEML (seqf: algn  treef: tree)


dN/dS (w) for site classes (K=8)

p:   0.12500  0.12500  0.12500  0.12500  0.12500  0.12500  0.12500  0.12500
w:   0.00493  0.07015  0.22584  0.44769  0.67865  0.86077  0.96456  0.99829

Naive Empirical Bayes (NEB) probabilities for 8 classes & postmean_w
(amino acids refer to 1st sequence: BT_Cry24Ca1)

   1 P   0.00000 0.00158 0.02678 0.09214 0.16258 0.21566 0.24572 0.25553 ( 8)  0.835
   2 T   0.00001 0.00246 0.03163 0.10777 0.18030 0.21680 0.22912 0.23192 ( 8)  0.817
   3 Q   0.00006 0.05779 0.22866 0.22539 0.16414 0.12251 0.10347 0.09797 ( 3)  0.571
   4 I   0.00058 0.08145 0.20883 0.20647 0.16188 0.12692 0.10954 0.10434 ( 3)  0.574
   5 E   0.00004 0.03109 0.10003 0.13371 0.16425 0.18361 0.19239 0.19488 ( 8)  0.734
   6 L   0.64312 0.27659 0.05422 0.01212 0.00514 0.00337 0.00279 0.00265 ( 1)  0.052
   7 S   0.13099 0.56168 0.20638 0.05549 0.02023 0.01063 0.00767 0.00693 ( 2)  0.149
   8 R   0.70771 0.24859 0.03359 0.00569 0.00193 0.00103 0.00076 0.00069 ( 1)  0.035
   9 Q   0.00004 0.04153 0.18914 0.21574 0.17554 0.13993 0.12178 0.11630 ( 4)  0.615
  10 I   0.77752 0.18910 0.02293 0.00538 0.00213 0.00121 0.00091 0.00083 ( 1)  0.029
  11 Y   0.77565 0.19594 0.02113 0.00391 0.00143 0.00080 0.00060 0.00055 ( 1)  0.027
  12 T   0.75382 0.20456 0.02796 0.00688 0.00281 0.00162 0.00123 0.00113 ( 1)  0.033
  13 D   0.86339 0.12630 0.00826 0.00127 0.00038 0.00018 0.00012 0.00011 ( 1)  0.016
  14 P   0.71697 0.24467 0.03021 0.00478 0.00153 0.00078 0.00056 0.00050 ( 1)  0.032
  15 V   0.11134 0.54168 0.22234 0.06479 0.02551 0.01418 0.01054 0.00962 ( 2)  0.167
  16 G   0.78197 0.19594 0.01750 0.00273 0.00086 0.00043 0.00030 0.00027 ( 1)  0.024
  17 A   0.00000 0.00000 0.00104 0.01936 0.09612 0.21882 0.31481 0.34987 ( 8)  0.915
  18 T   0.10806 0.42954 0.19374 0.09494 0.05888 0.04318 0.03674 0.03492 ( 2)  0.264
  19 F   0.00000 0.00000 0.00047 0.01423 0.08362 0.21159 0.32342 0.36666 ( 8)  0.923
  20 S   0.00000 0.00001 0.00181 0.02709 0.11215 0.22517 0.30340 0.33037 ( 8)  0.905
  21 -   0.00172 0.02362 0.07007 0.12396 0.16748 0.19447 0.20741 0.21127 ( 8)  0.765
  22 D   0.00000 0.00134 0.03947 0.12187 0.18220 0.21043 0.22098 0.22371 ( 8)  0.805
  23 F   0.00000 0.00641 0.09501 0.19231 0.20271 0.18063 0.16421 0.15872 ( 5)  0.718
  24 S   0.00000 0.00584 0.07154 0.16476 0.20215 0.19498 0.18272 0.17800 ( 5)  0.749
  25 N   0.00000 0.02581 0.18172 0.22101 0.18219 0.14480 0.12521 0.11926 ( 4)  0.630
  26 W   0.00000 0.00004 0.00822 0.07218 0.16936 0.23139 0.25622 0.26259 ( 8)  0.858
  27 T   0.00004 0.03887 0.19906 0.23135 0.17962 0.13418 0.11175 0.10513 ( 4)  0.601
  28 L   0.00000 0.00028 0.01804 0.08950 0.16992 0.22193 0.24653 0.25379 ( 8)  0.842
  29 T   0.00000 0.00449 0.08837 0.20047 0.21157 0.18177 0.16022 0.15312 ( 5)  0.717
  30 N   0.00000 0.01532 0.11757 0.18452 0.18945 0.17379 0.16175 0.15760 ( 5)  0.702
  31 R   0.00000 0.00975 0.15549 0.24486 0.19517 0.14857 0.12633 0.11983 ( 4)  0.647
  32 T   0.00439 0.27318 0.34002 0.17568 0.08540 0.04998 0.03733 0.03401 ( 3)  0.346
  33 L   0.00000 0.01423 0.18439 0.26038 0.19363 0.13614 0.10944 0.10180 ( 4)  0.615
  34 A   0.00000 0.02438 0.25133 0.27752 0.17405 0.11060 0.08461 0.07751 ( 4)  0.555
  35 -   0.13806 0.13631 0.13224 0.12667 0.12114 0.11697 0.11467 0.11393 ( 1)  0.504
  36 -   0.00150 0.02093 0.06392 0.11765 0.16525 0.19753 0.21406 0.21916 ( 8)  0.776
  37 N   0.00000 0.00253 0.09376 0.22444 0.21688 0.17383 0.14824 0.14032 ( 4)  0.702
  38 F   0.83604 0.15289 0.00922 0.00119 0.00033 0.00015 0.00010 0.00009 ( 1)  0.018
  39 N   0.00832 0.44339 0.35101 0.10967 0.04007 0.02040 0.01432 0.01281 ( 2)  0.231
  40 D   0.00000 0.01746 0.21142 0.27846 0.18797 0.12262 0.09486 0.08721 ( 4)  0.585
  41 L   0.06910 0.43472 0.27772 0.10648 0.04680 0.02681 0.02005 0.01831 ( 2)  0.234
  42 E   0.76859 0.20750 0.01942 0.00272 0.00081 0.00040 0.00029 0.00026 ( 1)  0.025
  43 R   0.00008 0.06348 0.22392 0.22462 0.16924 0.12336 0.10094 0.09437 ( 4)  0.568
  44 E   0.00014 0.11703 0.35267 0.22363 0.11813 0.07482 0.05891 0.05467 ( 3)  0.444
  45 V   0.00001 0.01541 0.10541 0.17912 0.19312 0.17895 0.16624 0.16175 ( 5)  0.712
  46 T   0.00000 0.01417 0.14688 0.21437 0.19014 0.15846 0.14075 0.13522 ( 4)  0.666
  47 D   0.00000 0.01177 0.18785 0.28189 0.19754 0.12944 0.09985 0.09165 ( 4)  0.603
  48 A   0.00000 0.00188 0.03481 0.10591 0.17314 0.21402 0.23247 0.23778 ( 8)  0.819
  49 P   0.70373 0.25179 0.03498 0.00568 0.00176 0.00088 0.00062 0.00056 ( 1)  0.035
  50 S   0.12085 0.52711 0.20705 0.06840 0.03113 0.01852 0.01406 0.01289 ( 2)  0.178
  51 L   0.67132 0.25796 0.04774 0.01152 0.00469 0.00274 0.00210 0.00193 ( 1)  0.047
  52 L   0.00003 0.02986 0.16424 0.19594 0.17428 0.15403 0.14264 0.13900 ( 4)  0.654
  53 K   0.00279 0.16369 0.21574 0.17539 0.13913 0.11196 0.09782 0.09349 ( 3)  0.517
  54 W   0.55264 0.32655 0.09609 0.01828 0.00377 0.00128 0.00075 0.00064 ( 1)  0.061
  55 L   0.06343 0.40091 0.27670 0.11941 0.05661 0.03372 0.02567 0.02356 ( 2)  0.260
  56 N   0.00000 0.00175 0.04264 0.12157 0.18272 0.21097 0.21936 0.22099 ( 8)  0.802
  57 S   0.00000 0.00001 0.00413 0.04511 0.13750 0.22960 0.28327 0.30038 ( 8)  0.885
  58 I   0.00000 0.00353 0.07060 0.16714 0.19942 0.19374 0.18453 0.18105 ( 5)  0.752
  59 E   0.00000 0.00006 0.00461 0.03414 0.11385 0.22110 0.29923 0.32700 ( 8)  0.899
  60 V   0.00520 0.27411 0.28367 0.15756 0.09589 0.06937 0.05861 0.05558 ( 3)  0.391
  61 Y   0.80446 0.17752 0.01461 0.00210 0.00062 0.00030 0.00021 0.00019 ( 1)  0.022
  62 T   0.09223 0.39702 0.21156 0.11490 0.06809 0.04567 0.03653 0.03400 ( 2)  0.282
  63 G   0.00000 0.00832 0.13528 0.22801 0.20175 0.16010 0.13684 0.12970 ( 4)  0.669
  64 A   0.00000 0.00008 0.01187 0.08378 0.17670 0.22894 0.24721 0.25142 ( 8)  0.847
  65 I   0.00000 0.00581 0.10260 0.21262 0.20922 0.17381 0.15151 0.14444 ( 4)  0.701
  66 D   0.00000 0.00048 0.02102 0.09233 0.17198 0.22164 0.24328 0.24927 ( 8)  0.837
  67 S   0.00000 0.00161 0.05534 0.16054 0.20482 0.20108 0.19043 0.18618 ( 5)  0.766
  68 H   0.00000 0.00004 0.00490 0.04600 0.13897 0.23028 0.28186 0.29795 ( 8)  0.884
  69 R   0.00000 0.00152 0.04055 0.13024 0.18999 0.20998 0.21371 0.21401 ( 8)  0.797
  70 P   0.00000 0.00003 0.00278 0.03010 0.11295 0.22316 0.30168 0.32929 ( 8)  0.903
  71 T   0.00000 0.00021 0.00617 0.04124 0.12282 0.22189 0.29154 0.31614 ( 8)  0.891
  72 S   0.00000 0.00028 0.00780 0.04815 0.13207 0.22386 0.28373 0.30411 ( 8)  0.883
  73 P   0.24592 0.22071 0.17070 0.11877 0.08177 0.06112 0.05185 0.04916 ( 1)  0.316
  74 -   0.12500 0.12500 0.12500 0.12500 0.12500 0.12500 0.12500 0.12500 ( 2)  0.531
  75 G   0.25947 0.22998 0.17278 0.11555 0.07651 0.05556 0.04639 0.04376 ( 1)  0.296
  76 E   0.00003 0.00613 0.04688 0.12057 0.18032 0.20856 0.21774 0.21977 ( 8)  0.796
  77 R   0.00010 0.03500 0.17832 0.21232 0.17632 0.14494 0.12893 0.12407 ( 4)  0.630
  78 I   0.07180 0.36129 0.22376 0.12558 0.07758 0.05415 0.04430 0.04153 ( 2)  0.316
  79 G   0.00072 0.07598 0.21270 0.20535 0.15883 0.12713 0.11191 0.10737 ( 3)  0.578
  80 V   0.00182 0.15873 0.29424 0.19474 0.12110 0.08697 0.07313 0.06926 ( 3)  0.462
  81 W   0.55264 0.32655 0.09609 0.01828 0.00377 0.00128 0.00075 0.00064 ( 1)  0.061
  82 Y   0.00011 0.10205 0.34769 0.23865 0.12528 0.07587 0.05760 0.05275 ( 3)  0.451
  83 G   0.73987 0.22402 0.02684 0.00519 0.00184 0.00095 0.00068 0.00061 ( 1)  0.031
  84 N   0.00003 0.03486 0.19930 0.22864 0.17454 0.13482 0.11655 0.11127 ( 4)  0.608
  85 R   0.00000 0.00006 0.00405 0.03392 0.11748 0.22447 0.29750 0.32252 ( 8)  0.898
  86 N   0.00000 0.01543 0.12425 0.17189 0.17665 0.17329 0.16989 0.16861 ( 5)  0.707
  87 T   0.00000 0.00011 0.00948 0.06262 0.15066 0.22653 0.26865 0.28195 ( 8)  0.868
  88 Y   0.00000 0.00027 0.02791 0.12865 0.19965 0.21619 0.21455 0.21278 ( 6)  0.805
  89 I   0.00000 0.00001 0.00418 0.05190 0.14899 0.23174 0.27503 0.28815 ( 8)  0.878
  90 N   0.00000 0.00000 0.00215 0.03142 0.11730 0.22507 0.29919 0.32486 ( 8)  0.901
  91 P   0.00143 0.07555 0.12941 0.16555 0.17186 0.16003 0.14988 0.14629 ( 5)  0.654
  92 D   0.00000 0.01141 0.14570 0.20740 0.18655 0.16103 0.14631 0.14160 ( 4)  0.674
  93 T   0.00000 0.00055 0.02119 0.09044 0.17064 0.22203 0.24449 0.25067 ( 8)  0.838
  94 N   0.00000 0.00045 0.01711 0.08167 0.16602 0.22450 0.25133 0.25891 ( 8)  0.847
  95 E   0.00000 0.00090 0.02711 0.10011 0.17302 0.21790 0.23771 0.24326 ( 8)  0.828
  96 -   0.02655 0.17171 0.17060 0.14741 0.13200 0.12151 0.11598 0.11424 ( 2)  0.537
  97 V   0.00000 0.00394 0.06337 0.14771 0.18874 0.19880 0.19901 0.19844 ( 7)  0.770
  98 S   0.00000 0.00017 0.01263 0.07269 0.15800 0.22502 0.26031 0.27117 ( 8)  0.858
  99 Y   0.00000 0.00104 0.02243 0.08929 0.17446 0.22443 0.24213 0.24621 ( 8)  0.836
 100 R   0.00000 0.01125 0.16623 0.23163 0.18556 0.14835 0.13102 0.12596 ( 4)  0.648
 101 F   0.00000 0.00000 0.00067 0.01537 0.08702 0.21467 0.32113 0.36113 ( 8)  0.921
 102 T   0.00000 0.00024 0.02565 0.12181 0.19516 0.21772 0.21997 0.21945 ( 7)  0.811
 103 G   0.12678 0.53629 0.21478 0.06636 0.02501 0.01303 0.00933 0.00841 ( 2)  0.162
 104 E   0.00000 0.00024 0.02403 0.12724 0.20447 0.21885 0.21405 0.21111 ( 6)  0.807
 105 L   0.00000 0.00001 0.00178 0.03403 0.12868 0.23114 0.29235 0.31202 ( 8)  0.895
 106 A   0.00100 0.09357 0.21322 0.19927 0.15615 0.12438 0.10858 0.10382 ( 3)  0.565
 107 Y   0.00000 0.01007 0.11684 0.20753 0.20262 0.17029 0.14963 0.14301 ( 4)  0.691
 108 E   0.00293 0.19864 0.26836 0.18031 0.12228 0.08787 0.07209 0.06752 ( 3)  0.451
 109 N   0.00000 0.00122 0.03476 0.12671 0.19687 0.21496 0.21363 0.21185 ( 6)  0.801
 110 P   0.00000 0.00152 0.04854 0.15183 0.20000 0.20370 0.19843 0.19597 ( 6)  0.777
 111 Y   0.00001 0.00643 0.04282 0.10435 0.16873 0.21095 0.23053 0.23618 ( 8)  0.811
 112 T   0.23017 0.20844 0.16529 0.12022 0.08768 0.06919 0.06074 0.05827 ( 1)  0.343
 113 F   0.00292 0.03816 0.10049 0.15096 0.17346 0.17840 0.17805 0.17757 ( 6)  0.713
 114 I   0.00045 0.05431 0.16534 0.19951 0.17776 0.14771 0.13021 0.12470 ( 4)  0.628
 115 G   0.00000 0.00006 0.01028 0.07730 0.17022 0.22906 0.25334 0.25974 ( 8)  0.853
 116 S   0.00002 0.01339 0.09583 0.17453 0.19117 0.18234 0.17307 0.16965 ( 5)  0.724
 117 F   0.00002 0.01975 0.10726 0.16282 0.17930 0.17923 0.17642 0.17521 ( 5)  0.720
 118 F   0.00000 0.00012 0.01578 0.09690 0.18599 0.22637 0.23662 0.23823 ( 8)  0.834
 119 D   0.00018 0.11705 0.28447 0.20419 0.13468 0.09852 0.08273 0.07819 ( 3)  0.498
 120 N   0.00758 0.25322 0.24195 0.17306 0.11506 0.08118 0.06613 0.06183 ( 2)  0.423
 121 D   0.86339 0.12630 0.00826 0.00127 0.00038 0.00018 0.00012 0.00011 ( 1)  0.016
 122 I   0.19002 0.60092 0.14824 0.03403 0.01200 0.00626 0.00448 0.00404 ( 2)  0.114
 123 Y   0.10121 0.45568 0.21104 0.08707 0.05001 0.03589 0.03033 0.02878 ( 2)  0.242
 124 K   0.01100 0.50494 0.32382 0.08949 0.03166 0.01648 0.01187 0.01073 ( 2)  0.207
 125 V   0.00000 0.00099 0.03503 0.11206 0.17418 0.21201 0.23017 0.23556 ( 8)  0.816
 126 A   0.00000 0.00398 0.09554 0.18753 0.19538 0.18094 0.17015 0.16648 ( 5)  0.724
 127 L   0.00150 0.15558 0.35379 0.22210 0.10959 0.06440 0.04857 0.04447 ( 3)  0.411
 128 R   0.00000 0.00763 0.13289 0.24085 0.20739 0.15742 0.13089 0.12294 ( 4)  0.664
 129 A   0.52483 0.31052 0.10349 0.03109 0.01257 0.00717 0.00540 0.00494 ( 1)  0.086
 130 A   0.02623 0.24325 0.29955 0.18045 0.09746 0.06137 0.04769 0.04400 ( 3)  0.375
 131 A   0.00000 0.00001 0.00216 0.02785 0.10931 0.22174 0.30461 0.33432 ( 8)  0.906
 132 -   0.13276 0.13175 0.12938 0.12609 0.12276 0.12020 0.11876 0.11830 ( 1)  0.515
 133 -   0.15617 0.15156 0.14117 0.12771 0.11523 0.10635 0.10165 0.10017 ( 1)  0.468
 134 -   0.15738 0.15254 0.14166 0.12767 0.11478 0.10569 0.10089 0.09939 ( 1)  0.466
 135 -   0.00130 0.01835 0.05772 0.11075 0.16230 0.20045 0.22126 0.22788 ( 8)  0.787
 136 V   0.00557 0.26214 0.24954 0.16345 0.11037 0.08006 0.06641 0.06246 ( 2)  0.418
 137 S   0.00000 0.00356 0.04921 0.12681 0.18748 0.20925 0.21201 0.21167 ( 7)  0.791
 138 T   0.00000 0.00142 0.03157 0.10531 0.17569 0.21605 0.23273 0.23723 ( 8)  0.821
 139 T   0.00006 0.06220 0.24951 0.22012 0.15407 0.11715 0.10081 0.09607 ( 3)  0.558
 140 F   0.00000 0.00000 0.00056 0.01725 0.09577 0.22047 0.31580 0.35015 ( 8)  0.917
 141 G   0.00000 0.00002 0.00406 0.04619 0.13949 0.22987 0.28192 0.29847 ( 8)  0.884
 142 S   0.00000 0.00198 0.03550 0.10922 0.17680 0.21419 0.22917 0.23314 ( 8)  0.815
 143 N   0.00000 0.00000 0.00022 0.01083 0.07903 0.21245 0.32704 0.37043 ( 8)  0.927
 144 D   0.00011 0.07968 0.25402 0.23687 0.15910 0.10732 0.08463 0.07827 ( 3)  0.529
 145 S   0.00000 0.00001 0.00339 0.04245 0.13518 0.22937 0.28566 0.30394 ( 8)  0.888
 146 T   0.00008 0.07582 0.30582 0.24804 0.14350 0.09108 0.07060 0.06507 ( 3)  0.494
 147 F   0.20767 0.58559 0.13354 0.03813 0.01537 0.00831 0.00599 0.00540 ( 2)  0.118
 148 G   0.70196 0.25045 0.03620 0.00648 0.00217 0.00114 0.00084 0.00076 ( 1)  0.036
 149 V   0.16836 0.55593 0.16421 0.05418 0.02410 0.01377 0.01019 0.00926 ( 2)  0.148
 150 S   0.00012 0.11702 0.39035 0.23613 0.10990 0.06145 0.04468 0.04036 ( 3)  0.413
 151 S   0.00000 0.00010 0.01102 0.07691 0.16890 0.22850 0.25386 0.26071 ( 8)  0.853
 152 S   0.17123 0.60287 0.16255 0.03641 0.01228 0.00624 0.00444 0.00399 ( 2)  0.118
 153 Q   0.00000 0.00007 0.00740 0.05845 0.14980 0.22868 0.27124 0.28437 ( 8)  0.872
 154 F   0.17462 0.64168 0.14696 0.02303 0.00650 0.00311 0.00216 0.00194 ( 2)  0.100
 155 F   0.18963 0.60475 0.13949 0.03256 0.01331 0.00807 0.00632 0.00587 ( 2)  0.117
 156 N   0.00000 0.00057 0.05159 0.18725 0.22073 0.19587 0.17542 0.16857 ( 5)  0.751
 157 R   0.00003 0.02057 0.08213 0.14624 0.18192 0.19035 0.18979 0.18898 ( 6)  0.744
 158 R   0.00000 0.00329 0.06317 0.15950 0.19942 0.19791 0.18997 0.18674 ( 5)  0.761
 159 G   0.00467 0.32921 0.38792 0.14779 0.05751 0.03060 0.02219 0.02010 ( 3)  0.284
 160 I   0.00000 0.00013 0.01554 0.09486 0.18316 0.22608 0.23886 0.24138 ( 8)  0.836
 161 H   0.00287 0.10428 0.16186 0.18848 0.16823 0.13825 0.12076 0.11527 ( 4)  0.593
 162 Q   0.00000 0.00002 0.00555 0.05412 0.14598 0.22858 0.27541 0.29032 ( 8)  0.877
 163 L   0.00084 0.08217 0.19941 0.18046 0.15330 0.13567 0.12570 0.12246 ( 3)  0.596
 164 Y   0.00002 0.05681 0.32460 0.25069 0.13967 0.09020 0.07153 0.06649 ( 3)  0.497
 165 E   0.00000 0.00044 0.02099 0.08965 0.17161 0.22338 0.24428 0.24965 ( 8)  0.838
 166 S   0.00000 0.00180 0.05141 0.15736 0.20390 0.20237 0.19341 0.18975 ( 5)  0.771
 167 S   0.00000 0.00089 0.03256 0.12794 0.19958 0.21569 0.21281 0.21053 ( 6)  0.801
 168 -   0.15293 0.14886 0.13962 0.12758 0.11630 0.10823 0.10392 0.10257 ( 1)  0.475
 169 -   0.15985 0.15452 0.14262 0.12754 0.11387 0.10436 0.09940 0.09785 ( 1)  0.462
 170 -   0.15068 0.14695 0.13849 0.12743 0.11703 0.10956 0.10556 0.10430 ( 1)  0.479
 171 -   0.13293 0.13190 0.12947 0.12609 0.12270 0.12009 0.11864 0.11817 ( 1)  0.515
 172 -   0.00155 0.02149 0.06521 0.11898 0.16573 0.19689 0.21266 0.21750 ( 8)  0.774
 173 -   0.15985 0.15452 0.14262 0.12754 0.11387 0.10436 0.09940 0.09785 ( 1)  0.462
 174 -   0.00017 0.02330 0.08232 0.13256 0.17010 0.19063 0.19927 0.20166 ( 8)  0.753
 175 -   0.64322 0.20498 0.04653 0.02783 0.02250 0.01947 0.01797 0.01751 ( 1)  0.107
 176 -   0.12500 0.12500 0.12500 0.12500 0.12500 0.12500 0.12500 0.12500 ( 3)  0.531
 177 -   0.15001 0.14640 0.13819 0.12742 0.11726 0.10994 0.10602 0.10478 ( 1)  0.480
 178 -   0.12936 0.12881 0.12749 0.12564 0.12375 0.12229 0.12146 0.12119 ( 1)  0.522
 179 -   0.15562 0.15109 0.14087 0.12766 0.11539 0.10669 0.10207 0.10062 ( 1)  0.469
 180 -   0.00001 0.00156 0.01598 0.06153 0.13844 0.21904 0.27246 0.29096 ( 8)  0.867
 181 -   0.15068 0.14695 0.13849 0.12743 0.11703 0.10956 0.10556 0.10430 ( 1)  0.479
 182 -   0.13627 0.13478 0.13129 0.12649 0.12169 0.11806 0.11604 0.11539 ( 1)  0.508
 183 Q   0.00000 0.00002 0.00515 0.05820 0.15771 0.23324 0.26799 0.27769 ( 8)  0.871
 184 P   0.00000 0.00410 0.09287 0.21228 0.21425 0.17735 0.15339 0.14576 ( 5)  0.708
 185 I   0.00000 0.00003 0.00396 0.03932 0.12786 0.22723 0.29031 0.31128 ( 8)  0.892
 186 P   0.00000 0.00210 0.05128 0.14710 0.19414 0.20284 0.20176 0.20080 ( 6)  0.779
 187 S   0.00000 0.00241 0.07505 0.20429 0.21910 0.18497 0.16098 0.15319 ( 5)  0.725
 188 W   0.00000 0.00002 0.00208 0.02458 0.10344 0.22064 0.30881 0.34043 ( 8)  0.909
 189 P   0.00229 0.15954 0.22261 0.16974 0.13913 0.11343 0.09891 0.09435 ( 3)  0.519
 190 I   0.13526 0.47773 0.19386 0.08503 0.04305 0.02635 0.02018 0.01853 ( 2)  0.206
 191 T   0.00000 0.02367 0.25228 0.27903 0.17347 0.11000 0.08427 0.07726 ( 4)  0.554
 192 L   0.00000 0.00027 0.01240 0.06824 0.15528 0.22642 0.26318 0.27422 ( 8)  0.861
 193 A   0.00004 0.04420 0.22538 0.22175 0.16177 0.12724 0.11201 0.10760 ( 3)  0.588
 194 F   0.00002 0.04087 0.29200 0.28374 0.15753 0.09322 0.06943 0.06319 ( 3)  0.513
 195 P   0.72025 0.24311 0.02922 0.00445 0.00137 0.00068 0.00048 0.00044 ( 1)  0.032
 196 G   0.39477 0.29719 0.15714 0.06949 0.03300 0.01965 0.01499 0.01377 ( 1)  0.157
 197 E   0.01059 0.11359 0.20034 0.19136 0.15155 0.12207 0.10746 0.10306 ( 3)  0.553
 198 E   0.02599 0.23512 0.28224 0.17379 0.10139 0.06981 0.05752 0.05415 ( 3)  0.397
 199 S   0.09542 0.50665 0.24032 0.07685 0.03307 0.01938 0.01475 0.01355 ( 2)  0.192
 200 S   0.00000 0.00085 0.03104 0.11753 0.18861 0.21663 0.22240 0.22293 ( 8)  0.811
 201 E   0.00000 0.00252 0.07232 0.18666 0.20845 0.18915 0.17318 0.16772 ( 5)  0.739
 202 G   0.00155 0.11633 0.19873 0.17670 0.15312 0.12907 0.11458 0.10992 ( 3)  0.567
 203 N   0.01432 0.47708 0.28939 0.11221 0.04737 0.02537 0.01806 0.01620 ( 2)  0.237
 204 A   0.00011 0.09174 0.28414 0.21422 0.13851 0.10195 0.08681 0.08253 ( 3)  0.514
 205 N   0.01666 0.60564 0.27059 0.06226 0.02080 0.01036 0.00723 0.00646 ( 2)  0.168
 206 D   0.24168 0.62436 0.10462 0.01779 0.00547 0.00264 0.00182 0.00162 ( 2)  0.086
 207 Y   0.77468 0.20152 0.01943 0.00269 0.00078 0.00038 0.00027 0.00025 ( 1)  0.025
 208 S   0.22355 0.57709 0.12387 0.03835 0.01618 0.00884 0.00637 0.00574 ( 2)  0.117
 209 H   0.83159 0.15843 0.00860 0.00092 0.00023 0.00010 0.00007 0.00006 ( 1)  0.018
 210 R   0.00001 0.01315 0.08140 0.12937 0.16713 0.19351 0.20592 0.20951 ( 8)  0.765
 211 L   0.64715 0.27709 0.05351 0.01150 0.00442 0.00256 0.00197 0.00181 ( 1)  0.049
 212 C   0.00702 0.34966 0.31860 0.15159 0.07223 0.04174 0.03098 0.02817 ( 2)  0.307
 213 D   0.00869 0.41723 0.30272 0.11620 0.05852 0.03802 0.03035 0.02826 ( 2)  0.280
 214 V   0.73427 0.22133 0.03050 0.00713 0.00284 0.00161 0.00121 0.00111 ( 1)  0.035
 215 K   0.00003 0.04603 0.27552 0.26602 0.15953 0.10161 0.07873 0.07253 ( 3)  0.529
 216 N   0.01666 0.60564 0.27059 0.06226 0.02080 0.01036 0.00723 0.00646 ( 2)  0.168
 217 I   0.00435 0.24847 0.30165 0.18279 0.10215 0.06460 0.04997 0.04602 ( 3)  0.386
 218 T   0.15253 0.55967 0.18204 0.05339 0.02192 0.01249 0.00937 0.00857 ( 2)  0.148
 219 G   0.00486 0.33923 0.39014 0.14390 0.05444 0.02846 0.02047 0.01849 ( 3)  0.276
 220 G   0.12151 0.54243 0.21976 0.06407 0.02356 0.01217 0.00868 0.00782 ( 2)  0.160
 221 L   0.00726 0.42845 0.38188 0.11135 0.03444 0.01598 0.01092 0.00972 ( 2)  0.224
 222 R   0.00331 0.23998 0.32649 0.18000 0.09669 0.06129 0.04792 0.04433 ( 3)  0.380
 223 Q   0.43341 0.31363 0.14903 0.05543 0.02185 0.01134 0.00807 0.00726 ( 1)  0.122
 224 T   0.00015 0.02225 0.12009 0.19640 0.19433 0.16877 0.15178 0.14624 ( 4)  0.686
 225 P   0.00000 0.00177 0.03298 0.11644 0.18740 0.21586 0.22235 0.22320 ( 8)  0.810
 226 A   0.00013 0.01981 0.10599 0.17883 0.18971 0.17685 0.16619 0.16249 ( 5)  0.709
 227 R   0.00017 0.02490 0.12433 0.19381 0.19044 0.16726 0.15203 0.14707 ( 4)  0.683
 228 G   0.01362 0.13824 0.21595 0.18447 0.13979 0.11240 0.09965 0.09589 ( 3)  0.525
 229 -   0.14762 0.14440 0.13704 0.12731 0.11805 0.11132 0.10770 0.10655 ( 1)  0.485
 230 R   0.00165 0.16876 0.36537 0.21765 0.10419 0.05928 0.04358 0.03952 ( 3)  0.395
 231 S   0.00248 0.21354 0.37524 0.19932 0.08979 0.04994 0.03655 0.03314 ( 3)  0.361
 232 S   0.00342 0.24762 0.35237 0.17931 0.08700 0.05258 0.04044 0.03726 ( 3)  0.358
 233 L   0.08281 0.46725 0.26494 0.09591 0.03915 0.02103 0.01519 0.01372 ( 2)  0.209
 234 L   0.00119 0.11409 0.28304 0.22422 0.13828 0.09356 0.07533 0.07029 ( 3)  0.490
 235 S   0.00004 0.04387 0.23291 0.23870 0.16706 0.12126 0.10098 0.09518 ( 4)  0.573
 236 H   0.09352 0.47597 0.28723 0.08571 0.02740 0.01308 0.00903 0.00806 ( 2)  0.184
 237 A   0.00234 0.17326 0.28142 0.19787 0.12481 0.08589 0.06950 0.06491 ( 3)  0.455
 238 W   0.55264 0.32655 0.09609 0.01828 0.00377 0.00128 0.00075 0.00064 ( 1)  0.061
 239 T   0.74130 0.21095 0.03150 0.00822 0.00336 0.00192 0.00144 0.00132 ( 1)  0.036
 240 H   0.83159 0.15843 0.00860 0.00092 0.00023 0.00010 0.00007 0.00006 ( 1)  0.018
 241 S   0.00000 0.00000 0.00140 0.02574 0.10950 0.22362 0.30546 0.33428 ( 8)  0.907
 242 -   0.67996 0.19130 0.03722 0.02221 0.01899 0.01738 0.01659 0.01635 ( 1)  0.095


lnL = -3664.246796

