Supplemental results for CODEML (seqf: algn  treef: tree)


dN/dS (w) for site classes (K=3)

p:   0.25180  0.46479  0.28341
w:   0.00683  0.17896  0.69869

Naive Empirical Bayes (NEB) probabilities for 3 classes & postmean_w
(amino acids refer to 1st sequence: BT_Cry19Aa1)

   1 E   0.00000 0.03194 0.96806 ( 3)  0.682
   2 V   0.89180 0.10812 0.00009 ( 1)  0.025
   3 K   0.86926 0.13054 0.00020 ( 1)  0.029
   4 T   0.00122 0.58265 0.41613 ( 2)  0.395
   5 E   0.83142 0.16825 0.00033 ( 1)  0.036
   6 L   0.58117 0.40276 0.01607 ( 1)  0.087
   7 T   0.85220 0.14690 0.00089 ( 1)  0.033
   8 R   0.70320 0.29387 0.00293 ( 1)  0.059
   9 E   0.83142 0.16825 0.00033 ( 1)  0.036
  10 I   0.91427 0.08564 0.00009 ( 1)  0.022
  11 Y   0.86763 0.13185 0.00051 ( 1)  0.030
  12 S   0.61413 0.37428 0.01159 ( 1)  0.079
  13 D   0.95047 0.04952 0.00001 ( 1)  0.015
  14 V   0.71940 0.27783 0.00277 ( 1)  0.057
  15 I   0.31266 0.68505 0.00229 ( 2)  0.126
  16 N   0.95542 0.04455 0.00003 ( 1)  0.015
  17 G   0.00000 0.49827 0.50173 ( 3)  0.440
  18 E   0.00002 0.76148 0.23850 ( 2)  0.303
  19 I   0.00000 0.16342 0.83658 ( 3)  0.614
  20 Y   0.00007 0.47849 0.52144 ( 3)  0.450
  21 G   0.00238 0.80674 0.19088 ( 2)  0.278
  22 L   0.00000 0.25114 0.74885 ( 3)  0.568
  23 M   0.00010 0.66049 0.33942 ( 2)  0.355
  24 -   0.01450 0.49561 0.48990 ( 2)  0.431
  25 T   0.00000 0.10141 0.89859 ( 3)  0.646
  26 P   0.00167 0.64725 0.35108 ( 2)  0.361
  27 Y   0.00000 0.32063 0.67937 ( 3)  0.532
  28 F   0.00000 0.05194 0.94806 ( 3)  0.672
  29 S   0.00045 0.88739 0.11216 ( 2)  0.237
  30 F   0.01111 0.96206 0.02683 ( 2)  0.191
  31 E   0.00000 0.14383 0.85617 ( 3)  0.624
  32 K   0.00003 0.40004 0.59994 ( 3)  0.491
  33 A   0.00017 0.71542 0.28441 ( 2)  0.327
  34 E   0.83142 0.16825 0.00033 ( 1)  0.036
  35 S   0.00338 0.84964 0.14697 ( 2)  0.255
  36 L   0.13412 0.85875 0.00713 ( 2)  0.160
  37 Y   0.89316 0.10667 0.00018 ( 1)  0.025
  38 T   0.79524 0.20380 0.00095 ( 1)  0.043
  39 R   0.47484 0.45708 0.06807 ( 1)  0.133
  40 A   0.00000 0.09587 0.90413 ( 3)  0.649
  41 P   0.80721 0.19226 0.00053 ( 1)  0.040
  42 H   0.91782 0.08215 0.00003 ( 1)  0.021
  43 L   0.00092 0.47091 0.52816 ( 3)  0.453
  44 F   0.65072 0.34237 0.00691 ( 1)  0.071
  45 T   0.91571 0.08422 0.00007 ( 1)  0.021
  46 W   0.50382 0.46130 0.03489 ( 1)  0.110
  47 L   0.68765 0.30833 0.00401 ( 1)  0.063
  48 K   0.01875 0.64836 0.33290 ( 2)  0.349
  49 G   0.61272 0.37742 0.00985 ( 1)  0.079
  50 F   0.13955 0.85384 0.00661 ( 2)  0.158
  51 R   0.00065 0.79235 0.20700 ( 2)  0.286
  52 F   0.92109 0.07887 0.00004 ( 1)  0.020
  53 V   0.75433 0.24429 0.00138 ( 1)  0.050
  54 T   0.68987 0.30365 0.00649 ( 1)  0.064
  55 N   0.95542 0.04455 0.00003 ( 1)  0.015
  56 S   0.00001 0.54811 0.45188 ( 2)  0.414
  57 I   0.12377 0.86348 0.01274 ( 2)  0.164
  58 S   0.00035 0.89730 0.10235 ( 2)  0.232
  59 Y   0.00000 0.03364 0.96636 ( 3)  0.681
  60 -   0.67435 0.31884 0.00681 ( 1)  0.066
  61 -   0.00000 0.12811 0.87189 ( 3)  0.632
  62 -   0.00039 0.28073 0.71889 ( 3)  0.553
  63 -   0.00045 0.32044 0.67912 ( 3)  0.532
  64 -   0.00001 0.15731 0.84268 ( 3)  0.617
  65 -   0.02959 0.72972 0.24069 ( 2)  0.299
  66 W   0.50382 0.46130 0.03489 ( 1)  0.110
  67 T   0.00006 0.51178 0.48816 ( 2)  0.433
  68 F   0.19646 0.79785 0.00569 ( 2)  0.148
  69 L   0.69406 0.30239 0.00355 ( 1)  0.061
  70 S   0.00518 0.88282 0.11200 ( 2)  0.236
  71 G   0.77665 0.22235 0.00099 ( 1)  0.046
  72 G   0.00000 0.01751 0.98249 ( 3)  0.690
  73 Q   0.00006 0.53062 0.46932 ( 2)  0.423
  74 N   0.40827 0.59073 0.00100 ( 2)  0.109
  75 K   0.00788 0.96543 0.02669 ( 2)  0.191
  76 Y   0.00907 0.96520 0.02573 ( 2)  0.191
  77 S   0.00718 0.95268 0.04014 ( 2)  0.199
  78 Y   0.00000 0.33280 0.66720 ( 3)  0.526
  79 T   0.00311 0.81398 0.18290 ( 2)  0.273
  80 N   0.00000 0.01798 0.98202 ( 3)  0.689
  81 -   0.25180 0.46479 0.28341 ( 2)  0.283
  82 N   0.00000 0.00144 0.99856 ( 3)  0.698
  83 S   0.00000 0.02899 0.97101 ( 3)  0.684
  84 S   0.00000 0.01856 0.98144 ( 3)  0.689
  85 I   0.00045 0.95824 0.04131 ( 2)  0.200
  86 N   0.00000 0.00580 0.99420 ( 3)  0.696
  87 E   0.00000 0.03245 0.96755 ( 3)  0.682
  88 G   0.05711 0.89048 0.05241 ( 2)  0.196
  89 S   0.00622 0.96285 0.03093 ( 2)  0.194
  90 F   0.88113 0.11858 0.00030 ( 1)  0.027
  91 R   0.00000 0.00008 0.99992 ( 3)  0.699
  92 G   0.64781 0.34281 0.00938 ( 1)  0.072
  93 Q   0.00000 0.17109 0.82890 ( 3)  0.610
  94 D   0.00028 0.89255 0.10717 ( 2)  0.235
  95 T   0.00000 0.41830 0.58170 ( 3)  0.481
  96 D   0.00000 0.23322 0.76678 ( 3)  0.577
  97 Y   0.00027 0.88396 0.11577 ( 2)  0.239
  98 G   0.08739 0.89978 0.01283 ( 2)  0.171
  99 G   0.05398 0.86512 0.08090 ( 2)  0.212
 100 T   0.00025 0.58397 0.41578 ( 2)  0.395
 101 S   0.00000 0.37702 0.62298 ( 3)  0.503
 102 S   0.19627 0.79955 0.00419 ( 2)  0.147
 103 T   0.00000 0.27239 0.72761 ( 3)  0.557
 104 I   0.00000 0.42055 0.57945 ( 3)  0.480
 105 N   0.00000 0.34124 0.65876 ( 3)  0.521
 106 I   0.00041 0.92584 0.07376 ( 2)  0.217
 107 P   0.00000 0.00194 0.99806 ( 3)  0.698
 108 S   0.00000 0.02330 0.97670 ( 3)  0.687
 109 N   0.00000 0.03619 0.96381 ( 3)  0.680
 110 S   0.00001 0.14759 0.85240 ( 3)  0.622
 111 Y   0.00025 0.86010 0.13966 ( 2)  0.252
 112 V   0.00001 0.61773 0.38226 ( 2)  0.378
 113 Y   0.01075 0.97100 0.01825 ( 2)  0.187
 114 N   0.00002 0.81401 0.18597 ( 2)  0.276
 115 L   0.62748 0.35784 0.01468 ( 1)  0.079
 116 W   0.00043 0.37847 0.62111 ( 3)  0.502
 117 T   0.00261 0.79317 0.20421 ( 2)  0.285
 118 E   0.17838 0.81564 0.00598 ( 2)  0.151
 119 N   0.00373 0.88169 0.11459 ( 2)  0.238
 120 Y   0.01165 0.97582 0.01253 ( 2)  0.183
 121 E   0.00358 0.89396 0.10246 ( 2)  0.232
 122 Y   0.00000 0.00894 0.99106 ( 3)  0.694
 123 I   0.01362 0.97537 0.01101 ( 2)  0.182
 124 Y   0.00521 0.91975 0.07505 ( 2)  0.217
 125 P   0.71941 0.27801 0.00258 ( 1)  0.056
 126 W   0.00001 0.21862 0.78137 ( 3)  0.585
 127 G   0.00000 0.00531 0.99469 ( 3)  0.696
 128 D   0.01666 0.97730 0.00603 ( 2)  0.179
 129 P   0.00006 0.49462 0.50532 ( 3)  0.442
 130 V   0.00000 0.18121 0.81879 ( 3)  0.605
 131 N   0.40827 0.59073 0.00100 ( 2)  0.109
 132 I   0.01362 0.97537 0.01101 ( 2)  0.182
 133 T   0.00044 0.64022 0.35935 ( 2)  0.366
 134 K   0.00006 0.67753 0.32240 ( 2)  0.347
 135 M   0.00044 0.93797 0.06159 ( 2)  0.211
 136 N   0.01374 0.96809 0.01817 ( 2)  0.186
 137 F   0.89030 0.10961 0.00009 ( 1)  0.026
 138 S   0.05579 0.90294 0.04127 ( 2)  0.191
 139 V   0.00000 0.02961 0.97039 ( 3)  0.683
 140 T   0.07722 0.86585 0.05694 ( 2)  0.195
 141 D   0.01850 0.97272 0.00878 ( 2)  0.180
 142 N   0.95542 0.04455 0.00003 ( 1)  0.015
 143 N   0.00703 0.95211 0.04086 ( 2)  0.199
 144 S   0.00000 0.10632 0.89368 ( 3)  0.643
 145 S   0.00188 0.66884 0.32928 ( 2)  0.350
 146 K   0.00000 0.00306 0.99694 ( 3)  0.697
 147 E   0.00007 0.54018 0.45975 ( 2)  0.418
 148 L   0.00000 0.00299 0.99701 ( 3)  0.697
 149 I   0.00000 0.41542 0.58457 ( 3)  0.483
 150 Y   0.17124 0.82165 0.00711 ( 2)  0.153
 151 G   0.00472 0.94360 0.05168 ( 2)  0.205
 152 A   0.00000 0.12150 0.87850 ( 3)  0.636
 153 H   0.00000 0.01555 0.98445 ( 3)  0.691
 154 R   0.00002 0.46809 0.53189 ( 3)  0.455
 155 T   0.00000 0.15510 0.84490 ( 3)  0.618
 156 -   0.25180 0.46479 0.28341 ( 2)  0.283
 157 -   0.00037 0.27804 0.72159 ( 3)  0.554
 158 -   0.02079 0.58735 0.39186 ( 2)  0.379
 159 N   0.95542 0.04455 0.00003 ( 1)  0.015
 160 K   0.00000 0.11550 0.88450 ( 3)  0.639
 161 P   0.85088 0.14897 0.00014 ( 1)  0.033
 162 V   0.00025 0.90205 0.09770 ( 2)  0.230
 163 V   0.89833 0.10160 0.00007 ( 1)  0.024
 164 R   0.00129 0.61899 0.37972 ( 2)  0.376
 165 T   0.77296 0.22547 0.00156 ( 1)  0.047
 166 D   0.41530 0.58395 0.00075 ( 2)  0.108
 167 F   0.91363 0.08631 0.00006 ( 1)  0.022
 168 D   0.02538 0.96965 0.00497 ( 2)  0.177
 169 F   0.92109 0.07887 0.00004 ( 1)  0.020
 170 L   0.12530 0.86100 0.01370 ( 2)  0.165
 171 T   0.00000 0.44324 0.55676 ( 3)  0.468
 172 N   0.29310 0.69901 0.00790 ( 2)  0.133
 173 K   0.19229 0.80212 0.00559 ( 2)  0.149
 174 E   0.00001 0.59591 0.40408 ( 2)  0.389
 175 G   0.00184 0.71073 0.28743 ( 2)  0.328
 176 T   0.01407 0.96799 0.01793 ( 2)  0.186
 177 E   0.00085 0.62474 0.37441 ( 2)  0.373
 178 L   0.00003 0.34947 0.65050 ( 3)  0.517
 179 A   0.00117 0.58593 0.41290 ( 2)  0.393
 180 K   0.11718 0.86329 0.01953 ( 2)  0.169
 181 Y   0.06840 0.85142 0.08018 ( 2)  0.209
 182 N   0.42555 0.57268 0.00177 ( 2)  0.107
 183 D   0.01231 0.97208 0.01561 ( 2)  0.185
 184 Y   0.86471 0.13485 0.00044 ( 1)  0.030
 185 N   0.01077 0.97333 0.01590 ( 2)  0.185
 186 H   0.89922 0.10067 0.00011 ( 1)  0.024
 187 I   0.92586 0.07409 0.00005 ( 1)  0.020
 188 L   0.65049 0.34331 0.00620 ( 1)  0.070
 189 S   0.64729 0.34429 0.00842 ( 1)  0.072
 190 Y   0.00348 0.90996 0.08657 ( 2)  0.223
 191 M   0.00013 0.78994 0.20993 ( 2)  0.288
 192 L   0.64156 0.35113 0.00730 ( 1)  0.072
 193 I   0.00007 0.53297 0.46696 ( 2)  0.422
 194 N   0.01337 0.97585 0.01078 ( 2)  0.182
 195 -   0.50267 0.42133 0.07599 ( 1)  0.132
 196 -   0.55710 0.38471 0.05819 ( 1)  0.113
 197 -   0.33491 0.50073 0.16437 ( 2)  0.207
 198 G   0.00299 0.77923 0.21778 ( 2)  0.292
 199 E   0.00000 0.15445 0.84555 ( 3)  0.618
 200 T   0.67226 0.32138 0.00635 ( 1)  0.067
 201 F   0.00001 0.67550 0.32450 ( 2)  0.348
 202 G   0.10329 0.87432 0.02239 ( 2)  0.173
 203 Q   0.00270 0.79432 0.20298 ( 2)  0.284
 204 K   0.00288 0.89120 0.10593 ( 2)  0.234
 205 R   0.00260 0.72151 0.27588 ( 2)  0.322
 206 H   0.66043 0.33368 0.00589 ( 1)  0.068
 207 G   0.81559 0.18406 0.00035 ( 1)  0.039
 208 Y   0.90683 0.09306 0.00010 ( 1)  0.023
 209 S   0.05339 0.84218 0.10444 ( 2)  0.224
 210 F   0.92109 0.07887 0.00004 ( 1)  0.020
 211 A   0.15140 0.84094 0.00766 ( 2)  0.157
 212 F   0.91360 0.08634 0.00006 ( 1)  0.022
 213 T   0.74492 0.25228 0.00280 ( 1)  0.052
 214 H   0.92753 0.07246 0.00002 ( 1)  0.019
 215 S   0.94303 0.05696 0.00001 ( 1)  0.017
 216 S   0.76129 0.23692 0.00179 ( 1)  0.049

Positively selected sites

	Prob(w>1)  mean w



lnL = -3701.859008

