Supplemental results for CODEML (seqf: algn  treef: tree)


dN/dS (w) for site classes (K=9)

p:   0.11580  0.11580  0.11580  0.11580  0.11580  0.11580  0.11580  0.11580  0.07357
w:   0.02029  0.08015  0.15430  0.24099  0.34131  0.45874  0.60158  0.79728  1.15347

Naive Empirical Bayes (NEB) probabilities for 9 classes & postmean_w & P(w>1)
(amino acids refer to 1st sequence: BT_Cry1Ba1)

   1 -   0.11580 0.11580 0.11580 0.11580 0.11580 0.11580 0.11580 0.11580 0.07357 ( 4)  0.397  0.074
   2 -   0.11580 0.11580 0.11580 0.11580 0.11580 0.11580 0.11580 0.11580 0.07357 ( 4)  0.397  0.074
   3 -   0.11580 0.11580 0.11580 0.11580 0.11580 0.11580 0.11580 0.11580 0.07357 ( 2)  0.397  0.074
   4 -   0.11580 0.11580 0.11580 0.11580 0.11580 0.11580 0.11580 0.11580 0.07357 ( 2)  0.397  0.074
   5 -   0.11580 0.11580 0.11580 0.11580 0.11580 0.11580 0.11580 0.11580 0.07357 ( 4)  0.397  0.074
   6 -   0.27891 0.21902 0.16442 0.11977 0.08514 0.05912 0.03986 0.02523 0.00855 ( 1)  0.188  0.009
   7 -   0.07434 0.18816 0.21378 0.18645 0.14072 0.09605 0.05986 0.03255 0.00809 ( 3)  0.258  0.008
   8 -   0.00012 0.01380 0.07829 0.17210 0.23060 0.22352 0.16778 0.09465 0.01914 ( 5)  0.434  0.019
   9 -   0.01254 0.22262 0.35557 0.25171 0.11214 0.03570 0.00838 0.00128 0.00005 ( 3)  0.194  0.000
  10 R   0.00125 0.09133 0.28893 0.32081 0.19658 0.07776 0.02036 0.00293 0.00006 ( 4)  0.247  0.000
  11 I   0.81324 0.16055 0.02322 0.00270 0.00026 0.00002 0.00000 0.00000 0.00000 ( 1)  0.034  0.000
  12 T   0.77441 0.18622 0.03374 0.00497 0.00061 0.00006 0.00000 0.00000 0.00000 ( 1)  0.037  0.000
  13 Q   0.18657 0.34291 0.25776 0.13545 0.05513 0.01754 0.00409 0.00054 0.00001 ( 2)  0.133  0.000
  14 I   0.00875 0.16845 0.30442 0.25952 0.15244 0.07144 0.02730 0.00725 0.00043 ( 3)  0.231  0.000
  15 P   0.67887 0.23755 0.06557 0.01485 0.00274 0.00039 0.00004 0.00000 0.00000 ( 1)  0.048  0.000
  16 M   0.00000 0.00000 0.00012 0.00206 0.01493 0.06299 0.18185 0.39093 0.34712 ( 8)  0.856  0.347
  17 V   0.00255 0.14806 0.36047 0.30276 0.13816 0.03990 0.00739 0.00070 0.00001 ( 3)  0.211  0.000
  18 K   0.65392 0.24594 0.07532 0.01960 0.00433 0.00078 0.00011 0.00001 0.00000 ( 1)  0.051  0.000
  19 A   0.01535 0.25554 0.37429 0.23651 0.09056 0.02337 0.00402 0.00036 0.00000 ( 3)  0.180  0.000
  20 S   0.00000 0.00000 0.00026 0.00495 0.03427 0.12337 0.27412 0.39344 0.16960 ( 8)  0.744  0.170
  21 E   0.00000 0.00004 0.00368 0.03876 0.14355 0.27280 0.30934 0.20322 0.02861 ( 7)  0.565  0.029
  22 L   0.00000 0.00024 0.00828 0.05561 0.16125 0.26880 0.28765 0.18914 0.02903 ( 7)  0.550  0.029
  23 P   0.00000 0.00000 0.00000 0.00000 0.00017 0.00305 0.03007 0.20716 0.75955 ( 9)  1.061  0.760
  24 Q   0.00000 0.00000 0.00004 0.00103 0.01006 0.05055 0.16279 0.38163 0.39390 ( 9)  0.883  0.394
  25 G   0.38381 0.40704 0.15951 0.04082 0.00765 0.00106 0.00010 0.00000 0.00000 ( 2)  0.078  0.000
  26 T   0.00000 0.00210 0.03150 0.11841 0.22026 0.26168 0.21954 0.12571 0.02079 ( 6)  0.485  0.021
  27 T   0.00000 0.00039 0.01549 0.09688 0.23154 0.29683 0.23489 0.11140 0.01257 ( 6)  0.486  0.013
  28 V   0.00002 0.00651 0.05959 0.16722 0.25189 0.25003 0.17529 0.08045 0.00901 ( 5)  0.431  0.009
  29 V   0.30952 0.39469 0.19902 0.07072 0.02021 0.00481 0.00092 0.00011 0.00000 ( 2)  0.095  0.000
  30 R   0.00000 0.00020 0.01284 0.09967 0.25677 0.32008 0.22348 0.08179 0.00516 ( 6)  0.466  0.005
  31 G   0.33542 0.40671 0.18625 0.05649 0.01271 0.00215 0.00026 0.00002 0.00000 ( 2)  0.087  0.000
  32 P   0.66818 0.24188 0.06962 0.01655 0.00322 0.00049 0.00005 0.00000 0.00000 ( 1)  0.049  0.000
  33 G   0.33130 0.40553 0.18861 0.05843 0.01349 0.00234 0.00029 0.00002 0.00000 ( 2)  0.088  0.000
  34 F   0.76266 0.19442 0.03676 0.00546 0.00064 0.00006 0.00000 0.00000 0.00000 ( 1)  0.038  0.000
  35 T   0.45210 0.39456 0.12389 0.02521 0.00378 0.00043 0.00003 0.00000 0.00000 ( 1)  0.067  0.000
  36 G   0.72863 0.21309 0.04799 0.00880 0.00132 0.00016 0.00001 0.00000 0.00000 ( 1)  0.042  0.000
  37 G   0.52632 0.27361 0.12387 0.05026 0.01827 0.00583 0.00154 0.00027 0.00001 ( 1)  0.074  0.000
  38 D   0.02597 0.34788 0.38934 0.17977 0.04799 0.00816 0.00085 0.00004 0.00000 ( 3)  0.152  0.000
  39 I   0.01356 0.23203 0.35807 0.24650 0.10752 0.03359 0.00764 0.00107 0.00003 ( 3)  0.191  0.000
  40 L   0.03436 0.23103 0.30748 0.23271 0.12505 0.05092 0.01545 0.00290 0.00010 ( 3)  0.200  0.000
  41 R   0.01597 0.13511 0.23730 0.24557 0.18644 0.11104 0.05147 0.01602 0.00109 ( 4)  0.267  0.001
  42 R   0.07438 0.37050 0.33375 0.15863 0.04992 0.01105 0.00165 0.00013 0.00000 ( 2)  0.144  0.000
  43 T   0.24924 0.37455 0.22900 0.09975 0.03485 0.01001 0.00227 0.00033 0.00001 ( 2)  0.113  0.000
  44 N   0.00000 0.00000 0.00000 0.00004 0.00121 0.01370 0.08306 0.33257 0.56943 ( 9)  0.979  0.569
  45 T   0.00000 0.00000 0.00002 0.00096 0.01261 0.07201 0.22693 0.43539 0.25208 ( 8)  0.812  0.252
  46 -   0.15974 0.15027 0.13945 0.12795 0.11601 0.10370 0.09080 0.07619 0.03589 ( 1)  0.312  0.036
  47 G   0.36285 0.40796 0.17104 0.04706 0.00951 0.00143 0.00015 0.00001 0.00000 ( 2)  0.082  0.000
  48 G   0.00000 0.00000 0.00040 0.00826 0.05325 0.16494 0.30108 0.34633 0.12574 ( 8)  0.698  0.126
  49 F   0.00000 0.00049 0.01499 0.08808 0.21539 0.29313 0.24872 0.12526 0.01393 ( 6)  0.497  0.014
  50 G   0.00671 0.14905 0.30762 0.28453 0.16463 0.06617 0.01837 0.00285 0.00006 ( 3)  0.228  0.000
  51 P   0.00000 0.00006 0.00479 0.04778 0.16378 0.28390 0.29368 0.18003 0.02598 ( 7)  0.549  0.026
  52 I   0.01943 0.29201 0.38086 0.21393 0.07340 0.01730 0.00281 0.00025 0.00000 ( 3)  0.169  0.000
  53 R   0.31142 0.39973 0.19906 0.06772 0.01776 0.00368 0.00058 0.00005 0.00000 ( 2)  0.094  0.000
  54 V   0.01411 0.24089 0.36627 0.24378 0.10020 0.02849 0.00562 0.00063 0.00001 ( 3)  0.186  0.000
  55 T   0.00000 0.00011 0.00560 0.04519 0.14278 0.24977 0.28352 0.21661 0.05641 ( 7)  0.583  0.056
  56 V   0.00001 0.01423 0.13731 0.30316 0.30115 0.17185 0.06055 0.01140 0.00033 ( 4)  0.323  0.000
  57 N   0.00000 0.00011 0.00810 0.07369 0.22210 0.32177 0.25860 0.10796 0.00767 ( 6)  0.493  0.008
  58 G   0.00000 0.00000 0.00001 0.00045 0.00562 0.03508 0.13616 0.37597 0.44670 ( 9)  0.915  0.447
  59 P   0.00009 0.01211 0.07684 0.18338 0.25499 0.24057 0.15969 0.06652 0.00581 ( 5)  0.410  0.006
  60 L   0.00788 0.11612 0.25602 0.27895 0.19801 0.09998 0.03553 0.00729 0.00023 ( 4)  0.257  0.000
  61 T   0.00071 0.05889 0.22071 0.30142 0.23613 0.12480 0.04631 0.01055 0.00048 ( 4)  0.286  0.000
  62 Q   0.60470 0.26290 0.09440 0.02881 0.00740 0.00154 0.00024 0.00002 0.00000 ( 1)  0.058  0.000
  63 R   0.00001 0.00462 0.04720 0.14741 0.24444 0.26249 0.19420 0.09041 0.00923 ( 6)  0.447  0.009
  64 Y   0.68487 0.23474 0.06339 0.01405 0.00254 0.00036 0.00004 0.00000 0.00000 ( 1)  0.047  0.000
  65 R   0.41679 0.26720 0.15630 0.08516 0.04324 0.02017 0.00830 0.00260 0.00023 ( 1)  0.106  0.000
  66 I   0.00023 0.04858 0.22187 0.30818 0.23651 0.12459 0.04768 0.01173 0.00064 ( 4)  0.289  0.001
  67 G   0.36161 0.40610 0.17174 0.04842 0.01026 0.00167 0.00020 0.00001 0.00000 ( 2)  0.082  0.000
  68 F   0.00000 0.00001 0.00070 0.00935 0.04992 0.14895 0.28735 0.36664 0.13709 ( 8)  0.711  0.137
  69 R   0.04338 0.27105 0.32693 0.21802 0.09958 0.03276 0.00741 0.00087 0.00001 ( 3)  0.180  0.000
  70 Y   0.05518 0.31152 0.33349 0.19524 0.07768 0.02214 0.00432 0.00044 0.00000 ( 3)  0.164  0.000
  71 A   0.78245 0.18160 0.03119 0.00426 0.00047 0.00004 0.00000 0.00000 0.00000 ( 1)  0.036  0.000
  72 S   0.17879 0.33190 0.25603 0.14124 0.06223 0.02236 0.00629 0.00112 0.00004 ( 2)  0.140  0.000
  73 T   0.38749 0.40498 0.15756 0.04071 0.00793 0.00120 0.00013 0.00001 0.00000 ( 2)  0.078  0.000
  74 V   0.00001 0.00740 0.08855 0.24227 0.30115 0.22108 0.10623 0.03121 0.00208 ( 5)  0.368  0.002
  75 D   0.00000 0.00914 0.13036 0.32900 0.32145 0.16050 0.04403 0.00545 0.00007 ( 4)  0.314  0.000
  76 F   0.00000 0.00331 0.04766 0.16513 0.27001 0.26678 0.17351 0.06811 0.00549 ( 5)  0.427  0.005
  77 D   0.00000 0.00000 0.00000 0.00001 0.00038 0.00713 0.06325 0.33105 0.59817 ( 9)  0.995  0.598
  78 F   0.00029 0.02858 0.13252 0.23484 0.25133 0.19234 0.11105 0.04442 0.00463 ( 5)  0.361  0.005
  79 F   0.00000 0.00000 0.00000 0.00024 0.00459 0.03622 0.15631 0.42287 0.37976 ( 8)  0.887  0.380
  80 V   0.00000 0.00339 0.04790 0.16384 0.26627 0.26408 0.17513 0.07244 0.00694 ( 5)  0.430  0.007
  81 S   0.00000 0.00000 0.00000 0.00000 0.00007 0.00166 0.01984 0.16636 0.81207 ( 9)  1.082  0.812
  82 R   0.00000 0.00004 0.00248 0.02472 0.09907 0.22148 0.31456 0.27802 0.05964 ( 7)  0.621  0.060
  83 G   0.00000 0.00021 0.00943 0.06792 0.19000 0.28793 0.27126 0.15377 0.01947 ( 6)  0.523  0.019
  84 G   0.00000 0.00000 0.00045 0.00944 0.06160 0.18983 0.33066 0.33057 0.07745 ( 7)  0.662  0.077
  85 T   0.00000 0.00000 0.00059 0.01133 0.06800 0.19530 0.32406 0.32003 0.08070 ( 7)  0.659  0.081
  86 T   0.00000 0.00001 0.00098 0.01632 0.08551 0.21675 0.32201 0.28946 0.06897 ( 7)  0.637  0.069
  87 -   0.16240 0.15217 0.14053 0.12825 0.11561 0.10269 0.08931 0.07435 0.03470 ( 1)  0.308  0.035
  88 -   0.00026 0.00401 0.01431 0.03346 0.06393 0.10915 0.17543 0.28128 0.31817 ( 9)  0.779  0.318
  89 V   0.00000 0.00343 0.06222 0.21384 0.30768 0.24879 0.12571 0.03630 0.00202 ( 5)  0.387  0.002
  90 N   0.00000 0.00082 0.03054 0.16498 0.31602 0.29685 0.15227 0.03735 0.00116 ( 5)  0.411  0.001
  91 N   0.00000 0.00000 0.00001 0.00063 0.00886 0.05458 0.18971 0.42124 0.32495 ( 8)  0.853  0.325
  92 F   0.00000 0.00005 0.00313 0.03134 0.12120 0.25157 0.31860 0.23693 0.03718 ( 7)  0.588  0.037
  93 R   0.00000 0.00000 0.00008 0.00273 0.02672 0.11654 0.28251 0.40940 0.16203 ( 8)  0.746  0.162
  94 F   0.00000 0.00222 0.02663 0.09946 0.20004 0.26390 0.24326 0.14482 0.01966 ( 6)  0.502  0.020
  95 L   0.00000 0.00000 0.00000 0.00013 0.00261 0.02343 0.11796 0.38598 0.46989 ( 9)  0.932  0.470
  96 R   0.00000 0.00004 0.00366 0.03933 0.14590 0.27405 0.30630 0.20103 0.02967 ( 7)  0.564  0.030
  97 T   0.79249 0.17480 0.02854 0.00374 0.00040 0.00003 0.00000 0.00000 0.00000 ( 1)  0.036  0.000
  98 M   0.75325 0.20054 0.03944 0.00600 0.00070 0.00006 0.00000 0.00000 0.00000 ( 1)  0.039  0.000
  99 N   0.00000 0.00013 0.00674 0.05473 0.17062 0.28480 0.28998 0.17199 0.02101 ( 7)  0.539  0.021
 100 S   0.00000 0.00002 0.00196 0.02433 0.10708 0.24033 0.32128 0.25537 0.04961 ( 7)  0.607  0.050
 101 G   0.00582 0.13679 0.29782 0.28856 0.17388 0.07260 0.02100 0.00345 0.00009 ( 3)  0.235  0.000
 102 D   0.00000 0.00000 0.00000 0.00012 0.00173 0.01328 0.06907 0.28429 0.63151 ( 9)  1.003  0.632
 103 E   0.00000 0.00599 0.07623 0.22650 0.30616 0.23889 0.11518 0.02986 0.00119 ( 5)  0.375  0.001
 104 L   0.00332 0.08897 0.23081 0.27702 0.21493 0.12077 0.05003 0.01338 0.00077 ( 4)  0.280  0.001
 105 K   0.00000 0.00006 0.00463 0.04771 0.16726 0.29181 0.29646 0.17111 0.02096 ( 7)  0.542  0.021
 106 Y   0.01640 0.13812 0.24095 0.24705 0.18513 0.10821 0.04877 0.01448 0.00089 ( 4)  0.263  0.001
 107 G   0.00000 0.00056 0.02203 0.13029 0.28232 0.30989 0.19227 0.06002 0.00264 ( 6)  0.440  0.003
 108 N   0.00000 0.00231 0.02604 0.09289 0.18302 0.24529 0.24235 0.17085 0.03725 ( 6)  0.527  0.037
 109 F   0.09419 0.41033 0.32097 0.13174 0.03538 0.00655 0.00079 0.00005 0.00000 ( 2)  0.132  0.000
 110 V   0.00000 0.00000 0.00029 0.00610 0.04128 0.13892 0.28382 0.37507 0.15451 ( 8)  0.727  0.155
 111 R   0.00203 0.12603 0.33430 0.31081 0.16002 0.05346 0.01188 0.00144 0.00003 ( 3)  0.224  0.000
 112 R   0.00000 0.00000 0.00008 0.00265 0.02504 0.10763 0.26386 0.40484 0.19591 ( 8)  0.766  0.196
 113 A   0.00083 0.03145 0.11947 0.21294 0.24665 0.20692 0.12734 0.05033 0.00407 ( 5)  0.373  0.004
 114 F   0.00588 0.15007 0.32819 0.29642 0.15505 0.05214 0.01108 0.00115 0.00001 ( 3)  0.219  0.000
 115 T   0.00000 0.00181 0.03870 0.15876 0.27571 0.27360 0.17506 0.06932 0.00704 ( 5)  0.433  0.007
 116 T   0.00176 0.11323 0.31503 0.31240 0.17457 0.06447 0.01618 0.00231 0.00005 ( 3)  0.234  0.000
 117 -   0.11580 0.11580 0.11580 0.11580 0.11580 0.11580 0.11580 0.11580 0.07357 ( 2)  0.397  0.074
 118 -   0.11580 0.11580 0.11580 0.11580 0.11580 0.11580 0.11580 0.11580 0.07357 ( 4)  0.397  0.074
 119 -   0.11580 0.11580 0.11580 0.11580 0.11580 0.11580 0.11580 0.11580 0.07357 ( 2)  0.397  0.074
 120 -   0.11580 0.11580 0.11580 0.11580 0.11580 0.11580 0.11580 0.11580 0.07357 ( 2)  0.397  0.074
 121 -   0.11580 0.11580 0.11580 0.11580 0.11580 0.11580 0.11580 0.11580 0.07357 ( 2)  0.397  0.074
 122 -   0.11580 0.11580 0.11580 0.11580 0.11580 0.11580 0.11580 0.11580 0.07357 ( 2)  0.397  0.074
 123 P   0.00000 0.00085 0.02297 0.11923 0.25643 0.30207 0.21321 0.08050 0.00474 ( 6)  0.456  0.005
 124 F   0.10405 0.42795 0.31312 0.11953 0.02972 0.00506 0.00056 0.00003 0.00000 ( 2)  0.126  0.000
 125 T   0.00000 0.00000 0.00006 0.00226 0.02399 0.10920 0.27156 0.40691 0.18602 ( 8)  0.761  0.186
 126 F   0.00006 0.02081 0.14893 0.29902 0.29260 0.16864 0.05924 0.01047 0.00023 ( 4)  0.318  0.000
 127 T   0.00000 0.00001 0.00084 0.01186 0.05995 0.16123 0.27918 0.33600 0.15092 ( 8)  0.707  0.151
 128 Q   0.00000 0.00016 0.00617 0.04514 0.14102 0.25410 0.29781 0.21863 0.03697 ( 7)  0.573  0.037
 129 I   0.00000 0.00000 0.00006 0.00248 0.02476 0.10758 0.26182 0.39956 0.20374 ( 8)  0.769  0.204
 130 Q   0.00001 0.00436 0.04583 0.14663 0.24747 0.26742 0.19520 0.08595 0.00713 ( 6)  0.444  0.007
 131 D   0.00000 0.00043 0.01767 0.11125 0.25974 0.31174 0.21603 0.07860 0.00455 ( 6)  0.459  0.005
 132 I   0.00000 0.00000 0.00066 0.01195 0.06820 0.18837 0.30756 0.31642 0.10684 ( 8)  0.673  0.107
 133 I   0.00064 0.05433 0.20963 0.29663 0.24176 0.13307 0.05130 0.01208 0.00057 ( 4)  0.293  0.001
 134 R   0.00019 0.02085 0.10905 0.21564 0.25362 0.20996 0.12945 0.05505 0.00620 ( 5)  0.382  0.006
 135 T   0.00000 0.00000 0.00039 0.00553 0.03199 0.10674 0.24056 0.38810 0.22668 ( 8)  0.777  0.227
 136 S   0.00000 0.00000 0.00017 0.00480 0.03865 0.14284 0.30048 0.38161 0.13145 ( 8)  0.717  0.131
 137 I   0.00000 0.00049 0.01663 0.09697 0.22673 0.29274 0.23730 0.11593 0.01320 ( 6)  0.488  0.013
 138 Q   0.00000 0.00000 0.00000 0.00005 0.00121 0.01216 0.07261 0.30805 0.60593 ( 9)  0.994  0.606
 139 G   0.00000 0.00000 0.00014 0.00336 0.02676 0.10646 0.25667 0.40238 0.20424 ( 8)  0.770  0.204
 140 L   0.00010 0.02819 0.17677 0.31525 0.27806 0.14634 0.04741 0.00773 0.00015 ( 4)  0.302  0.000
 141 S   0.00003 0.01172 0.09233 0.21852 0.27358 0.22365 0.12850 0.04766 0.00400 ( 5)  0.384  0.004
 142 G   0.00000 0.00000 0.00015 0.00372 0.02908 0.11199 0.25989 0.39320 0.20197 ( 8)  0.765  0.202
 143 N   0.00001 0.00832 0.09605 0.25608 0.30865 0.21467 0.09305 0.02225 0.00092 ( 5)  0.356  0.001
 144 G   0.00000 0.00000 0.00003 0.00090 0.00975 0.05332 0.17945 0.41126 0.34529 ( 8)  0.862  0.345
 145 E   0.00140 0.09768 0.29661 0.31922 0.19077 0.07345 0.01842 0.00242 0.00004 ( 4)  0.242  0.000
 146 V   0.00292 0.07997 0.21473 0.27033 0.22247 0.13346 0.05886 0.01637 0.00089 ( 4)  0.291  0.001
 147 Y   0.28654 0.39784 0.21349 0.07679 0.02058 0.00413 0.00058 0.00004 0.00000 ( 2)  0.098  0.000
 148 I   0.00000 0.00127 0.02994 0.13629 0.26279 0.28704 0.19738 0.07902 0.00628 ( 6)  0.448  0.006
 149 D   0.46655 0.39272 0.11610 0.02154 0.00282 0.00026 0.00002 0.00000 0.00000 ( 1)  0.065  0.000
 150 K   0.00285 0.16038 0.37433 0.29741 0.12619 0.03308 0.00536 0.00041 0.00000 ( 3)  0.204  0.000
 151 I   0.02120 0.30346 0.37884 0.20642 0.07011 0.01681 0.00288 0.00029 0.00000 ( 3)  0.167  0.000
 152 E   0.76263 0.19415 0.03692 0.00557 0.00067 0.00006 0.00000 0.00000 0.00000 ( 1)  0.038  0.000
 153 I   0.03535 0.23513 0.30956 0.23161 0.12268 0.04888 0.01426 0.00246 0.00007 ( 3)  0.198  0.000
 154 I   0.00474 0.11344 0.26098 0.27933 0.19514 0.09959 0.03749 0.00888 0.00040 ( 4)  0.259  0.000
 155 P   0.41333 0.26778 0.15784 0.08622 0.04362 0.02017 0.00821 0.00258 0.00025 ( 1)  0.106  0.000

Positively selected sites

	Prob(w>1)  mean w

    23 P      0.760         1.061
    44 N      0.569         0.979
    77 D      0.598         0.995
    81 S      0.812         1.082
   102 D      0.632         1.003
   138 Q      0.606         0.994


lnL = -5293.749009

Bayes Empirical Bayes (BEB) probabilities for 11 classes (class) & postmean_w
(amino acids refer to 1st sequence: BT_Cry1Ba1)

   1 -   0.20838 0.14130 0.11994 0.10480 0.09211 0.08053 0.06935 0.05798 0.04558 0.02930 0.05074 ( 1)  0.420 +-  0.392
   2 -   0.20838 0.14130 0.11994 0.10480 0.09211 0.08053 0.06935 0.05798 0.04558 0.02930 0.05074 ( 1)  0.420 +-  0.392
   3 -   0.20838 0.14130 0.11994 0.10480 0.09211 0.08053 0.06935 0.05798 0.04558 0.02930 0.05074 ( 1)  0.420 +-  0.392
   4 -   0.20838 0.14130 0.11994 0.10480 0.09211 0.08053 0.06935 0.05798 0.04558 0.02930 0.05074 ( 1)  0.420 +-  0.392
   5 -   0.20838 0.14130 0.11994 0.10480 0.09211 0.08053 0.06935 0.05798 0.04558 0.02930 0.05074 ( 1)  0.420 +-  0.392
   6 -   0.45255 0.20931 0.12372 0.07726 0.04986 0.03287 0.02189 0.01451 0.00925 0.00493 0.00386 ( 1)  0.196 +-  0.206
   7 -   0.25494 0.25217 0.18247 0.11980 0.07611 0.04780 0.02979 0.01830 0.01077 0.00531 0.00254 ( 1)  0.250 +-  0.203
   8 -   0.00554 0.09015 0.18686 0.21040 0.17969 0.13210 0.08850 0.05526 0.03187 0.01508 0.00454 ( 4)  0.435 +-  0.205
   9 -   0.18200 0.43362 0.24518 0.09370 0.03108 0.00986 0.00313 0.00101 0.00032 0.00009 0.00000 ( 2)  0.191 +-  0.110
  10 R   0.04704 0.34934 0.32987 0.17073 0.06808 0.02384 0.00778 0.00242 0.00072 0.00018 0.00000 ( 2)  0.248 +-  0.119
  11 I   0.94856 0.04768 0.00343 0.00030 0.00003 0.00000 0.00000 0.00000 0.00000 0.00000 0.00000 ( 1)  0.056 +-  0.025
  12 T   0.92957 0.06368 0.00600 0.00065 0.00008 0.00001 0.00000 0.00000 0.00000 0.00000 0.00000 ( 1)  0.058 +-  0.030
  13 Q   0.51701 0.29869 0.12081 0.04281 0.01421 0.00452 0.00139 0.00041 0.00011 0.00003 0.00000 ( 1)  0.126 +-  0.100
  14 I   0.13285 0.36959 0.25914 0.13111 0.06047 0.02708 0.01190 0.00508 0.00205 0.00069 0.00003 ( 2)  0.229 +-  0.138
  15 P   0.87334 0.10691 0.01650 0.00269 0.00045 0.00008 0.00001 0.00000 0.00000 0.00000 0.00000 ( 1)  0.065 +-  0.043
  16 M   0.00000 0.00013 0.00295 0.01706 0.05070 0.10078 0.15197 0.18483 0.18376 0.13186 0.17596 ( 8)  0.869 +-  0.328
  17 V   0.08549 0.44368 0.30410 0.11765 0.03590 0.00981 0.00255 0.00064 0.00016 0.00003 0.00000 ( 2)  0.212 +-  0.103
  18 K   0.85349 0.11950 0.02166 0.00423 0.00087 0.00019 0.00004 0.00001 0.00000 0.00000 0.00000 ( 1)  0.068 +-  0.048
  19 A   0.21451 0.45688 0.22661 0.07433 0.02062 0.00531 0.00133 0.00033 0.00008 0.00002 0.00000 ( 2)  0.175 +-  0.100
  20 S   0.00000 0.00027 0.00682 0.03721 0.09658 0.16113 0.19971 0.19783 0.15998 0.09413 0.04634 ( 7)  0.720 +-  0.236
  21 E   0.00000 0.00378 0.04691 0.13848 0.20905 0.21525 0.17294 0.11583 0.06587 0.02861 0.00327 ( 6)  0.561 +-  0.179
  22 L   0.00003 0.00879 0.06541 0.15367 0.20770 0.20315 0.16028 0.10756 0.06205 0.02759 0.00376 ( 5)  0.546 +-  0.187
  23 P   0.00000 0.00000 0.00000 0.00014 0.00148 0.00744 0.02323 0.05118 0.08416 0.09430 0.73807 (11)  1.367 +-  0.391
  24 Q   0.00000 0.00004 0.00150 0.01141 0.03931 0.08525 0.13609 0.17285 0.17863 0.13329 0.24164 (11)  0.931 +-  0.358
  25 G   0.77428 0.18622 0.03299 0.00543 0.00089 0.00015 0.00003 0.00000 0.00000 0.00000 0.00000 ( 1)  0.077 +-  0.056
  26 T   0.00038 0.03479 0.13304 0.20407 0.20699 0.16715 0.11684 0.07334 0.04132 0.01862 0.00345 ( 5)  0.484 +-  0.193
  27 T   0.00003 0.01640 0.11206 0.21610 0.23361 0.18409 0.11966 0.06813 0.03444 0.01391 0.00156 ( 5)  0.486 +-  0.174
  28 V   0.00175 0.06713 0.18374 0.23007 0.20044 0.14230 0.08848 0.04970 0.02515 0.01023 0.00101 ( 4)  0.432 +-  0.181
  29 V   0.68984 0.23025 0.05958 0.01498 0.00389 0.00105 0.00030 0.00008 0.00002 0.00001 0.00000 ( 1)  0.092 +-  0.073
  30 R   0.00001 0.01335 0.11654 0.23961 0.25286 0.18464 0.10753 0.05363 0.02339 0.00809 0.00035 ( 5)  0.469 +-  0.158
  31 G   0.72635 0.21581 0.04647 0.00917 0.00178 0.00035 0.00007 0.00001 0.00000 0.00000 0.00000 ( 1)  0.085 +-  0.064
  32 P   0.86575 0.11210 0.01830 0.00315 0.00056 0.00010 0.00002 0.00000 0.00000 0.00000 0.00000 ( 1)  0.066 +-  0.045
  33 G   0.72116 0.21846 0.04820 0.00975 0.00194 0.00039 0.00008 0.00002 0.00000 0.00000 0.00000 ( 1)  0.085 +-  0.065
  34 F   0.92500 0.06781 0.00645 0.00067 0.00007 0.00001 0.00000 0.00000 0.00000 0.00000 0.00000 ( 1)  0.058 +-  0.031
  35 T   0.82953 0.14732 0.02007 0.00266 0.00037 0.00005 0.00001 0.00000 0.00000 0.00000 0.00000 ( 1)  0.070 +-  0.047
  36 G   0.90455 0.08373 0.01014 0.00135 0.00019 0.00003 0.00000 0.00000 0.00000 0.00000 0.00000 ( 1)  0.061 +-  0.036
  37 G   0.74466 0.17633 0.05327 0.01709 0.00569 0.00194 0.00067 0.00023 0.00008 0.00002 0.00000 ( 1)  0.087 +-  0.077
  38 D   0.31726 0.47282 0.16355 0.03748 0.00729 0.00132 0.00023 0.00004 0.00001 0.00000 0.00000 ( 2)  0.145 +-  0.085
  39 I   0.19250 0.43653 0.23911 0.08955 0.02923 0.00910 0.00280 0.00086 0.00026 0.00007 0.00000 ( 2)  0.187 +-  0.109
  40 L   0.24020 0.36510 0.22354 0.10349 0.04236 0.01626 0.00600 0.00214 0.00072 0.00020 0.00000 ( 2)  0.193 +-  0.127
  41 R   0.12855 0.28286 0.24792 0.16157 0.09137 0.04748 0.02321 0.01073 0.00460 0.00162 0.00008 ( 2)  0.263 +-  0.162
  42 R   0.42427 0.38704 0.13892 0.03780 0.00921 0.00214 0.00049 0.00011 0.00002 0.00000 0.00000 ( 1)  0.133 +-  0.091
  43 T   0.61099 0.26451 0.08641 0.02645 0.00805 0.00248 0.00077 0.00024 0.00007 0.00002 0.00000 ( 1)  0.107 +-  0.087
  44 N   0.00000 0.00000 0.00007 0.00145 0.00996 0.03509 0.08003 0.13319 0.16969 0.14915 0.42138 (11)  1.101 +-  0.378
  45 T   0.00000 0.00002 0.00148 0.01485 0.05696 0.12428 0.18683 0.21370 0.19291 0.12321 0.08577 ( 8)  0.791 +-  0.262
  46 -   0.28086 0.17240 0.13261 0.10518 0.08407 0.06698 0.05268 0.04030 0.02907 0.01721 0.01864 ( 1)  0.319 +-  0.297
  47 G   0.75453 0.19892 0.03830 0.00679 0.00119 0.00021 0.00004 0.00001 0.00000 0.00000 0.00000 ( 1)  0.080 +-  0.059
  48 G   0.00000 0.00041 0.01102 0.05565 0.12706 0.18459 0.20092 0.17802 0.13186 0.07318 0.03729 ( 7)  0.683 +-  0.232
  49 F   0.00005 0.01598 0.10177 0.20166 0.22943 0.19025 0.12899 0.07569 0.03893 0.01579 0.00145 ( 5)  0.497 +-  0.176
  50 G   0.11057 0.37320 0.28659 0.14137 0.05719 0.02081 0.00709 0.00230 0.00070 0.00018 0.00000 ( 2)  0.227 +-  0.123
  51 P   0.00000 0.00493 0.05745 0.15689 0.21902 0.21060 0.16052 0.10386 0.05810 0.02527 0.00336 ( 5)  0.545 +-  0.180
  52 I   0.25521 0.46409 0.20119 0.05933 0.01524 0.00374 0.00091 0.00022 0.00005 0.00001 0.00000 ( 2)  0.163 +-  0.095
  53 R   0.69621 0.23022 0.05661 0.01303 0.00300 0.00071 0.00017 0.00004 0.00001 0.00000 0.00000 ( 1)  0.090 +-  0.070
  54 V   0.20009 0.44690 0.23535 0.08292 0.02499 0.00707 0.00195 0.00054 0.00014 0.00003 0.00000 ( 2)  0.182 +-  0.104
  55 T   0.00001 0.00592 0.05426 0.13798 0.19414 0.19705 0.16371 0.11845 0.07570 0.03821 0.01458 ( 6)  0.576 +-  0.213
  56 V   0.00310 0.15726 0.32562 0.26744 0.14550 0.06380 0.02472 0.00883 0.00292 0.00080 0.00001 ( 3)  0.325 +-  0.134
  57 N   0.00001 0.00833 0.08728 0.20929 0.25094 0.20340 0.12882 0.06861 0.03148 0.01129 0.00055 ( 5)  0.495 +-  0.162
  58 G   0.00000 0.00001 0.00067 0.00652 0.02703 0.06750 0.12006 0.16560 0.18212 0.14222 0.28828 (11)  0.980 +-  0.367
  59 P   0.00458 0.08774 0.19962 0.23204 0.19371 0.13253 0.07907 0.04229 0.02021 0.00772 0.00049 ( 4)  0.413 +-  0.178
  60 L   0.09160 0.30726 0.28490 0.17222 0.08459 0.03678 0.01472 0.00550 0.00189 0.00053 0.00001 ( 2)  0.256 +-  0.141
  61 T   0.02832 0.26297 0.31514 0.20835 0.10632 0.04756 0.01975 0.00779 0.00289 0.00090 0.00003 ( 3)  0.289 +-  0.140
  62 Q   0.81725 0.14256 0.03102 0.00704 0.00163 0.00038 0.00009 0.00002 0.00000 0.00000 0.00000 ( 1)  0.073 +-  0.056
  63 R   0.00118 0.05276 0.16325 0.22437 0.20898 0.15498 0.09866 0.05579 0.02800 0.01116 0.00087 ( 4)  0.448 +-  0.180
  64 Y   0.87716 0.10413 0.01569 0.00251 0.00042 0.00007 0.00001 0.00000 0.00000 0.00000 0.00000 ( 1)  0.065 +-  0.042
  65 R   0.62857 0.20931 0.08871 0.03965 0.01824 0.00853 0.00400 0.00185 0.00082 0.00030 0.00003 ( 1)  0.117 +-  0.114
  66 I   0.01800 0.26352 0.32192 0.20856 0.10612 0.04829 0.02068 0.00848 0.00329 0.00108 0.00005 ( 3)  0.292 +-  0.140
  67 G   0.75160 0.19975 0.03957 0.00737 0.00138 0.00027 0.00005 0.00001 0.00000 0.00000 0.00000 ( 1)  0.081 +-  0.060
  68 F   0.00000 0.00075 0.01232 0.05254 0.11632 0.17409 0.19967 0.18664 0.14422 0.08186 0.03160 ( 7)  0.687 +-  0.223
  69 R   0.28879 0.38656 0.20460 0.08045 0.02746 0.00863 0.00256 0.00072 0.00019 0.00004 0.00000 ( 2)  0.171 +-  0.112
  70 Y   0.34321 0.39145 0.17848 0.06126 0.01850 0.00522 0.00141 0.00036 0.00009 0.00002 0.00000 ( 2)  0.154 +-  0.103
  71 A   0.93450 0.05977 0.00516 0.00051 0.00006 0.00001 0.00000 0.00000 0.00000 0.00000 0.00000 ( 1)  0.057 +-  0.028
  72 S   0.49920 0.29697 0.12708 0.04884 0.01798 0.00648 0.00230 0.00080 0.00026 0.00007 0.00000 ( 1)  0.132 +-  0.108
  73 T   0.77600 0.18412 0.03300 0.00566 0.00100 0.00018 0.00004 0.00001 0.00000 0.00000 0.00000 ( 1)  0.077 +-  0.056
  74 V   0.00145 0.09975 0.26429 0.27096 0.18258 0.09929 0.04796 0.02148 0.00895 0.00311 0.00019 ( 4)  0.371 +-  0.153
  75 D   0.00138 0.14760 0.35533 0.28402 0.13785 0.05127 0.01633 0.00470 0.00124 0.00027 0.00000 ( 3)  0.316 +-  0.120
  76 F   0.00060 0.05275 0.18349 0.24692 0.21418 0.14540 0.08451 0.04381 0.02032 0.00756 0.00045 ( 4)  0.430 +-  0.169
  77 D   0.00000 0.00000 0.00001 0.00053 0.00551 0.02606 0.07284 0.13850 0.19068 0.17287 0.39301 (11)  1.087 +-  0.356
  78 F   0.01256 0.15470 0.25031 0.22586 0.15787 0.09640 0.05411 0.02841 0.01378 0.00548 0.00052 ( 3)  0.364 +-  0.175
  79 F   0.00000 0.00000 0.00041 0.00582 0.02937 0.08059 0.14771 0.20098 0.21117 0.15341 0.17054 ( 9)  0.888 +-  0.308
  80 V   0.00062 0.05308 0.18195 0.24354 0.21193 0.14549 0.08618 0.04589 0.02203 0.00854 0.00074 ( 4)  0.432 +-  0.173
  81 S   0.00000 0.00000 0.00000 0.00005 0.00064 0.00375 0.01316 0.03207 0.05781 0.07078 0.82174 (11)  1.437 +-  0.392
  82 R   0.00000 0.00260 0.03046 0.09797 0.16982 0.20424 0.19189 0.14926 0.09740 0.04764 0.00874 ( 6)  0.609 +-  0.194
  83 G   0.00002 0.00991 0.07969 0.17956 0.22374 0.20007 0.14505 0.09033 0.04889 0.02062 0.00211 ( 5)  0.521 +-  0.179
  84 G   0.00000 0.00045 0.01239 0.06332 0.14400 0.20396 0.21151 0.17456 0.11800 0.05882 0.01297 ( 7)  0.646 +-  0.192
  85 T   0.00000 0.00060 0.01477 0.06955 0.14898 0.20283 0.20592 0.16899 0.11506 0.05837 0.01494 ( 7)  0.643 +-  0.198
  86 T   0.00000 0.00099 0.02086 0.08600 0.16569 0.20760 0.19782 0.15495 0.10215 0.05087 0.01306 ( 6)  0.624 +-  0.198
  87 -   0.28498 0.17381 0.13288 0.10479 0.08331 0.06606 0.05172 0.03941 0.02833 0.01673 0.01798 ( 1)  0.315 +-  0.295
  88 -   0.00262 0.01525 0.03419 0.05567 0.07690 0.09548 0.10910 0.11523 0.11010 0.08256 0.30287 (11)  0.944 +-  0.618
  89 V   0.00047 0.06881 0.23663 0.27871 0.20382 0.11586 0.05679 0.02519 0.01018 0.00338 0.00015 ( 4)  0.390 +-  0.153
  90 N   0.00007 0.03268 0.18826 0.29013 0.24085 0.14136 0.06687 0.02724 0.00974 0.00278 0.00004 ( 4)  0.415 +-  0.145
  91 N   0.00000 0.00001 0.00099 0.01060 0.04336 0.10120 0.16331 0.20121 0.19615 0.13537 0.14779 ( 8)  0.854 +-  0.306
  92 F   0.00000 0.00325 0.03812 0.11801 0.19206 0.21386 0.18470 0.13169 0.07876 0.03546 0.00409 ( 6)  0.581 +-  0.182
  93 R   0.00000 0.00008 0.00391 0.02960 0.09034 0.16271 0.20775 0.20644 0.16491 0.09491 0.03934 ( 7)  0.721 +-  0.222
  94 F   0.00053 0.02948 0.11207 0.18640 0.20674 0.17957 0.13162 0.08422 0.04698 0.02037 0.00203 ( 5)  0.501 +-  0.190
  95 L   0.00000 0.00000 0.00021 0.00329 0.01855 0.05682 0.11554 0.17331 0.19966 0.15843 0.27419 (11)  0.979 +-  0.347
  96 R   0.00000 0.00376 0.04769 0.14077 0.21039 0.21423 0.17093 0.11444 0.06548 0.02878 0.00355 ( 6)  0.560 +-  0.180
  97 T   0.93904 0.05587 0.00460 0.00044 0.00005 0.00001 0.00000 0.00000 0.00000 0.00000 0.00000 ( 1)  0.057 +-  0.027
  98 M   0.92068 0.07152 0.00699 0.00072 0.00008 0.00001 0.00000 0.00000 0.00000 0.00000 0.00000 ( 1)  0.059 +-  0.032
  99 N   0.00001 0.00703 0.06485 0.16242 0.21971 0.20868 0.15746 0.10025 0.05464 0.02290 0.00204 ( 5)  0.537 +-  0.177
 100 S   0.00000 0.00202 0.03020 0.10559 0.18356 0.21293 0.18990 0.13988 0.08697 0.04104 0.00791 ( 6)  0.598 +-  0.189
 101 G   0.09897 0.36079 0.29216 0.14992 0.06264 0.02346 0.00823 0.00274 0.00086 0.00023 0.00000 ( 2)  0.234 +-  0.126
 102 D   0.00000 0.00000 0.00016 0.00173 0.00858 0.02627 0.05765 0.09784 0.13147 0.12475 0.55155 (11)  1.204 +-  0.395
 103 E   0.00115 0.08543 0.24881 0.27676 0.19645 0.10838 0.05102 0.02142 0.00807 0.00246 0.00006 ( 4)  0.378 +-  0.150
 104 L   0.06032 0.27664 0.28656 0.18913 0.10172 0.04901 0.02207 0.00944 0.00379 0.00127 0.00006 ( 3)  0.281 +-  0.150
 105 K   0.00000 0.00474 0.05738 0.16005 0.22468 0.21418 0.15987 0.10031 0.05400 0.02250 0.00228 ( 5)  0.540 +-  0.175
 106 Y   0.13168 0.28726 0.24910 0.16021 0.08916 0.04547 0.02175 0.00981 0.00410 0.00140 0.00006 ( 2)  0.260 +-  0.160
 107 G   0.00004 0.02339 0.14968 0.26110 0.24745 0.16599 0.08939 0.04115 0.01648 0.00520 0.00012 ( 4)  0.443 +-  0.154
 108 N   0.00057 0.02910 0.10503 0.17162 0.19288 0.17448 0.13645 0.09513 0.05889 0.02873 0.00712 ( 5)  0.522 +-  0.209
 109 F   0.48889 0.36708 0.11136 0.02590 0.00542 0.00108 0.00021 0.00004 0.00001 0.00000 0.00000 ( 1)  0.120 +-  0.083
 110 V   0.00000 0.00030 0.00832 0.04418 0.10824 0.17002 0.19991 0.18997 0.14920 0.08635 0.04351 ( 7)  0.706 +-  0.236
 111 R   0.07029 0.40893 0.31506 0.13749 0.04749 0.01473 0.00434 0.00124 0.00034 0.00008 0.00000 ( 2)  0.225 +-  0.110
 112 R   0.00000 0.00008 0.00381 0.02792 0.08417 0.15215 0.19760 0.20215 0.16806 0.10158 0.06246 ( 8)  0.746 +-  0.250
 113 A   0.01796 0.13950 0.22746 0.22253 0.16822 0.10838 0.06226 0.03246 0.01521 0.00571 0.00030 ( 3)  0.376 +-  0.179
 114 F   0.10564 0.39929 0.29782 0.13217 0.04592 0.01394 0.00390 0.00103 0.00025 0.00005 0.00000 ( 2)  0.218 +-  0.112
 115 T   0.00023 0.04226 0.17811 0.25265 0.21985 0.14754 0.08500 0.04423 0.02098 0.00816 0.00098 ( 4)  0.435 +-  0.169
 116 T   0.06207 0.38381 0.31852 0.15088 0.05676 0.01918 0.00615 0.00191 0.00057 0.00014 0.00000 ( 2)  0.235 +-  0.116
 117 -   0.20838 0.14130 0.11994 0.10480 0.09211 0.08053 0.06935 0.05798 0.04558 0.02930 0.05074 ( 1)  0.420 +-  0.392
 118 -   0.20838 0.14130 0.11994 0.10480 0.09211 0.08053 0.06935 0.05798 0.04558 0.02930 0.05074 ( 1)  0.420 +-  0.392
 119 -   0.20838 0.14130 0.11994 0.10480 0.09211 0.08053 0.06935 0.05798 0.04558 0.02930 0.05074 ( 1)  0.420 +-  0.392
 120 -   0.20838 0.14130 0.11994 0.10480 0.09211 0.08053 0.06935 0.05798 0.04558 0.02930 0.05074 ( 1)  0.420 +-  0.392
 121 -   0.20838 0.14130 0.11994 0.10480 0.09211 0.08053 0.06935 0.05798 0.04558 0.02930 0.05074 ( 1)  0.420 +-  0.392
 122 -   0.20838 0.14130 0.11994 0.10480 0.09211 0.08053 0.06935 0.05798 0.04558 0.02930 0.05074 ( 1)  0.420 +-  0.392
 123 P   0.00010 0.02466 0.13609 0.23756 0.23915 0.17488 0.10367 0.05259 0.02311 0.00794 0.00026 ( 5)  0.459 +-  0.163
 124 F   0.51846 0.35571 0.09931 0.02140 0.00417 0.00078 0.00014 0.00003 0.00000 0.00000 0.00000 ( 1)  0.114 +-  0.079
 125 T   0.00000 0.00006 0.00329 0.02677 0.08473 0.15569 0.20170 0.20373 0.16650 0.09889 0.05864 ( 8)  0.742 +-  0.245
 126 F   0.00617 0.17226 0.32022 0.26019 0.14281 0.06278 0.02399 0.00829 0.00260 0.00067 0.00001 ( 3)  0.321 +-  0.135
 127 T   0.00000 0.00089 0.01547 0.06212 0.12587 0.17364 0.18780 0.17051 0.13210 0.07762 0.05397 ( 7)  0.695 +-  0.258
 128 Q   0.00002 0.00654 0.05366 0.13562 0.19579 0.20412 0.17120 0.12147 0.07344 0.03377 0.00438 ( 6)  0.566 +-  0.189
 129 I   0.00000 0.00006 0.00358 0.02754 0.08379 0.15086 0.19476 0.19867 0.16561 0.10108 0.07405 ( 8)  0.755 +-  0.263
 130 Q   0.00110 0.05111 0.16258 0.22719 0.21274 0.15684 0.09814 0.05393 0.02603 0.00987 0.00049 ( 4)  0.446 +-  0.176
 131 D   0.00003 0.01867 0.12844 0.24135 0.24675 0.17874 0.10401 0.05175 0.02239 0.00762 0.00026 ( 5)  0.462 +-  0.160
 132 I   0.00000 0.00067 0.01557 0.06980 0.14464 0.19366 0.19684 0.16491 0.11707 0.06329 0.03355 ( 7)  0.662 +-  0.231
 133 I   0.02583 0.24913 0.31100 0.21381 0.11293 0.05198 0.02207 0.00885 0.00332 0.00104 0.00004 ( 3)  0.296 +-  0.142
 134 R   0.00863 0.12628 0.23163 0.22899 0.17108 0.10976 0.06400 0.03465 0.01724 0.00701 0.00074 ( 3)  0.385 +-  0.179
 135 T   0.00000 0.00043 0.00758 0.03506 0.08533 0.14192 0.18231 0.19182 0.16723 0.10675 0.08157 ( 8)  0.759 +-  0.274
 136 S   0.00000 0.00017 0.00663 0.04150 0.11008 0.17828 0.20954 0.19498 0.14783 0.08182 0.02916 ( 7)  0.693 +-  0.213
 137 I   0.00005 0.01771 0.11174 0.21154 0.23012 0.18425 0.12191 0.07046 0.03601 0.01463 0.00158 ( 5)  0.488 +-  0.176
 138 Q   0.00000 0.00000 0.00008 0.00136 0.00848 0.02920 0.06756 0.11606 0.15379 0.14114 0.48233 (11)  1.150 +-  0.385
 139 G   0.00000 0.00015 0.00475 0.02963 0.08370 0.14840 0.19322 0.19999 0.16869 0.10341 0.06807 ( 8)  0.750 +-  0.257
 140 L   0.00894 0.20625 0.33476 0.24592 0.12496 0.05172 0.01883 0.00625 0.00190 0.00047 0.00000 ( 3)  0.305 +-  0.130
 141 S   0.00337 0.10529 0.23687 0.24709 0.18256 0.11214 0.06155 0.03107 0.01433 0.00538 0.00035 ( 4)  0.387 +-  0.168
 142 G   0.00000 0.00016 0.00520 0.03181 0.08740 0.15077 0.19169 0.19490 0.16266 0.09954 0.07588 ( 8)  0.753 +-  0.269
 143 N   0.00167 0.10850 0.27900 0.27719 0.17842 0.09086 0.04025 0.01623 0.00599 0.00183 0.00005 ( 3)  0.359 +-  0.145
 144 G   0.00000 0.00003 0.00136 0.01158 0.04287 0.09667 0.15603 0.19561 0.19546 0.13845 0.16192 ( 8)  0.866 +-  0.314
 145 E   0.05146 0.35944 0.32754 0.16544 0.06448 0.02196 0.00691 0.00206 0.00057 0.00013 0.00000 ( 2)  0.244 +-  0.117
 146 V   0.05359 0.25664 0.28088 0.19658 0.11179 0.05646 0.02633 0.01149 0.00463 0.00153 0.00006 ( 3)  0.293 +-  0.155
 147 Y   0.66951 0.24649 0.06454 0.01512 0.00339 0.00075 0.00016 0.00003 0.00001 0.00000 0.00000 ( 1)  0.094 +-  0.073
 148 I   0.00015 0.03243 0.15408 0.24216 0.22863 0.16257 0.09671 0.05059 0.02346 0.00868 0.00052 ( 4)  0.450 +-  0.168
 149 D   0.84210 0.13871 0.01697 0.00196 0.00023 0.00003 0.00000 0.00000 0.00000 0.00000 0.00000 ( 1)  0.068 +-  0.044
 150 K   0.09407 0.46221 0.29712 0.10683 0.03002 0.00749 0.00176 0.00040 0.00009 0.00002 0.00000 ( 2)  0.205 +-  0.099
 151 I   0.27004 0.46075 0.19301 0.05647 0.01472 0.00373 0.00095 0.00025 0.00006 0.00001 0.00000 ( 2)  0.160 +-  0.095
 152 E   0.92449 0.06812 0.00660 0.00070 0.00008 0.00001 0.00000 0.00000 0.00000 0.00000 0.00000 ( 1)  0.058 +-  0.031
 153 I   0.24536 0.36738 0.22199 0.10129 0.04069 0.01523 0.00544 0.00186 0.00060 0.00016 0.00000 ( 2)  0.191 +-  0.125
 154 I   0.08113 0.31457 0.28584 0.17034 0.08443 0.03796 0.01605 0.00646 0.00243 0.00076 0.00002 ( 2)  0.259 +-  0.142
 155 P   0.62592 0.21095 0.08964 0.03991 0.01822 0.00845 0.00394 0.00182 0.00081 0.00030 0.00004 ( 1)  0.117 +-  0.114

Positively selected sites

	Prob(w>1)  mean w

    23 P      0.738         1.367 +- 0.391
    81 S      0.822         1.437 +- 0.392
   102 D      0.552         1.204 +- 0.395

