Supplemental results for CODEML (seqf: algn  treef: tree)


dN/dS (w) for site classes (K=8)

p:   0.12500  0.12500  0.12500  0.12500  0.12500  0.12500  0.12500  0.12500
w:   0.00000  0.00002  0.00115  0.01730  0.12267  0.46223  0.87243  0.99737

Naive Empirical Bayes (NEB) probabilities for 8 classes & postmean_w
(amino acids refer to 1st sequence: BT_Cry2Aa13)

   1 -   0.12500 0.12500 0.12500 0.12500 0.12500 0.12500 0.12500 0.12500 ( 6)  0.309
   2 L   0.00000 0.00004 0.00242 0.03498 0.19243 0.32473 0.23901 0.20639 ( 6)  0.589
   3 V   0.00000 0.00000 0.00000 0.00002 0.00619 0.15051 0.39631 0.44697 ( 8)  0.862
   4 G   0.18228 0.18228 0.18187 0.17618 0.14326 0.07396 0.03364 0.02652 ( 1)  0.111
   5 K   0.19630 0.19629 0.19565 0.18687 0.13873 0.05438 0.01841 0.01338 ( 1)  0.075
   6 R   0.16528 0.16528 0.16505 0.16180 0.14215 0.09391 0.05724 0.04929 ( 1)  0.163
   7 I   0.20296 0.20295 0.20217 0.19145 0.13452 0.04461 0.01261 0.00872 ( 1)  0.060
   8 L   0.16731 0.16731 0.16705 0.16348 0.14210 0.09132 0.05458 0.04686 ( 1)  0.157
   9 S   0.19633 0.19632 0.19569 0.18703 0.13934 0.05452 0.01793 0.01284 ( 1)  0.074
  10 E   0.17755 0.17755 0.17720 0.17227 0.14340 0.07986 0.03984 0.03232 ( 1)  0.125
  11 L   0.17799 0.17798 0.17762 0.17257 0.14309 0.07910 0.03951 0.03213 ( 1)  0.124
  12 R   0.00000 0.00001 0.00078 0.01160 0.07665 0.23045 0.33151 0.34900 ( 8)  0.753
  13 N   0.00000 0.00000 0.00000 0.00002 0.00560 0.14073 0.39589 0.45776 ( 8)  0.868
  14 L   0.00000 0.00000 0.00000 0.00076 0.03102 0.22499 0.36533 0.37789 ( 8)  0.803
  15 I   0.20296 0.20295 0.20217 0.19145 0.13452 0.04461 0.01261 0.00872 ( 1)  0.060
  16 F   0.19992 0.19991 0.19920 0.18950 0.13700 0.04915 0.01488 0.01045 ( 1)  0.066
  17 P   0.18595 0.18594 0.18549 0.17912 0.14271 0.06910 0.02918 0.02251 ( 1)  0.101
  18 S   0.19633 0.19632 0.19569 0.18703 0.13934 0.05452 0.01793 0.01284 ( 1)  0.074
  19 G   0.17702 0.17702 0.17667 0.17183 0.14343 0.08054 0.04054 0.03296 ( 1)  0.126
  20 S   0.19271 0.19270 0.19214 0.18435 0.14083 0.05971 0.02162 0.01594 ( 1)  0.083
  21 T   0.19583 0.19582 0.19520 0.18661 0.13930 0.05516 0.01862 0.01347 ( 1)  0.076
  22 N   0.20153 0.20152 0.20078 0.19057 0.13583 0.04676 0.01358 0.00943 ( 1)  0.063
  23 L   0.17297 0.17297 0.17266 0.16839 0.14308 0.08523 0.04622 0.03847 ( 1)  0.139
  24 M   0.19844 0.19843 0.19777 0.18856 0.13825 0.05141 0.01593 0.01121 ( 1)  0.069
  25 Q   0.00000 0.00003 0.00165 0.02408 0.14195 0.29668 0.27808 0.25754 ( 6)  0.654
  26 D   0.19942 0.19940 0.19872 0.18918 0.13745 0.04993 0.01522 0.01069 ( 1)  0.067
  27 I   0.19819 0.19818 0.19751 0.18820 0.13767 0.05162 0.01668 0.01196 ( 1)  0.071
  28 L   0.17799 0.17798 0.17762 0.17257 0.14309 0.07910 0.03951 0.03213 ( 1)  0.124
  29 -   0.12500 0.12500 0.12500 0.12500 0.12500 0.12500 0.12500 0.12500 ( 5)  0.309
  30 R   0.17869 0.17868 0.17831 0.17308 0.14273 0.07792 0.03888 0.03172 ( 1)  0.122
  31 E   0.00000 0.00002 0.00118 0.01741 0.10822 0.26759 0.30551 0.30006 ( 7)  0.703
  32 T   0.19227 0.19226 0.19170 0.18399 0.14086 0.06027 0.02219 0.01646 ( 1)  0.084
  33 E   0.00000 0.00005 0.00285 0.04094 0.21871 0.33531 0.21940 0.18274 ( 6)  0.556
  34 K   0.00000 0.00000 0.00000 0.00100 0.03921 0.25174 0.35529 0.35275 ( 7)  0.783
  35 F   0.00000 0.00002 0.00099 0.01455 0.09301 0.25131 0.31805 0.32207 ( 8)  0.727
  36 L   0.00000 0.00000 0.00000 0.00032 0.01453 0.15277 0.38249 0.44989 ( 8)  0.855
  37 N   0.00000 0.00005 0.00301 0.04318 0.22791 0.33737 0.21291 0.17557 ( 6)  0.546
  38 Q   0.00000 0.00003 0.00167 0.02440 0.14340 0.29742 0.27695 0.25612 ( 6)  0.653
  39 R   0.00000 0.00000 0.00000 0.00000 0.00104 0.08463 0.40212 0.51220 ( 8)  0.901
  40 L   0.17624 0.17623 0.17575 0.16915 0.13456 0.07821 0.04815 0.04170 ( 1)  0.139
  41 N   0.00000 0.00003 0.00216 0.03139 0.17937 0.32629 0.24726 0.21350 ( 6)  0.602
  42 T   0.00000 0.00000 0.00000 0.00095 0.03746 0.24774 0.35755 0.35629 ( 7)  0.786
  43 D   0.00000 0.00000 0.00000 0.00006 0.00490 0.10946 0.39289 0.49269 ( 8)  0.885
  44 T   0.00000 0.00000 0.00000 0.00074 0.03025 0.22342 0.36639 0.37920 ( 8)  0.805
  45 L   0.00000 0.00002 0.00095 0.01373 0.08058 0.22503 0.33291 0.34679 ( 8)  0.750
  46 A   0.00000 0.00000 0.00000 0.00001 0.00216 0.08462 0.39128 0.52193 ( 8)  0.901
  47 R   0.00000 0.00000 0.00000 0.00053 0.02253 0.19069 0.37500 0.41125 ( 8)  0.828
  48 V   0.00000 0.00000 0.00000 0.00032 0.01606 0.17921 0.38415 0.42025 ( 8)  0.839
  49 N   0.00000 0.00000 0.00001 0.00152 0.05612 0.29868 0.33448 0.30919 ( 7)  0.745
  50 A   0.00000 0.00000 0.00000 0.00040 0.01773 0.17048 0.38025 0.43114 ( 8)  0.843
  51 E   0.00000 0.00000 0.00000 0.00003 0.00805 0.17251 0.39376 0.42565 ( 8)  0.849
  52 L   0.00000 0.00002 0.00094 0.01396 0.08979 0.24738 0.32072 0.32719 ( 8)  0.732
  53 T   0.00000 0.00000 0.00000 0.00000 0.00000 0.00439 0.30322 0.69239 ( 8)  0.957
  54 G   0.15384 0.15384 0.15369 0.15165 0.13901 0.10509 0.07508 0.06780 ( 1)  0.202
  55 L   0.00000 0.00001 0.00075 0.01120 0.07439 0.22718 0.33335 0.35311 ( 8)  0.757
  56 Q   0.17773 0.17772 0.17737 0.17242 0.14340 0.07964 0.03961 0.03211 ( 1)  0.124
  57 A   0.18178 0.18178 0.18137 0.17574 0.14314 0.07449 0.03440 0.02729 ( 1)  0.112
  58 N   0.00000 0.00000 0.00001 0.00174 0.06285 0.31325 0.32642 0.29572 ( 7)  0.732
  59 V   0.00000 0.00005 0.00328 0.04690 0.24302 0.34016 0.20235 0.16423 ( 6)  0.528
  60 E   0.00000 0.00000 0.00000 0.00081 0.03257 0.23017 0.36340 0.37305 ( 8)  0.800
  61 E   0.16600 0.16600 0.16576 0.16243 0.14230 0.09316 0.05615 0.04819 ( 1)  0.161
  62 F   0.19992 0.19991 0.19921 0.18950 0.13700 0.04915 0.01488 0.01045 ( 1)  0.066
  63 N   0.20153 0.20152 0.20078 0.19057 0.13583 0.04676 0.01358 0.00943 ( 1)  0.063
  64 R   0.00000 0.00002 0.00135 0.01979 0.12052 0.27923 0.29542 0.28367 ( 7)  0.685
  65 Q   0.17773 0.17772 0.17737 0.17242 0.14340 0.07964 0.03961 0.03211 ( 1)  0.124
  66 V   0.19652 0.19651 0.19587 0.18708 0.13886 0.05413 0.01802 0.01300 ( 1)  0.074
  67 D   0.19942 0.19940 0.19872 0.18918 0.13745 0.04993 0.01522 0.01069 ( 1)  0.067
  68 N   0.20153 0.20152 0.20078 0.19057 0.13583 0.04676 0.01358 0.00943 ( 1)  0.063
  69 F   0.00000 0.00005 0.00330 0.04716 0.24482 0.34229 0.20067 0.16170 ( 6)  0.525
  70 L   0.16585 0.16584 0.16561 0.16227 0.14217 0.09323 0.05647 0.04856 ( 1)  0.161
  71 N   0.16998 0.16998 0.16970 0.16586 0.14289 0.08875 0.05037 0.04247 ( 1)  0.148
  72 P   0.18595 0.18594 0.18549 0.17912 0.14271 0.06909 0.02918 0.02251 ( 1)  0.101
  73 N   0.00000 0.00003 0.00166 0.02426 0.14283 0.29746 0.27736 0.25640 ( 6)  0.653
  74 R   0.00000 0.00002 0.00133 0.01957 0.11941 0.27847 0.29631 0.28489 ( 7)  0.686
  75 N   0.00000 0.00002 0.00119 0.01748 0.10862 0.26821 0.30517 0.29932 ( 7)  0.702
  76 A   0.00000 0.00004 0.00218 0.03154 0.17732 0.31885 0.25027 0.21980 ( 6)  0.607
  77 V   0.00000 0.00005 0.00297 0.04264 0.22549 0.33615 0.21475 0.17794 ( 6)  0.549
  78 P   0.18595 0.18594 0.18549 0.17912 0.14271 0.06909 0.02918 0.02251 ( 1)  0.101
  79 L   0.17799 0.17799 0.17762 0.17257 0.14309 0.07910 0.03951 0.03213 ( 1)  0.124
  80 S   0.18167 0.18166 0.18126 0.17563 0.14305 0.07457 0.03463 0.02753 ( 1)  0.113
  81 I   0.20296 0.20295 0.20218 0.19145 0.13452 0.04461 0.01261 0.00871 ( 1)  0.060
  82 T   0.19520 0.19519 0.19458 0.18615 0.13960 0.05607 0.01923 0.01398 ( 1)  0.077
  83 S   0.19020 0.19019 0.18967 0.18242 0.14157 0.06321 0.02440 0.01834 ( 1)  0.090
  84 S   0.17644 0.17644 0.17610 0.17130 0.14318 0.08105 0.04151 0.03399 ( 1)  0.128
  85 V   0.19589 0.19588 0.19526 0.18663 0.13918 0.05504 0.01862 0.01349 ( 1)  0.076
  86 N   0.20153 0.20152 0.20078 0.19057 0.13583 0.04676 0.01358 0.00943 ( 1)  0.063
  87 T   0.19539 0.19538 0.19477 0.18628 0.13950 0.05580 0.01906 0.01384 ( 1)  0.077
  88 M   0.00000 0.00004 0.00267 0.03844 0.20823 0.33271 0.22691 0.19100 ( 6)  0.568
  89 Q   0.16415 0.16415 0.16392 0.16078 0.14177 0.09494 0.05906 0.05122 ( 1)  0.167
  90 Q   0.00000 0.00002 0.00154 0.02248 0.13413 0.29102 0.28434 0.26647 ( 6)  0.665
  91 L   0.17799 0.17799 0.17762 0.17257 0.14309 0.07910 0.03951 0.03213 ( 1)  0.124
  92 F   0.19992 0.19991 0.19921 0.18950 0.13700 0.04915 0.01488 0.01045 ( 1)  0.066
  93 L   0.17297 0.17297 0.17266 0.16839 0.14308 0.08523 0.04622 0.03847 ( 1)  0.139
  94 N   0.20153 0.20152 0.20078 0.19057 0.13583 0.04676 0.01358 0.00943 ( 1)  0.063
  95 R   0.19242 0.19241 0.19185 0.18412 0.14091 0.06012 0.02195 0.01622 ( 1)  0.084
  96 L   0.17799 0.17799 0.17762 0.17257 0.14309 0.07910 0.03951 0.03213 ( 1)  0.124
  97 P   0.00000 0.00000 0.00000 0.00022 0.01077 0.13051 0.38437 0.47413 ( 8)  0.870
  98 Q   0.15515 0.15515 0.15499 0.15283 0.13945 0.10390 0.07298 0.06556 ( 1)  0.197
  99 F   0.16154 0.16153 0.16133 0.15852 0.14133 0.09780 0.06291 0.05504 ( 1)  0.175
 100 Q   0.00000 0.00000 0.00019 0.00306 0.03033 0.17635 0.36980 0.42025 ( 8)  0.827
 101 M   0.00000 0.00000 0.00000 0.00002 0.00517 0.13844 0.39799 0.45839 ( 8)  0.869
 102 Q   0.17773 0.17772 0.17737 0.17242 0.14340 0.07964 0.03961 0.03211 ( 1)  0.124
 103 G   0.18228 0.18228 0.18187 0.17618 0.14326 0.07396 0.03364 0.02652 ( 1)  0.111
 104 Y   0.14435 0.14435 0.14426 0.14302 0.13519 0.11285 0.09088 0.08511 ( 1)  0.236
 105 Q   0.17186 0.17185 0.17156 0.16745 0.14299 0.08652 0.04778 0.03998 ( 1)  0.142
 106 L   0.14954 0.14954 0.14942 0.14775 0.13731 0.10865 0.08221 0.07558 ( 1)  0.217
 107 L   0.17799 0.17799 0.17762 0.17257 0.14309 0.07910 0.03951 0.03213 ( 1)  0.124
 108 L   0.17799 0.17799 0.17762 0.17257 0.14309 0.07910 0.03951 0.03213 ( 1)  0.124
 109 L   0.17799 0.17799 0.17762 0.17257 0.14309 0.07910 0.03951 0.03213 ( 1)  0.124
 110 P   0.18595 0.18594 0.18549 0.17912 0.14271 0.06909 0.02918 0.02251 ( 1)  0.101
 111 L   0.17799 0.17799 0.17762 0.17257 0.14309 0.07910 0.03951 0.03213 ( 1)  0.124
 112 F   0.19992 0.19991 0.19921 0.18950 0.13700 0.04915 0.01488 0.01045 ( 1)  0.066
 113 A   0.19015 0.19014 0.18962 0.18240 0.14167 0.06333 0.02439 0.01831 ( 1)  0.090
 114 Q   0.15515 0.15515 0.15499 0.15283 0.13945 0.10390 0.07298 0.06556 ( 1)  0.197
 115 A   0.19015 0.19014 0.18962 0.18240 0.14167 0.06333 0.02439 0.01831 ( 1)  0.090
 116 A   0.14379 0.14379 0.14370 0.14251 0.13496 0.11331 0.09181 0.08612 ( 1)  0.238
 117 N   0.20153 0.20152 0.20078 0.19057 0.13583 0.04676 0.01358 0.00943 ( 1)  0.063
 118 L   0.00000 0.00003 0.00196 0.02846 0.16260 0.30939 0.26189 0.23568 ( 6)  0.627
 119 H   0.19612 0.19611 0.19548 0.18684 0.13928 0.05477 0.01825 0.01315 ( 1)  0.075
 120 L   0.19274 0.19273 0.19216 0.18432 0.14060 0.05959 0.02175 0.01610 ( 1)  0.083
 121 S   0.19020 0.19019 0.18967 0.18242 0.14157 0.06321 0.02440 0.01834 ( 1)  0.090
 122 F   0.19992 0.19991 0.19921 0.18950 0.13700 0.04915 0.01488 0.01045 ( 1)  0.066
 123 I   0.19819 0.19818 0.19751 0.18820 0.13767 0.05161 0.01667 0.01196 ( 1)  0.071
 124 R   0.19242 0.19241 0.19185 0.18412 0.14091 0.06012 0.02195 0.01622 ( 1)  0.084
 125 D   0.19942 0.19940 0.19872 0.18918 0.13745 0.04993 0.01522 0.01069 ( 1)  0.067
 126 V   0.19589 0.19588 0.19526 0.18663 0.13918 0.05504 0.01862 0.01349 ( 1)  0.076
 127 I   0.00000 0.00005 0.00319 0.04569 0.23747 0.33736 0.20663 0.16960 ( 6)  0.535
 128 L   0.18463 0.18463 0.18419 0.17805 0.14281 0.07079 0.03086 0.02405 ( 1)  0.104
 129 N   0.20153 0.20152 0.20078 0.19057 0.13583 0.04676 0.01358 0.00943 ( 1)  0.063
 130 A   0.19015 0.19014 0.18962 0.18240 0.14167 0.06333 0.02439 0.01831 ( 1)  0.090
 131 D   0.00000 0.00000 0.00001 0.00157 0.05748 0.30088 0.33289 0.30718 ( 7)  0.743
 132 E   0.19428 0.19427 0.19367 0.18546 0.13994 0.05738 0.02020 0.01481 ( 1)  0.080
 133 W   0.14831 0.14831 0.14820 0.14664 0.13692 0.10980 0.08418 0.07765 ( 1)  0.221
 134 G   0.18173 0.18172 0.18132 0.17573 0.14329 0.07465 0.03436 0.02720 ( 1)  0.112
 135 I   0.19819 0.19818 0.19751 0.18820 0.13767 0.05161 0.01667 0.01196 ( 1)  0.071
 136 S   0.18167 0.18166 0.18126 0.17563 0.14305 0.07457 0.03463 0.02753 ( 1)  0.113
 137 A   0.19015 0.19014 0.18962 0.18240 0.14167 0.06333 0.02439 0.01831 ( 1)  0.090
 138 A   0.19015 0.19014 0.18962 0.18240 0.14167 0.06333 0.02439 0.01831 ( 1)  0.090
 139 T   0.19583 0.19582 0.19520 0.18661 0.13930 0.05516 0.01862 0.01347 ( 1)  0.076
 140 L   0.17709 0.17708 0.17673 0.17179 0.14295 0.08009 0.04083 0.03344 ( 1)  0.127
 141 R   0.18094 0.18093 0.18054 0.17509 0.14342 0.07572 0.03531 0.02804 ( 1)  0.115
 142 T   0.16144 0.16144 0.16124 0.15842 0.14126 0.09785 0.06310 0.05526 ( 1)  0.176
 143 Y   0.19032 0.19031 0.18979 0.18245 0.14126 0.06292 0.02447 0.01848 ( 1)  0.090
 144 R   0.00000 0.00000 0.00000 0.00044 0.01943 0.17867 0.37859 0.42286 ( 8)  0.837
 145 D   0.00000 0.00000 0.00001 0.00121 0.04610 0.27177 0.34679 0.33412 ( 7)  0.767
 146 Y   0.00000 0.00001 0.00076 0.01132 0.07502 0.22800 0.33283 0.35206 ( 8)  0.756
 147 L   0.15156 0.15156 0.15143 0.14958 0.13809 0.10695 0.07888 0.07195 ( 1)  0.210
 148 K   0.00000 0.00000 0.00000 0.00003 0.00689 0.15760 0.39490 0.44058 ( 8)  0.858
 149 N   0.20153 0.20152 0.20078 0.19057 0.13583 0.04676 0.01358 0.00943 ( 1)  0.063
 150 Y   0.19032 0.19031 0.18979 0.18245 0.14126 0.06292 0.02447 0.01848 ( 1)  0.090
 151 T   0.19583 0.19582 0.19520 0.18661 0.13930 0.05516 0.01862 0.01347 ( 1)  0.076
 152 R   0.00000 0.00004 0.00247 0.03569 0.19605 0.32764 0.23603 0.20208 ( 6)  0.584
 153 D   0.00000 0.00000 0.00001 0.00149 0.05523 0.29568 0.33561 0.31198 ( 7)  0.747
 154 Y   0.16462 0.16462 0.16439 0.16121 0.14195 0.09455 0.05829 0.05038 ( 1)  0.165
 155 S   0.19020 0.19019 0.18967 0.18242 0.14157 0.06321 0.02440 0.01834 ( 1)  0.090
 156 N   0.18953 0.18952 0.18901 0.18192 0.14185 0.06418 0.02507 0.01891 ( 1)  0.091
 157 Y   0.19032 0.19031 0.18979 0.18245 0.14126 0.06292 0.02447 0.01848 ( 1)  0.090
 158 C   0.18784 0.18783 0.18735 0.18062 0.14234 0.06654 0.02694 0.02052 ( 1)  0.096
 159 I   0.20296 0.20295 0.20218 0.19145 0.13452 0.04461 0.01261 0.00871 ( 1)  0.060
 160 N   0.00000 0.00000 0.00000 0.00004 0.01037 0.19462 0.38885 0.40611 ( 8)  0.836
 161 T   0.16144 0.16144 0.16124 0.15842 0.14126 0.09785 0.06310 0.05526 ( 1)  0.176
 162 Y   0.19032 0.19031 0.18979 0.18245 0.14126 0.06292 0.02447 0.01848 ( 1)  0.090
 163 Q   0.17773 0.17772 0.17737 0.17242 0.14340 0.07964 0.03961 0.03211 ( 1)  0.124
 164 S   0.00000 0.00000 0.00000 0.00000 0.00106 0.08913 0.40348 0.50633 ( 8)  0.898
 165 A   0.15719 0.15718 0.15702 0.15465 0.14009 0.10201 0.06973 0.06214 ( 1)  0.190
 166 F   0.19992 0.19991 0.19921 0.18950 0.13700 0.04915 0.01488 0.01045 ( 1)  0.066
 167 K   0.00000 0.00000 0.00000 0.00003 0.00712 0.16029 0.39461 0.43796 ( 8)  0.856
 168 G   0.17536 0.17535 0.17503 0.17044 0.14338 0.08254 0.04279 0.03511 ( 1)  0.131
 169 L   0.17799 0.17799 0.17762 0.17257 0.14309 0.07910 0.03951 0.03213 ( 1)  0.124
 170 N   0.16377 0.16376 0.16355 0.16048 0.14188 0.09555 0.05949 0.05153 ( 1)  0.168
 171 T   0.00000 0.00002 0.00140 0.02043 0.12331 0.27989 0.29325 0.28170 ( 7)  0.682
 172 R   0.00000 0.00003 0.00182 0.02643 0.15349 0.30539 0.26880 0.24404 ( 6)  0.638
 173 L   0.17799 0.17799 0.17762 0.17257 0.14309 0.07910 0.03951 0.03213 ( 1)  0.124
 174 H   0.15569 0.15569 0.15553 0.15332 0.13965 0.10343 0.07209 0.06461 ( 1)  0.195
 175 D   0.19942 0.19940 0.19872 0.18918 0.13745 0.04993 0.01522 0.01069 ( 1)  0.067
 176 M   0.00000 0.00004 0.00267 0.03844 0.20823 0.33271 0.22691 0.19100 ( 6)  0.568
 177 L   0.17788 0.17788 0.17752 0.17248 0.14306 0.07921 0.03968 0.03230 ( 1)  0.124
 178 E   0.19428 0.19427 0.19367 0.18546 0.13994 0.05738 0.02020 0.01481 ( 1)  0.080
 179 F   0.19992 0.19991 0.19921 0.18950 0.13700 0.04915 0.01488 0.01045 ( 1)  0.066
 180 R   0.19242 0.19241 0.19185 0.18412 0.14091 0.06012 0.02195 0.01622 ( 1)  0.084
 181 T   0.19583 0.19582 0.19520 0.18661 0.13930 0.05516 0.01862 0.01347 ( 1)  0.076
 182 Y   0.19032 0.19031 0.18979 0.18245 0.14126 0.06292 0.02447 0.01848 ( 1)  0.090
 183 M   0.00000 0.00004 0.00267 0.03844 0.20823 0.33271 0.22691 0.19100 ( 6)  0.568
 184 F   0.00000 0.00005 0.00297 0.04254 0.22507 0.33612 0.21504 0.17821 ( 6)  0.549
 185 L   0.17776 0.17775 0.17739 0.17237 0.14307 0.07937 0.03984 0.03245 ( 1)  0.125
 186 N   0.20153 0.20152 0.20078 0.19057 0.13583 0.04676 0.01358 0.00943 ( 1)  0.063
 187 V   0.19652 0.19651 0.19587 0.18708 0.13886 0.05413 0.01802 0.01300 ( 1)  0.074
 188 F   0.19992 0.19991 0.19921 0.18950 0.13700 0.04915 0.01488 0.01045 ( 1)  0.066
 189 E   0.18735 0.18734 0.18687 0.18023 0.14245 0.06721 0.02751 0.02103 ( 1)  0.097
 190 Y   0.00000 0.00003 0.00158 0.02317 0.13875 0.29796 0.27998 0.25853 ( 6)  0.657
 191 V   0.19652 0.19651 0.19587 0.18708 0.13886 0.05413 0.01802 0.01300 ( 1)  0.074
 192 S   0.17807 0.17807 0.17770 0.17266 0.14318 0.07906 0.03933 0.03193 ( 1)  0.123
 193 I   0.00000 0.00000 0.00000 0.00052 0.02233 0.19131 0.37543 0.41041 ( 8)  0.828
 194 W   0.14831 0.14831 0.14820 0.14664 0.13692 0.10980 0.08418 0.07765 ( 1)  0.221
 195 S   0.16449 0.16449 0.16426 0.16110 0.14195 0.09471 0.05846 0.05054 ( 1)  0.166


lnL = -1910.989507

