Supplemental results for CODEML (seqf: algn  treef: tree)


dN/dS (w) for site classes (K=9)

p:   0.12156  0.12156  0.12156  0.12156  0.12156  0.12156  0.12156  0.12156  0.02754
w:   0.01881  0.11402  0.25571  0.42253  0.59630  0.75970  0.89528  0.98348  3.98092

Naive Empirical Bayes (NEB) probabilities for 9 classes & postmean_w & P(w>1)
(amino acids refer to 1st sequence: BT_Cry40Aa1)

   1 -   0.48573 0.26229 0.11834 0.05553 0.03038 0.01977 0.01490 0.01273 0.00032 ( 1)  0.153  0.000
   2 S   0.00030 0.02770 0.10384 0.16233 0.18228 0.17993 0.17089 0.16350 0.00922 ( 5)  0.694  0.009
   3 L   0.00000 0.00171 0.03211 0.11557 0.19382 0.22410 0.22069 0.20956 0.00245 ( 6)  0.756  0.002
   4 G   0.00000 0.00068 0.03194 0.14468 0.23005 0.22950 0.19515 0.16794 0.00006 ( 5)  0.721  0.000
   5 G   0.00000 0.00219 0.04836 0.16134 0.22784 0.21868 0.18392 0.15765 0.00002 ( 5)  0.703  0.000
   6 I   0.00000 0.02311 0.24844 0.34162 0.20772 0.09866 0.04936 0.03109 0.00000 ( 4)  0.484  0.000
   7 N   0.00000 0.00000 0.00103 0.02356 0.11147 0.22890 0.30423 0.33049 0.00031 ( 8)  0.849  0.000
   8 T   0.00000 0.00000 0.00043 0.01276 0.07522 0.19292 0.31419 0.39264 0.01183 ( 8)  0.911  0.012
   9 L   0.00000 0.00303 0.06845 0.20414 0.24829 0.20492 0.15161 0.11955 0.00000 ( 5)  0.661  0.000
  10 F   0.00000 0.00000 0.00131 0.02392 0.10582 0.21983 0.30469 0.34365 0.00078 ( 8)  0.854  0.001
  11 S   0.00000 0.00000 0.00009 0.00538 0.04933 0.16737 0.32233 0.43893 0.01656 ( 8)  0.945  0.017
  12 I   0.00013 0.12883 0.42561 0.27580 0.10677 0.03818 0.01579 0.00889 0.00000 ( 3)  0.356  0.000
  13 I   0.00293 0.41272 0.44260 0.11433 0.02100 0.00444 0.00133 0.00064 0.00000 ( 3)  0.226  0.000
  14 G   0.00000 0.00000 0.00003 0.00261 0.03373 0.14552 0.32410 0.47423 0.01977 ( 8)  0.967  0.020
  15 K   0.00000 0.00000 0.00307 0.05308 0.17495 0.25734 0.26482 0.24666 0.00007 ( 7)  0.803  0.000
  16 L   0.00000 0.00043 0.02587 0.14287 0.24471 0.23949 0.19126 0.15537 0.00000 ( 5)  0.719  0.000
  17 I   0.00000 0.00006 0.00678 0.05989 0.16124 0.23838 0.26537 0.26621 0.00207 ( 8)  0.812  0.002
  18 -   0.00002 0.00260 0.01854 0.05395 0.10432 0.15979 0.20943 0.24271 0.20864 ( 8)  1.468  0.209
  19 P   0.00039 0.04139 0.16152 0.22712 0.20574 0.15604 0.11529 0.09250 0.00001 ( 4)  0.577  0.000
  20 T   0.00013 0.05199 0.24383 0.28641 0.19412 0.11125 0.06600 0.04628 0.00000 ( 4)  0.494  0.000
  21 N   0.00000 0.00028 0.01686 0.10018 0.20342 0.24264 0.22942 0.20720 0.00001 ( 6)  0.762  0.000
  22 H   0.00000 0.00285 0.11387 0.30983 0.27398 0.15786 0.08595 0.05566 0.00000 ( 4)  0.575  0.000
  23 Q   0.00000 0.00000 0.00011 0.00758 0.06753 0.20001 0.32797 0.39616 0.00065 ( 8)  0.881  0.001
  24 S   0.00000 0.00021 0.03054 0.17304 0.25937 0.22851 0.17218 0.13615 0.00000 ( 5)  0.697  0.000
  25 V   0.01282 0.44898 0.38779 0.11410 0.02604 0.00672 0.00233 0.00122 0.00000 ( 2)  0.223  0.000
  26 S   0.00000 0.00269 0.07863 0.24797 0.27520 0.19234 0.11970 0.08346 0.00000 ( 5)  0.625  0.000
  27 A   0.00000 0.00005 0.01239 0.11842 0.24734 0.25544 0.20351 0.16286 0.00000 ( 6)  0.737  0.000
  28 L   0.33494 0.47537 0.14923 0.03166 0.00657 0.00155 0.00047 0.00022 0.00000 ( 2)  0.118  0.000
  29 S   0.52939 0.41802 0.04945 0.00297 0.00016 0.00001 0.00000 0.00000 0.00000 ( 1)  0.072  0.000
  30 I   0.00036 0.26542 0.52239 0.17308 0.03145 0.00550 0.00129 0.00051 0.00000 ( 3)  0.262  0.000
  31 C   0.00000 0.00388 0.11408 0.29957 0.27363 0.16233 0.08910 0.05741 0.00000 ( 4)  0.579  0.000
  32 D   0.00392 0.47698 0.41997 0.08543 0.01153 0.00169 0.00035 0.00013 0.00000 ( 2)  0.207  0.000
  33 L   0.48930 0.43544 0.06765 0.00670 0.00075 0.00012 0.00003 0.00001 0.00000 ( 1)  0.080  0.000
  34 L   0.00000 0.00094 0.04651 0.19384 0.26320 0.21867 0.15688 0.11997 0.00000 ( 5)  0.675  0.000
  35 S   0.00000 0.00226 0.08288 0.26886 0.28542 0.18477 0.10607 0.06974 0.00000 ( 5)  0.609  0.000
  36 I   0.13826 0.63974 0.19174 0.02645 0.00320 0.00047 0.00010 0.00004 0.00000 ( 2)  0.138  0.000
  37 I   0.93533 0.06318 0.00147 0.00003 0.00000 0.00000 0.00000 0.00000 0.00000 ( 1)  0.025  0.000
  38 R   0.00000 0.01840 0.28703 0.38887 0.19495 0.07042 0.02663 0.01369 0.00000 ( 4)  0.447  0.000
  39 K   0.00000 0.00226 0.10300 0.30964 0.28422 0.16196 0.08532 0.05360 0.00000 ( 4)  0.579  0.000
  40 E   0.00000 0.00033 0.01900 0.10969 0.21457 0.24437 0.22020 0.19184 0.00000 ( 6)  0.751  0.000
  41 V   0.01005 0.39942 0.40995 0.13757 0.03202 0.00758 0.00232 0.00109 0.00000 ( 3)  0.237  0.000
  42 A   0.00000 0.00017 0.02181 0.14466 0.25518 0.24400 0.18716 0.14700 0.00000 ( 5)  0.716  0.000
  43 D   0.00000 0.00078 0.05012 0.21531 0.27820 0.21314 0.14084 0.10161 0.00000 ( 5)  0.658  0.000
  44 S   0.00000 0.00012 0.01908 0.14172 0.25862 0.24696 0.18752 0.14598 0.00000 ( 5)  0.718  0.000
  45 V   0.00001 0.04728 0.36245 0.34970 0.15187 0.05431 0.02207 0.01231 0.00000 ( 3)  0.410  0.000
  46 L   0.00342 0.25858 0.41810 0.20550 0.07190 0.02547 0.01080 0.00623 0.00000 ( 3)  0.301  0.000
  47 S   0.00000 0.00009 0.02389 0.17917 0.28487 0.23511 0.15994 0.11694 0.00000 ( 5)  0.689  0.000
  48 D   0.00000 0.00000 0.00012 0.00638 0.05653 0.18192 0.32856 0.42505 0.00144 ( 8)  0.893  0.001
  49 A   0.00029 0.09645 0.33505 0.29185 0.15163 0.06918 0.03420 0.02134 0.00000 ( 3)  0.415  0.000
  50 I   0.00000 0.00000 0.00064 0.02474 0.12775 0.24549 0.29767 0.30339 0.00032 ( 8)  0.839  0.000
  51 C   0.00000 0.00001 0.00293 0.04383 0.14870 0.24260 0.27955 0.28205 0.00034 ( 8)  0.821  0.000
  52 R   0.00000 0.00024 0.03790 0.22613 0.30521 0.21612 0.12855 0.08586 0.00000 ( 5)  0.651  0.000
  53 F   0.68993 0.29478 0.01491 0.00038 0.00001 0.00000 0.00000 0.00000 0.00000 ( 1)  0.051  0.000
  54 L   0.12156 0.12156 0.12156 0.12156 0.12156 0.12156 0.12156 0.12156 0.02754 ( 7)  0.601  0.028
  55 D   0.00000 0.00164 0.06454 0.23146 0.27804 0.20386 0.12963 0.09082 0.00000 ( 5)  0.641  0.000
  56 G   0.00008 0.10851 0.45358 0.29978 0.09663 0.02725 0.00939 0.00478 0.00000 ( 3)  0.346  0.000
  57 K   0.00000 0.00036 0.02803 0.14860 0.24139 0.23376 0.19009 0.15776 0.00001 ( 5)  0.717  0.000
  58 L   0.00000 0.00015 0.01504 0.10112 0.20261 0.23839 0.22945 0.21314 0.00011 ( 6)  0.764  0.000
  59 K   0.00000 0.00000 0.00005 0.00386 0.04007 0.14624 0.29667 0.41757 0.09555 ( 8)  1.193  0.096
  60 N   0.00000 0.00069 0.05525 0.23048 0.27890 0.20499 0.13347 0.09623 0.00000 ( 5)  0.648  0.000
  61 Y   0.13432 0.65139 0.18812 0.02318 0.00253 0.00036 0.00008 0.00003 0.00000 ( 2)  0.137  0.000
  62 R   0.00000 0.00000 0.00140 0.03297 0.13742 0.24327 0.28883 0.29480 0.00131 ( 8)  0.835  0.001
  63 E   0.00000 0.00000 0.00004 0.00387 0.04641 0.17276 0.33337 0.44269 0.00087 ( 8)  0.898  0.001
  64 Y   0.01246 0.18443 0.27738 0.21796 0.13631 0.08137 0.05175 0.03833 0.00000 ( 3)  0.411  0.000
  65 Y   0.88304 0.11080 0.00591 0.00024 0.00001 0.00000 0.00000 0.00000 0.00000 ( 1)  0.031  0.000
  66 L   0.84231 0.14450 0.01229 0.00083 0.00006 0.00001 0.00000 0.00000 0.00000 ( 1)  0.036  0.000
  67 P   0.00000 0.00000 0.00000 0.00000 0.00000 0.00002 0.00011 0.00029 0.99958 ( 9)  3.980  1.000
  68 Y   0.00001 0.04107 0.36015 0.36164 0.15407 0.05237 0.02003 0.01066 0.00000 ( 4)  0.410  0.000
  69 L   0.00079 0.12531 0.37114 0.28670 0.12966 0.05116 0.02235 0.01289 0.00000 ( 3)  0.379  0.000
  70 E   0.00000 0.00000 0.00002 0.00298 0.03964 0.15913 0.32568 0.45006 0.02248 ( 8)  0.970  0.022
  71 A   0.00000 0.00000 0.00000 0.00014 0.00448 0.03696 0.13206 0.25688 0.56949 ( 9)  2.669  0.569
  72 W   0.02358 0.31845 0.36948 0.18616 0.06659 0.02240 0.00869 0.00464 0.00000 ( 3)  0.279  0.000
  73 L   0.00000 0.00228 0.09135 0.26889 0.27116 0.17992 0.10998 0.07642 0.00000 ( 5)  0.609  0.000
  74 K   0.00000 0.00019 0.02927 0.17780 0.27340 0.23215 0.16399 0.12319 0.00001 ( 5)  0.690  0.000
  75 D   0.00000 0.00011 0.01247 0.09199 0.19932 0.24439 0.23566 0.21595 0.00011 ( 6)  0.770  0.000
  76 G   0.00000 0.00009 0.00715 0.05870 0.16004 0.24053 0.26763 0.26575 0.00011 ( 7)  0.806  0.000
  77 K   0.00000 0.00011 0.00852 0.06261 0.15566 0.22924 0.26475 0.27594 0.00318 ( 8)  0.817  0.003
  78 P   0.09934 0.31097 0.27053 0.15574 0.07903 0.04150 0.02483 0.01806 0.00000 ( 2)  0.291  0.000
  79 L   0.00000 0.00337 0.03579 0.10455 0.17103 0.21127 0.22840 0.23326 0.01233 ( 8)  0.799  0.012
  80 Q   0.00008 0.00930 0.04859 0.10388 0.15417 0.19193 0.21678 0.23013 0.04515 ( 8)  0.895  0.045
  81 K   0.00063 0.01732 0.05824 0.10419 0.14177 0.16975 0.19007 0.20267 0.11537 ( 8)  1.103  0.115
  82 T   0.00070 0.01964 0.06791 0.12310 0.16530 0.19028 0.20235 0.20694 0.02379 ( 8)  0.794  0.024
  83 -   0.12156 0.12156 0.12156 0.12156 0.12156 0.12156 0.12156 0.12156 0.02754 ( 3)  0.601  0.028
  84 N   0.00000 0.00514 0.17575 0.36694 0.24451 0.11534 0.05681 0.03551 0.00000 ( 4)  0.520  0.000
  85 N   0.00000 0.00000 0.00002 0.00322 0.04358 0.17019 0.33439 0.44724 0.00137 ( 8)  0.901  0.001
  86 S   0.00000 0.00000 0.00000 0.00000 0.00005 0.00081 0.00450 0.01115 0.98350 ( 9)  3.931  0.983
  87 D   0.00000 0.00000 0.00000 0.00002 0.00062 0.00534 0.01952 0.03848 0.93602 ( 9)  3.786  0.936
  88 I   0.00001 0.02590 0.21711 0.31518 0.21799 0.11715 0.06417 0.04249 0.00000 ( 4)  0.510  0.000
  89 G   0.00000 0.00000 0.00000 0.00007 0.00181 0.01313 0.04273 0.07904 0.86322 ( 9)  3.563  0.863
  90 Q   0.00000 0.00000 0.00062 0.02197 0.11724 0.23900 0.30372 0.31734 0.00010 ( 8)  0.845  0.000
  91 L   0.00000 0.03126 0.28197 0.34203 0.19242 0.08630 0.04107 0.02494 0.00000 ( 4)  0.462  0.000
  92 V   0.00000 0.00035 0.03669 0.18971 0.26819 0.22284 0.15980 0.12243 0.00000 ( 5)  0.682  0.000
  93 K   0.00000 0.00000 0.00004 0.00315 0.03811 0.15330 0.32382 0.45960 0.02198 ( 8)  0.970  0.022
  94 Y   0.00000 0.00003 0.00744 0.08065 0.20364 0.25551 0.23980 0.21294 0.00000 ( 6)  0.776  0.000
  95 F   0.01225 0.46867 0.39928 0.09890 0.01672 0.00306 0.00079 0.00034 0.00000 ( 2)  0.211  0.000
  96 E   0.00000 0.00000 0.00311 0.05635 0.18276 0.26007 0.25997 0.23772 0.00001 ( 6)  0.798  0.000
  97 L   0.00000 0.00000 0.00000 0.00000 0.00000 0.00000 0.00001 0.00003 0.99996 ( 9)  3.981  1.000
  98 S   0.00000 0.00017 0.02346 0.15058 0.25078 0.23589 0.18646 0.15262 0.00004 ( 5)  0.716  0.000
  99 E   0.17179 0.67159 0.14305 0.01248 0.00096 0.00010 0.00002 0.00001 0.00000 ( 2)  0.122  0.000
 100 R   0.00000 0.00005 0.00841 0.07943 0.19812 0.25414 0.24266 0.21719 0.00000 ( 6)  0.778  0.000
 101 D   0.00000 0.00000 0.00130 0.03482 0.14239 0.24408 0.28572 0.29092 0.00077 ( 8)  0.830  0.001
 102 F   0.00808 0.34343 0.40052 0.16824 0.05289 0.01687 0.00649 0.00349 0.00000 ( 3)  0.266  0.000
 103 N   0.00000 0.00074 0.07147 0.30332 0.31146 0.17502 0.08659 0.05141 0.00000 ( 5)  0.593  0.000
 104 E   0.00000 0.00000 0.00037 0.01024 0.06262 0.17452 0.30858 0.40723 0.03644 ( 8)  0.996  0.036
 105 I   0.00000 0.00274 0.09411 0.27689 0.27520 0.17631 0.10406 0.07070 0.00000 ( 4)  0.602  0.000
 106 L   0.28625 0.48901 0.17742 0.03794 0.00717 0.00155 0.00046 0.00021 0.00000 ( 2)  0.129  0.000
 107 -   0.23107 0.19856 0.15904 0.12321 0.09512 0.07511 0.06207 0.05498 0.00083 ( 1)  0.346  0.001
 108 -   0.00740 0.04193 0.08501 0.12476 0.15564 0.17663 0.18916 0.19528 0.02419 ( 8)  0.764  0.024
 109 -   0.18699 0.17077 0.14938 0.12783 0.10893 0.09391 0.08318 0.07693 0.00208 ( 1)  0.410  0.002
 110 -   0.24352 0.20630 0.16164 0.12184 0.09125 0.06991 0.05626 0.04895 0.00032 ( 1)  0.328  0.000
 111 -   0.20404 0.18157 0.15316 0.12604 0.10354 0.08658 0.07496 0.06840 0.00170 ( 1)  0.386  0.002
 112 -   0.19205 0.17412 0.15073 0.12751 0.10743 0.09170 0.08059 0.07417 0.00170 ( 1)  0.401  0.002
 113 -   0.01643 0.08103 0.13506 0.15994 0.16257 0.15481 0.14511 0.13817 0.00689 ( 5)  0.619  0.007
 114 G   0.00000 0.00002 0.00883 0.10872 0.24858 0.26161 0.20742 0.16483 0.00000 ( 6)  0.743  0.000
 115 G   0.00000 0.01540 0.21445 0.35183 0.22838 0.10705 0.05146 0.03143 0.00000 ( 4)  0.500  0.000
 116 S   0.00000 0.00001 0.00350 0.05397 0.17513 0.25840 0.26478 0.24421 0.00000 ( 7)  0.802  0.000
 117 L   0.15335 0.66783 0.16125 0.01594 0.00141 0.00017 0.00003 0.00001 0.00000 ( 2)  0.128  0.000
 118 A   0.00000 0.00161 0.05747 0.19942 0.25303 0.21054 0.15559 0.12234 0.00000 ( 5)  0.670  0.000
 119 R   0.00000 0.00030 0.03139 0.18786 0.28711 0.23241 0.15288 0.10805 0.00000 ( 5)  0.678  0.000
 120 N   0.00000 0.00000 0.00000 0.00048 0.01288 0.08956 0.27146 0.47200 0.15362 ( 8)  1.395  0.154
 121 N   0.00000 0.00237 0.11112 0.31556 0.27469 0.15589 0.08497 0.05540 0.00000 ( 4)  0.575  0.000
 122 A   0.00000 0.00907 0.15495 0.31593 0.25383 0.14156 0.07593 0.04872 0.00000 ( 4)  0.549  0.000
 123 Q   0.00045 0.13970 0.42421 0.28552 0.10283 0.03126 0.01076 0.00527 0.00000 ( 3)  0.345  0.000
 124 I   0.02905 0.64014 0.28360 0.04091 0.00511 0.00086 0.00023 0.00010 0.00000 ( 2)  0.167  0.000
 125 L   0.00022 0.08136 0.32658 0.31047 0.16138 0.06937 0.03182 0.01879 0.00000 ( 3)  0.420  0.000
 126 L   0.79917 0.17795 0.02077 0.00190 0.00018 0.00002 0.00000 0.00000 0.00000 ( 1)  0.042  0.000
 127 L   0.76891 0.19845 0.02878 0.00336 0.00041 0.00006 0.00002 0.00001 0.00000 ( 1)  0.046  0.000
 128 P   0.82897 0.15647 0.01368 0.00083 0.00005 0.00000 0.00000 0.00000 0.00000 ( 1)  0.037  0.000
 129 Y   0.00002 0.03548 0.24771 0.32101 0.20710 0.10366 0.05243 0.03259 0.00000 ( 4)  0.484  0.000
 130 F   0.00033 0.25986 0.53271 0.17112 0.02942 0.00497 0.00115 0.00045 0.00000 ( 3)  0.261  0.000
 131 C   0.00000 0.00003 0.00520 0.05666 0.16225 0.24187 0.26702 0.26531 0.00167 ( 7)  0.812  0.002
 132 A   0.00005 0.08267 0.42330 0.33209 0.11617 0.03166 0.00968 0.00437 0.00000 ( 3)  0.364  0.000
 133 S   0.00011 0.13197 0.47827 0.27675 0.08105 0.02143 0.00700 0.00342 0.00000 ( 3)  0.329  0.000
 134 C   0.14242 0.66638 0.17275 0.01699 0.00131 0.00012 0.00002 0.00001 0.00000 ( 2)  0.131  0.000
 135 K   0.00003 0.13536 0.52198 0.25162 0.06523 0.01709 0.00578 0.00290 0.00000 ( 3)  0.315  0.000
 136 C   0.00000 0.00027 0.01646 0.10149 0.20631 0.24251 0.22735 0.20545 0.00016 ( 6)  0.761  0.000
 137 Q   0.60328 0.36628 0.02928 0.00112 0.00004 0.00000 0.00000 0.00000 0.00000 ( 1)  0.061  0.000
 138 L   0.81302 0.16794 0.01751 0.00140 0.00012 0.00001 0.00000 0.00000 0.00000 ( 1)  0.040  0.000
 139 L   0.00000 0.00416 0.08790 0.23866 0.25948 0.19033 0.12662 0.09284 0.00000 ( 5)  0.628  0.000
 140 L   0.00189 0.31423 0.44428 0.16775 0.04773 0.01493 0.00590 0.00328 0.00000 ( 3)  0.269  0.000
 141 L   0.81189 0.16874 0.01778 0.00144 0.00012 0.00001 0.00000 0.00000 0.00000 ( 1)  0.040  0.000
 142 R   0.03893 0.44531 0.36438 0.11679 0.02630 0.00588 0.00167 0.00074 0.00000 ( 2)  0.216  0.000
 143 D   0.94275 0.05611 0.00112 0.00002 0.00000 0.00000 0.00000 0.00000 0.00000 ( 1)  0.024  0.000
 144 A   0.00176 0.34396 0.49196 0.13699 0.02111 0.00324 0.00070 0.00027 0.00000 ( 3)  0.239  0.000
 145 V   0.00000 0.03305 0.32387 0.37474 0.17416 0.06018 0.02243 0.01157 0.00000 ( 4)  0.426  0.000
 146 Q   0.00000 0.00002 0.00478 0.05982 0.17553 0.25242 0.26168 0.24575 0.00000 ( 7)  0.799  0.000
 147 Y   0.02445 0.61461 0.31024 0.04532 0.00469 0.00056 0.00010 0.00004 0.00000 ( 2)  0.172  0.000
 148 E   0.00000 0.00025 0.02790 0.17392 0.27744 0.23624 0.16377 0.12048 0.00000 ( 5)  0.691  0.000
 149 E   0.00000 0.00000 0.00282 0.05085 0.17174 0.25700 0.26730 0.25019 0.00009 ( 7)  0.806  0.000
 150 Q   0.00000 0.00000 0.00011 0.00719 0.06250 0.18906 0.32531 0.41088 0.00495 ( 8)  0.899  0.005
 151 W   0.00055 0.06094 0.22720 0.27403 0.19851 0.11834 0.07088 0.04953 0.00000 ( 4)  0.501  0.000
 152 F   0.00000 0.00000 0.00123 0.02946 0.13189 0.24500 0.29436 0.29802 0.00004 ( 8)  0.834  0.000
 153 P   0.00000 0.00010 0.01498 0.11305 0.22431 0.24460 0.21526 0.18764 0.00005 ( 6)  0.749  0.000
 154 F   0.00000 0.00000 0.00076 0.01758 0.09075 0.20931 0.31175 0.36725 0.00259 ( 8)  0.871  0.003
 155 L   0.00000 0.00001 0.00314 0.03984 0.13207 0.22789 0.28644 0.31012 0.00047 ( 8)  0.833  0.000
 156 S   0.00000 0.00001 0.00349 0.04343 0.13853 0.23007 0.28164 0.30113 0.00169 ( 8)  0.832  0.002
 157 A   0.00000 0.00020 0.01986 0.12482 0.22797 0.23995 0.20767 0.17946 0.00008 ( 6)  0.739  0.000
 158 E   0.00000 0.00061 0.04231 0.19209 0.26410 0.21958 0.15870 0.12261 0.00000 ( 5)  0.679  0.000
 159 N   0.00000 0.00594 0.10666 0.25251 0.25180 0.17797 0.11793 0.08718 0.00000 ( 4)  0.611  0.000
 160 V   0.00000 0.00026 0.01107 0.06475 0.15266 0.22663 0.26532 0.27796 0.00136 ( 8)  0.810  0.001
 161 R   0.00000 0.00005 0.00507 0.04647 0.13956 0.23154 0.28124 0.29592 0.00014 ( 8)  0.823  0.000
 162 S   0.00000 0.00048 0.01230 0.06187 0.14350 0.21983 0.26831 0.29012 0.00358 ( 8)  0.822  0.004
 163 E   0.00034 0.10787 0.35607 0.29079 0.13986 0.05956 0.02821 0.01730 0.00000 ( 3)  0.397  0.000
 164 L   0.00001 0.00523 0.06082 0.16834 0.22690 0.21376 0.17633 0.14859 0.00001 ( 5)  0.689  0.000
 165 I   0.00000 0.00624 0.08421 0.20816 0.23973 0.19705 0.14731 0.11729 0.00001 ( 5)  0.650  0.000
 166 S   0.10894 0.32891 0.27303 0.14937 0.07156 0.03513 0.01958 0.01348 0.00000 ( 2)  0.273  0.000
 167 P   0.00075 0.06971 0.22759 0.25927 0.18986 0.11952 0.07671 0.05659 0.00000 ( 4)  0.504  0.000
 168 N   0.00192 0.04430 0.11963 0.17031 0.18340 0.17408 0.15863 0.14697 0.00076 ( 5)  0.639  0.001
 169 S   0.00401 0.08721 0.20164 0.22454 0.18141 0.13050 0.09474 0.07594 0.00002 ( 4)  0.523  0.000
 170 G   0.00012 0.01665 0.09063 0.17410 0.20551 0.19348 0.16883 0.15046 0.00022 ( 5)  0.668  0.000
 171 C   0.14674 0.14167 0.13450 0.12658 0.11889 0.11214 0.10688 0.10361 0.00899 ( 1)  0.496  0.009
 172 D   0.15816 0.15012 0.13904 0.12724 0.11622 0.10691 0.09989 0.09563 0.00678 ( 1)  0.470  0.007
 173 F   0.15464 0.14756 0.13771 0.12710 0.11708 0.10852 0.10199 0.09801 0.00740 ( 1)  0.478  0.007
 174 T   0.00000 0.00001 0.00476 0.08216 0.22863 0.27010 0.22805 0.18629 0.00000 ( 6)  0.765  0.000
 175 G   0.00000 0.00000 0.00040 0.01508 0.09029 0.21450 0.31516 0.36344 0.00113 ( 8)  0.867  0.001
 176 D   0.00000 0.00320 0.12289 0.32660 0.27650 0.14899 0.07548 0.04634 0.00000 ( 4)  0.561  0.000
 177 Y   0.02117 0.58022 0.33293 0.05713 0.00717 0.00105 0.00023 0.00009 0.00000 ( 2)  0.181  0.000
 178 Y   0.00000 0.00000 0.00004 0.00391 0.04483 0.16744 0.33062 0.44872 0.00442 ( 8)  0.911  0.004
 179 E   0.00000 0.00000 0.00004 0.00302 0.03322 0.13009 0.28006 0.40980 0.14377 ( 8)  1.346  0.144
 180 R   0.00000 0.00860 0.13952 0.28589 0.24881 0.15665 0.09462 0.06592 0.00000 ( 4)  0.574  0.000
 181 L   0.07128 0.55184 0.29648 0.06619 0.01132 0.00211 0.00054 0.00023 0.00000 ( 2)  0.177  0.000
 182 K   0.00000 0.00178 0.07238 0.24691 0.27663 0.19408 0.12211 0.08611 0.00000 ( 5)  0.629  0.000
 183 C   0.00000 0.00000 0.00050 0.01821 0.10054 0.22137 0.30965 0.34850 0.00124 ( 8)  0.861  0.001
 184 K   0.00000 0.00002 0.00768 0.09277 0.22810 0.26260 0.22367 0.18516 0.00000 ( 6)  0.759  0.000
 185 I   0.00014 0.14073 0.44795 0.26275 0.09348 0.03284 0.01397 0.00815 0.00000 ( 3)  0.343  0.000
 186 A   0.00000 0.00000 0.00057 0.01593 0.09223 0.21824 0.31557 0.35729 0.00017 ( 8)  0.862  0.000
 187 E   0.00000 0.00000 0.00050 0.01581 0.08996 0.21150 0.31340 0.36601 0.00283 ( 8)  0.873  0.003
 188 Y   0.54813 0.40314 0.04564 0.00289 0.00018 0.00002 0.00000 0.00000 0.00000 ( 1)  0.069  0.000
 189 T   0.00005 0.06842 0.32658 0.30536 0.16207 0.07531 0.03803 0.02417 0.00000 ( 3)  0.432  0.000
 190 D   0.00118 0.49457 0.43531 0.06216 0.00587 0.00071 0.00014 0.00006 0.00000 ( 2)  0.198  0.000
 191 Y   0.01854 0.54938 0.35291 0.06807 0.00928 0.00140 0.00030 0.00012 0.00000 ( 2)  0.189  0.000
 192 C   0.81743 0.16371 0.01711 0.00154 0.00017 0.00003 0.00001 0.00000 0.00000 ( 1)  0.039  0.000
 193 E   0.00000 0.00002 0.00782 0.08355 0.19396 0.24156 0.24163 0.23069 0.00077 ( 7)  0.783  0.001
 194 Y   0.00000 0.00000 0.00002 0.00322 0.04451 0.17190 0.33346 0.44275 0.00415 ( 8)  0.909  0.004
 195 W   0.00000 0.00015 0.01020 0.07295 0.17547 0.24139 0.25438 0.24543 0.00001 ( 7)  0.791  0.000
 196 Y   0.89128 0.10365 0.00489 0.00017 0.00001 0.00000 0.00000 0.00000 0.00000 ( 1)  0.030  0.000
 197 Q   0.00001 0.05806 0.34890 0.30327 0.14964 0.07187 0.04019 0.02805 0.00000 ( 3)  0.431  0.000
 198 A   0.00000 0.00000 0.00023 0.00985 0.06877 0.19009 0.31871 0.40194 0.01042 ( 8)  0.912  0.010
 199 G   0.89457 0.10102 0.00429 0.00012 0.00000 0.00000 0.00000 0.00000 0.00000 ( 1)  0.029  0.000
 200 L   0.37508 0.48584 0.11965 0.01684 0.00215 0.00033 0.00008 0.00003 0.00000 ( 2)  0.102  0.000
 201 N   0.00475 0.52264 0.39342 0.06906 0.00855 0.00122 0.00026 0.00010 0.00000 ( 2)  0.196  0.000
 202 Q   0.00000 0.00158 0.04572 0.16770 0.23880 0.22134 0.17772 0.14712 0.00001 ( 5)  0.697  0.000
 203 I   0.02645 0.60455 0.29892 0.05588 0.01039 0.00253 0.00085 0.00043 0.00000 ( 2)  0.179  0.000
 204 K   0.01183 0.43107 0.40012 0.12209 0.02634 0.00595 0.00178 0.00083 0.00000 ( 2)  0.226  0.000
 205 Q   0.00000 0.00000 0.00006 0.00403 0.04181 0.15745 0.32499 0.45903 0.01264 ( 8)  0.939  0.013
 206 A   0.00000 0.00000 0.00070 0.01493 0.07805 0.19149 0.30790 0.38467 0.02226 ( 8)  0.941  0.022
 207 G   0.82786 0.15602 0.01481 0.00117 0.00011 0.00002 0.00000 0.00000 0.00000 ( 1)  0.038  0.000
 208 T   0.00000 0.00129 0.06215 0.21479 0.25470 0.20236 0.14779 0.11691 0.00002 ( 5)  0.660  0.000
 209 G   0.00000 0.00011 0.03239 0.22776 0.30804 0.21416 0.12893 0.08861 0.00000 ( 5)  0.653  0.000
 210 A   0.00015 0.16326 0.51126 0.24924 0.05910 0.01234 0.00326 0.00139 0.00000 ( 3)  0.304  0.000
 211 D   0.00000 0.00000 0.00042 0.02102 0.12388 0.24952 0.30212 0.30294 0.00010 ( 8)  0.841  0.000
 212 T   0.00000 0.00000 0.00035 0.01767 0.10773 0.23312 0.30858 0.33207 0.00048 ( 8)  0.854  0.000
 213 W   0.58217 0.28234 0.09673 0.02765 0.00758 0.00226 0.00084 0.00044 0.00000 ( 1)  0.087  0.000
 214 A   0.00000 0.00076 0.02471 0.11437 0.20927 0.23762 0.21859 0.19464 0.00003 ( 6)  0.747  0.000
 215 K   0.00026 0.22907 0.53528 0.19277 0.03497 0.00586 0.00130 0.00050 0.00000 ( 3)  0.271  0.000
 216 F   0.92126 0.07643 0.00226 0.00005 0.00000 0.00000 0.00000 0.00000 0.00000 ( 1)  0.027  0.000
 217 N   0.04484 0.71318 0.21616 0.02330 0.00220 0.00026 0.00005 0.00002 0.00000 ( 2)  0.149  0.000
 218 K   0.00000 0.00047 0.05074 0.24958 0.30427 0.20297 0.11615 0.07583 0.00000 ( 5)  0.633  0.000
 219 F   0.03993 0.71619 0.22290 0.01950 0.00132 0.00012 0.00002 0.00001 0.00000 ( 2)  0.149  0.000
 220 R   0.73881 0.21733 0.03764 0.00528 0.00076 0.00013 0.00003 0.00001 0.00000 ( 1)  0.051  0.000
 221 R   0.02082 0.56154 0.34840 0.06108 0.00707 0.00088 0.00016 0.00005 0.00000 ( 2)  0.184  0.000
 222 E   0.00294 0.42062 0.45076 0.10680 0.01574 0.00242 0.00052 0.00020 0.00000 ( 3)  0.220  0.000
 223 M   0.91274 0.08457 0.00263 0.00005 0.00000 0.00000 0.00000 0.00000 0.00000 ( 1)  0.028  0.000
 224 T   0.86418 0.12714 0.00826 0.00040 0.00002 0.00000 0.00000 0.00000 0.00000 ( 1)  0.033  0.000
 225 L   0.04635 0.45935 0.34760 0.11132 0.02628 0.00630 0.00191 0.00089 0.00000 ( 2)  0.212  0.000
 226 T   0.00000 0.00005 0.01014 0.09600 0.22069 0.25618 0.22525 0.19169 0.00000 ( 6)  0.760  0.000
 227 V   0.89526 0.10002 0.00455 0.00016 0.00001 0.00000 0.00000 0.00000 0.00000 ( 1)  0.029  0.000
 228 L   0.77941 0.19155 0.02587 0.00279 0.00032 0.00005 0.00001 0.00000 0.00000 ( 1)  0.045  0.000
 229 D   0.95190 0.04741 0.00069 0.00001 0.00000 0.00000 0.00000 0.00000 0.00000 ( 1)  0.023  0.000
 230 I   0.01918 0.54681 0.35337 0.06934 0.00945 0.00141 0.00031 0.00012 0.00000 ( 2)  0.189  0.000
 231 I   0.13097 0.63588 0.19833 0.02943 0.00423 0.00081 0.00024 0.00011 0.00000 ( 2)  0.142  0.000
 232 A   0.00000 0.02479 0.27902 0.36828 0.19717 0.07870 0.03331 0.01873 0.00000 ( 4)  0.455  0.000
 233 I   0.00003 0.05363 0.32931 0.33756 0.16695 0.06679 0.02904 0.01668 0.00000 ( 4)  0.426  0.000
 234 F   0.03834 0.70221 0.23371 0.02353 0.00195 0.00022 0.00004 0.00001 0.00000 ( 2)  0.152  0.000
 235 Q   0.00628 0.32849 0.44187 0.17158 0.04004 0.00855 0.00225 0.00094 0.00000 ( 3)  0.256  0.000
 236 T   0.00000 0.00167 0.10928 0.33295 0.28039 0.14927 0.07730 0.04914 0.00000 ( 4)  0.567  0.000

Positively selected sites

	Prob(w>1)  mean w

    67 P      1.000**       3.980
    71 A      0.569         2.669
    86 S      0.983*        3.931
    87 D      0.936         3.786
    89 G      0.863         3.563
    97 L      1.000**       3.981


lnL = -8703.041438

Bayes Empirical Bayes (BEB) probabilities for 11 classes (class) & postmean_w
(amino acids refer to 1st sequence: BT_Cry40Aa1)

   1 -   0.55361 0.17909 0.09078 0.05272 0.03391 0.02381 0.01811 0.01491 0.01359 0.01866 0.00080 ( 1)  0.179 +-  0.229
   2 S   0.00537 0.03560 0.06746 0.08912 0.10182 0.10891 0.11355 0.11887 0.13047 0.20942 0.01941 (10)  0.700 +-  0.480
   3 L   0.00006 0.00396 0.02050 0.04888 0.08102 0.10986 0.13261 0.15075 0.17142 0.27442 0.00652 (10)  0.747 +-  0.296
   4 G   0.00001 0.00224 0.01977 0.05760 0.10045 0.13246 0.14888 0.15396 0.15752 0.22656 0.00056 (10)  0.706 +-  0.205
   5 G   0.00006 0.00539 0.03032 0.07051 0.10852 0.13339 0.14430 0.14633 0.14832 0.21252 0.00033 (10)  0.688 +-  0.212
   6 I   0.00067 0.04639 0.15364 0.20823 0.19092 0.14413 0.09896 0.06585 0.04529 0.04591 0.00001 ( 4)  0.479 +-  0.204
   7 N   0.00000 0.00001 0.00064 0.00549 0.02149 0.05355 0.10059 0.15820 0.22798 0.42884 0.00322 (10)  0.835 +-  0.179
   8 T   0.00000 0.00000 0.00026 0.00268 0.01200 0.03391 0.07248 0.13083 0.21834 0.47854 0.05096 (10)  0.966 +-  0.519
   9 L   0.00006 0.00762 0.04242 0.09291 0.13234 0.14934 0.14766 0.13653 0.12606 0.16498 0.00008 (10)  0.648 +-  0.213
  10 F   0.00000 0.00003 0.00082 0.00599 0.02149 0.05139 0.09556 0.15206 0.22522 0.44018 0.00726 (10)  0.846 +-  0.222
  11 S   0.00000 0.00000 0.00005 0.00088 0.00554 0.02025 0.05303 0.11256 0.21399 0.51997 0.07373 (10)  1.034 +-  0.604
  12 I   0.01045 0.17556 0.27126 0.22013 0.14059 0.08152 0.04571 0.02577 0.01535 0.01365 0.00000 ( 3)  0.355 +-  0.180
  13 I   0.08678 0.39976 0.29550 0.13376 0.05170 0.01941 0.00752 0.00311 0.00144 0.00104 0.00000 ( 2)  0.228 +-  0.123
  14 G   0.00000 0.00000 0.00002 0.00036 0.00288 0.01286 0.03993 0.09752 0.20768 0.55111 0.08764 (10)  1.076 +-  0.649
  15 K   0.00000 0.00004 0.00184 0.01368 0.04415 0.08930 0.13615 0.17506 0.20862 0.33048 0.00069 (10)  0.787 +-  0.169
  16 L   0.00000 0.00149 0.01580 0.05287 0.10073 0.13905 0.15797 0.16048 0.15763 0.21387 0.00010 (10)  0.705 +-  0.194
  17 I   0.00000 0.00027 0.00424 0.01901 0.04737 0.08482 0.12437 0.16221 0.20326 0.34706 0.00739 (10)  0.804 +-  0.266
  18 -   0.00033 0.00363 0.01075 0.02098 0.03395 0.04975 0.06908 0.09399 0.13111 0.26023 0.32621 (11)  1.747 +-  1.478
  19 P   0.00737 0.05370 0.10330 0.13032 0.13611 0.12895 0.11624 0.10324 0.09469 0.12598 0.00010 ( 5)  0.565 +-  0.246
  20 T   0.00538 0.07445 0.15391 0.17889 0.16196 0.12985 0.09846 0.07377 0.05750 0.06582 0.00001 ( 4)  0.488 +-  0.227
  21 N   0.00000 0.00101 0.01050 0.03615 0.07374 0.11211 0.14271 0.16380 0.18207 0.27762 0.00030 (10)  0.745 +-  0.188
  22 H   0.00002 0.00921 0.06867 0.14980 0.18829 0.17715 0.14208 0.10528 0.07767 0.08182 0.00000 ( 5)  0.568 +-  0.202
  23 Q   0.00000 0.00000 0.00006 0.00122 0.00808 0.02916 0.07207 0.13979 0.23718 0.50566 0.00677 (10)  0.872 +-  0.199
  24 S   0.00000 0.00110 0.01833 0.06555 0.11881 0.15164 0.15987 0.15283 0.14339 0.18841 0.00007 (10)  0.684 +-  0.197
  25 V   0.15865 0.37556 0.25243 0.12072 0.05202 0.02214 0.00973 0.00454 0.00235 0.00187 0.00000 ( 2)  0.219 +-  0.137
  26 S   0.00004 0.00734 0.04785 0.11123 0.15767 0.16923 0.15405 0.12808 0.10457 0.11994 0.00001 ( 6)  0.615 +-  0.206
  27 A   0.00000 0.00029 0.00735 0.03711 0.08782 0.13637 0.16460 0.17151 0.16888 0.22600 0.00007 (10)  0.723 +-  0.182
  28 L   0.60300 0.24800 0.09232 0.03420 0.01318 0.00532 0.00223 0.00098 0.00046 0.00032 0.00000 ( 1)  0.114 +-  0.102
  29 S   0.78835 0.17268 0.03207 0.00565 0.00101 0.00019 0.00004 0.00001 0.00000 0.00000 0.00000 ( 1)  0.076 +-  0.055
  30 I   0.02700 0.31903 0.34139 0.18726 0.07880 0.02958 0.01067 0.00388 0.00151 0.00090 0.00000 ( 3)  0.264 +-  0.124
  31 C   0.00004 0.01095 0.06915 0.14487 0.18279 0.17527 0.14358 0.10819 0.08051 0.08465 0.00000 ( 5)  0.572 +-  0.204
  32 D   0.11045 0.43998 0.28346 0.11171 0.03711 0.01170 0.00370 0.00122 0.00044 0.00024 0.00000 ( 2)  0.209 +-  0.109
  33 L   0.75327 0.19004 0.04316 0.00997 0.00251 0.00070 0.00022 0.00008 0.00003 0.00002 0.00000 ( 1)  0.082 +-  0.065
  34 L   0.00001 0.00314 0.02830 0.07951 0.12934 0.15593 0.15806 0.14591 0.13216 0.16761 0.00003 (10)  0.663 +-  0.202
  35 S   0.00002 0.00679 0.05004 0.12011 0.16953 0.17757 0.15555 0.12315 0.09495 0.10229 0.00000 ( 6)  0.601 +-  0.202
  36 I   0.50925 0.33096 0.11295 0.03317 0.00954 0.00281 0.00087 0.00029 0.00011 0.00006 0.00000 ( 1)  0.122 +-  0.092
  37 I   0.96094 0.03653 0.00232 0.00018 0.00002 0.00000 0.00000 0.00000 0.00000 0.00000 0.00000 ( 1)  0.054 +-  0.021
  38 R   0.00028 0.04335 0.17571 0.24442 0.21147 0.14327 0.08517 0.04765 0.02685 0.02184 0.00000 ( 4)  0.445 +-  0.180
  39 K   0.00001 0.00756 0.06179 0.14448 0.18996 0.18288 0.14738 0.10813 0.07807 0.07972 0.00000 ( 5)  0.572 +-  0.199
  40 E   0.00000 0.00115 0.01178 0.03985 0.07981 0.11882 0.14755 0.16451 0.17678 0.25964 0.00011 (10)  0.735 +-  0.188
  41 V   0.13036 0.35153 0.26616 0.13964 0.06365 0.02750 0.01178 0.00518 0.00245 0.00175 0.00000 ( 2)  0.234 +-  0.141
  42 A   0.00000 0.00082 0.01311 0.05090 0.10277 0.14448 0.16361 0.16340 0.15618 0.20466 0.00007 (10)  0.703 +-  0.190
  43 D   0.00000 0.00292 0.03019 0.08784 0.14211 0.16667 0.16207 0.14211 0.12140 0.14466 0.00001 ( 6)  0.647 +-  0.200
  44 S   0.00000 0.00062 0.01140 0.04810 0.10161 0.14580 0.16605 0.16542 0.15706 0.20391 0.00002 (10)  0.705 +-  0.188
  45 V   0.00162 0.08617 0.22567 0.24612 0.18380 0.11421 0.06528 0.03663 0.02154 0.01896 0.00000 ( 4)  0.407 +-  0.181
  46 L   0.05943 0.26590 0.27034 0.17903 0.10214 0.05573 0.03047 0.01716 0.01037 0.00943 0.00000 ( 3)  0.300 +-  0.176
  47 S   0.00000 0.00057 0.01402 0.06186 0.12486 0.16550 0.17239 0.15719 0.13744 0.16615 0.00002 ( 7)  0.677 +-  0.190
  48 D   0.00000 0.00000 0.00007 0.00110 0.00678 0.02433 0.06213 0.12737 0.23143 0.53164 0.01513 (10)  0.897 +-  0.266
  49 A   0.01154 0.12659 0.21240 0.20482 0.15677 0.10780 0.07079 0.04620 0.03148 0.03161 0.00000 ( 3)  0.412 +-  0.208
  50 I   0.00000 0.00000 0.00038 0.00493 0.02304 0.06062 0.11248 0.16868 0.22782 0.39970 0.00235 (10)  0.825 +-  0.173
  51 C   0.00000 0.00005 0.00180 0.01184 0.03684 0.07560 0.12075 0.16609 0.21447 0.37014 0.00242 (10)  0.807 +-  0.187
  52 R   0.00000 0.00125 0.02225 0.08374 0.15157 0.18292 0.17386 0.14433 0.11452 0.12555 0.00001 ( 6)  0.642 +-  0.191
  53 F   0.88486 0.10331 0.01061 0.00109 0.00012 0.00001 0.00000 0.00000 0.00000 0.00000 0.00000 ( 1)  0.063 +-  0.038
  54 L   0.15532 0.09242 0.08100 0.07590 0.07370 0.07353 0.07535 0.08001 0.09080 0.15194 0.05003 ( 1)  0.658 +-  0.790
  55 D   0.00002 0.00505 0.03913 0.09946 0.14979 0.16839 0.15894 0.13579 0.11289 0.13054 0.00001 ( 6)  0.631 +-  0.204
  56 G   0.00741 0.15972 0.28684 0.24409 0.14961 0.07823 0.03824 0.01861 0.00964 0.00760 0.00000 ( 3)  0.346 +-  0.162
  57 K   0.00000 0.00144 0.01711 0.05653 0.10376 0.13869 0.15471 0.15668 0.15549 0.21539 0.00020 (10)  0.703 +-  0.197
  58 L   0.00000 0.00065 0.00929 0.03571 0.07471 0.11266 0.14133 0.16119 0.18069 0.28251 0.00126 (10)  0.749 +-  0.198
  59 K   0.00000 0.00000 0.00003 0.00053 0.00372 0.01463 0.04040 0.08957 0.17724 0.44898 0.22490 (10)  1.440 +-  1.102
  60 N   0.00000 0.00287 0.03315 0.09613 0.15019 0.16946 0.15951 0.13666 0.11520 0.13680 0.00002 ( 6)  0.637 +-  0.201
  61 Y   0.50808 0.33817 0.11151 0.03070 0.00823 0.00228 0.00068 0.00022 0.00008 0.00004 0.00000 ( 1)  0.120 +-  0.089
  62 R   0.00000 0.00001 0.00084 0.00768 0.02911 0.06746 0.11601 0.16663 0.22059 0.38604 0.00562 (10)  0.825 +-  0.227
  63 E   0.00000 0.00000 0.00002 0.00055 0.00443 0.01901 0.05471 0.12156 0.23312 0.55395 0.01264 (10)  0.898 +-  0.237
  64 Y   0.08008 0.16829 0.17655 0.15012 0.11807 0.09011 0.06844 0.05287 0.04321 0.05222 0.00003 ( 3)  0.399 +-  0.250
  65 Y   0.92514 0.06619 0.00749 0.00100 0.00015 0.00003 0.00001 0.00000 0.00000 0.00000 0.00000 ( 1)  0.058 +-  0.032
  66 L   0.89387 0.08894 0.01398 0.00254 0.00051 0.00011 0.00003 0.00001 0.00000 0.00000 0.00000 ( 1)  0.063 +-  0.041
  67 P   0.00000 0.00000 0.00000 0.00000 0.00000 0.00000 0.00000 0.00001 0.00005 0.00030 0.99964 (11)  3.703 +-  0.866
  68 Y   0.00124 0.07854 0.22345 0.25245 0.18999 0.11688 0.06529 0.03544 0.01998 0.01673 0.00000 ( 4)  0.408 +-  0.177
  69 L   0.01906 0.15476 0.23567 0.21142 0.15047 0.09559 0.05762 0.03439 0.02139 0.01962 0.00000 ( 3)  0.377 +-  0.195
  70 E   0.00000 0.00000 0.00001 0.00038 0.00333 0.01516 0.04589 0.10674 0.21391 0.53243 0.08216 (10)  1.065 +-  0.655
  71 A   0.00000 0.00000 0.00000 0.00001 0.00012 0.00087 0.00416 0.01504 0.04606 0.17468 0.75907 (11)  2.914 +-  1.306
  72 W   0.14467 0.26939 0.23301 0.15441 0.09081 0.05034 0.02721 0.01476 0.00839 0.00700 0.00000 ( 2)  0.271 +-  0.180
  73 L   0.00002 0.00737 0.05540 0.12556 0.16764 0.16999 0.14820 0.11977 0.09626 0.10979 0.00001 ( 6)  0.600 +-  0.207
  74 K   0.00000 0.00101 0.01744 0.06522 0.12254 0.15908 0.16675 0.15515 0.13932 0.17343 0.00006 (10)  0.678 +-  0.194
  75 D   0.00000 0.00050 0.00769 0.03133 0.06902 0.10898 0.14176 0.16527 0.18630 0.28825 0.00089 (10)  0.755 +-  0.191
  76 G   0.00000 0.00035 0.00451 0.01893 0.04657 0.08401 0.12469 0.16413 0.20610 0.34924 0.00147 (10)  0.790 +-  0.183
  77 K   0.00000 0.00043 0.00537 0.02115 0.04857 0.08288 0.11903 0.15567 0.19950 0.35384 0.01354 (10)  0.817 +-  0.319
  78 P   0.25108 0.22488 0.16887 0.11662 0.07858 0.05307 0.03658 0.02624 0.02034 0.02369 0.00004 ( 1)  0.277 +-  0.229
  79 L   0.00025 0.00627 0.02309 0.04679 0.07216 0.09619 0.11843 0.14094 0.17093 0.29539 0.02959 (10)  0.817 +-  0.506
  80 Q   0.00149 0.01305 0.03108 0.04997 0.06807 0.08555 0.10357 0.12456 0.15548 0.27982 0.08737 (10)  0.976 +-  0.864
  81 K   0.00493 0.01954 0.03590 0.05076 0.06400 0.07643 0.08941 0.10532 0.13025 0.23479 0.18868 (10)  1.275 +-  1.256
  82 T   0.00582 0.02358 0.04412 0.06307 0.07973 0.09459 0.10887 0.12495 0.14919 0.25777 0.04831 (10)  0.831 +-  0.673
  83 -   0.15532 0.09242 0.08100 0.07590 0.07370 0.07353 0.07535 0.08001 0.09080 0.15194 0.05003 ( 1)  0.658 +-  0.790
  84 N   0.00004 0.01597 0.10608 0.19902 0.21129 0.16848 0.11687 0.07717 0.05245 0.05263 0.00001 ( 5)  0.515 +-  0.196
  85 N   0.00000 0.00000 0.00001 0.00042 0.00378 0.01742 0.05235 0.11936 0.23238 0.55733 0.01694 (10)  0.909 +-  0.271
  86 S   0.00000 0.00000 0.00000 0.00000 0.00000 0.00001 0.00005 0.00030 0.00127 0.00642 0.99194 (11)  3.681 +-  0.895
  87 D   0.00000 0.00000 0.00000 0.00000 0.00001 0.00011 0.00057 0.00210 0.00652 0.02489 0.96579 (11)  3.608 +-  0.985
  88 I   0.00130 0.04603 0.13500 0.18528 0.18015 0.14649 0.10868 0.07793 0.05741 0.06173 0.00000 ( 4)  0.504 +-  0.215
  89 G   0.00000 0.00000 0.00000 0.00000 0.00005 0.00035 0.00155 0.00517 0.01473 0.05231 0.92583 (11)  3.483 +-  1.092
  90 Q   0.00000 0.00000 0.00037 0.00447 0.02063 0.05526 0.10591 0.16477 0.23057 0.41662 0.00140 (10)  0.829 +-  0.155
  91 L   0.00100 0.05946 0.17502 0.21785 0.18796 0.13564 0.08975 0.05770 0.03829 0.03733 0.00000 ( 4)  0.458 +-  0.201
  92 V   0.00000 0.00158 0.02203 0.07360 0.12836 0.15847 0.16141 0.14885 0.13469 0.17097 0.00004 (10)  0.670 +-  0.198
  93 K   0.00000 0.00000 0.00002 0.00045 0.00344 0.01481 0.04403 0.10305 0.21085 0.53985 0.08349 (10)  1.069 +-  0.658
  94 Y   0.00000 0.00018 0.00449 0.02412 0.06277 0.10866 0.14722 0.17282 0.19182 0.28773 0.00017 (10)  0.760 +-  0.174
  95 F   0.15811 0.39729 0.26143 0.11502 0.04341 0.01558 0.00562 0.00212 0.00088 0.00056 0.00000 ( 2)  0.208 +-  0.122
  96 E   0.00000 0.00004 0.00185 0.01434 0.04671 0.09364 0.14030 0.17669 0.20613 0.31998 0.00033 (10)  0.782 +-  0.165
  97 L   0.00000 0.00000 0.00000 0.00000 0.00000 0.00000 0.00000 0.00000 0.00001 0.00005 0.99994 (11)  3.704 +-  0.865
  98 S   0.00000 0.00085 0.01412 0.05428 0.10613 0.14411 0.15931 0.15816 0.15360 0.20910 0.00034 (10)  0.702 +-  0.196
  99 E   0.58199 0.31121 0.08296 0.01856 0.00405 0.00092 0.00022 0.00006 0.00002 0.00001 0.00000 ( 1)  0.106 +-  0.078
 100 R   0.00000 0.00026 0.00513 0.02469 0.06147 0.10556 0.14436 0.17192 0.19340 0.29299 0.00021 (10)  0.762 +-  0.175
 101 D   0.00000 0.00001 0.00077 0.00792 0.03076 0.07048 0.11868 0.16727 0.21871 0.38090 0.00450 (10)  0.819 +-  0.209
 102 F   0.10755 0.31172 0.25905 0.15367 0.08153 0.04185 0.02152 0.01135 0.00639 0.00537 0.00000 ( 2)  0.263 +-  0.164
 103 N   0.00000 0.00323 0.04207 0.12672 0.19168 0.19755 0.16224 0.11714 0.08118 0.07818 0.00000 ( 6)  0.587 +-  0.190
 104 E   0.00000 0.00000 0.00022 0.00211 0.00934 0.02692 0.05994 0.11415 0.20231 0.47197 0.11304 (10)  1.128 +-  0.786
 105 I   0.00003 0.00814 0.05701 0.12882 0.17223 0.17335 0.14864 0.11743 0.09201 0.10232 0.00001 ( 6)  0.594 +-  0.206
 106 L   0.55454 0.26867 0.10949 0.04159 0.01563 0.00597 0.00236 0.00098 0.00045 0.00031 0.00000 ( 1)  0.123 +-  0.106
 107 -   0.28672 0.14586 0.10939 0.08791 0.07338 0.06308 0.05584 0.05135 0.05060 0.07371 0.00215 ( 1)  0.357 +-  0.330
 108 -   0.02457 0.04076 0.05540 0.06766 0.07865 0.08931 0.10074 0.11498 0.13778 0.24034 0.04981 (10)  0.800 +-  0.687
 109 -   0.23579 0.12765 0.10182 0.08689 0.07691 0.06998 0.06546 0.06350 0.06590 0.10095 0.00516 ( 1)  0.419 +-  0.380
 110 -   0.30117 0.15097 0.11148 0.08815 0.07236 0.06113 0.05315 0.04798 0.04637 0.06619 0.00105 ( 1)  0.339 +-  0.307
 111 -   0.25544 0.13470 0.10476 0.08729 0.07553 0.06729 0.06171 0.05877 0.05995 0.09037 0.00419 ( 1)  0.396 +-  0.365
 112 -   0.24171 0.12989 0.10285 0.08716 0.07662 0.06927 0.06439 0.06209 0.06405 0.09757 0.00440 ( 1)  0.410 +-  0.368
 113 -   0.05178 0.07418 0.08785 0.09409 0.09656 0.09741 0.09826 0.10093 0.10957 0.17472 0.01466 (10)  0.615 +-  0.460
 114 G   0.00000 0.00014 0.00517 0.03148 0.08252 0.13523 0.16738 0.17579 0.17273 0.22948 0.00007 (10)  0.729 +-  0.178
 115 G   0.00038 0.03337 0.13154 0.20176 0.20012 0.15727 0.10901 0.07162 0.04794 0.04698 0.00000 ( 4)  0.495 +-  0.200
 116 S   0.00000 0.00006 0.00211 0.01431 0.04458 0.08934 0.13631 0.17564 0.20900 0.32847 0.00018 (10)  0.785 +-  0.162
 117 L   0.54950 0.32588 0.09461 0.02282 0.00537 0.00132 0.00035 0.00010 0.00004 0.00002 0.00000 ( 1)  0.111 +-  0.082
 118 A   0.00002 0.00485 0.03532 0.08700 0.13087 0.15142 0.15132 0.14040 0.12960 0.16914 0.00006 (10)  0.657 +-  0.208
 119 R   0.00000 0.00130 0.01867 0.06829 0.12895 0.16712 0.17230 0.15517 0.13280 0.15539 0.00001 ( 7)  0.668 +-  0.192
 120 N   0.00000 0.00000 0.00000 0.00004 0.00049 0.00340 0.01484 0.04800 0.12988 0.42748 0.37587 (10)  1.807 +-  1.234
 121 N   0.00001 0.00812 0.06676 0.15153 0.19164 0.17862 0.14150 0.10400 0.07664 0.08118 0.00000 ( 5)  0.568 +-  0.201
 122 A   0.00020 0.02089 0.09486 0.16604 0.18716 0.16642 0.12950 0.09433 0.06881 0.07179 0.00000 ( 5)  0.542 +-  0.208
 123 Q   0.01727 0.17781 0.26973 0.22613 0.14502 0.08094 0.04207 0.02133 0.01116 0.00855 0.00000 ( 3)  0.345 +-  0.171
 124 I   0.29725 0.43772 0.18447 0.05673 0.01636 0.00490 0.00160 0.00058 0.00024 0.00016 0.00000 ( 2)  0.158 +-  0.100
 125 L   0.00897 0.11126 0.20583 0.21189 0.16750 0.11545 0.07415 0.04649 0.03005 0.02842 0.00000 ( 4)  0.417 +-  0.202
 126 L   0.86131 0.11077 0.02163 0.00474 0.00113 0.00029 0.00008 0.00003 0.00001 0.00000 0.00000 ( 1)  0.068 +-  0.049
 127 L   0.83596 0.12536 0.02852 0.00726 0.00201 0.00060 0.00019 0.00007 0.00002 0.00001 0.00000 ( 1)  0.072 +-  0.056
 128 P   0.88656 0.09512 0.01509 0.00262 0.00049 0.00010 0.00002 0.00000 0.00000 0.00000 0.00000 ( 1)  0.064 +-  0.041
 129 Y   0.00200 0.05945 0.15442 0.19575 0.18065 0.14120 0.10080 0.06911 0.04816 0.04847 0.00000 ( 4)  0.479 +-  0.211
 130 F   0.02522 0.31774 0.34771 0.18869 0.07714 0.02802 0.00983 0.00351 0.00135 0.00079 0.00000 ( 3)  0.263 +-  0.122
 131 C   0.00000 0.00014 0.00321 0.01690 0.04554 0.08458 0.12587 0.16458 0.20525 0.34715 0.00677 (10)  0.804 +-  0.253
 132 A   0.00508 0.12863 0.26559 0.25329 0.16896 0.09296 0.04601 0.02173 0.01044 0.00731 0.00000 ( 3)  0.364 +-  0.162
 133 S   0.00968 0.18694 0.30411 0.23759 0.13570 0.06708 0.03136 0.01469 0.00733 0.00553 0.00000 ( 3)  0.329 +-  0.155
 134 C   0.52921 0.33618 0.10222 0.02498 0.00571 0.00130 0.00031 0.00008 0.00002 0.00001 0.00000 ( 1)  0.115 +-  0.083
 135 K   0.00632 0.20562 0.33260 0.23365 0.11974 0.05494 0.02486 0.01167 0.00595 0.00463 0.00000 ( 3)  0.315 +-  0.147
 136 C   0.00000 0.00096 0.01023 0.03614 0.07479 0.11384 0.14393 0.16366 0.18055 0.27478 0.00112 (10)  0.746 +-  0.199
 137 Q   0.83779 0.13950 0.01966 0.00264 0.00036 0.00005 0.00001 0.00000 0.00000 0.00000 0.00000 ( 1)  0.069 +-  0.046
 138 L   0.87266 0.10374 0.01870 0.00379 0.00084 0.00020 0.00005 0.00001 0.00000 0.00000 0.00000 ( 1)  0.066 +-  0.046
 139 L   0.00009 0.01021 0.05412 0.11224 0.15066 0.15948 0.14724 0.12660 0.10828 0.13106 0.00002 ( 6)  0.617 +-  0.213
 140 L   0.05889 0.32428 0.29195 0.16448 0.08082 0.03905 0.01944 0.01020 0.00583 0.00507 0.00000 ( 2)  0.270 +-  0.154
 141 L   0.87171 0.10432 0.01895 0.00387 0.00086 0.00021 0.00005 0.00002 0.00001 0.00000 0.00000 ( 1)  0.066 +-  0.046
 142 R   0.22335 0.34098 0.22938 0.11614 0.05203 0.02208 0.00922 0.00390 0.00175 0.00117 0.00000 ( 2)  0.207 +-  0.139
 143 D   0.96563 0.03236 0.00185 0.00014 0.00001 0.00000 0.00000 0.00000 0.00000 0.00000 0.00000 ( 1)  0.054 +-  0.020
 144 A   0.05878 0.36471 0.32470 0.15963 0.06092 0.02078 0.00685 0.00231 0.00085 0.00048 0.00000 ( 2)  0.241 +-  0.118
 145 V   0.00099 0.06459 0.19995 0.24726 0.20062 0.13007 0.07473 0.04076 0.02265 0.01839 0.00000 ( 4)  0.424 +-  0.179
 146 Q   0.00000 0.00010 0.00291 0.01707 0.04834 0.09123 0.13474 0.17169 0.20536 0.32830 0.00024 (10)  0.782 +-  0.167
 147 Y   0.26514 0.44250 0.20307 0.06450 0.01801 0.00487 0.00134 0.00039 0.00012 0.00006 0.00000 ( 2)  0.165 +-  0.100
 148 E   0.00000 0.00111 0.01664 0.06247 0.12069 0.16025 0.16981 0.15786 0.14017 0.17098 0.00002 (10)  0.679 +-  0.192
 149 E   0.00000 0.00004 0.00169 0.01294 0.04255 0.08730 0.13468 0.17493 0.21019 0.33497 0.00072 (10)  0.790 +-  0.168
 150 Q   0.00000 0.00000 0.00007 0.00118 0.00754 0.02677 0.06620 0.13053 0.22859 0.51016 0.02898 (10)  0.924 +-  0.380
 151 W   0.01052 0.07790 0.14376 0.16726 0.15675 0.13073 0.10241 0.07840 0.06172 0.07055 0.00001 ( 4)  0.494 +-  0.233
 152 F   0.00000 0.00001 0.00074 0.00674 0.02643 0.06386 0.11404 0.16828 0.22564 0.39350 0.00076 (10)  0.817 +-  0.153
 153 P   0.00000 0.00051 0.00910 0.03839 0.08313 0.12491 0.15197 0.16480 0.17342 0.25322 0.00056 (10)  0.734 +-  0.191
 154 F   0.00000 0.00001 0.00047 0.00405 0.01632 0.04269 0.08539 0.14447 0.22584 0.46342 0.01733 (10)  0.879 +-  0.307
 155 L   0.00000 0.00008 0.00197 0.01140 0.03347 0.06760 0.10960 0.15679 0.21477 0.39874 0.00559 (10)  0.822 +-  0.214
 156 S   0.00000 0.00009 0.00217 0.01248 0.03601 0.07114 0.11263 0.15745 0.21134 0.38645 0.01024 (10)  0.828 +-  0.269
 157 A   0.00000 0.00088 0.01213 0.04489 0.08982 0.12853 0.15169 0.16137 0.16762 0.24246 0.00061 (10)  0.724 +-  0.197
 158 E   0.00000 0.00236 0.02562 0.07720 0.12889 0.15651 0.15875 0.14663 0.13334 0.17065 0.00006 (10)  0.667 +-  0.201
 159 N   0.00014 0.01390 0.06591 0.12491 0.15634 0.15721 0.14025 0.11828 0.10056 0.12247 0.00004 ( 6)  0.601 +-  0.217
 160 V   0.00000 0.00083 0.00711 0.02349 0.04966 0.08207 0.11727 0.15450 0.20006 0.35752 0.00748 (10)  0.801 +-  0.259
 161 R   0.00000 0.00023 0.00322 0.01455 0.03793 0.07230 0.11366 0.15901 0.21275 0.38389 0.00246 (10)  0.808 +-  0.185
 162 S   0.00002 0.00124 0.00797 0.02333 0.04702 0.07687 0.11091 0.14932 0.19907 0.36790 0.01636 (10)  0.826 +-  0.340
 163 E   0.01324 0.13956 0.22597 0.20997 0.15423 0.10144 0.06369 0.03989 0.02626 0.02575 0.00000 ( 3)  0.395 +-  0.201
 164 L   0.00035 0.00992 0.03848 0.07711 0.11146 0.13334 0.14229 0.14274 0.14283 0.20129 0.00019 (10)  0.674 +-  0.217
 165 I   0.00025 0.01285 0.05273 0.10009 0.13287 0.14512 0.14181 0.13112 0.12187 0.16117 0.00012 (10)  0.637 +-  0.220
 166 S   0.27046 0.23379 0.16997 0.11385 0.07440 0.04863 0.03232 0.02222 0.01638 0.01798 0.00001 ( 1)  0.260 +-  0.217
 167 P   0.01333 0.08546 0.14484 0.16098 0.14831 0.12428 0.09954 0.07902 0.06525 0.07897 0.00003 ( 4)  0.496 +-  0.240
 168 N   0.01497 0.04953 0.07810 0.09602 0.10587 0.11059 0.11279 0.11523 0.12289 0.19082 0.00319 (10)  0.625 +-  0.293
 169 S   0.03017 0.09208 0.12927 0.13802 0.13013 0.11527 0.09933 0.08571 0.07738 0.10247 0.00017 ( 4)  0.510 +-  0.260
 170 G   0.00252 0.02415 0.05845 0.08983 0.11145 0.12307 0.12752 0.12889 0.13361 0.19928 0.00123 (10)  0.654 +-  0.248
 171 C   0.18744 0.10749 0.09082 0.08206 0.07685 0.07396 0.07312 0.07493 0.08208 0.13266 0.01859 ( 1)  0.517 +-  0.531
 172 D   0.20121 0.11338 0.09415 0.08363 0.07705 0.07296 0.07102 0.07168 0.07737 0.12327 0.01428 ( 1)  0.487 +-  0.491
 173 F   0.19699 0.11160 0.09316 0.08319 0.07703 0.07330 0.07168 0.07268 0.07880 0.12608 0.01549 ( 1)  0.496 +-  0.503
 174 T   0.00000 0.00005 0.00277 0.02128 0.06538 0.12018 0.16220 0.18197 0.18791 0.25820 0.00006 (10)  0.751 +-  0.170
 175 G   0.00000 0.00000 0.00024 0.00303 0.01461 0.04175 0.08691 0.14885 0.23125 0.46508 0.00827 (10)  0.861 +-  0.229
 176 D   0.00002 0.01016 0.07395 0.15914 0.19688 0.18082 0.14022 0.09955 0.06980 0.06945 0.00000 ( 5)  0.555 +-  0.198
 177 Y   0.23803 0.43403 0.21798 0.07605 0.02348 0.00708 0.00220 0.00073 0.00027 0.00015 0.00000 ( 2)  0.175 +-  0.106
 178 Y   0.00000 0.00000 0.00003 0.00057 0.00438 0.01827 0.05214 0.11646 0.22671 0.55117 0.03025 (10)  0.937 +-  0.374
 179 E   0.00000 0.00000 0.00002 0.00038 0.00274 0.01114 0.03205 0.07426 0.15368 0.40816 0.31757 (10)  1.671 +-  1.221
 180 R   0.00020 0.01957 0.08600 0.14936 0.17173 0.15962 0.13235 0.10410 0.08270 0.09436 0.00001 ( 5)  0.566 +-  0.215
 181 L   0.33977 0.36113 0.18287 0.07344 0.02713 0.00980 0.00358 0.00136 0.00057 0.00035 0.00000 ( 2)  0.164 +-  0.118
 182 K   0.00002 0.00559 0.04383 0.10884 0.15770 0.17016 0.15507 0.12928 0.10627 0.12324 0.00001 ( 6)  0.620 +-  0.205
 183 C   0.00000 0.00000 0.00030 0.00372 0.01734 0.04726 0.09363 0.15326 0.22919 0.44766 0.00765 (10)  0.853 +-  0.229
 184 K   0.00000 0.00015 0.00455 0.02682 0.07155 0.12220 0.15933 0.17684 0.18331 0.25519 0.00006 (10)  0.745 +-  0.175
 185 I   0.01134 0.19119 0.28624 0.21956 0.13171 0.07257 0.03951 0.02215 0.01340 0.01233 0.00000 ( 3)  0.342 +-  0.175
 186 A   0.00000 0.00001 0.00035 0.00343 0.01525 0.04276 0.08882 0.15169 0.23342 0.46129 0.00298 (10)  0.848 +-  0.165
 187 E   0.00000 0.00000 0.00030 0.00331 0.01506 0.04174 0.08564 0.14608 0.22791 0.46383 0.01612 (10)  0.878 +-  0.303
 188 Y   0.79912 0.16448 0.02980 0.00533 0.00100 0.00020 0.00005 0.00001 0.00000 0.00000 0.00000 ( 1)  0.075 +-  0.054
 189 T   0.00467 0.10309 0.20593 0.21042 0.16472 0.11464 0.07605 0.05022 0.03472 0.03554 0.00000 ( 4)  0.428 +-  0.208
 190 D   0.07443 0.49316 0.30033 0.09729 0.02568 0.00655 0.00176 0.00052 0.00018 0.00010 0.00000 ( 2)  0.204 +-  0.094
 191 Y   0.21513 0.42508 0.23103 0.08675 0.02855 0.00905 0.00290 0.00097 0.00036 0.00020 0.00000 ( 2)  0.184 +-  0.110
 192 C   0.87483 0.10146 0.01843 0.00393 0.00096 0.00027 0.00008 0.00003 0.00001 0.00001 0.00000 ( 1)  0.066 +-  0.046
 193 E   0.00000 0.00015 0.00473 0.02591 0.06438 0.10582 0.13916 0.16380 0.18877 0.30352 0.00375 (10)  0.771 +-  0.224
 194 Y   0.00000 0.00000 0.00001 0.00040 0.00378 0.01764 0.05291 0.11968 0.23085 0.54912 0.02561 (10)  0.928 +-  0.352
 195 W   0.00000 0.00056 0.00642 0.02475 0.05615 0.09415 0.13128 0.16415 0.19770 0.32420 0.00063 (10)  0.773 +-  0.180
 196 Y   0.93130 0.06142 0.00637 0.00078 0.00011 0.00002 0.00000 0.00000 0.00000 0.00000 0.00000 ( 1)  0.058 +-  0.030
 197 Q   0.00229 0.09888 0.21987 0.21833 0.16091 0.10693 0.07014 0.04769 0.03524 0.03971 0.00003 ( 3)  0.427 +-  0.209
 198 A   0.00000 0.00000 0.00014 0.00185 0.00967 0.03018 0.06880 0.12934 0.22120 0.49103 0.04779 (10)  0.963 +-  0.496
 199 G   0.93457 0.05908 0.00566 0.00061 0.00007 0.00001 0.00000 0.00000 0.00000 0.00000 0.00000 ( 1)  0.057 +-  0.029
 200 L   0.65463 0.23953 0.07451 0.02191 0.00647 0.00197 0.00063 0.00022 0.00008 0.00005 0.00000 ( 1)  0.100 +-  0.083
 201 N   0.12993 0.46393 0.26781 0.09586 0.02953 0.00884 0.00271 0.00088 0.00032 0.00018 0.00000 ( 2)  0.198 +-  0.104
 202 Q   0.00003 0.00431 0.02839 0.07110 0.11301 0.13976 0.14945 0.14798 0.14524 0.20054 0.00019 (10)  0.683 +-  0.207
 203 I   0.27472 0.42363 0.19396 0.06815 0.02374 0.00894 0.00370 0.00167 0.00084 0.00065 0.00000 ( 2)  0.170 +-  0.114
 204 K   0.14817 0.36791 0.26007 0.12852 0.05560 0.02297 0.00949 0.00406 0.00189 0.00133 0.00000 ( 2)  0.222 +-  0.135
 205 Q   0.00000 0.00000 0.00004 0.00064 0.00426 0.01673 0.04697 0.10608 0.21270 0.53992 0.07266 (10)  1.031 +-  0.573
 206 A   0.00000 0.00001 0.00042 0.00339 0.01336 0.03515 0.07213 0.12720 0.20987 0.45920 0.07926 (10)  1.032 +-  0.654
 207 G   0.88339 0.09610 0.01629 0.00322 0.00073 0.00019 0.00005 0.00002 0.00001 0.00000 0.00000 ( 1)  0.064 +-  0.044
 208 T   0.00001 0.00446 0.03799 0.09524 0.13926 0.15482 0.14920 0.13492 0.12302 0.16090 0.00019 (10)  0.647 +-  0.211
 209 G   0.00000 0.00073 0.01881 0.08131 0.15376 0.18581 0.17430 0.14321 0.11404 0.12801 0.00001 ( 6)  0.644 +-  0.190
 210 A   0.01290 0.22248 0.32703 0.23115 0.11858 0.05199 0.02125 0.00859 0.00367 0.00236 0.00000 ( 3)  0.304 +-  0.140
 211 D   0.00000 0.00000 0.00024 0.00383 0.02016 0.05735 0.11163 0.17137 0.23228 0.40219 0.00096 (10)  0.825 +-  0.151
 212 T   0.00000 0.00000 0.00021 0.00324 0.01719 0.04981 0.10011 0.16107 0.23214 0.43247 0.00377 (10)  0.841 +-  0.184
 213 W   0.66689 0.18930 0.07829 0.03466 0.01594 0.00755 0.00368 0.00187 0.00101 0.00080 0.00000 ( 1)  0.110 +-  0.112
 214 A   0.00001 0.00214 0.01553 0.04444 0.08182 0.11704 0.14325 0.15996 0.17409 0.26125 0.00047 (10)  0.731 +-  0.197
 215 K   0.02084 0.28962 0.34711 0.20328 0.08788 0.03299 0.01169 0.00414 0.00156 0.00088 0.00000 ( 3)  0.273 +-  0.125
 216 F   0.95197 0.04437 0.00333 0.00030 0.00003 0.00000 0.00000 0.00000 0.00000 0.00000 0.00000 ( 1)  0.055 +-  0.024
 217 N   0.39394 0.42180 0.13758 0.03497 0.00865 0.00221 0.00060 0.00017 0.00006 0.00003 0.00000 ( 2)  0.135 +-  0.089
 218 K   0.00000 0.00213 0.02997 0.09839 0.16328 0.18568 0.16894 0.13550 0.10444 0.11165 0.00000 ( 6)  0.624 +-  0.194
 219 F   0.37303 0.44055 0.14420 0.03333 0.00697 0.00147 0.00033 0.00008 0.00002 0.00001 0.00000 ( 2)  0.137 +-  0.086
 220 R   0.81059 0.13878 0.03572 0.01020 0.00313 0.00102 0.00035 0.00013 0.00005 0.00003 0.00000 ( 1)  0.076 +-  0.064
 221 R   0.22419 0.43085 0.22810 0.08164 0.02502 0.00722 0.00207 0.00061 0.00020 0.00010 0.00000 ( 2)  0.179 +-  0.106
 222 E   0.08744 0.40911 0.30131 0.13159 0.04707 0.01563 0.00513 0.00173 0.00064 0.00035 0.00000 ( 2)  0.222 +-  0.114
 223 M   0.94741 0.04851 0.00372 0.00032 0.00003 0.00000 0.00000 0.00000 0.00000 0.00000 0.00000 ( 1)  0.056 +-  0.025
 224 T   0.91184 0.07648 0.00991 0.00147 0.00025 0.00005 0.00001 0.00000 0.00000 0.00000 0.00000 ( 1)  0.060 +-  0.035
 225 L   0.24795 0.33810 0.21725 0.10897 0.04944 0.02154 0.00932 0.00412 0.00194 0.00136 0.00000 ( 2)  0.202 +-  0.141
 226 T   0.00000 0.00029 0.00612 0.02994 0.07283 0.11942 0.15416 0.17263 0.18274 0.26176 0.00011 (10)  0.744 +-  0.179
 227 V   0.93380 0.05934 0.00601 0.00072 0.00010 0.00002 0.00000 0.00000 0.00000 0.00000 0.00000 ( 1)  0.057 +-  0.029
 228 L   0.84485 0.12040 0.02605 0.00632 0.00167 0.00048 0.00015 0.00005 0.00002 0.00001 0.00000 ( 1)  0.070 +-  0.054
 229 D   0.97197 0.02674 0.00121 0.00007 0.00000 0.00000 0.00000 0.00000 0.00000 0.00000 0.00000 ( 1)  0.053 +-  0.018
 230 I   0.21777 0.42115 0.23067 0.08767 0.02905 0.00921 0.00294 0.00098 0.00036 0.00020 0.00000 ( 2)  0.184 +-  0.111
 231 I   0.49530 0.33508 0.11740 0.03567 0.01089 0.00354 0.00125 0.00049 0.00022 0.00015 0.00000 ( 1)  0.125 +-  0.096
 232 A   0.00068 0.05056 0.17184 0.23018 0.20194 0.14196 0.08879 0.05295 0.03227 0.02883 0.00000 ( 4)  0.452 +-  0.190
 233 I   0.00307 0.08741 0.20568 0.22822 0.18120 0.12143 0.07482 0.04487 0.02784 0.02546 0.00000 ( 4)  0.423 +-  0.193
 234 F   0.36118 0.43868 0.15104 0.03762 0.00868 0.00205 0.00052 0.00015 0.00005 0.00002 0.00000 ( 2)  0.140 +-  0.089
 235 Q   0.09067 0.31598 0.28595 0.16748 0.08049 0.03495 0.01445 0.00592 0.00253 0.00159 0.00000 ( 2)  0.255 +-  0.142
 236 T   0.00001 0.00655 0.06513 0.15771 0.20163 0.18457 0.14134 0.09978 0.07071 0.07257 0.00000 ( 5)  0.560 +-  0.196

Positively selected sites

	Prob(w>1)  mean w

    67 P      1.000**       3.703 +- 0.866
    71 A      0.759         2.914 +- 1.306
    86 S      0.992**       3.681 +- 0.895
    87 D      0.966*        3.608 +- 0.985
    89 G      0.926         3.483 +- 1.092
    97 L      1.000**       3.704 +- 0.865

