Supplemental results for CODEML (seqf: algn  treef: tree)


dN/dS (w) for site classes (K=2)

p:   0.53147  0.46853
w:   0.03899  1.00000

Naive Empirical Bayes (NEB) probabilities for 2 classes & postmean_w
(amino acids refer to 1st sequence: BT_Cry4Ba1)

   1 Y   0.07519 0.92481 ( 2)  0.928
   2 T   0.68260 0.31740 ( 1)  0.344
   3 D   0.60976 0.39024 ( 1)  0.414
   4 A   0.08491 0.91509 ( 2)  0.918
   5 I   0.90250 0.09750 ( 1)  0.133
   6 T   0.93577 0.06423 ( 1)  0.101
   7 Q   0.04854 0.95146 ( 2)  0.953
   8 V   0.75243 0.24757 ( 1)  0.277
   9 P   0.96134 0.03866 ( 1)  0.076
  10 A   0.93052 0.06948 ( 1)  0.106
  11 V   0.95104 0.04896 ( 1)  0.086
  12 K   0.96776 0.03224 ( 1)  0.070
  13 S   0.97163 0.02837 ( 1)  0.066
  14 N   0.08813 0.91187 ( 2)  0.915
  15 F   0.06852 0.93148 ( 2)  0.934
  16 L   0.42616 0.57384 ( 2)  0.590
  17 N   0.72042 0.27958 ( 1)  0.308
  18 -   0.56834 0.43166 ( 1)  0.454
  19 -   0.53830 0.46170 ( 1)  0.483
  20 A   0.66422 0.33578 ( 1)  0.362
  21 T   0.93866 0.06134 ( 1)  0.098
  22 A   0.07510 0.92490 ( 2)  0.928
  23 K   0.06410 0.93590 ( 2)  0.938
  24 V   0.95104 0.04896 ( 1)  0.086
  25 I   0.61201 0.38799 ( 1)  0.412
  26 K   0.95313 0.04687 ( 1)  0.084
  27 G   0.97062 0.02938 ( 1)  0.067
  28 P   0.97666 0.02334 ( 1)  0.061
  29 G   0.97216 0.02784 ( 1)  0.066
  30 H   0.98626 0.01374 ( 1)  0.052
  31 T   0.93866 0.06134 ( 1)  0.098
  32 G   0.95563 0.04437 ( 1)  0.082
  33 G   0.95681 0.04319 ( 1)  0.080
  34 D   0.97644 0.02356 ( 1)  0.062
  35 L   0.95019 0.04981 ( 1)  0.087
  36 V   0.95459 0.04541 ( 1)  0.083
  37 A   0.21695 0.78305 ( 2)  0.792
  38 L   0.94603 0.05397 ( 1)  0.091
  39 T   0.66997 0.33003 ( 1)  0.356
  40 S   0.00270 0.99730 ( 2)  0.997
  41 N   0.96731 0.03269 ( 1)  0.070
  42 G   0.20974 0.79026 ( 2)  0.798
  43 T   0.20891 0.79109 ( 2)  0.799
  44 L   0.14022 0.85978 ( 2)  0.865
  45 S   0.05840 0.94160 ( 2)  0.944
  46 -   0.53147 0.46853 ( 1)  0.489
  47 G   0.03820 0.96180 ( 2)  0.963
  48 R   0.62709 0.37291 ( 1)  0.397
  49 M   0.58772 0.41228 ( 1)  0.435
  50 E   0.12323 0.87677 ( 2)  0.882
  51 I   0.94519 0.05481 ( 1)  0.092
  52 Q   0.72534 0.27466 ( 1)  0.303
  53 C   0.66974 0.33026 ( 1)  0.356
  54 K   0.74444 0.25556 ( 1)  0.285
  55 T   0.71602 0.28398 ( 1)  0.312
  56 S   0.75724 0.24276 ( 1)  0.272
  57 I   0.74682 0.25318 ( 1)  0.282
  58 F   0.71995 0.28005 ( 1)  0.308
  59 N   0.77336 0.22664 ( 1)  0.257
  60 D   0.97644 0.02356 ( 1)  0.062
  61 P   0.65434 0.34566 ( 1)  0.371
  62 T   0.66137 0.33863 ( 1)  0.364
  63 R   0.05680 0.94320 ( 2)  0.945
  64 S   0.01039 0.98961 ( 2)  0.990
  65 Y   0.96986 0.03014 ( 1)  0.068
  66 G   0.67360 0.32640 ( 1)  0.353
  67 L   0.05545 0.94455 ( 2)  0.947
  68 R   0.91993 0.08007 ( 1)  0.116
  69 I   0.94145 0.05855 ( 1)  0.095
  70 R   0.98398 0.01602 ( 1)  0.054
  71 Y   0.98246 0.01754 ( 1)  0.056
  72 A   0.95865 0.04135 ( 1)  0.079
  73 A   0.95476 0.04524 ( 1)  0.082
  74 N   0.18338 0.81662 ( 2)  0.824
  75 S   0.98160 0.01840 ( 1)  0.057
  76 P   0.09703 0.90297 ( 2)  0.907
  77 I   0.22823 0.77177 ( 2)  0.781
  78 V   0.10920 0.89080 ( 2)  0.895
  79 L   0.01530 0.98470 ( 2)  0.985
  80 N   0.00413 0.99587 ( 2)  0.996
  81 V   0.00934 0.99066 ( 2)  0.991
  82 S   0.00950 0.99050 ( 2)  0.991
  83 Y   0.53289 0.46711 ( 1)  0.488
  84 V   0.01962 0.98038 ( 2)  0.981
  85 L   0.00040 0.99960 ( 2)  1.000
  86 Q   0.00198 0.99802 ( 2)  0.998
  87 G   0.00731 0.99269 ( 2)  0.993
  88 V   0.01899 0.98101 ( 2)  0.982
  89 S   0.00615 0.99385 ( 2)  0.994
  90 R   0.00088 0.99912 ( 2)  0.999
  91 G   0.04797 0.95203 ( 2)  0.954
  92 T   0.01305 0.98695 ( 2)  0.987
  93 T   0.00025 0.99975 ( 2)  1.000
  94 I   0.00347 0.99653 ( 2)  0.997
  95 S   0.00025 0.99975 ( 2)  1.000
  96 T   0.00744 0.99256 ( 2)  0.993
  97 E   0.58012 0.41988 ( 1)  0.442
  98 S   0.00043 0.99957 ( 2)  1.000
  99 T   0.00015 0.99985 ( 2)  1.000
 100 F   0.01348 0.98652 ( 2)  0.987
 101 S   0.59857 0.40143 ( 1)  0.425
 102 R   0.68149 0.31851 ( 1)  0.345
 103 P   0.08004 0.91996 ( 2)  0.923
 104 N   0.54196 0.45804 ( 1)  0.479
 105 N   0.75633 0.24367 ( 1)  0.273
 106 I   0.73226 0.26774 ( 1)  0.296
 107 I   0.73226 0.26774 ( 1)  0.296
 108 P   0.68680 0.31320 ( 1)  0.340
 109 T   0.71602 0.28398 ( 1)  0.312
 110 D   0.75373 0.24627 ( 1)  0.276
 111 L   0.65635 0.34365 ( 1)  0.369
 112 K   0.84612 0.15388 ( 1)  0.187
 113 Y   0.79091 0.20909 ( 1)  0.240
 114 E   0.97582 0.02418 ( 1)  0.062
 115 E   0.21226 0.78774 ( 2)  0.796
 116 F   0.98363 0.01637 ( 1)  0.055
 117 R   0.53992 0.46008 ( 1)  0.481
 118 Y   0.96986 0.03014 ( 1)  0.068
 119 K   0.26906 0.73094 ( 2)  0.741
 120 D   0.75373 0.24627 ( 1)  0.276
 121 P   0.68680 0.31320 ( 1)  0.340
 122 F   0.00344 0.99656 ( 2)  0.997
 123 D   0.75373 0.24627 ( 1)  0.276
 124 A   0.08322 0.91678 ( 2)  0.920
 125 I   0.74682 0.25318 ( 1)  0.282
 126 V   0.70527 0.29473 ( 1)  0.322
 127 P   0.58055 0.41945 ( 1)  0.442
 128 M   0.99068 0.00932 ( 1)  0.048
 129 R   0.23155 0.76845 ( 2)  0.777
 130 L   0.17364 0.82636 ( 2)  0.833
 131 S   0.65570 0.34430 ( 1)  0.370
 132 S   0.12584 0.87416 ( 2)  0.879
 133 N   0.96731 0.03269 ( 1)  0.070
 134 Q   0.12620 0.87380 ( 2)  0.879
 135 L   0.07327 0.92673 ( 2)  0.930
 136 I   0.62383 0.37617 ( 1)  0.400
 137 T   0.66498 0.33502 ( 1)  0.361
 138 I   0.31608 0.68392 ( 2)  0.696
 139 A   0.63713 0.36287 ( 1)  0.388
 140 I   0.74719 0.25281 ( 1)  0.282
 141 Q   0.08402 0.91598 ( 2)  0.919
 142 P   0.97305 0.02695 ( 1)  0.065
 143 L   0.63385 0.36615 ( 1)  0.391
 144 N   0.34170 0.65830 ( 2)  0.672
 145 M   0.85915 0.14085 ( 1)  0.174
 146 T   0.14967 0.85033 ( 2)  0.856
 147 S   0.17407 0.82593 ( 2)  0.833
 148 N   0.46660 0.53340 ( 2)  0.552
 149 N   0.96855 0.03145 ( 1)  0.069
 150 -   0.56802 0.43198 ( 1)  0.454
 151 -   0.53946 0.46054 ( 1)  0.482
 152 -   0.56834 0.43166 ( 1)  0.454
 153 -   0.56861 0.43139 ( 1)  0.454
 154 Q   0.01269 0.98731 ( 2)  0.988
 155 V   0.92235 0.07765 ( 1)  0.114
 156 I   0.17999 0.82001 ( 2)  0.827
 157 I   0.63867 0.36133 ( 1)  0.386
 158 D   0.96027 0.03973 ( 1)  0.077
 159 R   0.81394 0.18606 ( 1)  0.218
 160 I   0.57032 0.42968 ( 1)  0.452
 161 E   0.97403 0.02597 ( 1)  0.064
 162 I   0.74682 0.25318 ( 1)  0.282
 163 I   0.74682 0.25318 ( 1)  0.282


lnL = -1493.768925

