Supplemental results for CODEML (seqf: algn  treef: tree)


dN/dS (w) for site classes (K=2)

p:   0.63878  0.36122
w:   0.10913  1.00000

Naive Empirical Bayes (NEB) probabilities for 2 classes & postmean_w
(amino acids refer to 1st sequence: BT_Cry19Aa1)

   1 E   0.00084 0.99916 ( 2)  0.999
   2 V   0.99992 0.00008 ( 1)  0.109
   3 K   0.99979 0.00021 ( 1)  0.109
   4 T   0.35315 0.64685 ( 2)  0.685
   5 E   0.99971 0.00029 ( 1)  0.109
   6 L   0.98308 0.01692 ( 1)  0.124
   7 T   0.99900 0.00100 ( 1)  0.110
   8 R   0.99732 0.00268 ( 1)  0.112
   9 E   0.99971 0.00029 ( 1)  0.109
  10 I   0.99990 0.00010 ( 1)  0.109
  11 Y   0.99939 0.00061 ( 1)  0.110
  12 S   0.98819 0.01181 ( 1)  0.120
  13 D   0.99998 0.00002 ( 1)  0.109
  14 V   0.99762 0.00238 ( 1)  0.111
  15 I   0.99927 0.00073 ( 1)  0.110
  16 N   0.99996 0.00004 ( 1)  0.109
  17 G   0.13531 0.86469 ( 2)  0.879
  18 E   0.49275 0.50725 ( 2)  0.561
  19 I   0.01658 0.98342 ( 2)  0.985
  20 Y   0.14676 0.85324 ( 2)  0.869
  21 G   0.72293 0.27707 ( 1)  0.356
  22 L   0.03678 0.96322 ( 2)  0.967
  23 M   0.36722 0.63278 ( 2)  0.673
  24 -   0.38592 0.61408 ( 2)  0.656
  25 T   0.01202 0.98798 ( 2)  0.989
  26 P   0.45011 0.54989 ( 2)  0.599
  27 Y   0.03718 0.96282 ( 2)  0.967
  28 F   0.00205 0.99795 ( 2)  0.998
  29 S   0.83710 0.16290 ( 1)  0.254
  30 F   0.98016 0.01984 ( 1)  0.127
  31 E   0.01308 0.98692 ( 2)  0.988
  32 K   0.09508 0.90492 ( 2)  0.915
  33 A   0.47051 0.52949 ( 2)  0.581
  34 E   0.99971 0.00029 ( 1)  0.109
  35 S   0.80556 0.19444 ( 1)  0.282
  36 L   0.99685 0.00315 ( 1)  0.112
  37 Y   0.99980 0.00020 ( 1)  0.109
  38 T   0.99911 0.00089 ( 1)  0.110
  39 R   0.88751 0.11249 ( 1)  0.209
  40 A   0.00677 0.99323 ( 2)  0.994
  41 P   0.99956 0.00044 ( 1)  0.110
  42 H   0.99997 0.00003 ( 1)  0.109
  43 L   0.19099 0.80901 ( 2)  0.830
  44 F   0.99274 0.00726 ( 1)  0.116
  45 T   0.99992 0.00008 ( 1)  0.109
  46 W   0.96180 0.03820 ( 1)  0.143
  47 L   0.99620 0.00380 ( 1)  0.113
  48 K   0.55608 0.44392 ( 1)  0.505
  49 G   0.99100 0.00900 ( 1)  0.117
  50 F   0.99640 0.00360 ( 1)  0.112
  51 R   0.58587 0.41413 ( 1)  0.478
  52 F   0.99996 0.00004 ( 1)  0.109
  53 V   0.99881 0.00119 ( 1)  0.110
  54 T   0.99107 0.00893 ( 1)  0.117
  55 N   0.99996 0.00004 ( 1)  0.109
  56 S   0.19420 0.80580 ( 2)  0.827
  57 I   0.99321 0.00679 ( 1)  0.115
  58 S   0.83930 0.16070 ( 1)  0.252
  59 Y   0.00077 0.99923 ( 2)  0.999
  60 -   0.99320 0.00680 ( 1)  0.115
  61 -   0.01768 0.98232 ( 2)  0.984
  62 -   0.10429 0.89571 ( 2)  0.907
  63 -   0.12843 0.87157 ( 2)  0.886
  64 -   0.02263 0.97737 ( 2)  0.980
  65 -   0.67322 0.32678 ( 1)  0.400
  66 W   0.96180 0.03820 ( 1)  0.143
  67 T   0.19495 0.80505 ( 2)  0.826
  68 F   0.99780 0.00220 ( 1)  0.111
  69 L   0.99671 0.00329 ( 1)  0.112
  70 S   0.87892 0.12108 ( 1)  0.217
  71 G   0.99917 0.00083 ( 1)  0.110
  72 G   0.00021 0.99979 ( 2)  1.000
  73 Q   0.21541 0.78459 ( 2)  0.808
  74 N   0.99969 0.00031 ( 1)  0.109
  75 K   0.97770 0.02230 ( 1)  0.129
  76 Y   0.97721 0.02279 ( 1)  0.129
  77 S   0.96659 0.03341 ( 1)  0.139
  78 Y   0.04434 0.95566 ( 2)  0.961
  79 T   0.70708 0.29292 ( 1)  0.370
  80 N   0.00033 0.99967 ( 2)  1.000
  81 -   0.63878 0.36122 ( 1)  0.431
  82 N   0.00000 1.00000 ( 2)  1.000
  83 S   0.00033 0.99967 ( 2)  1.000
  84 S   0.00031 0.99969 ( 2)  1.000
  85 I   0.94522 0.05478 ( 1)  0.158
  86 N   0.00004 0.99996 ( 2)  1.000
  87 E   0.00110 0.99890 ( 2)  0.999
  88 G   0.95716 0.04284 ( 1)  0.147
  89 S   0.97282 0.02718 ( 1)  0.133
  90 F   0.99967 0.00033 ( 1)  0.109
  91 R   0.00000 1.00000 ( 2)  1.000
  92 G   0.98914 0.01086 ( 1)  0.119
  93 Q   0.02112 0.97888 ( 2)  0.981
  94 D   0.82149 0.17851 ( 1)  0.268
  95 T   0.08995 0.91005 ( 2)  0.920
  96 D   0.02092 0.97908 ( 2)  0.981
  97 Y   0.80421 0.19579 ( 1)  0.284
  98 G   0.99273 0.00727 ( 1)  0.116
  99 G   0.93189 0.06811 ( 1)  0.170
 100 T   0.27284 0.72716 ( 2)  0.757
 101 S   0.05414 0.94586 ( 2)  0.952
 102 S   0.99844 0.00156 ( 1)  0.111
 103 T   0.02652 0.97348 ( 2)  0.976
 104 I   0.09247 0.90753 ( 2)  0.918
 105 N   0.05298 0.94702 ( 2)  0.953
 106 I   0.89104 0.10896 ( 1)  0.206
 107 P   0.00001 0.99999 ( 2)  1.000
 108 S   0.00034 0.99966 ( 2)  1.000
 109 N   0.00083 0.99917 ( 2)  0.999
 110 S   0.02037 0.97963 ( 2)  0.982
 111 Y   0.72369 0.27631 ( 1)  0.355
 112 V   0.23314 0.76686 ( 2)  0.792
 113 Y   0.98723 0.01277 ( 1)  0.121
 114 N   0.56124 0.43876 ( 1)  0.500
 115 L   0.97736 0.02264 ( 1)  0.129
 116 W   0.12988 0.87012 ( 2)  0.884
 117 T   0.67680 0.32320 ( 1)  0.397
 118 E   0.99735 0.00265 ( 1)  0.111
 119 N   0.84486 0.15514 ( 1)  0.247
 120 Y   0.99177 0.00823 ( 1)  0.116
 121 E   0.87315 0.12685 ( 1)  0.222
 122 Y   0.00009 0.99991 ( 2)  1.000
 123 I   0.99375 0.00625 ( 1)  0.115
 124 Y   0.91299 0.08701 ( 1)  0.187
 125 P   0.99754 0.00246 ( 1)  0.111
 126 W   0.04136 0.95864 ( 2)  0.963
 127 G   0.00003 0.99997 ( 2)  1.000
 128 D   0.99694 0.00306 ( 1)  0.112
 129 P   0.17952 0.82048 ( 2)  0.840
 130 V   0.01753 0.98247 ( 2)  0.984
 131 N   0.99969 0.00031 ( 1)  0.109
 132 I   0.99375 0.00625 ( 1)  0.115
 133 T   0.37209 0.62791 ( 2)  0.669
 134 K   0.34080 0.65920 ( 2)  0.696
 135 M   0.90950 0.09050 ( 1)  0.190
 136 N   0.98887 0.01113 ( 1)  0.119
 137 F   0.99990 0.00010 ( 1)  0.109
 138 S   0.94975 0.05025 ( 1)  0.154
 139 V   0.00077 0.99923 ( 2)  0.999
 140 T   0.94966 0.05034 ( 1)  0.154
 141 D   0.99581 0.00419 ( 1)  0.113
 142 N   0.99996 0.00004 ( 1)  0.109
 143 N   0.96412 0.03588 ( 1)  0.141
 144 S   0.00495 0.99505 ( 2)  0.996
 145 S   0.53249 0.46751 ( 1)  0.526
 146 K   0.00002 0.99998 ( 2)  1.000
 147 E   0.28140 0.71860 ( 2)  0.749
 148 L   0.00002 0.99998 ( 2)  1.000
 149 I   0.11153 0.88847 ( 2)  0.901
 150 Y   0.99710 0.00290 ( 1)  0.112
 151 G   0.96073 0.03927 ( 1)  0.144
 152 A   0.01151 0.98849 ( 2)  0.990
 153 H   0.00034 0.99966 ( 2)  1.000
 154 R   0.13351 0.86649 ( 2)  0.881
 155 T   0.01604 0.98396 ( 2)  0.986
 156 -   0.63878 0.36122 ( 1)  0.431
 157 -   0.09697 0.90303 ( 2)  0.914
 158 -   0.50593 0.49407 ( 1)  0.549
 159 N   0.99996 0.00004 ( 1)  0.109
 160 K   0.00780 0.99220 ( 2)  0.993
 161 P   0.99988 0.00012 ( 1)  0.109
 162 V   0.85334 0.14666 ( 1)  0.240
 163 V   0.99994 0.00006 ( 1)  0.109
 164 R   0.40417 0.59583 ( 2)  0.640
 165 T   0.99857 0.00143 ( 1)  0.110
 166 D   0.99979 0.00021 ( 1)  0.109
 167 F   0.99994 0.00006 ( 1)  0.109
 168 D   0.99806 0.00194 ( 1)  0.111
 169 F   0.99996 0.00004 ( 1)  0.109
 170 L   0.99390 0.00610 ( 1)  0.115
 171 T   0.11289 0.88711 ( 2)  0.899
 172 N   0.99631 0.00369 ( 1)  0.112
 173 K   0.99768 0.00232 ( 1)  0.111
 174 E   0.22380 0.77620 ( 2)  0.801
 175 G   0.60368 0.39632 ( 1)  0.462
 176 T   0.98969 0.01031 ( 1)  0.118
 177 E   0.38054 0.61946 ( 2)  0.661
 178 L   0.08131 0.91869 ( 2)  0.928
 179 A   0.37340 0.62660 ( 2)  0.667
 180 K   0.98931 0.01069 ( 1)  0.119
 181 Y   0.92213 0.07787 ( 1)  0.179
 182 N   0.99941 0.00059 ( 1)  0.110
 183 D   0.98993 0.01007 ( 1)  0.118
 184 Y   0.99952 0.00048 ( 1)  0.110
 185 N   0.98999 0.01001 ( 1)  0.118
 186 H   0.99989 0.00011 ( 1)  0.109
 187 I   0.99994 0.00006 ( 1)  0.109
 188 L   0.99400 0.00600 ( 1)  0.114
 189 S   0.99186 0.00814 ( 1)  0.116
 190 Y   0.89363 0.10637 ( 1)  0.204
 191 M   0.58028 0.41972 ( 1)  0.483
 192 L   0.99278 0.00722 ( 1)  0.116
 193 I   0.22417 0.77583 ( 2)  0.800
 194 N   0.99377 0.00623 ( 1)  0.115
 195 -   0.90528 0.09472 ( 1)  0.194
 196 -   0.92655 0.07345 ( 1)  0.175
 197 -   0.79453 0.20547 ( 1)  0.292
 198 G   0.67272 0.32728 ( 1)  0.401
 199 E   0.01509 0.98491 ( 2)  0.987
 200 T   0.99287 0.00713 ( 1)  0.115
 201 F   0.28926 0.71074 ( 2)  0.742
 202 G   0.98690 0.01310 ( 1)  0.121
 203 Q   0.70208 0.29792 ( 1)  0.375
 204 K   0.84045 0.15955 ( 1)  0.251
 205 R   0.54032 0.45968 ( 1)  0.519
 206 H   0.99446 0.00554 ( 1)  0.114
 207 G   0.99972 0.00028 ( 1)  0.109
 208 Y   0.99988 0.00012 ( 1)  0.109
 209 S   0.90142 0.09858 ( 1)  0.197
 210 F   0.99996 0.00004 ( 1)  0.109
 211 A   0.99668 0.00332 ( 1)  0.112
 212 F   0.99994 0.00006 ( 1)  0.109
 213 T   0.99724 0.00276 ( 1)  0.112
 214 H   0.99998 0.00002 ( 1)  0.109
 215 S   0.99999 0.00001 ( 1)  0.109
 216 S   0.99818 0.00182 ( 1)  0.111


lnL = -3723.164044

