Supplemental results for CODEML (seqf: algn  treef: tree)


dN/dS (w) for site classes (K=8)

p:   0.12500  0.12500  0.12500  0.12500  0.12500  0.12500  0.12500  0.12500
w:   0.00971  0.07393  0.18609  0.33417  0.50467  0.68172  0.84588  0.97018

Naive Empirical Bayes (NEB) probabilities for 8 classes & postmean_w
(amino acids refer to 1st sequence: BT_Cry30Da1)

   1 -   0.04387 0.20498 0.23613 0.17629 0.12028 0.08736 0.06989 0.06121 ( 3)  0.357
   2 -   0.00048 0.02113 0.08394 0.15274 0.19033 0.19555 0.18440 0.17143 ( 6)  0.620
   3 -   0.53879 0.28655 0.10640 0.03660 0.01483 0.00774 0.00509 0.00401 ( 1)  0.079
   4 R   0.30093 0.53438 0.13980 0.02067 0.00317 0.00069 0.00024 0.00013 ( 2)  0.078
   5 I   0.84303 0.14485 0.01097 0.00093 0.00015 0.00004 0.00002 0.00001 ( 1)  0.021
   6 T   0.75567 0.21003 0.02973 0.00372 0.00061 0.00016 0.00006 0.00004 ( 1)  0.030
   7 Q   0.00148 0.20371 0.46062 0.23893 0.06707 0.01787 0.00657 0.00376 ( 3)  0.236
   8 I   0.02191 0.29235 0.24766 0.14837 0.10039 0.07490 0.06089 0.05354 ( 2)  0.323
   9 P   0.23196 0.54049 0.19010 0.03177 0.00450 0.00082 0.00024 0.00012 ( 2)  0.091
  10 A   0.02269 0.37498 0.35111 0.14749 0.05545 0.02458 0.01385 0.00987 ( 2)  0.209
  11 V   0.03339 0.46922 0.33211 0.10286 0.03220 0.01430 0.00892 0.00700 ( 2)  0.172
  12 K   0.85332 0.13782 0.00835 0.00045 0.00004 0.00001 0.00000 0.00000 ( 1)  0.020
  13 A   0.03481 0.48046 0.32713 0.09632 0.02987 0.01410 0.00950 0.00782 ( 2)  0.169
  14 H   0.00015 0.09847 0.31395 0.24073 0.14039 0.08854 0.06439 0.05338 ( 3)  0.384
  15 Y   0.00000 0.00000 0.00050 0.01205 0.06539 0.17320 0.31222 0.43664 ( 8)  0.843
  16 L   0.00060 0.02439 0.08683 0.14447 0.17534 0.18725 0.19048 0.19065 ( 8)  0.628
  17 S   0.00022 0.03589 0.12720 0.16041 0.16201 0.16493 0.17154 0.17782 ( 8)  0.592
  18 A   0.00000 0.00012 0.00492 0.03150 0.09388 0.18871 0.29585 0.38502 ( 8)  0.811
  19 T   0.00000 0.00183 0.02580 0.08045 0.14473 0.20572 0.25507 0.28640 ( 8)  0.739
  20 A   0.00003 0.02773 0.16226 0.21908 0.19268 0.15724 0.12941 0.11158 ( 4)  0.528
  21 K   0.00000 0.00978 0.13408 0.25639 0.22760 0.16184 0.11682 0.09349 ( 4)  0.526
  22 V   0.78158 0.19405 0.02202 0.00203 0.00024 0.00005 0.00002 0.00001 ( 1)  0.027
  23 I   0.84363 0.14495 0.01038 0.00082 0.00014 0.00005 0.00002 0.00002 ( 1)  0.021
  24 A   0.00000 0.01155 0.13390 0.23820 0.22175 0.16900 0.12560 0.10000 ( 4)  0.536
  25 G   0.01947 0.37469 0.39247 0.15122 0.04216 0.01248 0.00483 0.00268 ( 3)  0.188
  26 P   0.17193 0.51727 0.24607 0.05264 0.00901 0.00198 0.00070 0.00039 ( 2)  0.110
  27 G   0.74246 0.22183 0.03180 0.00342 0.00041 0.00007 0.00002 0.00001 ( 1)  0.031
  28 H   0.00000 0.00873 0.16325 0.31005 0.23343 0.13742 0.08527 0.06185 ( 4)  0.478
  29 T   0.00123 0.13505 0.26387 0.19051 0.13231 0.10479 0.09021 0.08203 ( 3)  0.417
  30 G   0.73802 0.22690 0.03187 0.00292 0.00025 0.00003 0.00001 0.00000 ( 1)  0.031
  31 G   0.52065 0.29809 0.12144 0.04088 0.01272 0.00405 0.00147 0.00070 ( 1)  0.074
  32 D   0.00767 0.42937 0.33151 0.11156 0.04860 0.02980 0.02242 0.01907 ( 2)  0.213
  33 L   0.05463 0.39894 0.36068 0.13246 0.03594 0.01066 0.00426 0.00244 ( 2)  0.173
  34 V   0.03724 0.50836 0.32300 0.08621 0.02461 0.01030 0.00595 0.00434 ( 2)  0.156
  35 A   0.00000 0.00892 0.11705 0.22621 0.22143 0.17606 0.13688 0.11345 ( 4)  0.556
  36 L   0.00001 0.01086 0.10102 0.20324 0.21826 0.18590 0.15146 0.12926 ( 5)  0.578
  37 I   0.00003 0.03051 0.20523 0.26353 0.19043 0.12975 0.09788 0.08264 ( 4)  0.476
  38 -   0.12500 0.12500 0.12500 0.12500 0.12500 0.12500 0.12500 0.12500 ( 8)  0.451
  39 -   0.12500 0.12500 0.12500 0.12500 0.12500 0.12500 0.12500 0.12500 ( 8)  0.451
  40 -   0.12500 0.12500 0.12500 0.12500 0.12500 0.12500 0.12500 0.12500 ( 8)  0.451
  41 -   0.12500 0.12500 0.12500 0.12500 0.12500 0.12500 0.12500 0.12500 ( 8)  0.451
  42 N   0.00006 0.05177 0.24709 0.24851 0.16531 0.11515 0.09145 0.08065 ( 4)  0.450
  43 D   0.00020 0.03295 0.13157 0.19059 0.19146 0.17019 0.14881 0.13424 ( 5)  0.559
  44 G   0.00049 0.05907 0.13688 0.14373 0.15059 0.16142 0.17091 0.17690 ( 8)  0.580
  45 S   0.00000 0.00002 0.00362 0.04285 0.13367 0.22449 0.28314 0.31222 ( 8)  0.778
  46 R   0.00000 0.00018 0.00877 0.05037 0.12360 0.20673 0.28004 0.33031 ( 8)  0.779
  47 T   0.00000 0.00617 0.08707 0.20943 0.23541 0.19321 0.14832 0.12037 ( 5)  0.579
  48 G   0.00003 0.03074 0.19972 0.26381 0.19918 0.13465 0.09586 0.07601 ( 4)  0.475
  49 S   0.00000 0.00983 0.09175 0.15905 0.17673 0.18350 0.18820 0.19095 ( 8)  0.630
  50 M   0.00021 0.05664 0.26121 0.28829 0.18136 0.10192 0.06341 0.04697 ( 4)  0.409
  51 N   0.00000 0.00002 0.00277 0.03176 0.11096 0.21144 0.29530 0.34775 ( 8)  0.798
  52 I   0.03259 0.42406 0.29588 0.11330 0.05265 0.03311 0.02571 0.02270 ( 2)  0.217
  53 E   0.00000 0.00362 0.09363 0.23075 0.23150 0.18074 0.14101 0.11874 ( 5)  0.569
  54 C   0.00002 0.02807 0.22299 0.31840 0.21468 0.11346 0.06195 0.04042 ( 4)  0.427
  55 K   0.00053 0.09702 0.34691 0.30514 0.14476 0.05971 0.02839 0.01755 ( 3)  0.329
  56 T   0.00004 0.04296 0.23428 0.26105 0.17664 0.11762 0.08962 0.07778 ( 4)  0.455
  57 G   0.00000 0.00085 0.02906 0.10579 0.17137 0.21177 0.23502 0.24614 ( 8)  0.709
  58 S   0.00000 0.00005 0.00390 0.03516 0.11371 0.21272 0.29353 0.34093 ( 8)  0.794
  59 F   0.00000 0.00018 0.00751 0.04730 0.12599 0.21425 0.28286 0.32191 ( 8)  0.778
  60 T   0.00172 0.05786 0.15703 0.19539 0.18075 0.15421 0.13298 0.12006 ( 4)  0.524
  61 Q   0.13803 0.13597 0.13246 0.12799 0.12304 0.11813 0.11378 0.11060 ( 1)  0.425
  62 P   0.14088 0.13833 0.13400 0.12852 0.12252 0.11662 0.11144 0.10769 ( 1)  0.420
  63 S   0.00000 0.00002 0.00288 0.03359 0.11302 0.21119 0.29355 0.34575 ( 8)  0.797
  64 R   0.00000 0.00867 0.11375 0.22130 0.21814 0.17673 0.14128 0.12013 ( 4)  0.562
  65 R   0.00103 0.12372 0.30014 0.24833 0.14526 0.08391 0.05509 0.04252 ( 3)  0.366
  66 F   0.30134 0.53600 0.13797 0.02045 0.00323 0.00069 0.00021 0.00010 ( 2)  0.077
  67 G   0.00000 0.00051 0.02465 0.12550 0.22412 0.24049 0.20883 0.17590 ( 6)  0.671
  68 L   0.00001 0.01205 0.12888 0.24580 0.22857 0.16685 0.12109 0.09675 ( 4)  0.532
  69 R   0.75389 0.21379 0.02880 0.00303 0.00038 0.00008 0.00002 0.00001 ( 1)  0.030
  70 M   0.39316 0.51018 0.08530 0.00915 0.00141 0.00042 0.00022 0.00015 ( 2)  0.062
  71 R   0.68583 0.25352 0.05107 0.00787 0.00128 0.00028 0.00010 0.00005 ( 1)  0.038
  72 Y   0.81882 0.16710 0.01324 0.00077 0.00006 0.00001 0.00000 0.00000 ( 1)  0.023
  73 A   0.75338 0.21211 0.03008 0.00366 0.00056 0.00013 0.00005 0.00003 ( 1)  0.030
  74 E   0.00175 0.20207 0.39385 0.22529 0.09428 0.04253 0.02363 0.01659 ( 3)  0.276
  75 N   0.05758 0.60106 0.27307 0.05289 0.01043 0.00295 0.00125 0.00077 ( 2)  0.123
  76 N   0.00000 0.00523 0.08575 0.20552 0.23089 0.19550 0.15299 0.12411 ( 5)  0.585
  77 Q   0.00000 0.00248 0.06443 0.19685 0.23527 0.20102 0.16216 0.13780 ( 5)  0.605
  78 F   0.00000 0.01860 0.21629 0.31791 0.21021 0.11646 0.07024 0.05030 ( 4)  0.442
  79 S   0.00000 0.00174 0.03194 0.11747 0.19823 0.22726 0.21976 0.20360 ( 6)  0.684
  80 V   0.23951 0.53845 0.18423 0.03166 0.00484 0.00092 0.00026 0.00011 ( 2)  0.090
  81 S   0.00000 0.00158 0.05272 0.18972 0.24663 0.21143 0.16398 0.13393 ( 5)  0.611
  82 I   0.00003 0.02634 0.16940 0.24709 0.20765 0.14951 0.11032 0.08966 ( 4)  0.503
  83 L   0.00000 0.00000 0.00045 0.00760 0.04561 0.14811 0.31434 0.48389 ( 8)  0.862
  84 R   0.00000 0.00011 0.01142 0.08287 0.18259 0.23576 0.24612 0.24113 ( 7)  0.725
  85 D   0.00000 0.00002 0.00189 0.02010 0.07831 0.18129 0.30604 0.41234 ( 8)  0.829
  86 N   0.00000 0.00000 0.00082 0.01186 0.05751 0.15947 0.31037 0.45997 ( 8)  0.851
  87 Q   0.00000 0.00354 0.04106 0.11017 0.16657 0.20336 0.22905 0.24624 ( 8)  0.700
  88 -   0.12500 0.12500 0.12500 0.12500 0.12500 0.12500 0.12500 0.12500 ( 8)  0.451
  89 G   0.00000 0.00082 0.01905 0.07810 0.15610 0.21840 0.25493 0.27260 ( 8)  0.737
  90 V   0.00000 0.00016 0.01020 0.05863 0.13241 0.20682 0.27220 0.31957 ( 8)  0.770
  91 G   0.00002 0.02107 0.13507 0.19546 0.18107 0.16140 0.15332 0.15257 ( 4)  0.571
  92 T   0.00000 0.00001 0.00131 0.01942 0.08289 0.18930 0.30692 0.40016 ( 8)  0.825
  93 F   0.00000 0.00389 0.08095 0.19659 0.21741 0.19264 0.16431 0.14421 ( 5)  0.601
  94 N   0.00000 0.00023 0.01022 0.05584 0.13352 0.21504 0.27596 0.30919 ( 8)  0.768
  95 I   0.00000 0.00001 0.00213 0.02709 0.10242 0.20811 0.30124 0.35900 ( 8)  0.806
  96 E   0.00000 0.00483 0.05641 0.12393 0.17126 0.20280 0.21849 0.22228 ( 8)  0.677
  97 R   0.00019 0.11645 0.41096 0.26742 0.10810 0.04856 0.02801 0.02032 ( 3)  0.306
  98 T   0.00003 0.02800 0.16710 0.23257 0.20289 0.15442 0.11787 0.09713 ( 4)  0.512
  99 F   0.02316 0.40268 0.37706 0.13582 0.03856 0.01293 0.00597 0.00380 ( 2)  0.183
 100 S   0.23484 0.51937 0.19016 0.04121 0.00934 0.00291 0.00133 0.00085 ( 2)  0.098
 101 R   0.00050 0.12105 0.44302 0.30768 0.09568 0.02303 0.00637 0.00266 ( 3)  0.266
 102 T   0.00044 0.07275 0.24361 0.24963 0.17411 0.11452 0.08078 0.06416 ( 4)  0.431
 103 N   0.15201 0.14732 0.13955 0.13005 0.12008 0.11072 0.10287 0.09739 ( 1)  0.399
 104 N   0.15201 0.14732 0.13955 0.13005 0.12008 0.11072 0.10287 0.09739 ( 1)  0.399
 105 I   0.14443 0.14120 0.13578 0.12902 0.12175 0.11474 0.10869 0.10439 ( 1)  0.413
 106 I   0.00000 0.00075 0.02913 0.12569 0.21018 0.22927 0.21250 0.19248 ( 6)  0.676
 107 P   0.01364 0.27688 0.35281 0.19676 0.08657 0.03915 0.02064 0.01356 ( 3)  0.253
 108 T   0.00000 0.00059 0.02136 0.09255 0.17419 0.22486 0.24282 0.24363 ( 8)  0.718
 109 D   0.00000 0.00058 0.03583 0.15618 0.22982 0.22216 0.19026 0.16518 ( 5)  0.648
 110 L   0.11967 0.38416 0.27412 0.12815 0.05307 0.02270 0.01120 0.00693 ( 2)  0.182
 111 K   0.05504 0.58715 0.27777 0.05875 0.01338 0.00442 0.00211 0.00138 ( 2)  0.128
 112 Y   0.28408 0.53872 0.14961 0.02284 0.00358 0.00078 0.00026 0.00014 ( 2)  0.081
 113 N   0.07601 0.62278 0.23088 0.04764 0.01268 0.00508 0.00286 0.00208 ( 2)  0.120
 114 E   0.00267 0.09494 0.24872 0.25992 0.17934 0.10660 0.06407 0.04374 ( 4)  0.400
 115 F   0.85178 0.14025 0.00765 0.00029 0.00002 0.00000 0.00000 0.00000 ( 1)  0.020
 116 K   0.00006 0.05370 0.29678 0.32261 0.18029 0.08238 0.04004 0.02414 ( 4)  0.371
 117 Y   0.78842 0.18948 0.02020 0.00170 0.00017 0.00003 0.00001 0.00000 ( 1)  0.026
 118 N   0.00000 0.00159 0.03490 0.12495 0.20217 0.22520 0.21422 0.19697 ( 6)  0.676
 119 N   0.00000 0.00529 0.09170 0.22231 0.23935 0.18948 0.14066 0.11122 ( 5)  0.569
 120 Y   0.14333 0.14033 0.13526 0.12890 0.12201 0.11532 0.10951 0.10534 ( 1)  0.415
 121 D   0.00001 0.01253 0.10361 0.19552 0.21068 0.18548 0.15615 0.13603 ( 5)  0.582
 122 E   0.00000 0.00119 0.02752 0.09662 0.16278 0.20972 0.24156 0.26062 ( 8)  0.720
 123 I   0.00001 0.01001 0.11350 0.23404 0.23276 0.17690 0.12971 0.10307 ( 4)  0.548
 124 T   0.00000 0.00020 0.01145 0.07069 0.16164 0.22895 0.25929 0.26777 ( 8)  0.743
 125 M   0.00000 0.00625 0.08972 0.19251 0.20747 0.18682 0.16577 0.15145 ( 5)  0.601
 126 D   0.00000 0.00232 0.03861 0.11041 0.16900 0.20651 0.22993 0.24321 ( 8)  0.701
 127 L   0.00000 0.00001 0.00145 0.02393 0.10007 0.20797 0.30286 0.36372 ( 8)  0.810
 128 P   0.00000 0.00010 0.00804 0.06033 0.15021 0.22571 0.26879 0.28682 ( 8)  0.757
 129 P   0.00000 0.00000 0.00139 0.02335 0.09890 0.20776 0.30394 0.36466 ( 8)  0.810
 130 N   0.00000 0.00286 0.04142 0.11046 0.16808 0.20704 0.22978 0.24035 ( 8)  0.698
 131 K   0.00000 0.00630 0.11642 0.26988 0.24852 0.16577 0.11006 0.08305 ( 4)  0.524
 132 I   0.37473 0.50521 0.09670 0.01535 0.00418 0.00185 0.00113 0.00086 ( 2)  0.069
 133 I   0.00000 0.00009 0.00325 0.01923 0.06700 0.16464 0.30454 0.44124 ( 8)  0.839
 134 D   0.00000 0.00013 0.00869 0.05161 0.12588 0.20981 0.28029 0.32360 ( 8)  0.776
 135 -   0.00069 0.02703 0.09276 0.15032 0.17799 0.18534 0.18433 0.18153 ( 6)  0.618
 136 -   0.00032 0.01428 0.05965 0.11835 0.16685 0.19847 0.21653 0.22555 ( 8)  0.673
 137 -   0.13552 0.13387 0.13106 0.12745 0.12345 0.11946 0.11590 0.11330 ( 1)  0.430
 138 I   0.00020 0.03185 0.12547 0.18115 0.18549 0.17151 0.15709 0.14725 ( 5)  0.573
 139 R   0.00000 0.00008 0.00644 0.04828 0.12692 0.20921 0.27933 0.32974 ( 8)  0.780
 140 I   0.00000 0.00210 0.02707 0.08461 0.15158 0.20900 0.25038 0.27526 ( 8)  0.731
 141 Q   0.00022 0.04059 0.16609 0.20571 0.17302 0.14523 0.13508 0.13405 ( 4)  0.533
 142 Q   0.00000 0.00020 0.00772 0.04684 0.12166 0.20772 0.28262 0.33324 ( 8)  0.782
 143 T   0.00902 0.20779 0.31108 0.20702 0.11441 0.06775 0.04624 0.03669 ( 3)  0.321
 144 N   0.00000 0.00082 0.02285 0.09429 0.17057 0.21729 0.24115 0.25304 ( 8)  0.720
 145 S   0.00000 0.00357 0.03663 0.09552 0.15371 0.20293 0.24116 0.26648 ( 8)  0.717
 146 L   0.00000 0.00018 0.01411 0.08507 0.17325 0.22572 0.24748 0.25419 ( 8)  0.728
 147 S   0.00000 0.00490 0.07372 0.17974 0.21437 0.19916 0.17368 0.15443 ( 5)  0.615
 148 I   0.00000 0.00000 0.00068 0.01360 0.07130 0.18353 0.31439 0.41649 ( 8)  0.836
 149 N   0.00000 0.00374 0.08865 0.21604 0.22748 0.18680 0.14985 0.12744 ( 5)  0.582
 150 Q   0.00002 0.04013 0.26818 0.28790 0.18078 0.10608 0.06745 0.04946 ( 4)  0.418
 151 F   0.00005 0.04651 0.24425 0.27318 0.18275 0.11360 0.07793 0.06174 ( 4)  0.436
 152 I   0.00867 0.18946 0.29676 0.22418 0.13306 0.07464 0.04377 0.02947 ( 3)  0.328
 153 I   0.33722 0.49330 0.11548 0.02751 0.01144 0.00666 0.00466 0.00373 ( 2)  0.088
 154 D   0.84062 0.14777 0.01083 0.00070 0.00006 0.00001 0.00000 0.00000 ( 1)  0.021
 155 R   0.00293 0.27461 0.40688 0.18586 0.06964 0.03088 0.01722 0.01199 ( 3)  0.241
 156 I   0.02908 0.39855 0.31111 0.13235 0.05966 0.03234 0.02093 0.01599 ( 2)  0.217
 157 E   0.77347 0.19974 0.02418 0.00230 0.00025 0.00004 0.00001 0.00000 ( 1)  0.028
 158 F   0.29299 0.53513 0.14501 0.02242 0.00347 0.00069 0.00020 0.00009 ( 2)  0.079
 159 Y   0.02114 0.35220 0.33528 0.15126 0.06597 0.03460 0.02229 0.01724 ( 2)  0.232
 160 P   0.62217 0.27847 0.07487 0.01649 0.00430 0.00174 0.00108 0.00087 ( 1)  0.051


lnL = -2943.192579

