Supplemental results for CODEML (seqf: algn  treef: tree)


dN/dS (w) for site classes (K=3)

p:   0.35705  0.52634  0.11660
w:   0.15166  1.00000  3.60394

Naive Empirical Bayes (NEB) probabilities for 3 classes & postmean_w & P(w>1)
(amino acids refer to 1st sequence: BT_Cry1Be1)

   1 -   0.90281 0.09626 0.00093 ( 1)  0.237  0.001
   2 S   0.00272 0.99697 0.00031 ( 2)  0.999  0.000
   3 D   1.00000 0.00000 0.00000 ( 1)  0.152  0.000
   4 S   0.00335 0.99665 0.00000 ( 2)  0.997  0.000
   5 I   1.00000 0.00000 0.00000 ( 1)  0.152  0.000
   6 T   0.94530 0.05470 0.00000 ( 1)  0.198  0.000
   7 Q   0.99999 0.00001 0.00000 ( 1)  0.152  0.000
   8 I   0.99999 0.00001 0.00000 ( 1)  0.152  0.000
   9 P   0.99966 0.00034 0.00000 ( 1)  0.152  0.000
  10 L   0.99625 0.00375 0.00000 ( 1)  0.155  0.000
  11 V   0.99963 0.00037 0.00000 ( 1)  0.152  0.000
  12 K   0.99998 0.00002 0.00000 ( 1)  0.152  0.000
  13 S   0.99720 0.00280 0.00000 ( 1)  0.154  0.000
  14 F   0.00328 0.99671 0.00000 ( 2)  0.997  0.000
  15 N   0.00000 0.99548 0.00452 ( 2)  1.012  0.005
  16 L   0.63279 0.36720 0.00001 ( 1)  0.463  0.000
  17 N   0.01342 0.95136 0.03522 ( 2)  1.080  0.035
  18 S   0.24549 0.74215 0.01237 ( 2)  0.824  0.012
  19 -   0.35705 0.52634 0.11660 ( 2)  1.001  0.117
  20 -   0.00975 0.98176 0.00849 ( 2)  1.014  0.008
  21 -   0.00016 0.84819 0.15165 ( 2)  1.395  0.152
  22 -   0.00000 0.00373 0.99627 ( 3)  3.594  0.996
  23 -   0.58471 0.41428 0.00101 ( 1)  0.507  0.001
  24 -   0.35705 0.52634 0.11660 ( 2)  1.001  0.117
  25 -   0.35705 0.52634 0.11660 ( 2)  1.001  0.117
  26 G   0.00020 0.98738 0.01242 ( 2)  1.032  0.012
  27 T   0.01289 0.98709 0.00002 ( 2)  0.989  0.000
  28 S   0.00000 0.05080 0.94920 ( 3)  3.472  0.949
  29 V   0.99998 0.00002 0.00000 ( 1)  0.152  0.000
  30 V   0.01861 0.98049 0.00090 ( 2)  0.987  0.001
  31 S   0.00220 0.99780 0.00000 ( 2)  0.998  0.000
  32 G   0.99989 0.00011 0.00000 ( 1)  0.152  0.000
  33 P   0.99983 0.00017 0.00000 ( 1)  0.152  0.000
  34 G   1.00000 0.00000 0.00000 ( 1)  0.152  0.000
  35 F   0.00005 0.99963 0.00032 ( 2)  1.001  0.000
  36 T   1.00000 0.00000 0.00000 ( 1)  0.152  0.000
  37 G   0.99999 0.00001 0.00000 ( 1)  0.152  0.000
  38 G   0.99990 0.00010 0.00000 ( 1)  0.152  0.000
  39 D   0.99999 0.00001 0.00000 ( 1)  0.152  0.000
  40 I   0.95626 0.04374 0.00000 ( 1)  0.189  0.000
  41 I   0.99902 0.00098 0.00000 ( 1)  0.152  0.000
  42 R   0.00004 0.98888 0.01109 ( 2)  1.029  0.011
  43 T   0.99516 0.00484 0.00000 ( 1)  0.156  0.000
  44 N   0.00000 0.95194 0.04806 ( 2)  1.125  0.048
  45 V   0.06777 0.86922 0.06301 ( 2)  1.107  0.063
  46 N   0.00000 0.99650 0.00350 ( 2)  1.009  0.003
  47 G   0.00000 0.82025 0.17975 ( 2)  1.468  0.180
  48 S   0.00000 0.98169 0.01831 ( 2)  1.048  0.018
  49 V   0.07369 0.92631 0.00000 ( 2)  0.937  0.000
  50 L   0.70425 0.29575 0.00000 ( 1)  0.403  0.000
  51 S   0.00038 0.99961 0.00001 ( 2)  1.000  0.000
  52 -   0.35705 0.52634 0.11660 ( 2)  1.001  0.117
  53 M   0.59036 0.40964 0.00000 ( 1)  0.499  0.000
  54 G   0.54898 0.45102 0.00000 ( 1)  0.534  0.000
  55 L   0.64009 0.35991 0.00000 ( 1)  0.457  0.000
  56 N   0.00001 0.99621 0.00378 ( 2)  1.010  0.004
  57 F   0.00099 0.99901 0.00000 ( 2)  0.999  0.000
  58 N   0.31482 0.65247 0.03271 ( 2)  0.818  0.033
  59 -   0.20285 0.75055 0.04660 ( 2)  0.949  0.047
  60 -   0.70523 0.29150 0.00327 ( 1)  0.410  0.003
  61 -   0.07197 0.84805 0.07998 ( 2)  1.147  0.080
  62 -   0.04412 0.85342 0.10246 ( 2)  1.229  0.102
  63 -   0.08595 0.85316 0.06089 ( 2)  1.086  0.061
  64 -   0.02915 0.87264 0.09821 ( 2)  1.231  0.098
  65 N   0.00004 0.99992 0.00004 ( 2)  1.000  0.000
  66 T   0.00000 0.01235 0.98765 ( 3)  3.572  0.988
  67 S   0.00030 0.97117 0.02853 ( 2)  1.074  0.029
  68 L   0.00378 0.99622 0.00001 ( 2)  0.997  0.000
  69 Q   0.99910 0.00090 0.00000 ( 1)  0.152  0.000
  70 R   0.97397 0.02603 0.00000 ( 1)  0.174  0.000
  71 Y   0.99843 0.00157 0.00000 ( 1)  0.153  0.000
  72 R   0.51428 0.48572 0.00000 ( 1)  0.564  0.000
  73 V   0.99946 0.00054 0.00000 ( 1)  0.152  0.000
  74 R   0.99999 0.00001 0.00000 ( 1)  0.152  0.000
  75 V   0.56291 0.43709 0.00000 ( 1)  0.522  0.000
  76 R   0.66980 0.33019 0.00001 ( 1)  0.432  0.000
  77 Y   1.00000 0.00000 0.00000 ( 1)  0.152  0.000
  78 A   0.45120 0.54870 0.00010 ( 2)  0.617  0.000
  79 A   0.17362 0.82638 0.00000 ( 2)  0.853  0.000
  80 S   0.00000 0.00206 0.99794 ( 3)  3.599  0.998
  81 Q   0.00000 0.27547 0.72453 ( 3)  2.887  0.725
  82 T   0.00000 0.48852 0.51148 ( 3)  2.332  0.511
  83 M   0.06325 0.93675 0.00000 ( 2)  0.946  0.000
  84 V   0.00000 0.00233 0.99767 ( 3)  3.598  0.998
  85 L   0.00000 0.98456 0.01544 ( 2)  1.040  0.015
  86 R   0.00000 0.00557 0.99443 ( 3)  3.589  0.994
  87 V   0.15796 0.84204 0.00000 ( 2)  0.866  0.000
  88 T   0.00000 0.98472 0.01528 ( 2)  1.040  0.015
  89 V   0.01594 0.98406 0.00000 ( 2)  0.986  0.000
  90 -   0.35705 0.52634 0.11660 ( 2)  1.001  0.117
  91 -   0.02322 0.97483 0.00195 ( 2)  0.985  0.002
  92 -   0.00071 0.86673 0.13256 ( 2)  1.345  0.133
  93 -   0.00048 0.86886 0.13066 ( 2)  1.340  0.131
  94 G   0.02301 0.97696 0.00002 ( 2)  0.981  0.000
  95 G   0.01106 0.98889 0.00005 ( 2)  0.991  0.000
  96 S   0.00000 0.13903 0.86097 ( 3)  3.242  0.861
  97 T   0.00000 0.01465 0.98535 ( 3)  3.566  0.985
  98 -   0.35705 0.52634 0.11660 ( 2)  1.001  0.117
  99 T   0.00014 0.99975 0.00011 ( 2)  1.000  0.000
 100 F   0.00000 0.00012 0.99988 ( 3)  3.604  1.000
 101 D   0.00000 0.44050 0.55950 ( 3)  2.457  0.560
 102 Q   0.00022 0.99971 0.00007 ( 2)  1.000  0.000
 103 G   0.00000 0.00057 0.99943 ( 3)  3.602  0.999
 104 F   0.00000 0.00434 0.99566 ( 3)  3.593  0.996
 105 P   0.00000 0.98155 0.01844 ( 2)  1.048  0.018
 106 S   0.00000 0.02746 0.97254 ( 3)  3.532  0.973
 107 T   0.00643 0.98216 0.01140 ( 2)  1.024  0.011
 108 M   0.00000 0.99944 0.00056 ( 2)  1.001  0.001
 109 S   0.00000 0.14869 0.85131 ( 3)  3.217  0.851
 110 A   0.00124 0.92784 0.07093 ( 2)  1.184  0.071
 111 N   0.04431 0.95329 0.00241 ( 2)  0.969  0.002
 112 -   0.12838 0.72437 0.14725 ( 2)  1.275  0.147
 113 -   0.52715 0.44809 0.02477 ( 1)  0.617  0.025
 114 -   0.49203 0.47297 0.03501 ( 1)  0.674  0.035
 115 -   0.49203 0.47297 0.03501 ( 1)  0.674  0.035
 116 -   0.59822 0.38389 0.01789 ( 1)  0.539  0.018
 117 E   0.00213 0.93166 0.06620 ( 2)  1.171  0.066
 118 S   0.01057 0.98303 0.00640 ( 2)  1.008  0.006
 119 L   0.15211 0.84693 0.00096 ( 2)  0.873  0.001
 120 T   0.98987 0.01012 0.00001 ( 1)  0.160  0.000
 121 S   0.01142 0.98845 0.00013 ( 2)  0.991  0.000
 122 Q   0.00000 0.99810 0.00190 ( 2)  1.005  0.002
 123 S   0.00033 0.99924 0.00044 ( 2)  1.001  0.000
 124 F   0.99999 0.00001 0.00000 ( 1)  0.152  0.000
 125 R   0.00000 0.97201 0.02798 ( 2)  1.073  0.028
 126 F   0.99997 0.00003 0.00000 ( 1)  0.152  0.000
 127 A   0.06910 0.90652 0.02438 ( 2)  1.005  0.024
 128 -   0.51706 0.45664 0.02629 ( 1)  0.630  0.026
 129 -   0.47099 0.48937 0.03964 ( 2)  0.704  0.040
 130 -   0.01046 0.47547 0.51407 ( 3)  2.330  0.514
 131 -   0.51706 0.45664 0.02629 ( 1)  0.630  0.026
 132 -   0.10140 0.69043 0.20817 ( 2)  1.456  0.208
 133 E   0.22735 0.75738 0.01527 ( 2)  0.847  0.015
 134 F   0.00654 0.99200 0.00146 ( 2)  0.998  0.001
 135 P   0.00028 0.99900 0.00072 ( 2)  1.002  0.001
 136 V   0.19004 0.80994 0.00002 ( 2)  0.839  0.000
 137 G   0.00397 0.99602 0.00001 ( 2)  0.997  0.000
 138 I   0.87139 0.12861 0.00000 ( 1)  0.261  0.000
 139 S   0.59160 0.40840 0.00000 ( 1)  0.498  0.000
 140 A   0.00299 0.99698 0.00003 ( 2)  0.998  0.000
 141 S   0.00885 0.99115 0.00000 ( 2)  0.992  0.000
 142 G   0.00016 0.99983 0.00001 ( 2)  1.000  0.000
 143 S   0.00067 0.99923 0.00010 ( 2)  1.000  0.000
 144 Q   0.00000 0.99141 0.00859 ( 2)  1.022  0.009
 145 T   0.00003 0.99996 0.00001 ( 2)  1.000  0.000
 146 A   0.99883 0.00117 0.00000 ( 1)  0.153  0.000
 147 G   0.00457 0.99542 0.00000 ( 2)  0.996  0.000
 148 I   0.93310 0.06690 0.00000 ( 1)  0.208  0.000
 149 S   0.95952 0.04048 0.00000 ( 1)  0.186  0.000
 150 I   0.99978 0.00022 0.00000 ( 1)  0.152  0.000
 151 S   0.00000 0.99993 0.00006 ( 2)  1.000  0.000
 152 N   0.99263 0.00737 0.00000 ( 1)  0.158  0.000
 153 N   0.00006 0.99952 0.00042 ( 2)  1.001  0.000
 154 A   0.00000 0.95824 0.04176 ( 2)  1.109  0.042
 155 G   0.07902 0.92062 0.00036 ( 2)  0.934  0.000
 156 R   0.02216 0.94601 0.03184 ( 2)  1.064  0.032
 157 Q   0.00000 0.05613 0.94387 ( 3)  3.458  0.944
 158 T   0.00000 0.22676 0.77324 ( 3)  3.013  0.773
 159 F   0.60990 0.39010 0.00000 ( 1)  0.483  0.000
 160 H   0.00023 0.94811 0.05166 ( 2)  1.134  0.052
 161 F   0.64786 0.35213 0.00000 ( 1)  0.450  0.000
 162 D   0.99984 0.00016 0.00000 ( 1)  0.152  0.000
 163 K   0.99991 0.00009 0.00000 ( 1)  0.152  0.000
 164 I   0.99647 0.00353 0.00000 ( 1)  0.155  0.000
 165 E   0.99999 0.00001 0.00000 ( 1)  0.152  0.000
 166 F   0.99863 0.00137 0.00000 ( 1)  0.153  0.000
 167 I   0.97755 0.02245 0.00000 ( 1)  0.171  0.000
 168 -   0.53349 0.44208 0.02443 ( 1)  0.611  0.024

Positively selected sites

	Prob(w>1)  mean w

    22 -      0.996**       3.594
    28 S      0.949         3.472
    66 T      0.988*        3.572
    80 S      0.998**       3.599
    81 Q      0.725         2.887
    82 T      0.511         2.332
    84 V      0.998**       3.598
    86 R      0.994**       3.589
    96 S      0.861         3.242
    97 T      0.985*        3.566
   100 F      1.000**       3.604
   101 D      0.560         2.457
   103 G      0.999**       3.602
   104 F      0.996**       3.593
   106 S      0.973*        3.532
   109 S      0.851         3.217
   130 -      0.514         2.330
   157 Q      0.944         3.458
   158 T      0.773         3.013


lnL = -6466.495100

Bayes Empirical Bayes (BEB) probabilities for 3 classes (class) & postmean_w
(amino acids refer to 1st sequence: BT_Cry1Be1)

   1 -   0.90149 0.09739 0.00112 ( 1)  0.237 +-  0.276
   2 S   0.00257 0.99698 0.00045 ( 2)  0.999 +-  0.068
   3 D   1.00000 0.00000 0.00000 ( 1)  0.150 +-  0.001
   4 S   0.00312 0.99687 0.00000 ( 2)  0.997 +-  0.048
   5 I   1.00000 0.00000 0.00000 ( 1)  0.150 +-  0.002
   6 T   0.94362 0.05637 0.00000 ( 1)  0.198 +-  0.196
   7 Q   0.99999 0.00001 0.00000 ( 1)  0.150 +-  0.003
   8 I   0.99999 0.00001 0.00000 ( 1)  0.150 +-  0.003
   9 P   0.99966 0.00034 0.00000 ( 1)  0.150 +-  0.016
  10 L   0.99618 0.00382 0.00000 ( 1)  0.153 +-  0.052
  11 V   0.99963 0.00037 0.00000 ( 1)  0.150 +-  0.016
  12 K   0.99998 0.00002 0.00000 ( 1)  0.150 +-  0.004
  13 S   0.99710 0.00290 0.00000 ( 1)  0.152 +-  0.046
  14 F   0.00307 0.99693 0.00001 ( 2)  0.997 +-  0.047
  15 N   0.00000 0.99385 0.00615 ( 2)  1.015 +-  0.195
  16 L   0.62158 0.37841 0.00001 ( 1)  0.472 +-  0.412
  17 N   0.01296 0.94430 0.04274 ( 2)  1.097 +-  0.526
  18 S   0.24054 0.74425 0.01520 ( 2)  0.834 +-  0.494
  19 -   0.34944 0.51783 0.13273 ( 2)  1.046 +-  1.072
  20 -   0.00946 0.97944 0.01111 ( 2)  1.020 +-  0.276
  21 -   0.00015 0.82530 0.17455 ( 2)  1.446 +-  0.975
  22 -   0.00000 0.00367 0.99633 ( 3)  3.588 +-  0.349
  23 -   0.58077 0.41793 0.00130 ( 1)  0.510 +-  0.433
  24 -   0.34944 0.51783 0.13273 ( 2)  1.046 +-  1.072
  25 -   0.34944 0.51783 0.13273 ( 2)  1.046 +-  1.072
  26 G   0.00019 0.98404 0.01577 ( 2)  1.039 +-  0.314
  27 T   0.01218 0.98779 0.00003 ( 2)  0.990 +-  0.094
  28 S   0.00000 0.05062 0.94938 ( 3)  3.460 +-  0.640
  29 V   0.99998 0.00002 0.00000 ( 1)  0.150 +-  0.004
  30 V   0.01780 0.98103 0.00117 ( 2)  0.988 +-  0.142
  31 S   0.00205 0.99795 0.00001 ( 2)  0.998 +-  0.039
  32 G   0.99989 0.00011 0.00000 ( 1)  0.150 +-  0.009
  33 P   0.99983 0.00017 0.00000 ( 1)  0.150 +-  0.011
  34 G   1.00000 0.00000 0.00000 ( 1)  0.150 +-  0.001
  35 F   0.00005 0.99947 0.00048 ( 2)  1.001 +-  0.054
  36 T   1.00000 0.00000 0.00000 ( 1)  0.150 +-  0.001
  37 G   0.99999 0.00001 0.00000 ( 1)  0.150 +-  0.003
  38 G   0.99990 0.00010 0.00000 ( 1)  0.150 +-  0.009
  39 D   0.99999 0.00001 0.00000 ( 1)  0.150 +-  0.003
  40 I   0.95460 0.04540 0.00000 ( 1)  0.189 +-  0.177
  41 I   0.99900 0.00100 0.00000 ( 1)  0.151 +-  0.027
  42 R   0.00003 0.98506 0.01490 ( 2)  1.037 +-  0.303
  43 T   0.99503 0.00497 0.00000 ( 1)  0.154 +-  0.060
  44 N   0.00000 0.93838 0.06162 ( 2)  1.154 +-  0.604
  45 V   0.06547 0.86085 0.07369 ( 2)  1.133 +-  0.719
  46 N   0.00000 0.99495 0.00505 ( 2)  1.012 +-  0.175
  47 G   0.00000 0.78984 0.21016 ( 2)  1.531 +-  1.034
  48 S   0.00000 0.97647 0.02352 ( 2)  1.059 +-  0.381
  49 V   0.07067 0.92933 0.00000 ( 2)  0.940 +-  0.218
  50 L   0.69638 0.30362 0.00000 ( 1)  0.408 +-  0.391
  51 S   0.00035 0.99963 0.00001 ( 2)  1.000 +-  0.018
  52 -   0.34944 0.51783 0.13273 ( 2)  1.046 +-  1.072
  53 M   0.57846 0.42154 0.00000 ( 1)  0.508 +-  0.420
  54 G   0.53814 0.46186 0.00000 ( 1)  0.543 +-  0.424
  55 L   0.63073 0.36927 0.00000 ( 1)  0.464 +-  0.410
  56 N   0.00001 0.99493 0.00506 ( 2)  1.013 +-  0.177
  57 F   0.00092 0.99907 0.00001 ( 2)  0.999 +-  0.027
  58 N   0.30768 0.65347 0.03885 ( 2)  0.838 +-  0.671
  59 -   0.19823 0.74685 0.05492 ( 2)  0.972 +-  0.710
  60 -   0.70180 0.29418 0.00402 ( 1)  0.414 +-  0.435
  61 -   0.06984 0.83678 0.09338 ( 2)  1.179 +-  0.797
  62 -   0.04274 0.83834 0.11892 ( 2)  1.268 +-  0.863
  63 -   0.08373 0.84461 0.07166 ( 2)  1.112 +-  0.721
  64 -   0.02797 0.85803 0.11400 ( 2)  1.268 +-  0.838
  65 N   0.00004 0.99989 0.00007 ( 2)  1.000 +-  0.021
  66 T   0.00000 0.01192 0.98808 ( 3)  3.566 +-  0.418
  67 S   0.00028 0.96342 0.03630 ( 2)  1.091 +-  0.470
  68 L   0.00357 0.99642 0.00001 ( 2)  0.997 +-  0.051
  69 Q   0.99908 0.00092 0.00000 ( 1)  0.151 +-  0.026
  70 R   0.97264 0.02736 0.00000 ( 1)  0.173 +-  0.139
  71 Y   0.99841 0.00159 0.00000 ( 1)  0.151 +-  0.034
  72 R   0.50216 0.49784 0.00000 ( 1)  0.573 +-  0.425
  73 V   0.99945 0.00055 0.00000 ( 1)  0.150 +-  0.020
  74 R   0.99999 0.00001 0.00000 ( 1)  0.150 +-  0.002
  75 V   0.55024 0.44976 0.00000 ( 1)  0.532 +-  0.423
  76 R   0.66443 0.33555 0.00001 ( 1)  0.435 +-  0.401
  77 Y   1.00000 0.00000 0.00000 ( 1)  0.150 +-  0.002
  78 A   0.43991 0.55995 0.00014 ( 2)  0.626 +-  0.423
  79 A   0.16640 0.83360 0.00000 ( 2)  0.859 +-  0.317
  80 S   0.00000 0.00200 0.99800 ( 3)  3.592 +-  0.332
  81 Q   0.00000 0.25966 0.74034 ( 3)  2.904 +-  1.153
  82 T   0.00000 0.45814 0.54186 ( 3)  2.383 +-  1.285
  83 M   0.06054 0.93946 0.00000 ( 2)  0.949 +-  0.203
  84 V   0.00000 0.00225 0.99775 ( 3)  3.592 +-  0.335
  85 L   0.00000 0.97980 0.02020 ( 2)  1.050 +-  0.352
  86 R   0.00000 0.00534 0.99466 ( 3)  3.584 +-  0.364
  87 V   0.15214 0.84786 0.00001 ( 2)  0.871 +-  0.305
  88 T   0.00000 0.97875 0.02125 ( 2)  1.053 +-  0.359
  89 V   0.01504 0.98496 0.00000 ( 2)  0.987 +-  0.103
  90 -   0.34944 0.51783 0.13273 ( 2)  1.046 +-  1.072
  91 -   0.02271 0.97449 0.00281 ( 2)  0.988 +-  0.183
  92 -   0.00066 0.84587 0.15348 ( 2)  1.390 +-  0.921
  93 -   0.00044 0.84738 0.15218 ( 2)  1.386 +-  0.916
  94 G   0.02190 0.97806 0.00004 ( 2)  0.981 +-  0.125
  95 G   0.01048 0.98944 0.00008 ( 2)  0.991 +-  0.089
  96 S   0.00000 0.13161 0.86839 ( 3)  3.248 +-  0.919
  97 T   0.00000 0.01403 0.98597 ( 3)  3.560 +-  0.434
  98 -   0.34944 0.51783 0.13273 ( 2)  1.046 +-  1.072
  99 T   0.00013 0.99970 0.00018 ( 2)  1.000 +-  0.034
 100 F   0.00000 0.00012 0.99988 ( 3)  3.597 +-  0.313
 101 D   0.00000 0.41370 0.58630 ( 3)  2.497 +-  1.272
 102 Q   0.00021 0.99968 0.00011 ( 2)  1.000 +-  0.029
 103 G   0.00000 0.00055 0.99945 ( 3)  3.596 +-  0.318
 104 F   0.00000 0.00419 0.99581 ( 3)  3.586 +-  0.353
 105 P   0.00000 0.97688 0.02312 ( 2)  1.058 +-  0.379
 106 S   0.00000 0.02652 0.97348 ( 3)  3.527 +-  0.517
 107 T   0.00612 0.97937 0.01451 ( 2)  1.031 +-  0.309
 108 M   0.00000 0.99918 0.00082 ( 2)  1.002 +-  0.070
 109 S   0.00000 0.14165 0.85835 ( 3)  3.221 +-  0.944
 110 A   0.00116 0.91419 0.08465 ( 2)  1.213 +-  0.709
 111 N   0.04277 0.95410 0.00312 ( 2)  0.971 +-  0.223
 112 -   0.12443 0.70812 0.16745 ( 2)  1.325 +-  1.052
 113 -   0.52287 0.44785 0.02928 ( 1)  0.630 +-  0.659
 114 -   0.48725 0.47166 0.04109 ( 1)  0.691 +-  0.727
 115 -   0.48725 0.47166 0.04109 ( 1)  0.691 +-  0.727
 116 -   0.59297 0.38572 0.02131 ( 1)  0.550 +-  0.605
 117 E   0.00200 0.92050 0.07750 ( 2)  1.197 +-  0.689
 118 S   0.01007 0.98208 0.00784 ( 2)  1.011 +-  0.240
 119 L   0.14930 0.84945 0.00126 ( 2)  0.876 +-  0.317
 120 T   0.98967 0.01032 0.00001 ( 1)  0.159 +-  0.087
 121 S   0.01076 0.98906 0.00018 ( 2)  0.991 +-  0.094
 122 Q   0.00000 0.99739 0.00261 ( 2)  1.006 +-  0.127
 123 S   0.00031 0.99908 0.00062 ( 2)  1.001 +-  0.063
 124 F   0.99999 0.00001 0.00000 ( 1)  0.150 +-  0.002
 125 R   0.00000 0.96415 0.03585 ( 2)  1.090 +-  0.467
 126 F   0.99997 0.00003 0.00000 ( 1)  0.150 +-  0.005
 127 A   0.06730 0.90300 0.02971 ( 2)  1.018 +-  0.490
 128 -   0.51274 0.45620 0.03107 ( 1)  0.643 +-  0.669
 129 -   0.46608 0.48748 0.04644 ( 2)  0.723 +-  0.753
 130 -   0.00963 0.44822 0.54214 ( 3)  2.399 +-  1.324
 131 -   0.51274 0.45620 0.03107 ( 1)  0.643 +-  0.669
 132 -   0.09743 0.66965 0.23292 ( 2)  1.518 +-  1.171
 133 E   0.22337 0.75809 0.01854 ( 2)  0.857 +-  0.511
 134 F   0.00623 0.99179 0.00198 ( 2)  1.000 +-  0.130
 135 P   0.00026 0.99870 0.00104 ( 2)  1.002 +-  0.081
 136 V   0.18473 0.81523 0.00004 ( 2)  0.843 +-  0.330
 137 G   0.00376 0.99622 0.00002 ( 2)  0.997 +-  0.053
 138 I   0.86544 0.13456 0.00000 ( 1)  0.264 +-  0.290
 139 S   0.58006 0.41994 0.00000 ( 1)  0.507 +-  0.420
 140 A   0.00281 0.99714 0.00005 ( 2)  0.998 +-  0.048
 141 S   0.00834 0.99166 0.00000 ( 2)  0.993 +-  0.077
 142 G   0.00015 0.99984 0.00001 ( 2)  1.000 +-  0.013
 143 S   0.00062 0.99920 0.00018 ( 2)  1.000 +-  0.038
 144 Q   0.00000 0.98803 0.01196 ( 2)  1.030 +-  0.270
 145 T   0.00003 0.99995 0.00002 ( 2)  1.000 +-  0.012
 146 A   0.99880 0.00120 0.00000 ( 1)  0.151 +-  0.029
 147 G   0.00427 0.99572 0.00001 ( 2)  0.996 +-  0.056
 148 I   0.93026 0.06974 0.00000 ( 1)  0.209 +-  0.216
 149 S   0.95767 0.04233 0.00000 ( 1)  0.186 +-  0.171
 150 I   0.99978 0.00022 0.00000 ( 1)  0.150 +-  0.013
 151 S   0.00000 0.99987 0.00012 ( 2)  1.000 +-  0.026
 152 N   0.99230 0.00770 0.00000 ( 1)  0.157 +-  0.074
 153 N   0.00006 0.99926 0.00068 ( 2)  1.002 +-  0.064
 154 A   0.00000 0.94567 0.05433 ( 2)  1.136 +-  0.568
 155 G   0.07537 0.92415 0.00048 ( 2)  0.937 +-  0.231
 156 R   0.02137 0.94014 0.03849 ( 2)  1.079 +-  0.508
 157 Q   0.00000 0.05389 0.94611 ( 3)  3.454 +-  0.657
 158 T   0.00000 0.21274 0.78726 ( 3)  3.034 +-  1.089
 159 F   0.59839 0.40161 0.00000 ( 1)  0.491 +-  0.417
 160 H   0.00021 0.93644 0.06334 ( 2)  1.159 +-  0.616
 161 F   0.63728 0.36271 0.00000 ( 1)  0.458 +-  0.409
 162 D   0.99983 0.00017 0.00000 ( 1)  0.150 +-  0.011
 163 K   0.99990 0.00010 0.00000 ( 1)  0.150 +-  0.008
 164 I   0.99636 0.00364 0.00000 ( 1)  0.153 +-  0.051
 165 E   0.99999 0.00001 0.00000 ( 1)  0.150 +-  0.002
 166 F   0.99859 0.00141 0.00000 ( 1)  0.151 +-  0.032
 167 I   0.97708 0.02292 0.00000 ( 1)  0.169 +-  0.127
 168 -   0.52920 0.44193 0.02887 ( 1)  0.624 +-  0.657

Positively selected sites

	Prob(w>1)  mean w

    22 -      0.996**       3.588 +- 0.349
    28 S      0.949         3.460 +- 0.640
    66 T      0.988*        3.566 +- 0.418
    80 S      0.998**       3.592 +- 0.332
    81 Q      0.740         2.904 +- 1.153
    82 T      0.542         2.383 +- 1.285
    84 V      0.998**       3.592 +- 0.335
    86 R      0.995**       3.584 +- 0.364
    96 S      0.868         3.248 +- 0.919
    97 T      0.986*        3.560 +- 0.434
   100 F      1.000**       3.597 +- 0.313
   101 D      0.586         2.497 +- 1.272
   103 G      0.999**       3.596 +- 0.318
   104 F      0.996**       3.586 +- 0.353
   106 S      0.973*        3.527 +- 0.517
   109 S      0.858         3.221 +- 0.944
   130 -      0.542         2.399 +- 1.324
   157 Q      0.946         3.454 +- 0.657
   158 T      0.787         3.034 +- 1.089

