Supplemental results for CODEML (seqf: algn  treef: tree)


dN/dS (w) for site classes (K=4)

site class             0        1       2a       2b
proportion       0.58465  0.41535  0.00000  0.00000
background w     0.04712  0.55391  0.04712  0.55391
foreground w     0.04712  0.55391  0.00000  0.00000

Naive Empirical Bayes (NEB) probabilities for 4 classes
(amino acids refer to 1st sequence: BT_Cry7Cb1)

   1 -   0.58465 0.41535 0.00000 0.00000 ( 1)
   2 -   0.58465 0.41535 0.00000 0.00000 ( 1)
   3 A   0.81726 0.18274 0.00000 0.00000 ( 1)
   4 G   0.99169 0.00831 0.00000 0.00000 ( 1)
   5 G   0.00741 0.99259 0.00000 0.00000 ( 2)
   6 I   0.85197 0.14803 0.00000 0.00000 ( 1)
   7 V   0.03153 0.96847 0.00000 0.00000 ( 2)
   8 A   0.16388 0.83612 0.00000 0.00000 ( 2)
   9 L   0.77071 0.22929 0.00000 0.00000 ( 1)
  10 F   0.88076 0.11924 0.00000 0.00000 ( 1)
  11 T   0.73887 0.26113 0.00000 0.00000 ( 1)
  12 E   0.00200 0.99800 0.00000 0.00000 ( 2)
  13 V   0.03125 0.96875 0.00000 0.00000 ( 2)
  14 L   0.23584 0.76416 0.00000 0.00000 ( 2)
  15 R   0.18797 0.81203 0.00000 0.00000 ( 2)
  16 L   0.05765 0.94235 0.00000 0.00000 ( 2)
  17 L   0.96493 0.03507 0.00000 0.00000 ( 1)
  18 W   0.90913 0.09087 0.00000 0.00000 ( 1)
  19 P   0.98483 0.01517 0.00000 0.00000 ( 1)
  20 N   0.00274 0.99726 0.00000 0.00000 ( 2)
  21 K   0.02911 0.97089 0.00000 0.00000 ( 2)
  22 Q   0.00833 0.99167 0.00000 0.00000 ( 2)
  23 D   0.00012 0.99988 0.00000 0.00000 ( 2)
  24 E   0.00036 0.99964 0.00000 0.00000 ( 2)
  25 L   0.56242 0.43758 0.00000 0.00000 ( 1)
  26 W   0.90913 0.09087 0.00000 0.00000 ( 1)
  27 E   0.87268 0.12732 0.00000 0.00000 ( 1)
  28 S   0.00302 0.99698 0.00000 0.00000 ( 2)
  29 F   0.90347 0.09653 0.00000 0.00000 ( 1)
  30 M   0.99633 0.00367 0.00000 0.00000 ( 1)
  31 K   0.00621 0.99379 0.00000 0.00000 ( 2)
  32 E   0.90065 0.09935 0.00000 0.00000 ( 1)
  33 V   0.98422 0.01578 0.00000 0.00000 ( 1)
  34 E   0.98581 0.01419 0.00000 0.00000 ( 1)
  35 K   0.00039 0.99961 0.00000 0.00000 ( 2)
  36 L   0.98157 0.01843 0.00000 0.00000 ( 1)
  37 I   0.98901 0.01099 0.00000 0.00000 ( 1)
  38 E   0.09382 0.90618 0.00000 0.00000 ( 2)
  39 Q   0.98945 0.01055 0.00000 0.00000 ( 1)
  40 E   0.83948 0.16052 0.00000 0.00000 ( 1)
  41 I   0.99270 0.00730 0.00000 0.00000 ( 1)
  42 T   0.83748 0.16252 0.00000 0.00000 ( 1)
  43 D   0.29286 0.70714 0.00000 0.00000 ( 2)
  44 A   0.05652 0.94348 0.00000 0.00000 ( 2)
  45 V   0.78898 0.21102 0.00000 0.00000 ( 1)
  46 V   0.20503 0.79497 0.00000 0.00000 ( 2)
  47 S   0.00673 0.99327 0.00000 0.00000 ( 2)
  48 K   0.85753 0.14247 0.00000 0.00000 ( 1)
  49 A   0.98585 0.01415 0.00000 0.00000 ( 1)
  50 L   0.95667 0.04333 0.00000 0.00000 ( 1)
  51 A   0.30704 0.69296 0.00000 0.00000 ( 2)
  52 E   0.88904 0.11096 0.00000 0.00000 ( 1)
  53 L   0.97240 0.02760 0.00000 0.00000 ( 1)
  54 E   0.26431 0.73569 0.00000 0.00000 ( 2)
  55 G   0.98383 0.01617 0.00000 0.00000 ( 1)
  56 L   0.97317 0.02683 0.00000 0.00000 ( 1)
  57 R   0.20282 0.79718 0.00000 0.00000 ( 2)
  58 N   0.90102 0.09898 0.00000 0.00000 ( 1)
  59 A   0.01231 0.98769 0.00000 0.00000 ( 2)
  60 L   0.07569 0.92431 0.00000 0.00000 ( 2)
  61 Q   0.02686 0.97314 0.00000 0.00000 ( 2)
  62 G   0.16261 0.83739 0.00000 0.00000 ( 2)
  63 Y   0.83253 0.16747 0.00000 0.00000 ( 1)
  64 T   0.01727 0.98273 0.00000 0.00000 ( 2)
  65 D   0.00402 0.99598 0.00000 0.00000 ( 2)
  66 A   0.84854 0.15146 0.00000 0.00000 ( 1)
  67 L   0.96842 0.03158 0.00000 0.00000 ( 1)
  68 E   0.86947 0.13053 0.00000 0.00000 ( 1)
  69 A   0.05475 0.94525 0.00000 0.00000 ( 2)
  70 W   0.90913 0.09087 0.00000 0.00000 ( 1)
  71 Q   0.67691 0.32309 0.00000 0.00000 ( 1)
  72 N   0.55344 0.44656 0.00000 0.00000 ( 1)
  73 N   0.99560 0.00440 0.00000 0.00000 ( 1)
  74 R   0.67042 0.32958 0.00000 0.00000 ( 1)
  75 S   0.85987 0.14013 0.00000 0.00000 ( 1)
  76 D   0.29289 0.70711 0.00000 0.00000 ( 2)
  77 K   0.90163 0.09837 0.00000 0.00000 ( 1)
  78 L   0.51786 0.48214 0.00000 0.00000 ( 1)
  79 K   0.00141 0.99859 0.00000 0.00000 ( 2)
  80 Q   0.04782 0.95218 0.00000 0.00000 ( 2)
  81 L   0.06525 0.93475 0.00000 0.00000 ( 2)
  82 L   0.12694 0.87306 0.00000 0.00000 ( 2)
  83 V   0.97167 0.02833 0.00000 0.00000 ( 1)
  84 Y   0.00082 0.99918 0.00000 0.00000 ( 2)
  85 D   0.00453 0.99547 0.00000 0.00000 ( 2)
  86 R   0.75294 0.24706 0.00000 0.00000 ( 1)
  87 F   0.89894 0.10106 0.00000 0.00000 ( 1)
  88 V   0.18609 0.81391 0.00000 0.00000 ( 2)
  89 S   0.00409 0.99591 0.00000 0.00000 ( 2)
  90 T   0.18500 0.81500 0.00000 0.00000 ( 2)
  91 E   0.86318 0.13682 0.00000 0.00000 ( 1)
  92 N   0.00222 0.99778 0.00000 0.00000 ( 2)
  93 L   0.07024 0.92976 0.00000 0.00000 ( 2)
  94 F   0.99488 0.00512 0.00000 0.00000 ( 1)
  95 K   0.04760 0.95240 0.00000 0.00000 ( 2)
  96 F   0.00017 0.99983 0.00000 0.00000 ( 2)
  97 A   0.00369 0.99631 0.00000 0.00000 ( 2)
  98 M   0.49051 0.50949 0.00000 0.00000 ( 2)
  99 P   0.97873 0.02127 0.00000 0.00000 ( 1)
 100 S   0.98349 0.01651 0.00000 0.00000 ( 1)
 101 F   0.99488 0.00512 0.00000 0.00000 ( 1)
 102 R   0.14278 0.85722 0.00000 0.00000 ( 2)
 103 V   0.02114 0.97886 0.00000 0.00000 ( 2)
 104 G   0.00059 0.99941 0.00000 0.00000 ( 2)
 105 G   0.98902 0.01098 0.00000 0.00000 ( 1)
 106 F   0.02719 0.97281 0.00000 0.00000 ( 2)
 107 E   0.99133 0.00867 0.00000 0.00000 ( 1)
 108 V   0.80941 0.19059 0.00000 0.00000 ( 1)
 109 P   0.98981 0.01019 0.00000 0.00000 ( 1)
 110 L   0.97317 0.02683 0.00000 0.00000 ( 1)
 111 L   0.95620 0.04380 0.00000 0.00000 ( 1)
 112 T   0.80226 0.19774 0.00000 0.00000 ( 1)
 113 V   0.98422 0.01578 0.00000 0.00000 ( 1)
 114 Y   0.98600 0.01400 0.00000 0.00000 ( 1)
 115 A   0.98857 0.01143 0.00000 0.00000 ( 1)
 116 Q   0.98945 0.01055 0.00000 0.00000 ( 1)
 117 A   0.97711 0.02289 0.00000 0.00000 ( 1)
 118 A   0.98756 0.01244 0.00000 0.00000 ( 1)
 119 N   0.98883 0.01117 0.00000 0.00000 ( 1)
 120 L   0.96942 0.03058 0.00000 0.00000 ( 1)
 121 H   0.98312 0.01688 0.00000 0.00000 ( 1)
 122 L   0.96819 0.03181 0.00000 0.00000 ( 1)
 123 L   0.02219 0.97781 0.00000 0.00000 ( 2)
 124 L   0.97317 0.02683 0.00000 0.00000 ( 1)
 125 L   0.97317 0.02683 0.00000 0.00000 ( 1)
 126 K   0.72674 0.27326 0.00000 0.00000 ( 1)
 127 N   0.92769 0.07231 0.00000 0.00000 ( 1)
 128 S   0.86991 0.13009 0.00000 0.00000 ( 1)
 129 E   0.09651 0.90349 0.00000 0.00000 ( 2)
 130 L   0.76564 0.23436 0.00000 0.00000 ( 1)
 131 F   0.99419 0.00581 0.00000 0.00000 ( 1)
 132 G   0.98266 0.01734 0.00000 0.00000 ( 1)
 133 A   0.82633 0.17367 0.00000 0.00000 ( 1)
 134 E   0.83523 0.16477 0.00000 0.00000 ( 1)
 135 W   0.90913 0.09087 0.00000 0.00000 ( 1)
 136 G   0.98619 0.01381 0.00000 0.00000 ( 1)
 137 M   0.21696 0.78304 0.00000 0.00000 ( 2)
 138 Q   0.01209 0.98791 0.00000 0.00000 ( 2)
 139 Q   0.20111 0.79889 0.00000 0.00000 ( 2)
 140 Y   0.00045 0.99955 0.00000 0.00000 ( 2)
 141 E   0.60441 0.39559 0.00000 0.00000 ( 1)
 142 I   0.99156 0.00844 0.00000 0.00000 ( 1)
 143 D   0.01870 0.98130 0.00000 0.00000 ( 2)
 144 L   0.00058 0.99942 0.00000 0.00000 ( 2)
 145 F   0.86527 0.13473 0.00000 0.00000 ( 1)
 146 Y   0.98215 0.01785 0.00000 0.00000 ( 1)
 147 N   0.94022 0.05978 0.00000 0.00000 ( 1)
 148 E   0.19744 0.80256 0.00000 0.00000 ( 2)
 149 Q   0.98277 0.01723 0.00000 0.00000 ( 1)
 150 K   0.23354 0.76646 0.00000 0.00000 ( 2)
 151 D   0.00727 0.99273 0.00000 0.00000 ( 2)
 152 Y   0.01947 0.98053 0.00000 0.00000 ( 2)
 153 V   0.09058 0.90942 0.00000 0.00000 ( 2)
 154 V   0.19424 0.80576 0.00000 0.00000 ( 2)
 155 E   0.90065 0.09935 0.00000 0.00000 ( 1)
 156 Y   0.97371 0.02629 0.00000 0.00000 ( 1)
 157 T   0.75818 0.24182 0.00000 0.00000 ( 1)
 158 D   0.99389 0.00611 0.00000 0.00000 ( 1)
 159 H   0.91054 0.08946 0.00000 0.00000 ( 1)
 160 C   0.98293 0.01707 0.00000 0.00000 ( 1)
 161 V   0.98426 0.01574 0.00000 0.00000 ( 1)
 162 K   0.20618 0.79382 0.00000 0.00000 ( 2)
 163 W   0.90913 0.09087 0.00000 0.00000 ( 1)
 164 Y   0.98600 0.01400 0.00000 0.00000 ( 1)
 165 T   0.00239 0.99761 0.00000 0.00000 ( 2)
 166 E   0.02892 0.97108 0.00000 0.00000 ( 2)
 167 G   0.95489 0.04511 0.00000 0.00000 ( 1)
 168 L   0.97317 0.02683 0.00000 0.00000 ( 1)
 169 N   0.93289 0.06711 0.00000 0.00000 ( 1)
 170 R   0.00425 0.99575 0.00000 0.00000 ( 2)
 171 L   0.96564 0.03436 0.00000 0.00000 ( 1)
 172 K   0.98870 0.01130 0.00000 0.00000 ( 1)
 173 N   0.76995 0.23005 0.00000 0.00000 ( 1)
 174 A   0.20309 0.79691 0.00000 0.00000 ( 2)
 175 S   0.71909 0.28091 0.00000 0.00000 ( 1)
 176 G   0.98487 0.01513 0.00000 0.00000 ( 1)
 177 V   0.02089 0.97911 0.00000 0.00000 ( 2)
 178 K   0.94582 0.05418 0.00000 0.00000 ( 1)
 179 G   0.82045 0.17955 0.00000 0.00000 ( 1)
 180 K   0.26967 0.73033 0.00000 0.00000 ( 2)
 181 V   0.00135 0.99865 0.00000 0.00000 ( 2)
 182 W   0.90913 0.09087 0.00000 0.00000 ( 1)
 183 E   0.12109 0.87891 0.00000 0.00000 ( 2)
 184 E   0.00333 0.99667 0.00000 0.00000 ( 2)
 185 Y   0.98600 0.01400 0.00000 0.00000 ( 1)
 186 N   0.70793 0.29207 0.00000 0.00000 ( 1)
 187 R   0.52152 0.47848 0.00000 0.00000 ( 1)
 188 F   0.98175 0.01825 0.00000 0.00000 ( 1)
 189 R   0.93161 0.06839 0.00000 0.00000 ( 1)
 190 R   0.99269 0.00731 0.00000 0.00000 ( 1)
 191 E   0.99133 0.00867 0.00000 0.00000 ( 1)
 192 M   0.99633 0.00367 0.00000 0.00000 ( 1)
 193 T   0.98766 0.01234 0.00000 0.00000 ( 1)
 194 I   0.74119 0.25881 0.00000 0.00000 ( 1)
 195 M   0.09613 0.90387 0.00000 0.00000 ( 2)
 196 V   0.97575 0.02425 0.00000 0.00000 ( 1)
 197 L   0.96956 0.03044 0.00000 0.00000 ( 1)
 198 D   0.99533 0.00467 0.00000 0.00000 ( 1)
 199 L   0.12066 0.87934 0.00000 0.00000 ( 2)
 200 L   0.12753 0.87247 0.00000 0.00000 ( 2)
 201 P   0.23195 0.76805 0.00000 0.00000 ( 2)
 202 L   0.97317 0.02683 0.00000 0.00000 ( 1)
 203 F   0.99488 0.00512 0.00000 0.00000 ( 1)
 204 P   0.98981 0.01019 0.00000 0.00000 ( 1)
 205 I   0.08920 0.91080 0.00000 0.00000 ( 2)


lnL = -2341.920658

