Supplemental results for CODEML (seqf: algn  treef: tree)


dN/dS (w) for site classes (K=8)

p:   0.12500  0.12500  0.12500  0.12500  0.12500  0.12500  0.12500  0.12500
w:   0.00595  0.04140  0.10276  0.18844  0.29893  0.43673  0.60789  0.83052

Naive Empirical Bayes (NEB) probabilities for 8 classes & postmean_w
(amino acids refer to 1st sequence: BT_Cry13Aa1)

   1 D   0.50464 0.30325 0.13114 0.04434 0.01254 0.00316 0.00075 0.00017 ( 1)  0.043
   2 Y   0.51746 0.30305 0.12521 0.04000 0.01079 0.00268 0.00065 0.00016 ( 1)  0.041
   3 S   0.00000 0.00003 0.00097 0.00945 0.04514 0.13563 0.29457 0.51422 ( 8)  0.681
   4 S   0.00000 0.00073 0.01471 0.07176 0.16653 0.24410 0.26506 0.23711 ( 7)  0.530
   5 Q   0.39727 0.29227 0.17351 0.08539 0.03524 0.01217 0.00343 0.00072 ( 1)  0.067
   6 I   0.04258 0.20691 0.28081 0.23036 0.13812 0.06608 0.02641 0.00873 ( 3)  0.175
   7 K   0.00000 0.00007 0.00330 0.02850 0.10097 0.20807 0.30342 0.35568 ( 8)  0.607
   8 L   0.00057 0.02179 0.08904 0.17244 0.22103 0.21492 0.16965 0.11055 ( 5)  0.397
   9 E   0.54255 0.30352 0.11453 0.03140 0.00665 0.00116 0.00017 0.00002 ( 1)  0.036
  10 K   0.00264 0.08291 0.24426 0.30066 0.21685 0.10553 0.03735 0.00981 ( 4)  0.227
  11 T   0.47568 0.30526 0.14456 0.05328 0.01599 0.00410 0.00094 0.00020 ( 1)  0.048
  12 R   0.35493 0.27826 0.18344 0.10346 0.05015 0.02075 0.00714 0.00186 ( 1)  0.082
  13 V   0.42336 0.29572 0.16300 0.07458 0.02935 0.01015 0.00308 0.00078 ( 1)  0.061
  14 I   0.00342 0.09929 0.26114 0.28814 0.19531 0.09780 0.04044 0.01446 ( 4)  0.223
  15 F   0.53554 0.30564 0.11804 0.03270 0.00680 0.00112 0.00015 0.00002 ( 1)  0.037
  16 S   0.40152 0.29346 0.17213 0.08334 0.03383 0.01160 0.00335 0.00077 ( 1)  0.066
  17 D   0.14543 0.44978 0.28942 0.09164 0.01937 0.00352 0.00069 0.00016 ( 2)  0.074
  18 M   0.03291 0.17237 0.26214 0.24408 0.16353 0.08330 0.03253 0.00914 ( 3)  0.193
  19 V   0.04983 0.23366 0.29884 0.22607 0.12162 0.05005 0.01610 0.00384 ( 3)  0.154
  20 G   0.37165 0.28224 0.17782 0.09593 0.04513 0.01864 0.00667 0.00193 ( 1)  0.078
  21 Q   0.07496 0.31200 0.32533 0.18708 0.07294 0.02150 0.00516 0.00103 ( 3)  0.117
  22 S   0.00031 0.05136 0.24448 0.32748 0.22035 0.10149 0.03979 0.01474 ( 4)  0.236
  23 E   0.06956 0.29752 0.32432 0.19679 0.08068 0.02442 0.00571 0.00101 ( 3)  0.122
  24 S   0.00004 0.00897 0.06552 0.15755 0.21672 0.21994 0.18842 0.14283 ( 6)  0.431
  25 R   0.00000 0.00062 0.01325 0.06931 0.17091 0.25862 0.27372 0.21357 ( 7)  0.522
  26 D   0.00959 0.21762 0.38117 0.25187 0.09861 0.03007 0.00860 0.00246 ( 3)  0.146
  27 G   0.00002 0.00471 0.04919 0.15727 0.25379 0.25656 0.18248 0.09598 ( 6)  0.413
  28 S   0.00000 0.00029 0.01080 0.06761 0.16949 0.24988 0.26796 0.23398 ( 7)  0.531
  29 V   0.05415 0.24855 0.30553 0.21868 0.11078 0.04380 0.01443 0.00406 ( 3)  0.148
  30 T   0.00354 0.10254 0.26788 0.29088 0.19165 0.09251 0.03727 0.01373 ( 4)  0.218
  31 I   0.07780 0.31889 0.32504 0.18247 0.06974 0.02029 0.00482 0.00095 ( 3)  0.115
  32 K   0.00004 0.00987 0.07462 0.18387 0.24867 0.22993 0.16234 0.09067 ( 5)  0.391
  33 N   0.64743 0.27367 0.06628 0.01088 0.00148 0.00021 0.00004 0.00001 ( 1)  0.025
  34 I   0.00328 0.09881 0.27210 0.30724 0.20033 0.08659 0.02626 0.00539 ( 4)  0.208
  35 F   0.00000 0.00089 0.01736 0.08187 0.18215 0.25381 0.25803 0.20589 ( 7)  0.510
  36 D   0.53328 0.30357 0.11884 0.03458 0.00793 0.00151 0.00025 0.00004 ( 1)  0.038
  37 N   0.00000 0.00029 0.01082 0.06761 0.17286 0.26007 0.27346 0.21488 ( 7)  0.524
  38 -   0.14365 0.14117 0.13700 0.13142 0.12463 0.11677 0.10785 0.09751 ( 1)  0.280
  39 -   0.00000 0.00005 0.00137 0.01128 0.04796 0.13574 0.29077 0.51283 ( 8)  0.679
  40 -   0.00038 0.01473 0.06309 0.13107 0.18596 0.20977 0.20648 0.18851 ( 6)  0.461
  41 -   0.00015 0.00630 0.03191 0.08211 0.14777 0.21092 0.25416 0.26669 ( 8)  0.531
  42 T   0.00001 0.00209 0.02483 0.09220 0.17987 0.23669 0.24500 0.21932 ( 7)  0.508
  43 D   0.00000 0.00002 0.00111 0.01000 0.04344 0.12605 0.28264 0.53674 ( 8)  0.688
  44 S   0.00000 0.00005 0.00257 0.02488 0.09836 0.21928 0.32212 0.33273 ( 8)  0.602
  45 H   0.00903 0.20970 0.37913 0.25766 0.10220 0.03100 0.00876 0.00251 ( 3)  0.148
  46 Q   0.03816 0.19598 0.28427 0.24369 0.14533 0.06459 0.02218 0.00581 ( 3)  0.173
  47 H   0.60854 0.29032 0.08316 0.01562 0.00210 0.00023 0.00002 0.00000 ( 1)  0.028
  48 G   0.00000 0.00000 0.00003 0.00133 0.01562 0.08687 0.28305 0.61311 ( 8)  0.724
  49 S   0.00000 0.00002 0.00111 0.01250 0.05977 0.16626 0.31540 0.44494 ( 8)  0.654
  50 I   0.51177 0.30701 0.12911 0.04017 0.00967 0.00190 0.00033 0.00005 ( 1)  0.041
  51 -   0.18472 0.17481 0.15898 0.13938 0.11783 0.09582 0.07445 0.05402 ( 1)  0.218
  52 -   0.22255 0.20235 0.17205 0.13792 0.10474 0.07555 0.05173 0.03311 ( 1)  0.177
  53 -   0.22255 0.20235 0.17205 0.13792 0.10474 0.07555 0.05173 0.03311 ( 1)  0.177
  54 G   0.00722 0.17594 0.34926 0.27321 0.12882 0.04618 0.01477 0.00460 ( 3)  0.166
  55 L   0.00006 0.01315 0.09506 0.21773 0.26564 0.21576 0.13101 0.06158 ( 5)  0.356
  56 N   0.57877 0.29513 0.09724 0.02329 0.00456 0.00082 0.00015 0.00003 ( 1)  0.032
  57 S   0.02940 0.15508 0.24096 0.23523 0.17180 0.10061 0.04841 0.01851 ( 3)  0.216
  58 I   0.05548 0.24991 0.30166 0.21547 0.11160 0.04592 0.01564 0.00432 ( 3)  0.149
  59 S   0.08260 0.33362 0.32929 0.17444 0.06079 0.01555 0.00317 0.00054 ( 2)  0.108
  60 Y   0.57364 0.29826 0.09967 0.02344 0.00423 0.00065 0.00010 0.00001 ( 1)  0.032
  61 F   0.00000 0.00152 0.02730 0.11379 0.21804 0.25827 0.22417 0.15691 ( 6)  0.469
  62 P   0.00000 0.00184 0.03271 0.13308 0.24193 0.26218 0.20198 0.12627 ( 6)  0.443
  63 D   0.00036 0.05760 0.25409 0.31454 0.20469 0.10086 0.04670 0.02116 ( 4)  0.239
  64 E   0.51691 0.30516 0.12647 0.03942 0.00971 0.00196 0.00033 0.00004 ( 1)  0.040
  65 L   0.34727 0.27408 0.18324 0.10600 0.05362 0.02378 0.00914 0.00286 ( 1)  0.087
  66 Q   0.00000 0.00089 0.01459 0.07050 0.17021 0.25697 0.27257 0.21426 ( 7)  0.522
  67 K   0.00000 0.00315 0.04978 0.17408 0.26840 0.24838 0.16633 0.08987 ( 5)  0.403
  68 A   0.00000 0.00149 0.02676 0.11172 0.21355 0.25236 0.22308 0.17104 ( 6)  0.476
  69 Q   0.05679 0.25930 0.31416 0.21767 0.10350 0.03656 0.00997 0.00205 ( 3)  0.139
  70 L   0.00094 0.03322 0.12126 0.20558 0.22960 0.19557 0.13606 0.07778 ( 5)  0.354
  71 R   0.00000 0.00000 0.00006 0.00145 0.01344 0.06933 0.24380 0.67192 ( 8)  0.741
  72 M   0.00008 0.01618 0.11349 0.24578 0.27484 0.19901 0.10633 0.04430 ( 5)  0.329
  73 Y   0.10932 0.39349 0.32095 0.13295 0.03512 0.00685 0.00114 0.00018 ( 2)  0.089
  74 D   0.00549 0.14150 0.30955 0.27719 0.15603 0.06974 0.02878 0.01173 ( 3)  0.194
  75 Y   0.00000 0.00345 0.05542 0.19536 0.29459 0.25105 0.14164 0.05849 ( 5)  0.375
  76 N   0.00000 0.00000 0.00007 0.00199 0.01802 0.08466 0.26320 0.63206 ( 8)  0.728
  77 H   0.00017 0.01676 0.10341 0.22061 0.25953 0.20821 0.12793 0.06337 ( 5)  0.352
  78 K   0.00000 0.00032 0.00846 0.05240 0.14665 0.24526 0.28744 0.25947 ( 7)  0.552
  79 P   0.00000 0.00002 0.00164 0.01924 0.08350 0.19679 0.31383 0.38498 ( 8)  0.625
  80 Y   0.00000 0.00010 0.00465 0.03765 0.12437 0.23593 0.30544 0.29186 ( 7)  0.576
  81 C   0.00002 0.00504 0.05165 0.15911 0.24612 0.24419 0.18178 0.11209 ( 5)  0.419
  82 T   0.00282 0.08196 0.22074 0.26215 0.20422 0.12577 0.06815 0.03419 ( 4)  0.261
  83 D   0.12500 0.12500 0.12500 0.12500 0.12500 0.12500 0.12500 0.12500 ( 4)  0.314
  84 C   0.12500 0.12500 0.12500 0.12500 0.12500 0.12500 0.12500 0.12500 ( 4)  0.314
  85 F   0.12500 0.12500 0.12500 0.12500 0.12500 0.12500 0.12500 0.12500 ( 4)  0.314
  86 C   0.00008 0.01631 0.11624 0.25484 0.28379 0.19772 0.09644 0.03459 ( 5)  0.319
  87 W   0.00413 0.11649 0.29056 0.29562 0.17907 0.07799 0.02768 0.00847 ( 4)  0.202
  88 P   0.00106 0.03829 0.14244 0.23873 0.24944 0.18466 0.10267 0.04271 ( 5)  0.314
  89 Y   0.54704 0.30182 0.11220 0.03073 0.00671 0.00126 0.00021 0.00003 ( 1)  0.036
  90 G   0.00004 0.00837 0.06851 0.18168 0.25704 0.23828 0.16156 0.08451 ( 5)  0.391
  91 V   0.00011 0.02206 0.14109 0.27302 0.27098 0.17516 0.08485 0.03274 ( 4)  0.303
  92 I   0.10682 0.38700 0.32042 0.13686 0.03840 0.00840 0.00171 0.00038 ( 2)  0.092
  93 L   0.00000 0.00002 0.00140 0.01567 0.07242 0.18914 0.32512 0.39623 ( 8)  0.634
  94 N   0.13820 0.43227 0.29116 0.10332 0.02676 0.00631 0.00157 0.00042 ( 2)  0.080
  95 Y   0.57364 0.29826 0.09967 0.02344 0.00423 0.00065 0.00010 0.00001 ( 1)  0.032
  96 N   0.00000 0.00001 0.00078 0.01088 0.05914 0.17244 0.32248 0.43427 ( 8)  0.652
  97 K   0.00000 0.00284 0.04358 0.15373 0.24977 0.25142 0.18604 0.11261 ( 6)  0.425
  98 N   0.00000 0.00014 0.00616 0.04563 0.13384 0.23002 0.28911 0.29510 ( 8)  0.571
  99 T   0.00000 0.00000 0.00056 0.00913 0.05220 0.15814 0.31441 0.46555 ( 8)  0.664
 100 F   0.08060 0.32409 0.32208 0.17741 0.06805 0.02079 0.00559 0.00139 ( 2)  0.114
 101 R   0.00000 0.00030 0.00737 0.04547 0.13374 0.24145 0.30143 0.27024 ( 7)  0.562
 102 Y   0.57364 0.29826 0.09967 0.02344 0.00423 0.00065 0.00010 0.00001 ( 1)  0.032
 103 G   0.45736 0.30384 0.15250 0.06045 0.01943 0.00513 0.00110 0.00018 ( 1)  0.051
 104 D   0.61973 0.28428 0.07845 0.01492 0.00225 0.00031 0.00005 0.00001 ( 1)  0.027
 105 -   0.00110 0.03934 0.14407 0.23754 0.24553 0.18216 0.10388 0.04638 ( 5)  0.316
 106 N   0.06109 0.26329 0.29977 0.20453 0.10487 0.04475 0.01654 0.00516 ( 3)  0.146
 107 D   0.00000 0.00003 0.00163 0.01494 0.06000 0.15212 0.29363 0.47764 ( 8)  0.663
 108 P   0.43523 0.30238 0.16205 0.06884 0.02345 0.00643 0.00140 0.00023 ( 1)  0.056
 109 G   0.00000 0.00000 0.00037 0.00566 0.03507 0.12159 0.28911 0.54818 ( 8)  0.696
 110 L   0.00000 0.00000 0.00025 0.00469 0.03194 0.11715 0.28829 0.55768 ( 8)  0.700
 111 -   0.12500 0.12500 0.12500 0.12500 0.12500 0.12500 0.12500 0.12500 ( 4)  0.314
 112 S   0.00000 0.00000 0.00007 0.00207 0.01908 0.08838 0.26758 0.62281 ( 8)  0.725
 113 G   0.00000 0.00067 0.01407 0.07181 0.17257 0.25575 0.26911 0.21602 ( 7)  0.521
 114 D   0.00000 0.00066 0.01366 0.06812 0.16126 0.24214 0.27013 0.24403 ( 7)  0.535
 115 V   0.00000 0.00002 0.00180 0.02460 0.11067 0.24319 0.32291 0.29681 ( 7)  0.587
 116 Q   0.00000 0.00034 0.00783 0.04518 0.12666 0.22579 0.29405 0.30016 ( 8)  0.574
 117 L   0.00004 0.00845 0.06789 0.17721 0.24971 0.23574 0.16738 0.09360 ( 5)  0.398
 118 P   0.00000 0.00005 0.00249 0.02438 0.09707 0.21651 0.31887 0.34064 ( 8)  0.605
 119 A   0.00210 0.06773 0.20888 0.27753 0.22587 0.13220 0.06156 0.02413 ( 4)  0.259
 120 P   0.00360 0.10687 0.28569 0.30849 0.18981 0.07732 0.02292 0.00529 ( 4)  0.201
 121 -   0.12500 0.12500 0.12500 0.12500 0.12500 0.12500 0.12500 0.12500 ( 4)  0.314
 122 -   0.12500 0.12500 0.12500 0.12500 0.12500 0.12500 0.12500 0.12500 ( 4)  0.314
 123 -   0.12500 0.12500 0.12500 0.12500 0.12500 0.12500 0.12500 0.12500 ( 3)  0.314
 124 M   0.00153 0.05213 0.17674 0.26447 0.24391 0.15814 0.07622 0.02685 ( 4)  0.281
 125 S   0.00000 0.00027 0.00955 0.05880 0.15364 0.24588 0.28286 0.24900 ( 7)  0.544
 126 V   0.00000 0.00000 0.00004 0.00125 0.01335 0.07306 0.25494 0.65736 ( 8)  0.737
 127 V   0.00001 0.00318 0.03179 0.10632 0.19464 0.24216 0.23327 0.18863 ( 6)  0.486
 128 N   0.64743 0.27367 0.06628 0.01088 0.00148 0.00021 0.00004 0.00001 ( 1)  0.025
 129 A   0.03199 0.16503 0.24793 0.23314 0.16459 0.09420 0.04521 0.01792 ( 3)  0.209
 130 Q   0.00000 0.00030 0.00857 0.05792 0.16972 0.27584 0.28551 0.20213 ( 7)  0.524
 131 T   0.51382 0.30457 0.12750 0.04067 0.01054 0.00235 0.00047 0.00008 ( 1)  0.041
 132 Q   0.48601 0.30807 0.14135 0.04869 0.01282 0.00260 0.00040 0.00005 ( 1)  0.045
 133 T   0.00007 0.01478 0.10196 0.22284 0.26176 0.20778 0.12686 0.06396 ( 5)  0.352
 134 A   0.00000 0.00104 0.01981 0.09070 0.19596 0.26292 0.25075 0.17883 ( 6)  0.494
 135 Q   0.00001 0.00254 0.03256 0.12555 0.23577 0.26892 0.21171 0.12294 ( 6)  0.446
 136 -   0.13646 0.13502 0.13257 0.12924 0.12509 0.12013 0.11429 0.10719 ( 1)  0.293
 137 Y   0.51428 0.30431 0.12721 0.04064 0.01060 0.00239 0.00048 0.00008 ( 1)  0.041
 138 T   0.00004 0.01028 0.08149 0.20596 0.27226 0.23027 0.13830 0.06140 ( 5)  0.365
 139 D   0.64239 0.27662 0.06825 0.01112 0.00141 0.00017 0.00003 0.00001 ( 1)  0.025
 140 G   0.00105 0.03746 0.13722 0.22880 0.24272 0.18758 0.11259 0.05258 ( 5)  0.325
 141 E   0.51142 0.30575 0.12901 0.04097 0.01029 0.00213 0.00037 0.00005 ( 1)  0.041
 142 N   0.00000 0.00085 0.01629 0.07581 0.17010 0.24512 0.26355 0.22829 ( 7)  0.524
 143 I   0.00001 0.00189 0.01922 0.07115 0.15466 0.23487 0.27064 0.24755 ( 7)  0.534
 144 W   0.00000 0.00000 0.00016 0.00334 0.02571 0.10566 0.28523 0.57990 ( 8)  0.709
 145 T   0.00001 0.00202 0.02390 0.09406 0.19652 0.26326 0.24876 0.17147 ( 6)  0.488
 146 D   0.00012 0.02379 0.14566 0.26906 0.25844 0.16828 0.08958 0.04507 ( 4)  0.309
 147 T   0.00000 0.00020 0.00477 0.03008 0.09427 0.19261 0.29718 0.38089 ( 8)  0.615
 148 -   0.00000 0.00078 0.00895 0.03795 0.09709 0.18335 0.28444 0.38744 ( 8)  0.612
 149 -   0.01125 0.06804 0.13316 0.17717 0.18939 0.17415 0.14246 0.10438 ( 5)  0.356
 150 -   0.12500 0.12500 0.12500 0.12500 0.12500 0.12500 0.12500 0.12500 ( 3)  0.314
 151 -   0.12500 0.12500 0.12500 0.12500 0.12500 0.12500 0.12500 0.12500 ( 4)  0.314
 152 -   0.12500 0.12500 0.12500 0.12500 0.12500 0.12500 0.12500 0.12500 ( 4)  0.314
 153 G   0.00001 0.00147 0.01589 0.06140 0.13855 0.22169 0.27712 0.28387 ( 8)  0.556
 154 R   0.00000 0.00007 0.00334 0.02937 0.10588 0.21950 0.31133 0.33051 ( 8)  0.597
 155 S   0.00000 0.00027 0.00656 0.04060 0.11908 0.21815 0.29424 0.32110 ( 8)  0.585
 156 W   0.00000 0.00000 0.00006 0.00139 0.01324 0.07000 0.24794 0.66737 ( 8)  0.740
 157 L   0.00000 0.00010 0.00448 0.03435 0.10932 0.20924 0.29568 0.34683 ( 8)  0.599
 158 C   0.00337 0.10045 0.27185 0.30235 0.19685 0.08787 0.02952 0.00774 ( 4)  0.211
 159 T   0.00000 0.00153 0.02740 0.11430 0.21840 0.25666 0.22200 0.15970 ( 6)  0.469
 160 L   0.05242 0.24443 0.30664 0.22277 0.11280 0.04358 0.01372 0.00364 ( 3)  0.148
 161 R   0.00197 0.06286 0.19462 0.26745 0.23184 0.14514 0.06979 0.02632 ( 4)  0.270
 162 G   0.42527 0.29892 0.16463 0.07351 0.02705 0.00822 0.00202 0.00037 ( 1)  0.059
 163 Y   0.00241 0.07423 0.21578 0.27299 0.21796 0.12957 0.06234 0.02470 ( 4)  0.257
 164 C   0.53815 0.30621 0.11700 0.03150 0.00615 0.00089 0.00010 0.00001 ( 1)  0.036
 165 T   0.09122 0.35049 0.32206 0.16003 0.05510 0.01564 0.00425 0.00121 ( 2)  0.105
 166 T   0.00000 0.00083 0.01668 0.07881 0.17234 0.23907 0.25578 0.23649 ( 7)  0.524
 167 N   0.00004 0.00913 0.06952 0.17602 0.24851 0.23797 0.16822 0.09058 ( 5)  0.396
 168 C   0.00000 0.00372 0.05735 0.19424 0.28569 0.24541 0.14644 0.06714 ( 5)  0.380
 169 F   0.01049 0.06351 0.12478 0.16788 0.18362 0.17559 0.15245 0.12166 ( 5)  0.372
 170 P   0.01260 0.07524 0.14389 0.18532 0.19021 0.16722 0.13132 0.09420 ( 5)  0.341
 171 -   0.17985 0.17088 0.15650 0.13860 0.11878 0.09835 0.07828 0.05877 ( 1)  0.225
 172 -   0.00496 0.03273 0.07401 0.11927 0.16047 0.19152 0.20844 0.20860 ( 8)  0.463
 173 -   0.00411 0.02747 0.06366 0.10618 0.14937 0.18849 0.21988 0.24083 ( 8)  0.488
 174 G   0.00009 0.01905 0.12989 0.26913 0.28174 0.18502 0.08575 0.02933 ( 5)  0.306
 175 R   0.00000 0.00006 0.00334 0.03235 0.11910 0.23711 0.31043 0.29761 ( 7)  0.581
 176 G   0.00001 0.00645 0.08613 0.24344 0.29423 0.21100 0.11073 0.04803 ( 5)  0.342
 177 C   0.00000 0.00179 0.02575 0.10808 0.22053 0.27317 0.23109 0.13958 ( 6)  0.465
 178 Y   0.00000 0.00026 0.01017 0.06664 0.17277 0.25737 0.27036 0.22244 ( 7)  0.527
 179 N   0.00000 0.00000 0.00051 0.00843 0.04946 0.15433 0.31485 0.47240 ( 8)  0.668
 180 N   0.00012 0.02308 0.14485 0.27632 0.27230 0.17412 0.08102 0.02819 ( 4)  0.298
 181 S   0.00000 0.00038 0.01373 0.08107 0.18577 0.24846 0.25072 0.21987 ( 7)  0.516
 182 T   0.00000 0.00225 0.03926 0.14750 0.24688 0.25478 0.19275 0.11659 ( 6)  0.431
 183 G   0.00002 0.00535 0.04595 0.13273 0.21472 0.24114 0.21030 0.14979 ( 6)  0.452
 184 Y   0.00478 0.12907 0.30127 0.28626 0.16641 0.07361 0.02844 0.01017 ( 3)  0.198
 185 G   0.00270 0.08516 0.25122 0.30667 0.21563 0.09957 0.03201 0.00704 ( 4)  0.220
 186 E   0.00000 0.00013 0.00563 0.04109 0.12243 0.21774 0.28826 0.32471 ( 8)  0.585
 187 S   0.54167 0.30267 0.11479 0.03216 0.00714 0.00133 0.00021 0.00003 ( 1)  0.036
 188 C   0.41426 0.29667 0.16843 0.07815 0.03003 0.00955 0.00245 0.00046 ( 1)  0.062
 189 N   0.63220 0.27941 0.07293 0.01315 0.00195 0.00029 0.00005 0.00001 ( 1)  0.026
 190 Q   0.00000 0.00003 0.00168 0.01698 0.07155 0.17661 0.30798 0.42518 ( 8)  0.642
 191 S   0.00002 0.00425 0.03911 0.12199 0.21168 0.24949 0.22078 0.15268 ( 6)  0.460
 192 L   0.00323 0.09770 0.26946 0.30495 0.20025 0.08865 0.02877 0.00699 ( 4)  0.211
 193 P   0.03564 0.18137 0.26489 0.23743 0.15579 0.08039 0.03354 0.01096 ( 3)  0.191
 194 G   0.00001 0.00833 0.10454 0.27202 0.29795 0.19166 0.09007 0.03542 ( 5)  0.319
 195 Q   0.48601 0.30807 0.14135 0.04869 0.01282 0.00260 0.00040 0.00005 ( 1)  0.045
 196 K   0.56175 0.30014 0.10530 0.02653 0.00523 0.00089 0.00014 0.00002 ( 1)  0.034
 197 I   0.53255 0.30571 0.11939 0.03368 0.00721 0.00125 0.00019 0.00003 ( 1)  0.037
 198 H   0.10439 0.37312 0.31267 0.14435 0.04786 0.01330 0.00344 0.00087 ( 2)  0.098
 199 A   0.54578 0.30382 0.11307 0.03012 0.00607 0.00099 0.00014 0.00002 ( 1)  0.035
 200 L   0.02463 0.13459 0.22127 0.23181 0.18331 0.11688 0.06154 0.02598 ( 4)  0.237
 201 Y   0.57364 0.29826 0.09967 0.02344 0.00423 0.00065 0.00010 0.00001 ( 1)  0.032
 202 P   0.00396 0.11531 0.29883 0.30943 0.18070 0.06905 0.01886 0.00386 ( 4)  0.193
 203 F   0.46267 0.30541 0.15078 0.05792 0.01775 0.00442 0.00090 0.00014 ( 1)  0.050
 204 T   0.00345 0.10112 0.26844 0.29533 0.19491 0.09184 0.03430 0.01061 ( 4)  0.215
 205 Q   0.00127 0.04554 0.16478 0.26270 0.25367 0.16731 0.07897 0.02576 ( 4)  0.287
 206 T   0.00000 0.00497 0.06742 0.19920 0.26479 0.22395 0.14990 0.08976 ( 5)  0.387
 207 -   0.33239 0.26777 0.18507 0.11170 0.05939 0.02794 0.01160 0.00413 ( 1)  0.094
 208 N   0.00001 0.00619 0.08088 0.22714 0.28163 0.21585 0.12571 0.06259 ( 5)  0.358
 209 V   0.00001 0.00213 0.02113 0.07548 0.15879 0.23561 0.26721 0.23963 ( 7)  0.528
 210 L   0.00000 0.00014 0.00403 0.02837 0.09433 0.19795 0.30433 0.37086 ( 8)  0.613
 211 G   0.48727 0.30636 0.14003 0.04900 0.01361 0.00308 0.00057 0.00008 ( 1)  0.045
 212 Q   0.00000 0.00097 0.01863 0.08629 0.18893 0.25829 0.25431 0.19258 ( 6)  0.502
 213 S   0.00000 0.00000 0.00025 0.00499 0.03504 0.12935 0.30597 0.52440 ( 8)  0.689
 214 G   0.06630 0.28136 0.30893 0.19765 0.09276 0.03622 0.01272 0.00408 ( 3)  0.136
 215 K   0.58034 0.29681 0.09650 0.02189 0.00380 0.00057 0.00008 0.00001 ( 1)  0.031
 216 L   0.03402 0.17568 0.26209 0.24004 0.16004 0.08299 0.03425 0.01088 ( 3)  0.194
 217 G   0.46874 0.30575 0.14819 0.05569 0.01666 0.00404 0.00080 0.00012 ( 1)  0.049
 218 L   0.00065 0.02466 0.09949 0.18825 0.23210 0.21256 0.15378 0.08851 ( 5)  0.376
 219 L   0.02567 0.14110 0.23277 0.24153 0.18428 0.10866 0.04962 0.01638 ( 4)  0.222
 220 A   0.00229 0.07209 0.21536 0.27713 0.22058 0.12843 0.06039 0.02374 ( 4)  0.256
 221 S   0.00000 0.00226 0.03653 0.13490 0.22964 0.24789 0.20521 0.14357 ( 6)  0.450
 222 H   0.00730 0.18082 0.36064 0.27342 0.12016 0.04026 0.01294 0.00447 ( 3)  0.161
 223 I   0.09152 0.35562 0.32874 0.15965 0.05028 0.01162 0.00220 0.00037 ( 2)  0.101
 224 P   0.04554 0.22131 0.29690 0.23417 0.12879 0.05282 0.01659 0.00389 ( 3)  0.159
 225 Y   0.00218 0.06923 0.20862 0.27120 0.22012 0.13322 0.06669 0.02874 ( 4)  0.264
 226 D   0.10316 0.37478 0.31812 0.14498 0.04517 0.01102 0.00232 0.00045 ( 2)  0.096
 227 L   0.39764 0.29216 0.17304 0.08501 0.03521 0.01239 0.00368 0.00087 ( 1)  0.067
 228 S   0.00018 0.03391 0.19494 0.31693 0.25055 0.12843 0.05359 0.02147 ( 4)  0.263
 229 P   0.40340 0.29243 0.17021 0.08259 0.03426 0.01233 0.00382 0.00095 ( 1)  0.066
 230 N   0.09454 0.35622 0.32078 0.15733 0.05311 0.01409 0.00324 0.00069 ( 2)  0.102
 231 N   0.62257 0.28165 0.07714 0.01522 0.00268 0.00054 0.00015 0.00006 ( 1)  0.027
 232 T   0.00000 0.00003 0.00147 0.01482 0.06358 0.16381 0.30395 0.45235 ( 8)  0.654
 233 I   0.00410 0.11664 0.29280 0.29662 0.17659 0.07563 0.02763 0.01000 ( 4)  0.202
 234 G   0.51571 0.30575 0.12692 0.03940 0.00971 0.00204 0.00040 0.00008 ( 1)  0.040
 235 D   0.00008 0.01738 0.11594 0.23964 0.26186 0.19373 0.11334 0.05802 ( 5)  0.338
 236 K   0.00000 0.00054 0.01104 0.05534 0.13505 0.21721 0.27489 0.30592 ( 8)  0.568
 237 D   0.57762 0.29484 0.09771 0.02381 0.00484 0.00094 0.00020 0.00005 ( 1)  0.032
 238 T   0.00025 0.01116 0.05647 0.13444 0.20576 0.23160 0.20717 0.15314 ( 6)  0.447
 239 D   0.00532 0.13555 0.28722 0.24799 0.14440 0.08135 0.05453 0.04365 ( 3)  0.230
 240 S   0.05795 0.25694 0.30175 0.20865 0.10596 0.04482 0.01735 0.00658 ( 3)  0.149
 241 T   0.00000 0.00000 0.00021 0.00360 0.02378 0.09238 0.26180 0.61822 ( 8)  0.721
 242 N   0.00624 0.14398 0.27421 0.23114 0.14792 0.09317 0.06170 0.04164 ( 3)  0.235
 243 -   0.01136 0.06767 0.12969 0.16956 0.18068 0.17010 0.14829 0.12265 ( 5)  0.368


lnL = -4098.060582

