Supplemental results for CODEML (seqf: algn  treef: tree)


dN/dS (w) for site classes (K=2)

p:   0.68072  0.31928
w:   0.09167  1.00000

Naive Empirical Bayes (NEB) probabilities for 2 classes & postmean_w
(amino acids refer to 1st sequence: BT_Cry1Ba1)

   1 N   0.52349 0.47651 ( 1)  0.524
   2 T   0.96419 0.03581 ( 1)  0.124
   3 S   0.46277 0.53723 ( 2)  0.580
   4 A   0.68419 0.31581 ( 1)  0.379
   5 Q   0.98045 0.01955 ( 1)  0.109
   6 L   0.98412 0.01588 ( 1)  0.106
   7 T   0.99841 0.00159 ( 1)  0.093
   8 R   0.99654 0.00346 ( 1)  0.095
   9 E   0.97834 0.02166 ( 1)  0.111
  10 V   0.83034 0.16966 ( 1)  0.246
  11 Y   0.99769 0.00231 ( 1)  0.094
  12 T   0.99841 0.00159 ( 1)  0.093
  13 D   0.87309 0.12691 ( 1)  0.207
  14 A   0.72423 0.27577 ( 1)  0.342
  15 I   0.99922 0.00078 ( 1)  0.092
  16 G   0.96289 0.03711 ( 1)  0.125
  17 A   0.10136 0.89864 ( 2)  0.908
  18 T   0.74508 0.25492 ( 1)  0.323
  19 G   0.01559 0.98441 ( 2)  0.986
  20 V   0.45473 0.54527 ( 2)  0.587
  21 N   0.00030 0.99970 ( 2)  1.000
  22 -   0.00019 0.99981 ( 2)  1.000
  23 -   0.00328 0.99672 ( 2)  0.997
  24 M   0.32485 0.67515 ( 2)  0.705
  25 A   0.29401 0.70599 ( 2)  0.733
  26 S   0.99335 0.00665 ( 1)  0.098
  27 M   0.79324 0.20676 ( 1)  0.279
  28 N   0.98939 0.01061 ( 1)  0.101
  29 W   0.93057 0.06943 ( 1)  0.155
  30 Y   0.76549 0.23451 ( 1)  0.305
  31 -   0.68072 0.31928 ( 1)  0.382
  32 -   0.68072 0.31928 ( 1)  0.382
  33 N   0.99960 0.00040 ( 1)  0.092
  34 N   0.99960 0.00040 ( 1)  0.092
  35 N   0.99960 0.00040 ( 1)  0.092
  36 A   0.98155 0.01845 ( 1)  0.108
  37 P   0.99774 0.00226 ( 1)  0.094
  38 S   0.93499 0.06501 ( 1)  0.151
  39 F   0.99429 0.00571 ( 1)  0.097
  40 S   0.99616 0.00384 ( 1)  0.095
  41 A   0.01981 0.98019 ( 2)  0.982
  42 I   0.99917 0.00083 ( 1)  0.092
  43 E   0.97745 0.02255 ( 1)  0.112
  44 A   0.32158 0.67842 ( 2)  0.708
  45 A   0.98629 0.01371 ( 1)  0.104
  46 A   0.26927 0.73073 ( 2)  0.755
  47 I   0.01865 0.98135 ( 2)  0.983
  48 R   0.97386 0.02614 ( 1)  0.115
  49 S   0.00004 0.99996 ( 2)  1.000
  50 P   0.96467 0.03533 ( 1)  0.124
  51 H   0.99864 0.00136 ( 1)  0.093
  52 L   0.98816 0.01184 ( 1)  0.102
  53 L   0.99572 0.00428 ( 1)  0.096
  54 D   0.99942 0.00058 ( 1)  0.092
  55 F   0.99893 0.00107 ( 1)  0.093
  56 L   0.49651 0.50349 ( 2)  0.549
  57 E   0.99835 0.00165 ( 1)  0.093
  58 Q   0.51440 0.48560 ( 1)  0.533
  59 L   0.97354 0.02646 ( 1)  0.116
  60 T   0.97438 0.02562 ( 1)  0.115
  61 I   0.99922 0.00078 ( 1)  0.092
  62 F   0.14315 0.85685 ( 2)  0.870
  63 S   0.96971 0.03029 ( 1)  0.119
  64 A   0.00025 0.99975 ( 2)  1.000
  65 S   0.86210 0.13790 ( 1)  0.217
  66 S   0.64887 0.35113 ( 1)  0.411
  67 R   0.97157 0.02843 ( 1)  0.117
  68 W   0.93057 0.06943 ( 1)  0.155
  69 S   0.99939 0.00061 ( 1)  0.092
  70 N   0.05415 0.94585 ( 2)  0.951
  71 T   0.99893 0.00107 ( 1)  0.093
  72 R   0.51076 0.48924 ( 1)  0.536
  73 H   0.71275 0.28725 ( 1)  0.353
  74 M   0.99743 0.00257 ( 1)  0.094
  75 T   0.99335 0.00665 ( 1)  0.098
  76 Y   0.05867 0.94133 ( 2)  0.947
  77 W   0.93057 0.06943 ( 1)  0.155
  78 R   0.00020 0.99980 ( 2)  1.000
  79 G   0.99244 0.00756 ( 1)  0.099
  80 H   0.99758 0.00242 ( 1)  0.094
  81 T   0.12062 0.87938 ( 2)  0.890
  82 I   0.96801 0.03199 ( 1)  0.121
  83 Q   0.02241 0.97759 ( 2)  0.980
  84 S   0.01434 0.98566 ( 2)  0.987
  85 R   0.92122 0.07878 ( 1)  0.163
  86 P   0.17442 0.82558 ( 2)  0.842
  87 I   0.99917 0.00083 ( 1)  0.092
  88 G   0.06288 0.93712 ( 2)  0.943
  89 G   0.96335 0.03665 ( 1)  0.125
  90 G   0.00001 0.99999 ( 2)  1.000
  91 L   0.87567 0.12433 ( 1)  0.205
  92 N   0.89636 0.10364 ( 1)  0.186
  93 T   0.50034 0.49966 ( 1)  0.546
  94 S   0.88398 0.11602 ( 1)  0.197
  95 T   0.99718 0.00282 ( 1)  0.094
  96 H   0.47088 0.52912 ( 2)  0.572
  97 G   0.99282 0.00718 ( 1)  0.098
  98 A   0.00000 1.00000 ( 2)  1.000
  99 T   0.96186 0.03814 ( 1)  0.126
 100 -   0.68305 0.31695 ( 1)  0.380
 101 N   0.99960 0.00040 ( 1)  0.092
 102 T   0.98555 0.01445 ( 1)  0.105
 103 S   0.97041 0.02959 ( 1)  0.119
 104 I   0.99922 0.00078 ( 1)  0.092
 105 N   0.99366 0.00634 ( 1)  0.097
 106 P   0.99739 0.00261 ( 1)  0.094
 107 V   0.99782 0.00218 ( 1)  0.094
 108 T   0.82524 0.17476 ( 1)  0.250
 109 L   0.36589 0.63411 ( 2)  0.668
 110 R   0.00133 0.99867 ( 2)  0.999
 111 F   0.97299 0.02701 ( 1)  0.116
 112 A   0.00011 0.99989 ( 2)  1.000
 113 S   0.97010 0.02990 ( 1)  0.119
 114 R   0.97424 0.02576 ( 1)  0.115
 115 D   0.96190 0.03810 ( 1)  0.126
 116 V   0.15580 0.84420 ( 2)  0.858
 117 Y   0.99769 0.00231 ( 1)  0.094
 118 R   0.87453 0.12547 ( 1)  0.206
 119 T   0.99876 0.00124 ( 1)  0.093
 120 E   0.99835 0.00165 ( 1)  0.093
 121 S   0.99263 0.00737 ( 1)  0.098
 122 Y   0.00033 0.99967 ( 2)  1.000
 123 A   0.99784 0.00216 ( 1)  0.094
 124 G   0.96289 0.03711 ( 1)  0.125
 125 V   0.01981 0.98019 ( 2)  0.982
 126 L   0.90060 0.09940 ( 1)  0.182
 127 L   0.63376 0.36624 ( 1)  0.424
 128 W   0.33621 0.66379 ( 2)  0.695
 129 G   0.76625 0.23375 ( 1)  0.304
 130 I   0.80142 0.19858 ( 1)  0.272
 131 Y   0.00265 0.99735 ( 2)  0.998
 132 L   0.81095 0.18905 ( 1)  0.263
 133 E   0.00494 0.99506 ( 2)  0.996
 134 P   0.99812 0.00188 ( 1)  0.093
 135 I   0.63251 0.36749 ( 1)  0.425
 136 H   0.99328 0.00672 ( 1)  0.098
 137 G   0.99135 0.00865 ( 1)  0.100
 138 V   0.99637 0.00363 ( 1)  0.095
 139 P   0.99812 0.00188 ( 1)  0.093
 140 T   0.00083 0.99917 ( 2)  0.999
 141 V   0.84420 0.15580 ( 1)  0.233
 142 R   0.16904 0.83096 ( 2)  0.846
 143 F   0.99718 0.00282 ( 1)  0.094
 144 N   0.99164 0.00836 ( 1)  0.099
 145 F   0.26110 0.73890 ( 2)  0.763
 146 T   0.01473 0.98527 ( 2)  0.987
 147 N   0.09189 0.90811 ( 2)  0.917
 148 P   0.26389 0.73611 ( 2)  0.760
 149 Q   0.00022 0.99978 ( 2)  1.000
 150 N   0.35149 0.64851 ( 2)  0.681
 151 I   0.00004 0.99996 ( 2)  1.000
 152 S   0.00096 0.99904 ( 2)  0.999
 153 D   0.55535 0.44465 ( 1)  0.496
 154 R   0.68567 0.31433 ( 1)  0.377
 155 G   0.01863 0.98137 ( 2)  0.983
 156 T   0.00005 0.99995 ( 2)  1.000
 157 A   0.00201 0.99799 ( 2)  0.998
 158 N   0.00001 0.99999 ( 2)  1.000
 159 Y   0.99677 0.00323 ( 1)  0.095
 160 S   0.18385 0.81615 ( 2)  0.833
 161 Q   0.00090 0.99910 ( 2)  0.999
 162 P   0.11846 0.88154 ( 2)  0.892
 163 Y   0.99769 0.00231 ( 1)  0.094
 164 E   0.00035 0.99965 ( 2)  1.000
 165 S   0.46906 0.53094 ( 2)  0.574
 166 P   0.23647 0.76353 ( 2)  0.785
 167 G   0.94761 0.05239 ( 1)  0.139
 168 L   0.33667 0.66333 ( 2)  0.694
 169 Q   0.99379 0.00621 ( 1)  0.097
 170 L   0.98677 0.01323 ( 1)  0.104
 171 K   0.00122 0.99878 ( 2)  0.999
 172 D   0.99942 0.00058 ( 1)  0.092
 173 S   0.99260 0.00740 ( 1)  0.098
 174 E   0.99835 0.00165 ( 1)  0.093
 175 T   0.98414 0.01586 ( 1)  0.106
 176 E   0.99835 0.00165 ( 1)  0.093
 177 L   0.98702 0.01298 ( 1)  0.103
 178 P   0.99681 0.00319 ( 1)  0.095
 179 P   0.99762 0.00238 ( 1)  0.094
 180 E   0.99835 0.00165 ( 1)  0.093
 181 T   0.97778 0.02222 ( 1)  0.112
 182 T   0.98248 0.01752 ( 1)  0.108
 183 E   0.96395 0.03605 ( 1)  0.124
 184 R   0.65510 0.34490 ( 1)  0.405
 185 P   0.99724 0.00276 ( 1)  0.094
 186 N   0.99567 0.00433 ( 1)  0.096
 187 Y   0.99769 0.00231 ( 1)  0.094
 188 E   0.99835 0.00165 ( 1)  0.093
 189 S   0.99428 0.00572 ( 1)  0.097
 190 Y   0.99518 0.00482 ( 1)  0.096
 191 S   0.99939 0.00061 ( 1)  0.092
 192 H   0.99881 0.00119 ( 1)  0.093
 193 R   0.99732 0.00268 ( 1)  0.094
 194 L   0.98695 0.01305 ( 1)  0.104
 195 S   0.99775 0.00225 ( 1)  0.094
 196 H   0.96366 0.03634 ( 1)  0.125
 197 I   0.99917 0.00083 ( 1)  0.092
 198 G   0.91098 0.08902 ( 1)  0.173
 199 I   0.15268 0.84732 ( 2)  0.861
 200 I   0.99840 0.00160 ( 1)  0.093
 201 L   0.00429 0.99571 ( 2)  0.996
 202 Q   0.00114 0.99886 ( 2)  0.999
 203 S   0.00253 0.99747 ( 2)  0.998
 204 R   0.07002 0.92998 ( 2)  0.936
 205 V   0.14741 0.85259 ( 2)  0.866
 206 N   0.03371 0.96629 ( 2)  0.969
 207 V   0.97974 0.02026 ( 1)  0.110
 208 P   0.61860 0.38140 ( 1)  0.438
 209 V   0.99727 0.00273 ( 1)  0.094
 210 Y   0.99769 0.00231 ( 1)  0.094
 211 S   0.99817 0.00183 ( 1)  0.093
 212 W   0.93057 0.06943 ( 1)  0.155
 213 T   0.96695 0.03305 ( 1)  0.122
 214 H   0.99623 0.00377 ( 1)  0.095
 215 R   0.99579 0.00421 ( 1)  0.095
 216 S   0.99939 0.00061 ( 1)  0.092


lnL = -3561.516120

