Supplemental results for CODEML (seqf: algn  treef: tree)


dN/dS (w) for site classes (K=3)

p:   0.24729  0.45628  0.29643
w:   0.04413  0.29581  0.83155

Naive Empirical Bayes (NEB) probabilities for 3 classes & postmean_w
(amino acids refer to 1st sequence: BT_Cry1Ba1)

   1 -   0.24729 0.45628 0.29643 ( 2)  0.392
   2 -   0.24729 0.45628 0.29643 ( 2)  0.392
   3 -   0.24729 0.45628 0.29643 ( 2)  0.392
   4 -   0.24729 0.45628 0.29643 ( 2)  0.392
   5 -   0.24729 0.45628 0.29643 ( 2)  0.392
   6 -   0.54523 0.39407 0.06070 ( 1)  0.191
   7 -   0.28838 0.63615 0.07547 ( 2)  0.264
   8 -   0.00394 0.79044 0.20561 ( 2)  0.405
   9 -   0.20082 0.79624 0.00294 ( 2)  0.247
  10 R   0.03483 0.96017 0.00500 ( 2)  0.290
  11 I   0.99679 0.00321 0.00000 ( 1)  0.045
  12 T   0.99348 0.00652 0.00000 ( 1)  0.046
  13 Q   0.65939 0.33964 0.00097 ( 1)  0.130
  14 I   0.12995 0.85395 0.01611 ( 2)  0.272
  15 P   0.97631 0.02368 0.00000 ( 1)  0.050
  16 M   0.00000 0.02435 0.97565 ( 3)  0.819
  17 V   0.07722 0.92143 0.00136 ( 2)  0.277
  18 K   0.96563 0.03436 0.00001 ( 1)  0.053
  19 A   0.25815 0.74105 0.00080 ( 2)  0.231
  20 S   0.00000 0.05966 0.94034 ( 3)  0.800
  21 E   0.00000 0.43284 0.56716 ( 3)  0.600
  22 L   0.00002 0.50201 0.49797 ( 2)  0.563
  23 P   0.00000 0.00021 0.99979 ( 3)  0.831
  24 Q   0.00000 0.01498 0.98502 ( 3)  0.824
  25 G   0.94195 0.05804 0.00001 ( 1)  0.059
  26 T   0.00023 0.71119 0.28858 ( 2)  0.450
  27 T   0.00002 0.73788 0.26210 ( 2)  0.436
  28 V   0.00113 0.83289 0.16598 ( 2)  0.384
  29 V   0.86574 0.13406 0.00020 ( 1)  0.078
  30 R   0.00001 0.81480 0.18519 ( 2)  0.395
  31 G   0.90690 0.09307 0.00002 ( 1)  0.068
  32 P   0.97283 0.02717 0.00000 ( 1)  0.051
  33 G   0.90214 0.09784 0.00003 ( 1)  0.069
  34 F   0.99308 0.00692 0.00000 ( 1)  0.046
  35 T   0.97008 0.02992 0.00000 ( 1)  0.052
  36 G   0.98732 0.01268 0.00000 ( 1)  0.047
  37 G   0.88326 0.11620 0.00054 ( 1)  0.074
  38 D   0.46537 0.53454 0.00009 ( 2)  0.179
  39 I   0.21758 0.78001 0.00241 ( 2)  0.242
  40 L   0.26866 0.72538 0.00596 ( 2)  0.231
  41 R   0.12471 0.84278 0.03252 ( 2)  0.282
  42 R   0.58426 0.41549 0.00025 ( 1)  0.149
  43 T   0.77795 0.22144 0.00061 ( 1)  0.100
  44 N   0.00000 0.00130 0.99870 ( 3)  0.831
  45 T   0.00000 0.01538 0.98462 ( 3)  0.823
  46 -   0.33304 0.47780 0.18916 ( 2)  0.313
  47 G   0.92889 0.07110 0.00001 ( 1)  0.062
  48 G   0.00000 0.10737 0.89263 ( 3)  0.774
  49 F   0.00003 0.69520 0.30477 ( 2)  0.459
  50 G   0.10127 0.89331 0.00542 ( 2)  0.273
  51 P   0.00000 0.50647 0.49353 ( 2)  0.560
  52 I   0.33311 0.66630 0.00059 ( 2)  0.212
  53 R   0.87730 0.12261 0.00009 ( 1)  0.075
  54 V   0.23094 0.76765 0.00141 ( 2)  0.238
  55 T   0.00000 0.42092 0.57907 ( 3)  0.606
  56 V   0.00147 0.98207 0.01646 ( 2)  0.304
  57 N   0.00000 0.72668 0.27331 ( 2)  0.442
  58 G   0.00000 0.00795 0.99205 ( 3)  0.827
  59 P   0.00323 0.86266 0.13411 ( 2)  0.367
  60 L   0.08060 0.90617 0.01323 ( 2)  0.283
  61 T   0.01933 0.96238 0.01829 ( 2)  0.301
  62 Q   0.94529 0.05468 0.00003 ( 1)  0.058
  63 R   0.00078 0.80652 0.19270 ( 2)  0.399
  64 Y   0.97785 0.02215 0.00000 ( 1)  0.050
  65 R   0.75901 0.23542 0.00557 ( 1)  0.108
  66 I   0.01123 0.96823 0.02054 ( 2)  0.304
  67 G   0.92509 0.07489 0.00002 ( 1)  0.063
  68 F   0.00000 0.10041 0.89959 ( 3)  0.778
  69 R   0.34563 0.65265 0.00173 ( 2)  0.210
  70 Y   0.43817 0.56096 0.00087 ( 2)  0.186
  71 A   0.99468 0.00532 0.00000 ( 1)  0.045
  72 S   0.62932 0.36849 0.00219 ( 1)  0.139
  73 T   0.94131 0.05868 0.00001 ( 1)  0.059
  74 V   0.00072 0.94751 0.05176 ( 2)  0.323
  75 D   0.00055 0.99273 0.00672 ( 2)  0.299
  76 F   0.00035 0.86561 0.13404 ( 2)  0.368
  77 D   0.00000 0.00031 0.99969 ( 3)  0.831
  78 F   0.00868 0.90554 0.08578 ( 2)  0.340
  79 F   0.00000 0.00478 0.99522 ( 3)  0.829
  80 V   0.00036 0.85359 0.14605 ( 2)  0.374
  81 S   0.00000 0.00010 0.99990 ( 3)  0.832
  82 R   0.00000 0.26000 0.74000 ( 3)  0.692
  83 G   0.00001 0.60534 0.39465 ( 2)  0.507
  84 G   0.00000 0.12999 0.87001 ( 3)  0.762
  85 T   0.00000 0.14942 0.85058 ( 3)  0.752
  86 T   0.00000 0.20920 0.79080 ( 3)  0.719
  87 -   0.33814 0.47747 0.18439 ( 2)  0.309
  88 -   0.00273 0.20020 0.79707 ( 3)  0.722
  89 V   0.00022 0.93874 0.06104 ( 2)  0.328
  90 N   0.00003 0.93490 0.06507 ( 2)  0.331
  91 N   0.00000 0.01076 0.98924 ( 3)  0.826
  92 F   0.00000 0.34610 0.65390 ( 3)  0.646
  93 R   0.00000 0.04015 0.95985 ( 3)  0.810
  94 F   0.00037 0.65400 0.34562 ( 2)  0.481
  95 L   0.00000 0.00276 0.99724 ( 3)  0.830
  96 R   0.00000 0.44005 0.55995 ( 3)  0.596
  97 T   0.99537 0.00463 0.00000 ( 1)  0.045
  98 M   0.99235 0.00765 0.00000 ( 1)  0.046
  99 N   0.00001 0.54338 0.45662 ( 2)  0.540
 100 S   0.00000 0.29048 0.70952 ( 3)  0.676
 101 G   0.08785 0.90567 0.00648 ( 2)  0.277
 102 D   0.00000 0.00317 0.99683 ( 3)  0.830
 103 E   0.00060 0.95111 0.04829 ( 2)  0.322
 104 L   0.04885 0.92577 0.02539 ( 2)  0.297
 105 K   0.00000 0.52570 0.47430 ( 2)  0.550
 106 Y   0.12800 0.84284 0.02916 ( 2)  0.279
 107 G   0.00002 0.87901 0.12097 ( 2)  0.361
 108 N   0.00040 0.58715 0.41245 ( 2)  0.517
 109 F   0.68887 0.31104 0.00009 ( 1)  0.122
 110 V   0.00000 0.07574 0.92426 ( 3)  0.791
 111 R   0.05858 0.93871 0.00271 ( 2)  0.283
 112 R   0.00000 0.03803 0.96197 ( 3)  0.811
 113 A   0.01405 0.88634 0.09961 ( 2)  0.346
 114 F   0.09674 0.90122 0.00204 ( 2)  0.273
 115 T   0.00012 0.86222 0.13766 ( 2)  0.370
 116 T   0.04940 0.94632 0.00427 ( 2)  0.286
 117 -   0.24729 0.45628 0.29643 ( 2)  0.392
 118 -   0.24729 0.45628 0.29643 ( 2)  0.392
 119 -   0.24729 0.45628 0.29643 ( 2)  0.392
 120 -   0.24729 0.45628 0.29643 ( 2)  0.392
 121 -   0.24729 0.45628 0.29643 ( 2)  0.392
 122 -   0.24729 0.45628 0.29643 ( 2)  0.392
 123 P   0.00005 0.82528 0.17467 ( 2)  0.389
 124 F   0.73375 0.26620 0.00005 ( 1)  0.111
 125 T   0.00000 0.03537 0.96463 ( 3)  0.813
 126 F   0.00333 0.98157 0.01511 ( 2)  0.303
 127 T   0.00000 0.13302 0.86698 ( 3)  0.760
 128 Q   0.00001 0.42120 0.57879 ( 3)  0.606
 129 I   0.00000 0.03750 0.96250 ( 3)  0.811
 130 Q   0.00074 0.81759 0.18168 ( 2)  0.393
 131 D   0.00002 0.82659 0.17339 ( 2)  0.389
 132 I   0.00000 0.15323 0.84677 ( 3)  0.749
 133 I   0.01754 0.96166 0.02080 ( 2)  0.303
 134 R   0.00597 0.88635 0.10769 ( 2)  0.352
 135 T   0.00000 0.05811 0.94189 ( 3)  0.800
 136 S   0.00000 0.06655 0.93345 ( 3)  0.796
 137 I   0.00003 0.72742 0.27256 ( 2)  0.442
 138 Q   0.00000 0.00150 0.99850 ( 3)  0.831
 139 G   0.00000 0.04441 0.95559 ( 3)  0.808
 140 L   0.00491 0.98391 0.01118 ( 2)  0.301
 141 S   0.00209 0.91277 0.08514 ( 2)  0.341
 142 G   0.00000 0.04829 0.95171 ( 3)  0.806
 143 N   0.00082 0.96476 0.03442 ( 2)  0.314
 144 G   0.00000 0.01313 0.98687 ( 3)  0.825
 145 E   0.03891 0.95697 0.00412 ( 2)  0.288
 146 V   0.04297 0.92616 0.03087 ( 2)  0.302
 147 Y   0.85496 0.14497 0.00006 ( 1)  0.081
 148 I   0.00008 0.83486 0.16506 ( 2)  0.384
 149 D   0.97656 0.02344 0.00000 ( 1)  0.050
 150 K   0.08928 0.90993 0.00080 ( 2)  0.274
 151 I   0.35824 0.64107 0.00069 ( 2)  0.206
 152 E   0.99280 0.00720 0.00000 ( 1)  0.046
 153 I   0.27606 0.71892 0.00502 ( 2)  0.229
 154 I   0.06948 0.91340 0.01712 ( 2)  0.287
 155 P   0.75694 0.23755 0.00550 ( 1)  0.108

Positively selected sites

	Prob(w>1)  mean w



lnL = -5295.843252

