Supplemental results for CODEML (seqf: algn  treef: tree)


dN/dS (w) for site classes (K=3)

p:   0.25340  0.62753  0.11907
w:   0.02267  0.41542  1.00714

Naive Empirical Bayes (NEB) probabilities for 3 classes & postmean_w & P(w>1)
(amino acids refer to 1st sequence: BT_Cry4Ba1)

   1 Y   0.26834 0.62392 0.10774 ( 2)  0.374  0.108
   2 T   0.35318 0.58292 0.06389 ( 2)  0.315  0.064
   3 D   0.36849 0.57435 0.05716 ( 2)  0.305  0.057
   4 A   0.00003 0.68664 0.31333 ( 2)  0.601  0.313
   5 I   0.88570 0.11129 0.00300 ( 1)  0.069  0.003
   6 T   0.85311 0.14193 0.00495 ( 1)  0.083  0.005
   7 Q   0.23358 0.74153 0.02490 ( 2)  0.338  0.025
   8 V   0.90696 0.09084 0.00221 ( 1)  0.061  0.002
   9 P   0.01030 0.87827 0.11143 ( 2)  0.477  0.111
  10 A   0.88863 0.10890 0.00246 ( 1)  0.068  0.002
  11 V   0.83735 0.15669 0.00596 ( 1)  0.090  0.006
  12 K   0.05919 0.90182 0.03899 ( 2)  0.415  0.039
  13 S   0.02080 0.90766 0.07154 ( 2)  0.450  0.072
  14 N   0.00013 0.83444 0.16543 ( 2)  0.513  0.165
  15 F   0.00000 0.25391 0.74609 ( 3)  0.857  0.746
  16 L   0.27826 0.62090 0.10084 ( 2)  0.366  0.101
  17 N   0.03522 0.86073 0.10405 ( 2)  0.463  0.104
  18 A   0.00642 0.83314 0.16043 ( 2)  0.508  0.160
  19 T   0.00007 0.81157 0.18837 ( 2)  0.527  0.188
  20 A   0.00001 0.67656 0.32343 ( 2)  0.607  0.323
  21 K   0.00000 0.31125 0.68875 ( 3)  0.823  0.689
  22 V   0.90711 0.09093 0.00196 ( 1)  0.060  0.002
  23 I   0.88570 0.11129 0.00300 ( 1)  0.069  0.003
  24 K   0.00030 0.77969 0.22000 ( 2)  0.545  0.220
  25 G   0.89196 0.10609 0.00195 ( 1)  0.066  0.002
  26 P   0.91072 0.08785 0.00143 ( 1)  0.059  0.001
  27 G   0.90794 0.09009 0.00197 ( 1)  0.060  0.002
  28 H   0.03220 0.93785 0.02995 ( 2)  0.421  0.030
  29 T   0.89612 0.10154 0.00234 ( 1)  0.065  0.002
  30 G   0.86934 0.12808 0.00257 ( 1)  0.076  0.003
  31 G   0.80955 0.18595 0.00450 ( 1)  0.100  0.005
  32 D   0.95572 0.04373 0.00055 ( 1)  0.040  0.001
  33 L   0.79817 0.19625 0.00558 ( 1)  0.105  0.006
  34 V   0.90686 0.09092 0.00221 ( 1)  0.061  0.002
  35 A   0.02344 0.94109 0.03547 ( 2)  0.427  0.035
  36 L   0.00506 0.91400 0.08095 ( 2)  0.461  0.081
  37 T   0.00008 0.83337 0.16656 ( 2)  0.514  0.167
  38 S   0.00002 0.66677 0.33321 ( 2)  0.613  0.333
  39 N   0.89825 0.09868 0.00306 ( 1)  0.064  0.003
  40 G   0.38541 0.58837 0.02622 ( 2)  0.280  0.026
  41 T   0.18875 0.76791 0.04334 ( 2)  0.367  0.043
  42 L   0.24283 0.73206 0.02511 ( 2)  0.335  0.025
  43 S   0.01570 0.94001 0.04429 ( 2)  0.435  0.044
  44 -   0.25340 0.62753 0.11907 ( 2)  0.386  0.119
  45 G   0.00415 0.80623 0.18961 ( 2)  0.526  0.190
  46 R   0.09056 0.89162 0.01782 ( 2)  0.390  0.018
  47 M   0.04238 0.92812 0.02950 ( 2)  0.416  0.029
  48 E   0.02145 0.93354 0.04500 ( 2)  0.434  0.045
  49 I   0.01410 0.90783 0.07807 ( 2)  0.456  0.078
  50 Q   0.00910 0.93758 0.05332 ( 2)  0.443  0.053
  51 C   0.00271 0.94089 0.05640 ( 2)  0.448  0.056
  52 K   0.16786 0.78844 0.04370 ( 2)  0.375  0.044
  53 T   0.01296 0.92455 0.06249 ( 2)  0.447  0.062
  54 S   0.02017 0.92661 0.05323 ( 2)  0.439  0.053
  55 I   0.00057 0.68098 0.31845 ( 2)  0.604  0.318
  56 F   0.34765 0.58775 0.06460 ( 2)  0.317  0.065
  57 N   0.38056 0.56536 0.05407 ( 2)  0.298  0.054
  58 D   0.36849 0.57435 0.05716 ( 2)  0.305  0.057
  59 P   0.33134 0.59718 0.07149 ( 2)  0.328  0.071
  60 T   0.01039 0.90730 0.08230 ( 2)  0.460  0.082
  61 R   0.00033 0.77696 0.22272 ( 2)  0.547  0.223
  62 S   0.00289 0.84460 0.15251 ( 2)  0.505  0.153
  63 Y   0.00002 0.66251 0.33747 ( 2)  0.615  0.337
  64 G   0.00003 0.64737 0.35260 ( 2)  0.624  0.353
  65 L   0.02117 0.91201 0.06682 ( 2)  0.447  0.067
  66 R   0.74643 0.24826 0.00530 ( 1)  0.125  0.005
  67 I   0.22482 0.74196 0.03322 ( 2)  0.347  0.033
  68 R   0.87759 0.12081 0.00160 ( 1)  0.072  0.002
  69 Y   0.90520 0.09349 0.00132 ( 1)  0.061  0.001
  70 A   0.93169 0.06715 0.00116 ( 1)  0.050  0.001
  71 A   0.00090 0.87483 0.12427 ( 2)  0.489  0.124
  72 N   0.02548 0.92724 0.04728 ( 2)  0.433  0.047
  73 S   0.21367 0.74152 0.04481 ( 2)  0.358  0.045
  74 P   0.00075 0.79875 0.20051 ( 2)  0.534  0.201
  75 I   0.08390 0.89615 0.01995 ( 2)  0.394  0.020
  76 V   0.01427 0.92557 0.06016 ( 2)  0.445  0.060
  77 L   0.02853 0.86701 0.10446 ( 2)  0.466  0.104
  78 N   0.00019 0.85782 0.14199 ( 2)  0.499  0.142
  79 V   0.00168 0.83080 0.16752 ( 2)  0.514  0.168
  80 S   0.00024 0.61677 0.38298 ( 2)  0.642  0.383
  81 Y   0.02775 0.91873 0.05352 ( 2)  0.436  0.054
  82 V   0.00712 0.65406 0.33882 ( 2)  0.613  0.339
  83 L   0.00087 0.56283 0.43630 ( 2)  0.673  0.436
  84 Q   0.00073 0.52471 0.47456 ( 2)  0.696  0.475
  85 G   0.02115 0.88180 0.09705 ( 2)  0.465  0.097
  86 V   0.00116 0.88087 0.11797 ( 2)  0.485  0.118
  87 S   0.00003 0.77441 0.22556 ( 2)  0.549  0.226
  88 R   0.00014 0.72243 0.27743 ( 2)  0.580  0.277
  89 G   0.00824 0.84366 0.14810 ( 2)  0.500  0.148
  90 T   0.00003 0.69855 0.30143 ( 2)  0.594  0.301
  91 T   0.00000 0.58264 0.41736 ( 2)  0.662  0.417
  92 I   0.20668 0.72076 0.07256 ( 2)  0.377  0.073
  93 S   0.00000 0.33825 0.66175 ( 3)  0.807  0.662
  94 T   0.00008 0.81003 0.18989 ( 2)  0.528  0.190
  95 E   0.00006 0.65939 0.34055 ( 2)  0.617  0.341
  96 S   0.00069 0.71745 0.28186 ( 2)  0.582  0.282
  97 T   0.01256 0.80088 0.18655 ( 2)  0.521  0.187
  98 F   0.00235 0.92997 0.06768 ( 2)  0.455  0.068
  99 S   0.82628 0.16992 0.00380 ( 1)  0.093  0.004
 100 R   0.00955 0.91979 0.07065 ( 2)  0.453  0.071
 101 P   0.00180 0.90859 0.08961 ( 2)  0.468  0.090
 102 N   0.03119 0.89048 0.07832 ( 2)  0.450  0.078
 103 N   0.49827 0.48388 0.01785 ( 1)  0.230  0.018
 104 I   0.36465 0.57527 0.06008 ( 2)  0.308  0.060
 105 I   0.36465 0.57527 0.06008 ( 2)  0.308  0.060
 106 P   0.33134 0.59718 0.07149 ( 2)  0.328  0.071
 107 T   0.35318 0.58292 0.06389 ( 2)  0.315  0.064
 108 D   0.36849 0.57435 0.05716 ( 2)  0.305  0.057
 109 L   0.81821 0.17692 0.00487 ( 1)  0.097  0.005
 110 K   0.27196 0.70435 0.02369 ( 2)  0.323  0.024
 111 Y   0.90520 0.09349 0.00132 ( 1)  0.061  0.001
 112 E   0.93337 0.06567 0.00095 ( 1)  0.049  0.001
 113 E   0.00010 0.67592 0.32398 ( 2)  0.607  0.324
 114 F   0.32919 0.64175 0.02906 ( 2)  0.303  0.029
 115 R   0.00876 0.79917 0.19207 ( 2)  0.526  0.192
 116 Y   0.01292 0.89316 0.09392 ( 2)  0.466  0.094
 117 K   0.00008 0.84951 0.15041 ( 2)  0.504  0.150
 118 D   0.00123 0.77924 0.21953 ( 2)  0.545  0.220
 119 P   0.00135 0.91700 0.08165 ( 2)  0.463  0.082
 120 F   0.00005 0.75598 0.24397 ( 2)  0.560  0.244
 121 D   0.65425 0.34090 0.00485 ( 1)  0.161  0.005
 122 A   0.00004 0.70387 0.29609 ( 2)  0.591  0.296
 123 I   0.05448 0.90181 0.04371 ( 2)  0.420  0.044
 124 V   0.34768 0.58699 0.06533 ( 2)  0.318  0.065
 125 P   0.27248 0.62271 0.10480 ( 2)  0.370  0.105
 126 M   0.34913 0.58748 0.06339 ( 2)  0.316  0.063
 127 R   0.35166 0.58511 0.06323 ( 2)  0.315  0.063
 128 L   0.30819 0.60866 0.08314 ( 2)  0.344  0.083
 129 S   0.33377 0.59566 0.07057 ( 2)  0.326  0.071
 130 S   0.00029 0.84379 0.15593 ( 2)  0.508  0.156
 131 N   0.00145 0.92206 0.07648 ( 2)  0.460  0.076
 132 Q   0.00904 0.83757 0.15339 ( 2)  0.503  0.153
 133 L   0.00022 0.67387 0.32590 ( 2)  0.608  0.326
 134 I   0.00001 0.45795 0.54204 ( 3)  0.736  0.542
 135 T   0.03249 0.93756 0.02994 ( 2)  0.420  0.030
 136 I   0.52710 0.46339 0.00951 ( 1)  0.214  0.010
 137 A   0.00063 0.78289 0.21648 ( 2)  0.543  0.216
 138 I   0.01461 0.89783 0.08757 ( 2)  0.461  0.088
 139 Q   0.01216 0.93054 0.05730 ( 2)  0.445  0.057
 140 P   0.03538 0.93247 0.03214 ( 2)  0.421  0.032
 141 L   0.12947 0.81409 0.05644 ( 2)  0.398  0.056
 142 N   0.92740 0.07131 0.00130 ( 1)  0.052  0.001
 143 M   0.46280 0.51981 0.01739 ( 2)  0.244  0.017
 144 T   0.40952 0.57990 0.01058 ( 2)  0.261  0.011
 145 S   0.00002 0.54360 0.45638 ( 2)  0.685  0.456
 146 N   0.45330 0.52549 0.02122 ( 2)  0.250  0.021
 147 N   0.00111 0.90739 0.09150 ( 2)  0.469  0.092
 148 Q   0.00072 0.82414 0.17514 ( 2)  0.519  0.175
 149 V   0.25836 0.69564 0.04600 ( 2)  0.341  0.046
 150 I   0.00091 0.75838 0.24071 ( 2)  0.557  0.241
 151 I   0.22204 0.74228 0.03567 ( 2)  0.349  0.036
 152 D   0.92363 0.07519 0.00119 ( 1)  0.053  0.001
 153 R   0.39986 0.57570 0.02444 ( 2)  0.273  0.024
 154 I   0.00804 0.85771 0.13425 ( 2)  0.492  0.134
 155 E   0.85580 0.13623 0.00797 ( 1)  0.084  0.008
 156 I   0.77384 0.20842 0.01774 ( 1)  0.122  0.018
 157 I   0.23530 0.70379 0.06091 ( 2)  0.359  0.061

Positively selected sites

	Prob(w>1)  mean w

    15 F      0.746         0.857
    21 K      0.689         0.823
    93 S      0.662         0.807
   134 I      0.542         0.736


lnL = -2016.263072

