Supplemental results for CODEML (seqf: algn  treef: tree)


dN/dS (w) for site classes (K=8)

p:   0.12500  0.12500  0.12500  0.12500  0.12500  0.12500  0.12500  0.12500
w:   0.01953  0.07218  0.13552  0.20925  0.29537  0.39846  0.52916  0.72476

Naive Empirical Bayes (NEB) probabilities for 8 classes & postmean_w
(amino acids refer to 1st sequence: BT_Cry19Aa1)

   1 E   0.00000 0.00004 0.00311 0.03079 0.11368 0.23349 0.31998 0.29890 ( 7)  0.519
   2 V   0.46940 0.43078 0.08610 0.01198 0.00153 0.00019 0.00002 0.00000 ( 1)  0.055
   3 K   0.57454 0.33161 0.07783 0.01356 0.00211 0.00031 0.00004 0.00000 ( 1)  0.049
   4 T   0.00039 0.02652 0.10811 0.18971 0.22087 0.20156 0.15477 0.09808 ( 5)  0.355
   5 E   0.30382 0.48081 0.17096 0.03748 0.00609 0.00076 0.00007 0.00000 ( 2)  0.074
   6 L   0.77174 0.18135 0.03774 0.00745 0.00142 0.00026 0.00004 0.00001 ( 1)  0.035
   7 T   0.92497 0.06939 0.00513 0.00045 0.00005 0.00001 0.00000 0.00000 ( 1)  0.024
   8 R   0.88912 0.10080 0.00922 0.00078 0.00007 0.00001 0.00000 0.00000 ( 1)  0.026
   9 E   0.36535 0.49105 0.12422 0.01746 0.00177 0.00015 0.00001 0.00000 ( 2)  0.064
  10 I   0.95979 0.03852 0.00160 0.00009 0.00001 0.00000 0.00000 0.00000 ( 1)  0.022
  11 Y   0.94051 0.05587 0.00336 0.00024 0.00002 0.00000 0.00000 0.00000 ( 1)  0.023
  12 S   0.05164 0.31635 0.27615 0.16967 0.09641 0.05243 0.02654 0.01082 ( 2)  0.168
  13 D   0.26165 0.51860 0.16811 0.04133 0.00865 0.00147 0.00018 0.00001 ( 2)  0.077
  14 V   0.00401 0.12805 0.26349 0.26139 0.18414 0.10214 0.04440 0.01238 ( 3)  0.227
  15 I   0.17319 0.56787 0.20695 0.04301 0.00753 0.00125 0.00019 0.00002 ( 2)  0.084
  16 N   0.35207 0.53111 0.10159 0.01334 0.00166 0.00020 0.00002 0.00000 ( 2)  0.062
  17 G   0.00000 0.00139 0.02817 0.11388 0.21663 0.26588 0.23516 0.13889 ( 6)  0.423
  18 E   0.00001 0.02432 0.17432 0.27760 0.24397 0.16021 0.08555 0.03403 ( 4)  0.289
  19 I   0.00000 0.00012 0.00349 0.02357 0.08159 0.18751 0.31554 0.38818 ( 8)  0.553
  20 Y   0.00000 0.00049 0.01033 0.04985 0.12574 0.21876 0.29237 0.30246 ( 8)  0.510
  21 G   0.00000 0.00038 0.00880 0.04773 0.12956 0.23109 0.30094 0.28151 ( 7)  0.505
  22 L   0.00000 0.00032 0.00869 0.05179 0.14512 0.25134 0.30061 0.24212 ( 7)  0.490
  23 M   0.00000 0.00149 0.02191 0.08881 0.19010 0.26764 0.26427 0.16580 ( 6)  0.444
  24 -   0.02301 0.11738 0.15840 0.16428 0.15889 0.14736 0.12924 0.10143 ( 4)  0.312
  25 -   0.21725 0.18983 0.16167 0.13446 0.10881 0.08492 0.06259 0.04047 ( 1)  0.196
  26 -   0.14036 0.13718 0.13345 0.12925 0.12452 0.11910 0.11259 0.10355 ( 1)  0.277
  27 -   0.00073 0.00915 0.02933 0.06268 0.11009 0.17266 0.25304 0.36233 ( 8)  0.516
  28 -   0.21085 0.18521 0.15899 0.13373 0.10998 0.08786 0.06710 0.04627 ( 1)  0.204
  29 -   0.21085 0.18521 0.15899 0.13373 0.10998 0.08786 0.06710 0.04627 ( 1)  0.204
  30 T   0.00000 0.00015 0.00327 0.01924 0.06284 0.14838 0.28558 0.48054 ( 8)  0.582
  31 P   0.00003 0.01213 0.08366 0.17850 0.22858 0.22167 0.17368 0.10176 ( 5)  0.371
  32 Y   0.00000 0.00000 0.00047 0.00897 0.05558 0.17462 0.33888 0.42147 ( 8)  0.573
  33 F   0.00000 0.00000 0.00069 0.01128 0.06047 0.17174 0.32212 0.43369 ( 8)  0.574
  34 S   0.00000 0.00022 0.01011 0.06557 0.17141 0.26406 0.28114 0.20749 ( 7)  0.470
  35 F   0.00040 0.07040 0.24121 0.29895 0.22216 0.11500 0.04252 0.00935 ( 4)  0.241
  36 E   0.00000 0.00012 0.00624 0.04471 0.13114 0.23229 0.29661 0.28889 ( 7)  0.508
  37 K   0.00000 0.00013 0.00642 0.04915 0.15193 0.26754 0.30645 0.21839 ( 7)  0.483
  38 A   0.00000 0.00375 0.03687 0.11704 0.21133 0.26010 0.23190 0.13901 ( 6)  0.419
  39 E   0.91499 0.07931 0.00535 0.00032 0.00002 0.00000 0.00000 0.00000 ( 1)  0.024
  40 S   0.00000 0.00422 0.06219 0.19063 0.27462 0.24902 0.15696 0.06236 ( 5)  0.357
  41 L   0.00012 0.02264 0.13097 0.25991 0.28530 0.19744 0.08580 0.01782 ( 5)  0.295
  42 Y   0.01045 0.31465 0.41344 0.19496 0.05414 0.01066 0.00155 0.00014 ( 3)  0.141
  43 T   0.00210 0.15975 0.34538 0.27221 0.14020 0.05749 0.01892 0.00394 ( 3)  0.193
  44 R   0.00194 0.08928 0.23759 0.26620 0.19827 0.11870 0.06175 0.02627 ( 4)  0.252
  45 A   0.00047 0.06194 0.22917 0.29055 0.22085 0.12382 0.05506 0.01814 ( 4)  0.253
  46 P   0.87226 0.11464 0.01192 0.00108 0.00009 0.00001 0.00000 0.00000 ( 1)  0.027
  47 H   0.00075 0.09414 0.32869 0.33893 0.17362 0.05317 0.00988 0.00083 ( 4)  0.201
  48 L   0.12719 0.39161 0.27770 0.12873 0.04988 0.01770 0.00574 0.00145 ( 2)  0.121
  49 F   0.31467 0.44262 0.16677 0.05288 0.01663 0.00495 0.00127 0.00021 ( 2)  0.079
  50 T   0.01771 0.33867 0.36633 0.18475 0.06752 0.01982 0.00456 0.00064 ( 3)  0.144
  51 W   0.63574 0.25147 0.08318 0.02323 0.00533 0.00094 0.00011 0.00001 ( 1)  0.049
  52 L   0.10550 0.35155 0.30205 0.15728 0.06030 0.01829 0.00436 0.00066 ( 2)  0.129
  53 K   0.00002 0.00865 0.06509 0.15734 0.22737 0.23783 0.19138 0.11233 ( 6)  0.387
  54 G   0.00030 0.04064 0.19352 0.29623 0.24924 0.14336 0.06055 0.01616 ( 4)  0.266
  55 F   0.21322 0.46610 0.22920 0.07075 0.01693 0.00327 0.00048 0.00004 ( 2)  0.090
  56 R   0.00007 0.02174 0.11345 0.19870 0.23078 0.21217 0.15230 0.07079 ( 5)  0.343
  57 F   0.48921 0.41879 0.07957 0.01090 0.00137 0.00016 0.00001 0.00000 ( 1)  0.053
  58 V   0.00642 0.16387 0.29296 0.26489 0.16634 0.07651 0.02475 0.00427 ( 3)  0.203
  59 T   0.67466 0.26026 0.05182 0.01019 0.00227 0.00058 0.00017 0.00004 ( 1)  0.042
  60 N   0.01598 0.39982 0.36669 0.15378 0.04790 0.01260 0.00279 0.00043 ( 2)  0.132
  61 S   0.00000 0.00002 0.00195 0.02177 0.09092 0.21149 0.32711 0.34674 ( 8)  0.540
  62 I   0.00003 0.02331 0.14637 0.25428 0.25324 0.18335 0.10167 0.03775 ( 4)  0.304
  63 S   0.00000 0.00054 0.01823 0.09541 0.20621 0.26871 0.24813 0.16277 ( 6)  0.440
  64 -   0.00000 0.00029 0.00406 0.01998 0.06068 0.14091 0.27724 0.49684 ( 8)  0.586
  65 -   0.00033 0.02460 0.10533 0.19098 0.22798 0.20970 0.15537 0.08571 ( 5)  0.351
  66 -   0.02305 0.07275 0.11353 0.14244 0.15972 0.16678 0.16534 0.15639 ( 6)  0.365
  67 -   0.00104 0.01245 0.03760 0.07538 0.12376 0.18084 0.24582 0.32311 ( 8)  0.495
  68 -   0.00000 0.00046 0.00936 0.04155 0.09975 0.17998 0.27822 0.39068 ( 8)  0.542
  69 -   0.00000 0.00000 0.00003 0.00081 0.00841 0.04805 0.19797 0.74473 ( 8)  0.666
  70 Y   0.00000 0.00056 0.01728 0.08600 0.19012 0.26275 0.26108 0.18221 ( 6)  0.451
  71 W   0.00025 0.02549 0.13426 0.25824 0.27880 0.19488 0.08827 0.01982 ( 5)  0.295
  72 T   0.00042 0.03874 0.13044 0.20155 0.22291 0.19573 0.13864 0.07155 ( 5)  0.332
  73 F   0.00045 0.09640 0.30044 0.29079 0.17714 0.08731 0.03649 0.01099 ( 3)  0.223
  74 L   0.39829 0.38709 0.15794 0.04502 0.00982 0.00164 0.00019 0.00001 ( 1)  0.070
  75 S   0.10444 0.43789 0.25986 0.11377 0.04985 0.02212 0.00917 0.00290 ( 2)  0.123
  76 G   0.05955 0.41744 0.32670 0.13691 0.04404 0.01215 0.00279 0.00040 ( 2)  0.124
  77 G   0.00000 0.00000 0.00030 0.00524 0.03231 0.11353 0.28315 0.56547 ( 8)  0.616
  78 Q   0.00003 0.01384 0.09028 0.18673 0.24029 0.22880 0.16289 0.07715 ( 5)  0.357
  79 N   0.00484 0.20208 0.35668 0.25770 0.12213 0.04335 0.01141 0.00181 ( 3)  0.178
  80 K   0.00001 0.01896 0.15555 0.29486 0.27723 0.16723 0.06935 0.01680 ( 4)  0.282
  81 Y   0.00059 0.12172 0.35558 0.30330 0.14821 0.05294 0.01487 0.00280 ( 3)  0.195
  82 S   0.00000 0.00160 0.03920 0.16156 0.27400 0.27072 0.17891 0.07401 ( 5)  0.376
  83 Y   0.00000 0.00015 0.00904 0.06206 0.16076 0.24964 0.28195 0.23641 ( 7)  0.482
  84 T   0.33192 0.44613 0.15866 0.04536 0.01283 0.00373 0.00109 0.00028 ( 2)  0.076
  85 N   0.00000 0.00002 0.00121 0.01033 0.04182 0.11646 0.26464 0.56552 ( 8)  0.611
  86 N   0.00000 0.00000 0.00010 0.00228 0.01737 0.07452 0.23640 0.66934 ( 8)  0.646
  87 -   0.12500 0.12500 0.12500 0.12500 0.12500 0.12500 0.12500 0.12500 ( 3)  0.298
  88 S   0.00000 0.00000 0.00027 0.00433 0.02768 0.10566 0.28306 0.57900 ( 8)  0.621
  89 S   0.00000 0.00000 0.00026 0.00445 0.02949 0.11058 0.28538 0.56983 ( 8)  0.618
  90 I   0.00014 0.02544 0.13679 0.25034 0.26382 0.19169 0.09980 0.03199 ( 5)  0.303
  91 N   0.00000 0.00000 0.00027 0.00346 0.02006 0.07767 0.23804 0.66050 ( 8)  0.642
  92 E   0.00000 0.00000 0.00008 0.00195 0.01579 0.07193 0.23659 0.67365 ( 8)  0.647
  93 G   0.00021 0.04702 0.19642 0.27973 0.24185 0.14984 0.06715 0.01778 ( 4)  0.268
  94 S   0.00013 0.04623 0.22837 0.31664 0.23519 0.11840 0.04420 0.01084 ( 4)  0.248
  95 F   0.00399 0.21769 0.36346 0.24553 0.11355 0.04137 0.01203 0.00237 ( 3)  0.175
  96 R   0.00000 0.00000 0.00000 0.00016 0.00278 0.02543 0.15690 0.81472 ( 8)  0.684
  97 G   0.60302 0.30591 0.07348 0.01455 0.00259 0.00040 0.00005 0.00000 ( 1)  0.048
  98 Q   0.00002 0.00522 0.03275 0.07760 0.12867 0.18596 0.25224 0.31755 ( 8)  0.497
  99 D   0.00002 0.02158 0.16391 0.29282 0.26722 0.16313 0.07164 0.01969 ( 4)  0.281
 100 T   0.00000 0.00252 0.04892 0.17785 0.28000 0.26181 0.16479 0.06410 ( 5)  0.365
 101 D   0.00000 0.00037 0.01640 0.10147 0.23611 0.29714 0.23592 0.11259 ( 6)  0.418
 102 Y   0.00420 0.08009 0.18251 0.22854 0.21345 0.15982 0.09422 0.03716 ( 4)  0.282
 103 G   0.39862 0.46839 0.11266 0.01753 0.00242 0.00033 0.00004 0.00000 ( 2)  0.061
 104 G   0.00000 0.00295 0.04787 0.16481 0.26576 0.26623 0.18026 0.07211 ( 6)  0.373
 105 T   0.00000 0.00013 0.00577 0.03978 0.11868 0.22310 0.30618 0.30636 ( 8)  0.517
 106 S   0.00000 0.00001 0.00098 0.01379 0.07217 0.20027 0.34432 0.36846 ( 8)  0.553
 107 S   0.01137 0.30385 0.39930 0.20361 0.06428 0.01481 0.00254 0.00025 ( 3)  0.145
 108 T   0.00000 0.00014 0.00643 0.04899 0.15290 0.26878 0.30509 0.21766 ( 7)  0.483
 109 I   0.00002 0.01915 0.12156 0.21817 0.23679 0.19793 0.13577 0.07059 ( 5)  0.335
 110 N   0.00000 0.00004 0.00375 0.03809 0.13671 0.26295 0.31912 0.23933 ( 7)  0.496
 111 I   0.00001 0.01254 0.12375 0.26030 0.27437 0.19399 0.10053 0.03451 ( 5)  0.309
 112 P   0.00000 0.00000 0.00022 0.00412 0.02785 0.10560 0.27890 0.58330 ( 8)  0.622
 113 S   0.00000 0.00000 0.00024 0.00514 0.03605 0.13147 0.31028 0.51683 ( 8)  0.603
 114 N   0.00000 0.00007 0.00308 0.02273 0.07670 0.17272 0.30170 0.42300 ( 8)  0.563
 115 S   0.00000 0.00004 0.00217 0.01916 0.07316 0.17491 0.30829 0.42227 ( 8)  0.565
 116 Y   0.00005 0.03478 0.18247 0.27495 0.24672 0.16081 0.07745 0.02278 ( 4)  0.279
 117 V   0.00372 0.21822 0.36278 0.23459 0.11038 0.04687 0.01821 0.00522 ( 3)  0.179
 118 Y   0.55422 0.37296 0.06302 0.00846 0.00115 0.00017 0.00002 0.00000 ( 1)  0.048
 119 N   0.00001 0.01467 0.10533 0.21674 0.25573 0.21196 0.13389 0.06166 ( 5)  0.336
 120 L   0.00065 0.06437 0.20923 0.26516 0.21872 0.13980 0.07334 0.02872 ( 4)  0.268
 121 W   0.00000 0.00040 0.00869 0.04759 0.13263 0.23806 0.30319 0.26944 ( 7)  0.501
 122 T   0.00009 0.02997 0.15456 0.25734 0.25339 0.17862 0.09408 0.03194 ( 4)  0.296
 123 E   0.00001 0.01153 0.11559 0.25778 0.28234 0.20150 0.10094 0.03031 ( 5)  0.310
 124 N   0.00000 0.00217 0.04162 0.15483 0.25973 0.26703 0.18845 0.08617 ( 6)  0.383
 125 Y   0.01922 0.34452 0.36137 0.17878 0.06690 0.02186 0.00616 0.00119 ( 3)  0.144
 126 E   0.00017 0.03427 0.18118 0.29813 0.26285 0.15093 0.05916 0.01331 ( 4)  0.268
 127 Y   0.00000 0.00000 0.00006 0.00120 0.01032 0.05580 0.21970 0.71291 ( 8)  0.658
 128 I   0.00001 0.00624 0.05859 0.16184 0.24663 0.25378 0.18591 0.08698 ( 6)  0.378
 129 Y   0.00000 0.00008 0.00586 0.04993 0.15439 0.26644 0.30288 0.22042 ( 7)  0.483
 130 P   0.00039 0.05507 0.22008 0.29712 0.23265 0.12850 0.05264 0.01356 ( 4)  0.254
 131 W   0.00000 0.00001 0.00061 0.00770 0.04091 0.13101 0.29885 0.52091 ( 8)  0.602
 132 G   0.00000 0.00000 0.00009 0.00181 0.01405 0.06698 0.23423 0.68283 ( 8)  0.650
 133 D   0.00000 0.00523 0.09071 0.25317 0.30250 0.21709 0.10321 0.02810 ( 5)  0.316
 134 P   0.00088 0.08113 0.24245 0.28413 0.21367 0.11806 0.04796 0.01172 ( 4)  0.242
 135 V   0.00000 0.00002 0.00134 0.01686 0.08101 0.21166 0.34576 0.34335 ( 7)  0.544
 136 N   0.00675 0.31845 0.41498 0.19102 0.05467 0.01186 0.00204 0.00023 ( 3)  0.141
 137 I   0.00936 0.34176 0.37834 0.17705 0.06408 0.02142 0.00654 0.00146 ( 3)  0.145
 138 T   0.00029 0.04189 0.16774 0.24608 0.23494 0.17266 0.09880 0.03760 ( 4)  0.295
 139 K   0.00000 0.00494 0.06334 0.18231 0.25853 0.24354 0.16853 0.07881 ( 5)  0.367
 140 M   0.00071 0.11893 0.33773 0.30711 0.15863 0.05794 0.01611 0.00284 ( 3)  0.199
 141 N   0.00000 0.00940 0.11294 0.26131 0.28476 0.19964 0.09955 0.03241 ( 5)  0.310
 142 F   0.81661 0.16842 0.01398 0.00093 0.00006 0.00000 0.00000 0.00000 ( 1)  0.030
 143 S   0.00000 0.00016 0.00541 0.03661 0.11687 0.23222 0.31856 0.29017 ( 7)  0.514
 144 V   0.00000 0.00001 0.00089 0.01224 0.06259 0.17409 0.32108 0.42910 ( 8)  0.571
 145 T   0.01626 0.25879 0.31461 0.21388 0.11581 0.05393 0.02106 0.00565 ( 3)  0.177
 146 D   0.00166 0.16708 0.32302 0.26102 0.15074 0.06821 0.02341 0.00485 ( 3)  0.198
 147 N   0.01007 0.33710 0.39159 0.18707 0.05809 0.01347 0.00236 0.00025 ( 3)  0.141
 148 -   0.00002 0.00270 0.01879 0.05571 0.11189 0.18263 0.26510 0.36315 ( 8)  0.524
 149 N   0.60386 0.26504 0.08932 0.02956 0.00907 0.00249 0.00057 0.00009 ( 1)  0.053
 150 S   0.00000 0.00000 0.00002 0.00059 0.00736 0.04871 0.21302 0.73031 ( 8)  0.664
 151 S   0.02786 0.16519 0.23322 0.21530 0.16281 0.10805 0.06184 0.02574 ( 3)  0.232
 152 K   0.00000 0.00000 0.00001 0.00053 0.00679 0.04491 0.20088 0.74688 ( 8)  0.668
 153 E   0.00001 0.01440 0.12168 0.24701 0.26404 0.19735 0.11223 0.04328 ( 5)  0.317
 154 L   0.00000 0.00000 0.00015 0.00382 0.02957 0.11625 0.29579 0.55442 ( 8)  0.614
 155 I   0.00001 0.01005 0.09466 0.22366 0.27494 0.22347 0.12777 0.04544 ( 5)  0.331
 156 Y   0.84039 0.14721 0.01152 0.00081 0.00006 0.00000 0.00000 0.00000 ( 1)  0.029
 157 G   0.02237 0.33518 0.36631 0.19092 0.06589 0.01635 0.00277 0.00022 ( 3)  0.142
 158 -   0.08731 0.17055 0.17880 0.16281 0.14038 0.11494 0.08744 0.05776 ( 3)  0.248
 159 -   0.00016 0.00612 0.02868 0.07021 0.12555 0.18871 0.25562 0.32495 ( 8)  0.502
 160 A   0.00000 0.00026 0.00756 0.04331 0.11749 0.21178 0.29442 0.32517 ( 8)  0.521
 161 H   0.00000 0.00269 0.02889 0.08943 0.16760 0.23406 0.25904 0.21829 ( 7)  0.461
 162 R   0.00000 0.00150 0.02972 0.11787 0.22206 0.27075 0.23273 0.12536 ( 6)  0.416
 163 T   0.00001 0.01123 0.10621 0.23352 0.26104 0.20267 0.12527 0.06005 ( 5)  0.332
 164 N   0.00029 0.09416 0.35256 0.33251 0.15886 0.04948 0.01077 0.00137 ( 3)  0.197
 165 K   0.00000 0.00016 0.00706 0.05231 0.15824 0.27137 0.30146 0.20939 ( 7)  0.478
 166 P   0.00195 0.16707 0.37930 0.28061 0.12073 0.03867 0.01003 0.00164 ( 3)  0.180
 167 V   0.00030 0.06869 0.24691 0.29630 0.21826 0.11558 0.04415 0.00981 ( 4)  0.241
 168 V   0.00000 0.00643 0.09528 0.26145 0.31030 0.21320 0.09204 0.02129 ( 5)  0.309
 169 R   0.00004 0.02018 0.13305 0.25041 0.26044 0.19026 0.10547 0.04014 ( 5)  0.310
 170 T   0.26621 0.49309 0.18543 0.04402 0.00903 0.00182 0.00036 0.00005 ( 2)  0.079
 171 D   0.00000 0.01314 0.15163 0.31613 0.29021 0.15971 0.05755 0.01163 ( 4)  0.276
 172 F   0.00482 0.25103 0.40446 0.23369 0.08172 0.02033 0.00360 0.00034 ( 3)  0.156
 173 D   0.00091 0.15389 0.37869 0.28554 0.12778 0.04167 0.01007 0.00144 ( 3)  0.183
 174 F   0.00110 0.16785 0.40602 0.28323 0.10837 0.02798 0.00498 0.00047 ( 3)  0.173
 175 -   0.12539 0.12532 0.12523 0.12512 0.12500 0.12486 0.12468 0.12440 ( 1)  0.297
 176 L   0.03634 0.35692 0.36391 0.17438 0.05426 0.01211 0.00191 0.00017 ( 3)  0.134
 177 T   0.00060 0.07824 0.28089 0.32272 0.20188 0.08458 0.02584 0.00525 ( 4)  0.222
 178 N   0.00255 0.20111 0.40474 0.26190 0.09746 0.02607 0.00540 0.00076 ( 3)  0.167
 179 K   0.01988 0.33194 0.36685 0.18674 0.06836 0.02055 0.00495 0.00073 ( 3)  0.145
 180 E   0.00009 0.05274 0.23758 0.28912 0.21310 0.12511 0.06119 0.02108 ( 4)  0.257
 181 G   0.00043 0.06548 0.25721 0.31505 0.21225 0.10027 0.03793 0.01138 ( 4)  0.236
 182 T   0.00006 0.02583 0.16517 0.28840 0.26346 0.16181 0.07322 0.02206 ( 4)  0.282
 183 E   0.00000 0.00005 0.00288 0.02772 0.10451 0.22349 0.32115 0.32021 ( 7)  0.528
 184 L   0.00000 0.00015 0.00458 0.02674 0.07733 0.16212 0.28673 0.44235 ( 8)  0.566
 185 A   0.17259 0.44765 0.25432 0.09102 0.02629 0.00659 0.00136 0.00017 ( 2)  0.100
 186 K   0.00012 0.04496 0.22332 0.30764 0.23349 0.12560 0.05128 0.01359 ( 4)  0.254
 187 Y   0.01156 0.23279 0.32217 0.22680 0.12089 0.05571 0.02280 0.00728 ( 3)  0.183
 188 N   0.10512 0.61310 0.22226 0.04729 0.00967 0.00206 0.00043 0.00008 ( 2)  0.090
 189 D   0.35652 0.51135 0.10805 0.01921 0.00386 0.00083 0.00016 0.00002 ( 2)  0.064
 190 -   0.19991 0.17835 0.15593 0.13392 0.11279 0.09266 0.07326 0.05318 ( 1)  0.213
 191 -   0.16217 0.15352 0.14376 0.13324 0.12198 0.10984 0.09627 0.07922 ( 1)  0.250
 192 -   0.19241 0.17413 0.15465 0.13497 0.11546 0.09616 0.07674 0.05549 ( 1)  0.219
 193 Y   0.78610 0.18829 0.02266 0.00259 0.00032 0.00004 0.00001 0.00000 ( 1)  0.033
 194 N   0.10595 0.60770 0.22496 0.04947 0.00972 0.00184 0.00032 0.00004 ( 2)  0.091
 195 H   0.94150 0.05533 0.00298 0.00018 0.00001 0.00000 0.00000 0.00000 ( 1)  0.023
 196 I   0.01648 0.33059 0.36413 0.18762 0.07222 0.02270 0.00548 0.00077 ( 3)  0.147
 197 L   0.79646 0.16860 0.02961 0.00460 0.00064 0.00008 0.00001 0.00000 ( 1)  0.033
 198 S   0.00208 0.12591 0.30995 0.28874 0.16950 0.07425 0.02462 0.00495 ( 3)  0.208
 199 Y   0.00038 0.08257 0.27136 0.28692 0.19372 0.10434 0.04637 0.01435 ( 4)  0.237
 200 M   0.00066 0.09339 0.29760 0.30970 0.18649 0.08011 0.02638 0.00567 ( 4)  0.217
 201 L   0.00090 0.08511 0.24569 0.27433 0.20430 0.11902 0.05454 0.01613 ( 4)  0.245
 202 I   0.00000 0.00096 0.02226 0.09685 0.19604 0.25980 0.25326 0.17083 ( 6)  0.443
 203 N   0.00296 0.17491 0.35402 0.27651 0.13285 0.04567 0.01142 0.00167 ( 3)  0.183
 204 G   0.00003 0.01247 0.09058 0.19969 0.25076 0.22360 0.15162 0.07126 ( 5)  0.350
 205 -   0.18662 0.27532 0.20433 0.13211 0.08433 0.05517 0.03710 0.02502 ( 2)  0.164
 206 -   0.00109 0.01800 0.05890 0.11289 0.16478 0.20366 0.22331 0.21736 ( 7)  0.438
 207 -   0.02916 0.15747 0.20898 0.18996 0.15010 0.11352 0.08578 0.06502 ( 3)  0.262
 208 E   0.00000 0.00057 0.00776 0.03616 0.09766 0.18972 0.29373 0.37441 ( 8)  0.540
 209 T   0.00462 0.14373 0.28116 0.26388 0.17414 0.08893 0.03493 0.00860 ( 3)  0.215
 210 F   0.00000 0.00187 0.04524 0.17423 0.28066 0.26714 0.16828 0.06258 ( 5)  0.366
 211 G   0.00034 0.07461 0.25902 0.29407 0.20747 0.10993 0.04398 0.01058 ( 4)  0.238
 212 Q   0.00001 0.01182 0.09063 0.19506 0.24327 0.22231 0.15798 0.07891 ( 5)  0.355
 213 K   0.00011 0.03858 0.20153 0.30323 0.24912 0.13922 0.05530 0.01292 ( 4)  0.261
 214 R   0.00000 0.00325 0.03891 0.11823 0.19782 0.24051 0.23245 0.16882 ( 6)  0.430
 215 H   0.00117 0.04488 0.14793 0.23355 0.24262 0.18551 0.10598 0.03837 ( 5)  0.302
 216 G   0.00217 0.17174 0.37643 0.28211 0.12269 0.03663 0.00748 0.00075 ( 3)  0.178
 217 Y   0.00582 0.30095 0.42563 0.20042 0.05464 0.01076 0.00163 0.00015 ( 3)  0.143
 218 S   0.00050 0.06453 0.23518 0.29242 0.21747 0.12020 0.05311 0.01660 ( 4)  0.250
 219 F   0.83749 0.15132 0.01058 0.00057 0.00003 0.00000 0.00000 0.00000 ( 1)  0.029
 220 A   0.36936 0.47068 0.13062 0.02448 0.00411 0.00065 0.00009 0.00001 ( 2)  0.066
 221 F   0.00565 0.21274 0.40043 0.26664 0.09335 0.01900 0.00211 0.00008 ( 3)  0.162
 222 T   0.61361 0.29642 0.07049 0.01538 0.00329 0.00067 0.00012 0.00002 ( 1)  0.047
 223 H   0.96788 0.03127 0.00083 0.00002 0.00000 0.00000 0.00000 0.00000 ( 1)  0.021
 224 S   0.02373 0.38321 0.37018 0.16497 0.04731 0.00931 0.00121 0.00007 ( 2)  0.131
 225 S   0.95372 0.04401 0.00212 0.00014 0.00001 0.00000 0.00000 0.00000 ( 1)  0.022


lnL = -7076.855725

