Supplemental results for CODEML (seqf: algn  treef: tree)


dN/dS (w) for site classes (K=2)

p:   0.50253  0.49747
w:   0.10565  1.00000

Naive Empirical Bayes (NEB) probabilities for 2 classes & postmean_w
(amino acids refer to 1st sequence: BT_Cry32Da1)

   1 I   0.52260 0.47740 ( 1)  0.533
   2 S   0.11827 0.88173 ( 2)  0.894
   3 I   0.02236 0.97764 ( 2)  0.980
   4 D   0.99841 0.00159 ( 1)  0.107
   5 K   0.99919 0.00081 ( 1)  0.106
   6 I   0.99956 0.00044 ( 1)  0.106
   7 T   0.99995 0.00005 ( 1)  0.106
   8 Q   0.99973 0.00027 ( 1)  0.106
   9 I   0.99998 0.00002 ( 1)  0.106
  10 P   0.99964 0.00036 ( 1)  0.106
  11 A   0.99761 0.00239 ( 1)  0.108
  12 V   0.99717 0.00283 ( 1)  0.108
  13 K   0.99994 0.00006 ( 1)  0.106
  14 A   0.79889 0.20111 ( 1)  0.286
  15 F   0.02610 0.97390 ( 2)  0.977
  16 F   0.00000 1.00000 ( 2)  1.000
  17 I   0.06498 0.93502 ( 2)  0.942
  18 D   0.00038 0.99962 ( 2)  1.000
  19 D   0.90231 0.09769 ( 1)  0.193
  20 N   0.00280 0.99720 ( 2)  0.997
  21 H   0.50253 0.49747 ( 1)  0.551
  22 V   0.32706 0.67294 ( 2)  0.707
  23 K   0.80621 0.19379 ( 1)  0.279
  24 V   0.99992 0.00008 ( 1)  0.106
  25 I   0.54178 0.45822 ( 1)  0.515
  26 K   0.06861 0.93139 ( 2)  0.939
  27 G   0.99832 0.00168 ( 1)  0.107
  28 P   0.99953 0.00047 ( 1)  0.106
  29 G   0.99998 0.00002 ( 1)  0.106
  30 S   0.06971 0.93029 ( 2)  0.938
  31 T   0.99993 0.00007 ( 1)  0.106
  32 G   0.99979 0.00021 ( 1)  0.106
  33 G   0.99961 0.00039 ( 1)  0.106
  34 D   0.99955 0.00045 ( 1)  0.106
  35 L   0.99136 0.00864 ( 1)  0.113
  36 V   0.99740 0.00260 ( 1)  0.108
  37 A   0.10970 0.89030 ( 2)  0.902
  38 F   0.97581 0.02419 ( 1)  0.127
  39 S   0.03219 0.96781 ( 2)  0.971
  40 R   0.00000 1.00000 ( 2)  1.000
  41 E   0.00000 1.00000 ( 2)  1.000
  42 G   0.09427 0.90573 ( 2)  0.916
  43 Y   0.00101 0.99899 ( 2)  0.999
  44 G   0.50253 0.49747 ( 1)  0.551
  45 L   0.96390 0.03610 ( 1)  0.138
  46 S   0.00433 0.99567 ( 2)  0.996
  47 I   0.99954 0.00046 ( 1)  0.106
  48 S   0.00002 0.99998 ( 2)  1.000
  49 V   0.80228 0.19772 ( 1)  0.282
  50 F   0.00046 0.99954 ( 2)  1.000
  51 I   0.01292 0.98708 ( 2)  0.988
  52 P   0.00000 1.00000 ( 2)  1.000
  53 G   0.00050 0.99950 ( 2)  1.000
  54 S   0.03421 0.96579 ( 2)  0.969
  55 D   0.00173 0.99827 ( 2)  0.998
  56 L   0.50253 0.49747 ( 1)  0.551
  57 V   0.00006 0.99994 ( 2)  1.000
  58 S   0.00003 0.99997 ( 2)  1.000
  59 F   0.00002 0.99998 ( 2)  1.000
  60 Y   0.98892 0.01108 ( 1)  0.116
  61 R   0.11448 0.88552 ( 2)  0.898
  62 V   0.99071 0.00929 ( 1)  0.114
  63 R   0.99913 0.00087 ( 1)  0.106
  64 I   0.99954 0.00046 ( 1)  0.106
  65 R   0.99911 0.00089 ( 1)  0.106
  66 Y   0.99998 0.00002 ( 1)  0.106
  67 A   0.99926 0.00074 ( 1)  0.106
  68 S   0.99780 0.00220 ( 1)  0.108
  69 S   0.97315 0.02685 ( 1)  0.130
  70 Q   0.00038 0.99962 ( 2)  1.000
  71 S   0.00022 0.99978 ( 2)  1.000
  72 A   0.99536 0.00464 ( 1)  0.110
  73 K   0.11618 0.88382 ( 2)  0.896
  74 V   0.96105 0.03895 ( 1)  0.140
  75 T   0.00293 0.99707 ( 2)  0.997
  76 M   0.63893 0.36107 ( 1)  0.429
  77 G   0.00001 0.99999 ( 2)  1.000
  78 F   0.03633 0.96367 ( 2)  0.968
  79 G   0.00001 0.99999 ( 2)  1.000
  80 G   0.00002 0.99998 ( 2)  1.000
  81 -   0.36429 0.63571 ( 2)  0.674
  82 -   0.33569 0.66431 ( 2)  0.700
  83 G   0.00514 0.99486 ( 2)  0.995
  84 V   0.41419 0.58581 ( 2)  0.630
  85 E   0.00825 0.99175 ( 2)  0.993
  86 E   0.77743 0.22257 ( 1)  0.305
  87 S   0.00007 0.99993 ( 2)  1.000
  88 E   0.05087 0.94913 ( 2)  0.955
  89 S   0.00005 0.99995 ( 2)  1.000
  90 K   0.00044 0.99956 ( 2)  1.000
  91 F   0.57905 0.42095 ( 1)  0.482
  92 N   0.97167 0.02833 ( 1)  0.131
  93 F   0.85871 0.14129 ( 1)  0.232
  94 P   0.00958 0.99042 ( 2)  0.991
  95 A   0.00182 0.99818 ( 2)  0.998
  96 T   0.99877 0.00123 ( 1)  0.107
  97 Y   0.08507 0.91493 ( 2)  0.924
  98 S   0.52834 0.47166 ( 1)  0.527
  99 G   0.89074 0.10926 ( 1)  0.203
 100 -   0.08996 0.91004 ( 2)  0.920
 101 -   0.50253 0.49747 ( 1)  0.551
 102 -   0.50253 0.49747 ( 1)  0.551
 103 G   0.95024 0.04976 ( 1)  0.150
 104 N   0.00001 0.99999 ( 2)  1.000
 105 L   0.69891 0.30109 ( 1)  0.375
 106 T   0.99504 0.00496 ( 1)  0.110
 107 Y   0.99848 0.00152 ( 1)  0.107
 108 N   0.99566 0.00434 ( 1)  0.110
 109 S   0.00006 0.99994 ( 2)  1.000
 110 F   0.99999 0.00001 ( 1)  0.106
 111 G   0.90385 0.09615 ( 1)  0.192
 112 Y   0.99998 0.00002 ( 1)  0.106
 113 I   0.01177 0.98823 ( 2)  0.989
 114 N   0.96884 0.03116 ( 1)  0.134
 115 T   0.30389 0.69611 ( 2)  0.728
 116 L   0.03461 0.96539 ( 2)  0.969
 117 A   0.30831 0.69169 ( 2)  0.724
 118 I   0.34291 0.65709 ( 2)  0.693
 119 A   0.00000 1.00000 ( 2)  1.000
 120 S   0.00072 0.99928 ( 2)  0.999
 121 Q   0.15883 0.84117 ( 2)  0.858
 122 S   0.52191 0.47809 ( 1)  0.533
 123 T   0.00938 0.99062 ( 2)  0.992
 124 A   0.81432 0.18568 ( 1)  0.272
 125 Q   0.02277 0.97723 ( 2)  0.980
 126 T   0.00000 1.00000 ( 2)  1.000
 127 I   0.22664 0.77336 ( 2)  0.797
 128 E   0.99590 0.00410 ( 1)  0.109
 129 V   0.05263 0.94737 ( 2)  0.953
 130 Y   0.00016 0.99984 ( 2)  1.000
 131 F   0.99189 0.00811 ( 1)  0.113
 132 R   0.00263 0.99737 ( 2)  0.998
 133 Q   0.99633 0.00367 ( 1)  0.109
 134 Y   0.00017 0.99983 ( 2)  1.000
 135 E   0.03250 0.96750 ( 2)  0.971
 136 E   0.99799 0.00201 ( 1)  0.107
 137 A   0.96712 0.03288 ( 1)  0.135
 138 E   0.00496 0.99504 ( 2)  0.996
 139 F   0.99744 0.00256 ( 1)  0.108
 140 I   0.00474 0.99526 ( 2)  0.996
 141 V   0.99579 0.00421 ( 1)  0.109
 142 D   0.99977 0.00023 ( 1)  0.106
 143 K   0.99967 0.00033 ( 1)  0.106
 144 L   0.99010 0.00990 ( 1)  0.115
 145 E   0.99996 0.00004 ( 1)  0.106
 146 F   0.99701 0.00299 ( 1)  0.108
 147 I   0.99992 0.00008 ( 1)  0.106
 148 -   0.50253 0.49747 ( 1)  0.551


lnL = -3129.937715

