Supplemental results for CODEML (seqf: algn  treef: tree)


dN/dS (w) for site classes (K=3)

p:   0.66716  0.01202  0.32082
w:   0.19417  1.00000  1.00000

Naive Empirical Bayes (NEB) probabilities for 3 classes & postmean_w
(amino acids refer to 1st sequence: BT_Cry18Aa1)

   1 N   0.81477 0.00669 0.17854 ( 1)  0.343
   2 Q   0.85397 0.00527 0.14076 ( 1)  0.312
   3 N   0.88053 0.00432 0.11515 ( 1)  0.290
   4 G   0.91217 0.00317 0.08466 ( 1)  0.265
   5 T   0.84859 0.00547 0.14594 ( 1)  0.316
   6 M   0.93860 0.00222 0.05919 ( 1)  0.244
   7 I   0.99704 0.00011 0.00285 ( 1)  0.197
   8 H   0.99983 0.00001 0.00017 ( 1)  0.194
   9 Q   0.49659 0.01818 0.48523 ( 1)  0.600
  10 A   0.93019 0.00252 0.06729 ( 1)  0.250
  11 P   0.99810 0.00007 0.00183 ( 1)  0.196
  12 P   0.00188 0.03605 0.96206 ( 3)  0.998
  13 D   0.98378 0.00059 0.01564 ( 1)  0.207
  14 G   0.99169 0.00030 0.00801 ( 1)  0.201
  15 T   0.99932 0.00002 0.00066 ( 1)  0.195
  16 G   0.97557 0.00088 0.02354 ( 1)  0.214
  17 F   0.99984 0.00001 0.00016 ( 1)  0.194
  18 T   0.99998 0.00000 0.00002 ( 1)  0.194
  19 V   0.97758 0.00081 0.02161 ( 1)  0.212
  20 S   0.95151 0.00175 0.04674 ( 1)  0.233
  21 P   0.99994 0.00000 0.00005 ( 1)  0.194
  22 L   0.99955 0.00002 0.00043 ( 1)  0.195
  23 H   0.99995 0.00000 0.00005 ( 1)  0.194
  24 P   0.96229 0.00136 0.03635 ( 1)  0.225
  25 S   0.95123 0.00176 0.04700 ( 1)  0.233
  26 A   0.00353 0.03599 0.96048 ( 3)  0.997
  27 -   0.01066 0.03574 0.95361 ( 3)  0.991
  28 -   0.98859 0.00041 0.01099 ( 1)  0.203
  29 N   0.99996 0.00000 0.00003 ( 1)  0.194
  30 T   0.00822 0.03582 0.95596 ( 3)  0.993
  31 I   0.01046 0.03574 0.95380 ( 3)  0.992
  32 T   0.78581 0.00774 0.20645 ( 1)  0.367
  33 S   0.02125 0.03535 0.94340 ( 3)  0.983
  34 Y   0.99999 0.00000 0.00001 ( 1)  0.194
  35 I   1.00000 0.00000 0.00000 ( 1)  0.194
  36 K   0.22305 0.02806 0.74889 ( 3)  0.820
  37 E   0.99995 0.00000 0.00004 ( 1)  0.194
  38 N   0.99990 0.00000 0.00009 ( 1)  0.194
  39 Y   0.99966 0.00001 0.00033 ( 1)  0.194
  40 G   0.99998 0.00000 0.00002 ( 1)  0.194
  41 N   1.00000 0.00000 0.00000 ( 1)  0.194
  42 S   0.99998 0.00000 0.00002 ( 1)  0.194
  43 G   1.00000 0.00000 0.00000 ( 1)  0.194
  44 D   1.00000 0.00000 0.00000 ( 1)  0.194
  45 S   0.99991 0.00000 0.00009 ( 1)  0.194
  46 L   0.99974 0.00001 0.00025 ( 1)  0.194
  47 H   0.99980 0.00001 0.00019 ( 1)  0.194
  48 L   0.99996 0.00000 0.00003 ( 1)  0.194
  49 K   0.39001 0.02203 0.58796 ( 3)  0.686
  50 G   0.02803 0.03511 0.93686 ( 3)  0.977
  51 -   0.00001 0.03612 0.96387 ( 3)  1.000
  52 Q   0.00085 0.03609 0.96306 ( 3)  0.999
  53 G   0.27826 0.02607 0.69567 ( 3)  0.776
  54 Y   0.25639 0.02686 0.71675 ( 3)  0.793
  55 L   0.00061 0.03610 0.96329 ( 3)  1.000
  56 -   0.66716 0.01202 0.32082 ( 1)  0.462
  57 -   0.99513 0.00018 0.00470 ( 1)  0.198
  58 -   0.68328 0.01144 0.30528 ( 1)  0.449
  59 -   0.99695 0.00011 0.00294 ( 1)  0.197
  60 -   0.27170 0.02631 0.70199 ( 3)  0.781
  61 -   0.96814 0.00115 0.03071 ( 1)  0.220
  62 -   0.25234 0.02701 0.72066 ( 3)  0.797
  63 -   0.99221 0.00028 0.00751 ( 1)  0.200
  64 H   0.71946 0.01013 0.27041 ( 1)  0.420
  65 Y   0.97125 0.00104 0.02771 ( 1)  0.217
  66 M   0.99520 0.00017 0.00462 ( 1)  0.198
  67 L   0.99854 0.00005 0.00141 ( 1)  0.195
  68 S   0.99423 0.00021 0.00556 ( 1)  0.199
  69 G   0.99920 0.00003 0.00077 ( 1)  0.195
  70 N   0.97742 0.00082 0.02176 ( 1)  0.212
  71 G   0.95451 0.00164 0.04385 ( 1)  0.231
  72 Q   0.01633 0.03553 0.94814 ( 3)  0.987
  73 D   0.99898 0.00004 0.00098 ( 1)  0.195
  74 R   0.05366 0.03418 0.91216 ( 3)  0.957
  75 Y   1.00000 0.00000 0.00000 ( 1)  0.194
  76 R   0.99961 0.00001 0.00038 ( 1)  0.194
  77 L   0.99902 0.00004 0.00095 ( 1)  0.195
  78 V   0.99954 0.00002 0.00044 ( 1)  0.195
  79 L   0.99896 0.00004 0.00100 ( 1)  0.195
  80 R   1.00000 0.00000 0.00000 ( 1)  0.194
  81 L   0.99994 0.00000 0.00006 ( 1)  0.194
  82 S   1.00000 0.00000 0.00000 ( 1)  0.194
  83 G   0.99993 0.00000 0.00007 ( 1)  0.194
  84 A   0.14421 0.03091 0.82487 ( 3)  0.884
  85 A   0.66290 0.01218 0.32492 ( 1)  0.466
  86 N   0.01831 0.03546 0.94623 ( 3)  0.985
  87 Q   0.05697 0.03406 0.90897 ( 3)  0.954
  88 I   0.87829 0.00440 0.11731 ( 1)  0.292
  89 K   0.05938 0.03398 0.90664 ( 3)  0.952
  90 L   0.17211 0.02990 0.79799 ( 3)  0.861
  91 Q   0.01561 0.03556 0.94883 ( 3)  0.987
  92 S   0.33830 0.02390 0.63780 ( 3)  0.727
  93 P   0.94712 0.00191 0.05097 ( 1)  0.237
  94 T   0.00044 0.03610 0.96346 ( 3)  1.000
  95 T   0.87902 0.00437 0.11661 ( 1)  0.292
  96 S   0.00033 0.03611 0.96357 ( 3)  1.000
  97 I   0.00011 0.03612 0.96378 ( 3)  1.000
  98 Y   0.10942 0.03217 0.85841 ( 3)  0.912
  99 A   0.00558 0.03592 0.95851 ( 3)  0.996
 100 -   0.00026 0.03611 0.96363 ( 3)  1.000
 101 -   0.00000 0.03612 0.96388 ( 3)  1.000
 102 -   0.03033 0.03502 0.93465 ( 3)  0.976
 103 -   0.28824 0.02571 0.68605 ( 3)  0.768
 104 -   0.00974 0.03577 0.95449 ( 3)  0.992
 105 -   0.08028 0.03322 0.88650 ( 3)  0.935
 106 -   0.00001 0.03612 0.96387 ( 3)  1.000
 107 -   0.62028 0.01372 0.36601 ( 1)  0.500
 108 -   0.66716 0.01202 0.32082 ( 1)  0.462
 109 -   0.66716 0.01202 0.32082 ( 1)  0.462
 110 -   0.66716 0.01202 0.32082 ( 1)  0.462
 111 -   0.66716 0.01202 0.32082 ( 1)  0.462
 112 -   0.66716 0.01202 0.32082 ( 1)  0.462
 113 F   0.94609 0.00195 0.05196 ( 1)  0.238
 114 D   0.04408 0.03453 0.92139 ( 3)  0.964
 115 T   0.98055 0.00070 0.01875 ( 1)  0.210
 116 S   0.09599 0.03265 0.87136 ( 3)  0.923
 117 T   0.42851 0.02064 0.55085 ( 3)  0.655
 118 N   0.99487 0.00019 0.00494 ( 1)  0.198
 119 N   0.54768 0.01634 0.43598 ( 1)  0.559
 120 E   0.99041 0.00035 0.00924 ( 1)  0.202
 121 G   1.00000 0.00000 0.00000 ( 1)  0.194
 122 I   0.99975 0.00001 0.00024 ( 1)  0.194
 123 T   0.98956 0.00038 0.01006 ( 1)  0.203
 124 D   1.00000 0.00000 0.00000 ( 1)  0.194
 125 N   0.99988 0.00000 0.00011 ( 1)  0.194
 126 G   1.00000 0.00000 0.00000 ( 1)  0.194
 127 S   0.99913 0.00003 0.00084 ( 1)  0.195
 128 K   0.97402 0.00094 0.02504 ( 1)  0.215
 129 F   0.99999 0.00000 0.00001 ( 1)  0.194
 130 K   0.12412 0.03164 0.84425 ( 3)  0.900
 131 D   0.96795 0.00116 0.03090 ( 1)  0.220
 132 -   0.66716 0.01202 0.32082 ( 1)  0.462
 133 -   0.30185 0.02522 0.67294 ( 3)  0.757
 134 -   0.74419 0.00924 0.24657 ( 1)  0.400
 135 -   0.17025 0.02997 0.79978 ( 3)  0.863
 136 -   0.92273 0.00279 0.07448 ( 1)  0.256
 137 -   0.86570 0.00485 0.12945 ( 1)  0.302
 138 -   0.98975 0.00037 0.00988 ( 1)  0.202
 139 -   0.92180 0.00282 0.07537 ( 1)  0.257
 140 -   0.56651 0.01566 0.41783 ( 1)  0.543
 141 -   0.94185 0.00210 0.05605 ( 1)  0.241
 142 -   0.98071 0.00070 0.01859 ( 1)  0.210
 143 -   0.20815 0.02860 0.76325 ( 3)  0.832
 144 -   0.94565 0.00196 0.05239 ( 1)  0.238
 145 -   0.99917 0.00003 0.00080 ( 1)  0.195
 146 -   0.98841 0.00042 0.01117 ( 1)  0.204
 147 -   0.99975 0.00001 0.00024 ( 1)  0.194
 148 -   0.99449 0.00020 0.00531 ( 1)  0.199
 149 -   0.85917 0.00509 0.13574 ( 1)  0.308
 150 -   0.42430 0.02079 0.55491 ( 3)  0.658
 151 F   0.81628 0.00664 0.17709 ( 1)  0.342
 152 A   0.01781 0.03548 0.94672 ( 3)  0.986
 153 F   0.48652 0.01855 0.49494 ( 3)  0.608
 154 S   0.51765 0.01742 0.46493 ( 1)  0.583
 155 T   0.99773 0.00008 0.00219 ( 1)  0.196
 156 P   0.99794 0.00007 0.00199 ( 1)  0.196
 157 F   0.99961 0.00001 0.00038 ( 1)  0.194
 158 V   0.95900 0.00148 0.03952 ( 1)  0.227
 159 I   0.88643 0.00410 0.10947 ( 1)  0.286
 160 P   0.61572 0.01388 0.37040 ( 1)  0.504
 161 E   0.68095 0.01152 0.30753 ( 1)  0.451
 162 Q   0.11319 0.03203 0.85478 ( 3)  0.909
 163 K   0.84601 0.00556 0.14842 ( 1)  0.318
 164 E   0.04885 0.03436 0.91679 ( 3)  0.961
 165 I   0.43564 0.02038 0.54397 ( 3)  0.649
 166 V   0.98238 0.00064 0.01699 ( 1)  0.208
 167 L   0.99960 0.00001 0.00039 ( 1)  0.194
 168 Y   0.31659 0.02469 0.65873 ( 3)  0.745
 169 F   0.99235 0.00028 0.00737 ( 1)  0.200
 170 E   0.00012 0.03612 0.96377 ( 3)  1.000
 171 G   0.63919 0.01303 0.34778 ( 1)  0.485
 172 V   0.00008 0.03612 0.96380 ( 3)  1.000
 173 -   0.38168 0.02233 0.59598 ( 3)  0.692
 174 -   0.00000 0.03612 0.96387 ( 3)  1.000
 175 -   0.00001 0.03612 0.96387 ( 3)  1.000
 176 -   0.00106 0.03608 0.96286 ( 3)  0.999
 177 -   0.10898 0.03218 0.85884 ( 3)  0.912
 178 G   0.10908 0.03218 0.85874 ( 3)  0.912
 179 S   0.00694 0.03587 0.95719 ( 3)  0.994
 180 L   0.99982 0.00001 0.00018 ( 1)  0.194
 181 D   0.99999 0.00000 0.00001 ( 1)  0.194
 182 L   1.00000 0.00000 0.00000 ( 1)  0.194
 183 M   1.00000 0.00000 0.00000 ( 1)  0.194
 184 N   1.00000 0.00000 0.00000 ( 1)  0.194
 185 L   0.99696 0.00011 0.00293 ( 1)  0.197
 186 I   1.00000 0.00000 0.00000 ( 1)  0.194
 187 F   0.99998 0.00000 0.00002 ( 1)  0.194
 188 L   0.99007 0.00036 0.00957 ( 1)  0.202
 189 -   0.95176 0.00174 0.04649 ( 1)  0.233

Positively selected sites

	Prob(w>1)  mean w



lnL = -7526.286746

Bayes Empirical Bayes (BEB) probabilities for 3 classes (class) & postmean_w
(amino acids refer to 1st sequence: BT_Cry18Aa1)

   1 N   0.81523 0.17051 0.01426 ( 1)  0.378 +-  0.466
   2 Q   0.86280 0.13094 0.00626 ( 1)  0.322 +-  0.312
   3 N   0.88403 0.10674 0.00923 ( 1)  0.313 +-  0.378
   4 G   0.91698 0.07889 0.00413 ( 1)  0.278 +-  0.277
   5 T   0.85456 0.13517 0.01027 ( 1)  0.337 +-  0.393
   6 M   0.94148 0.05680 0.00172 ( 1)  0.255 +-  0.210
   7 I   0.99718 0.00280 0.00002 ( 1)  0.208 +-  0.065
   8 H   0.99982 0.00018 0.00000 ( 1)  0.206 +-  0.051
   9 Q   0.53053 0.45607 0.01340 ( 1)  0.595 +-  0.405
  10 A   0.93156 0.06640 0.00204 ( 1)  0.263 +-  0.215
  11 P   0.99818 0.00180 0.00001 ( 1)  0.207 +-  0.060
  12 P   0.00712 0.89230 0.10057 ( 2)  1.064 +-  0.257
  13 D   0.98412 0.01565 0.00023 ( 1)  0.219 +-  0.112
  14 G   0.99053 0.00944 0.00002 ( 1)  0.213 +-  0.092
  15 T   0.99934 0.00066 0.00000 ( 1)  0.206 +-  0.054
  16 G   0.96653 0.03337 0.00010 ( 1)  0.234 +-  0.151
  17 F   0.99984 0.00016 0.00000 ( 1)  0.206 +-  0.051
  18 T   0.99998 0.00002 0.00000 ( 1)  0.206 +-  0.050
  19 V   0.96986 0.03010 0.00004 ( 1)  0.231 +-  0.144
  20 S   0.92328 0.07660 0.00012 ( 1)  0.270 +-  0.216
  21 P   0.99994 0.00006 0.00000 ( 1)  0.206 +-  0.050
  22 L   0.99952 0.00048 0.00000 ( 1)  0.206 +-  0.053
  23 H   0.99995 0.00005 0.00000 ( 1)  0.206 +-  0.050
  24 P   0.94489 0.05504 0.00006 ( 1)  0.252 +-  0.187
  25 S   0.92403 0.07592 0.00005 ( 1)  0.269 +-  0.215
  26 A   0.01980 0.95133 0.02887 ( 2)  1.001 +-  0.144
  27 -   0.03194 0.92933 0.03873 ( 2)  0.997 +-  0.176
  28 -   0.98666 0.01332 0.00002 ( 1)  0.217 +-  0.104
  29 N   0.99996 0.00004 0.00000 ( 1)  0.206 +-  0.050
  30 T   0.02856 0.94424 0.02720 ( 2)  0.993 +-  0.154
  31 I   0.03907 0.93819 0.02274 ( 2)  0.982 +-  0.167
  32 T   0.73884 0.26056 0.00060 ( 1)  0.424 +-  0.346
  33 S   0.09376 0.89928 0.00696 ( 2)  0.933 +-  0.224
  34 Y   0.99999 0.00001 0.00000 ( 1)  0.206 +-  0.050
  35 I   1.00000 0.00000 0.00000 ( 1)  0.206 +-  0.050
  36 K   0.34497 0.65174 0.00329 ( 2)  0.740 +-  0.363
  37 E   0.99995 0.00005 0.00000 ( 1)  0.206 +-  0.050
  38 N   0.99990 0.00010 0.00000 ( 1)  0.206 +-  0.050
  39 Y   0.99964 0.00036 0.00000 ( 1)  0.206 +-  0.052
  40 G   0.99998 0.00002 0.00000 ( 1)  0.206 +-  0.050
  41 N   1.00000 0.00000 0.00000 ( 1)  0.206 +-  0.050
  42 S   0.99997 0.00002 0.00000 ( 1)  0.206 +-  0.050
  43 G   1.00000 0.00000 0.00000 ( 1)  0.206 +-  0.050
  44 D   1.00000 0.00000 0.00000 ( 1)  0.206 +-  0.050
  45 S   0.99991 0.00009 0.00000 ( 1)  0.206 +-  0.050
  46 L   0.99974 0.00026 0.00000 ( 1)  0.206 +-  0.051
  47 H   0.99979 0.00021 0.00000 ( 1)  0.206 +-  0.051
  48 L   0.99996 0.00004 0.00000 ( 1)  0.206 +-  0.050
  49 K   0.46424 0.53236 0.00340 ( 2)  0.647 +-  0.384
  50 G   0.11176 0.87886 0.00937 ( 2)  0.921 +-  0.244
  51 -   0.00006 0.83188 0.16807 ( 2)  1.131 +-  0.366
  52 Q   0.00596 0.96705 0.02699 ( 2)  1.009 +-  0.103
  53 G   0.38115 0.61039 0.00846 ( 2)  0.715 +-  0.376
  54 Y   0.36450 0.62901 0.00649 ( 2)  0.727 +-  0.371
  55 L   0.00389 0.94845 0.04766 ( 2)  1.023 +-  0.130
  56 -   0.67355 0.29092 0.03552 ( 1)  0.532 +-  0.691
  57 -   0.99549 0.00449 0.00002 ( 1)  0.209 +-  0.073
  58 -   0.69376 0.30194 0.00430 ( 1)  0.459 +-  0.369
  59 -   0.99717 0.00282 0.00001 ( 1)  0.208 +-  0.065
  60 -   0.33103 0.64070 0.02827 ( 2)  0.762 +-  0.392
  61 -   0.97073 0.02880 0.00047 ( 1)  0.229 +-  0.144
  62 -   0.31565 0.66025 0.02410 ( 2)  0.771 +-  0.379
  63 -   0.99283 0.00712 0.00004 ( 1)  0.211 +-  0.084
  64 H   0.68757 0.31139 0.00104 ( 1)  0.466 +-  0.363
  65 Y   0.95722 0.04274 0.00004 ( 1)  0.241 +-  0.168
  66 M   0.99288 0.00712 0.00000 ( 1)  0.212 +-  0.083
  67 L   0.99845 0.00155 0.00000 ( 1)  0.207 +-  0.059
  68 S   0.99302 0.00697 0.00000 ( 1)  0.211 +-  0.083
  69 G   0.99921 0.00079 0.00000 ( 1)  0.206 +-  0.054
  70 N   0.96565 0.03432 0.00003 ( 1)  0.234 +-  0.152
  71 G   0.93946 0.06042 0.00013 ( 1)  0.256 +-  0.195
  72 Q   0.06771 0.91947 0.01282 ( 2)  0.956 +-  0.199
  73 D   0.99850 0.00150 0.00000 ( 1)  0.207 +-  0.058
  74 R   0.09929 0.84192 0.05880 ( 2)  0.963 +-  0.298
  75 Y   1.00000 0.00000 0.00000 ( 1)  0.206 +-  0.050
  76 R   0.99957 0.00043 0.00000 ( 1)  0.206 +-  0.052
  77 L   0.99901 0.00099 0.00000 ( 1)  0.206 +-  0.056
  78 V   0.99954 0.00045 0.00000 ( 1)  0.206 +-  0.052
  79 L   0.99897 0.00103 0.00000 ( 1)  0.206 +-  0.056
  80 R   1.00000 0.00000 0.00000 ( 1)  0.206 +-  0.050
  81 L   0.99994 0.00006 0.00000 ( 1)  0.206 +-  0.050
  82 S   1.00000 0.00000 0.00000 ( 1)  0.206 +-  0.050
  83 G   0.99993 0.00007 0.00000 ( 1)  0.206 +-  0.050
  84 A   0.29580 0.69823 0.00597 ( 2)  0.780 +-  0.348
  85 A   0.63580 0.36351 0.00069 ( 1)  0.510 +-  0.374
  86 N   0.07433 0.91289 0.01278 ( 2)  0.951 +-  0.207
  87 Q   0.16468 0.82639 0.00893 ( 2)  0.881 +-  0.285
  88 I   0.84159 0.15790 0.00051 ( 1)  0.338 +-  0.291
  89 K   0.15939 0.82734 0.01328 ( 2)  0.887 +-  0.285
  90 L   0.33099 0.66373 0.00528 ( 2)  0.753 +-  0.359
  91 Q   0.06777 0.92066 0.01157 ( 2)  0.955 +-  0.198
  92 S   0.42504 0.57160 0.00336 ( 2)  0.678 +-  0.380
  93 P   0.91902 0.08089 0.00009 ( 1)  0.274 +-  0.221
  94 T   0.00332 0.96248 0.03420 ( 2)  1.015 +-  0.107
  95 T   0.85832 0.14067 0.00101 ( 1)  0.324 +-  0.280
  96 S   0.00184 0.89517 0.10300 ( 2)  1.069 +-  0.254
  97 I   0.00119 0.95571 0.04309 ( 2)  1.022 +-  0.114
  98 Y   0.20347 0.78292 0.01361 ( 2)  0.853 +-  0.314
  99 A   0.02357 0.95399 0.02244 ( 2)  0.994 +-  0.139
 100 -   0.00176 0.95427 0.04397 ( 2)  1.022 +-  0.116
 101 -   0.00003 0.75931 0.24066 ( 2)  1.218 +-  0.508
 102 -   0.09320 0.89403 0.01277 ( 2)  0.936 +-  0.228
 103 -   0.35883 0.62376 0.01741 ( 2)  0.735 +-  0.385
 104 -   0.02089 0.85149 0.12762 ( 2)  1.095 +-  0.403
 105 -   0.13452 0.82282 0.04266 ( 2)  0.923 +-  0.303
 106 -   0.00004 0.44211 0.55785 ( 3)  2.139 +-  1.862
 107 -   0.63819 0.35462 0.00719 ( 1)  0.505 +-  0.386
 108 -   0.67355 0.29092 0.03552 ( 1)  0.532 +-  0.691
 109 -   0.67355 0.29092 0.03552 ( 1)  0.532 +-  0.691
 110 -   0.67355 0.29092 0.03552 ( 1)  0.532 +-  0.691
 111 -   0.67355 0.29092 0.03552 ( 1)  0.532 +-  0.691
 112 -   0.67355 0.29092 0.03552 ( 1)  0.532 +-  0.691
 113 F   0.93189 0.06800 0.00011 ( 1)  0.262 +-  0.205
 114 D   0.12532 0.86081 0.01386 ( 2)  0.913 +-  0.259
 115 T   0.97775 0.02217 0.00008 ( 1)  0.224 +-  0.127
 116 S   0.23395 0.76178 0.00427 ( 2)  0.826 +-  0.322
 117 T   0.48434 0.51215 0.00351 ( 2)  0.631 +-  0.387
 118 N   0.99432 0.00568 0.00001 ( 1)  0.210 +-  0.078
 119 N   0.56842 0.42946 0.00212 ( 1)  0.563 +-  0.385
 120 E   0.98610 0.01389 0.00001 ( 1)  0.217 +-  0.105
 121 G   1.00000 0.00000 0.00000 ( 1)  0.206 +-  0.050
 122 I   0.99974 0.00025 0.00000 ( 1)  0.206 +-  0.051
 123 T   0.98800 0.01198 0.00002 ( 1)  0.216 +-  0.100
 124 D   1.00000 0.00000 0.00000 ( 1)  0.206 +-  0.050
 125 N   0.99988 0.00012 0.00000 ( 1)  0.206 +-  0.050
 126 G   0.99999 0.00001 0.00000 ( 1)  0.206 +-  0.050
 127 S   0.99904 0.00096 0.00000 ( 1)  0.206 +-  0.055
 128 K   0.96984 0.03010 0.00007 ( 1)  0.231 +-  0.144
 129 F   0.99999 0.00001 0.00000 ( 1)  0.206 +-  0.050
 130 K   0.25729 0.73571 0.00700 ( 2)  0.809 +-  0.335
 131 D   0.96115 0.03868 0.00017 ( 1)  0.238 +-  0.161
 132 -   0.67355 0.29092 0.03552 ( 1)  0.532 +-  0.691
 133 -   0.30223 0.53429 0.16348 ( 2)  1.260 +-  1.702
 134 -   0.75380 0.23147 0.01473 ( 1)  0.420 +-  0.419
 135 -   0.21335 0.69412 0.09253 ( 2)  0.997 +-  0.904
 136 -   0.92483 0.07060 0.00457 ( 1)  0.272 +-  0.278
 137 -   0.87047 0.12312 0.00641 ( 1)  0.318 +-  0.326
 138 -   0.99032 0.00943 0.00025 ( 1)  0.214 +-  0.095
 139 -   0.92516 0.07204 0.00280 ( 1)  0.269 +-  0.238
 140 -   0.58538 0.38967 0.02495 ( 1)  0.574 +-  0.537
 141 -   0.94586 0.05239 0.00174 ( 1)  0.250 +-  0.197
 142 -   0.98163 0.01768 0.00069 ( 1)  0.221 +-  0.128
 143 -   0.25127 0.66342 0.08531 ( 2)  0.955 +-  0.884
 144 -   0.94790 0.04902 0.00308 ( 1)  0.251 +-  0.228
 145 -   0.99921 0.00079 0.00000 ( 1)  0.206 +-  0.054
 146 -   0.98874 0.01119 0.00008 ( 1)  0.215 +-  0.098
 147 -   0.99973 0.00027 0.00000 ( 1)  0.206 +-  0.051
 148 -   0.99443 0.00555 0.00002 ( 1)  0.210 +-  0.077
 149 -   0.84962 0.14929 0.00109 ( 1)  0.330 +-  0.287
 150 -   0.46317 0.51206 0.02477 ( 2)  0.657 +-  0.428
 151 F   0.75794 0.24181 0.00025 ( 1)  0.409 +-  0.337
 152 A   0.09338 0.90033 0.00629 ( 2)  0.933 +-  0.223
 153 F   0.52249 0.47357 0.00394 ( 1)  0.602 +-  0.387
 154 S   0.54421 0.45444 0.00134 ( 1)  0.585 +-  0.382
 155 T   0.99752 0.00248 0.00000 ( 1)  0.208 +-  0.063
 156 P   0.99781 0.00219 0.00000 ( 1)  0.207 +-  0.062
 157 F   0.99960 0.00040 0.00000 ( 1)  0.206 +-  0.052
 158 V   0.93802 0.06187 0.00011 ( 1)  0.258 +-  0.197
 159 I   0.84719 0.15226 0.00055 ( 1)  0.334 +-  0.287
 160 P   0.60668 0.39153 0.00179 ( 1)  0.533 +-  0.380
 161 E   0.63471 0.36463 0.00067 ( 1)  0.512 +-  0.373
 162 Q   0.30131 0.69703 0.00166 ( 2)  0.774 +-  0.346
 163 K   0.78967 0.20977 0.00056 ( 1)  0.382 +-  0.323
 164 E   0.11558 0.85577 0.02865 ( 2)  0.929 +-  0.267
 165 I   0.49254 0.50362 0.00385 ( 2)  0.625 +-  0.386
 166 V   0.97819 0.02173 0.00008 ( 1)  0.224 +-  0.126
 167 L   0.99960 0.00040 0.00000 ( 1)  0.206 +-  0.052
 168 Y   0.42734 0.57001 0.00266 ( 2)  0.678 +-  0.377
 169 F   0.99029 0.00970 0.00001 ( 1)  0.214 +-  0.092
 170 E   0.00089 0.92091 0.07820 ( 2)  1.044 +-  0.169
 171 G   0.62076 0.37657 0.00267 ( 1)  0.522 +-  0.379
 172 V   0.00069 0.92170 0.07761 ( 2)  1.045 +-  0.175
 173 -   0.43540 0.54908 0.01552 ( 2)  0.674 +-  0.399
 174 -   0.00003 0.65992 0.34005 ( 2)  1.335 +-  0.614
 175 -   0.00005 0.74916 0.25079 ( 2)  1.212 +-  0.466
 176 -   0.00278 0.77510 0.22212 ( 2)  1.197 +-  0.478
 177 -   0.24472 0.74903 0.00626 ( 2)  0.819 +-  0.328
 178 G   0.27740 0.71954 0.00306 ( 2)  0.793 +-  0.339
 179 S   0.03082 0.93731 0.03186 ( 2)  0.994 +-  0.165
 180 L   0.99981 0.00019 0.00000 ( 1)  0.206 +-  0.051
 181 D   0.99999 0.00001 0.00000 ( 1)  0.206 +-  0.050
 182 L   1.00000 0.00000 0.00000 ( 1)  0.206 +-  0.050
 183 M   1.00000 0.00000 0.00000 ( 1)  0.206 +-  0.050
 184 N   1.00000 0.00000 0.00000 ( 1)  0.206 +-  0.050
 185 L   0.99706 0.00294 0.00001 ( 1)  0.208 +-  0.066
 186 I   1.00000 0.00000 0.00000 ( 1)  0.206 +-  0.050
 187 F   0.99997 0.00003 0.00000 ( 1)  0.206 +-  0.050
 188 L   0.99006 0.00981 0.00012 ( 1)  0.214 +-  0.094
 189 -   0.95493 0.04354 0.00153 ( 1)  0.242 +-  0.178

Positively selected sites

	Prob(w>1)  mean w

   106 -      0.558         2.139 +- 1.862

