Supplemental results for CODEML (seqf: algn  treef: tree)


dN/dS (w) for site classes (K=8)

p:   0.12500  0.12500  0.12500  0.12500  0.12500  0.12500  0.12500  0.12500
w:   0.01689  0.10358  0.23484  0.39287  0.56241  0.72819  0.87356  0.97711

Naive Empirical Bayes (NEB) probabilities for 8 classes & postmean_w
(amino acids refer to 1st sequence: BT_Cry32Ha1)

   1 P   0.00471 0.07248 0.12253 0.13263 0.14313 0.16004 0.17661 0.18786 ( 8)  0.623
   2 T   0.00070 0.06013 0.18586 0.22013 0.18521 0.14226 0.11148 0.09423 ( 4)  0.534
   3 K   0.77737 0.18067 0.03111 0.00683 0.00217 0.00094 0.00053 0.00037 ( 1)  0.045
   4 S   0.11523 0.31505 0.24337 0.13840 0.07799 0.04848 0.03411 0.02738 ( 2)  0.282
   5 Q   0.23027 0.44143 0.20748 0.07132 0.02637 0.01188 0.00663 0.00461 ( 2)  0.160
   6 L   0.52706 0.27208 0.11252 0.04560 0.02040 0.01069 0.00667 0.00499 ( 1)  0.111
   7 T   0.70387 0.22077 0.05176 0.01399 0.00501 0.00232 0.00134 0.00095 ( 1)  0.059
   8 R   0.56312 0.26979 0.10073 0.03685 0.01505 0.00727 0.00421 0.00298 ( 1)  0.096
   9 I   0.00143 0.11094 0.27879 0.25005 0.15748 0.09422 0.06117 0.04592 ( 3)  0.431
  10 V   0.01254 0.16691 0.22460 0.17862 0.13468 0.10778 0.09183 0.08304 ( 3)  0.456
  11 Y   0.77630 0.18468 0.03059 0.00582 0.00155 0.00058 0.00029 0.00019 ( 1)  0.043
  12 T   0.66432 0.23388 0.06371 0.02000 0.00835 0.00450 0.00295 0.00229 ( 1)  0.071
  13 P   0.02214 0.28287 0.32122 0.18395 0.09085 0.04810 0.02941 0.02146 ( 3)  0.310
  14 R   0.02363 0.27222 0.29582 0.17934 0.09921 0.05911 0.03978 0.03088 ( 3)  0.332
  15 V   0.00895 0.15596 0.26867 0.22656 0.14676 0.09023 0.05892 0.04395 ( 3)  0.411
  16 G   0.68115 0.23583 0.05834 0.01514 0.00508 0.00226 0.00129 0.00091 ( 1)  0.062
  17 D   0.00074 0.06380 0.19387 0.22248 0.18209 0.13802 0.10785 0.09116 ( 4)  0.526
  18 T   0.72226 0.21127 0.04604 0.01201 0.00431 0.00204 0.00120 0.00087 ( 1)  0.055
  19 A   0.00002 0.00532 0.04797 0.12708 0.18994 0.21404 0.21233 0.20329 ( 6)  0.709
  20 R   0.00001 0.00229 0.02028 0.06992 0.14329 0.21351 0.26251 0.28819 ( 8)  0.779
  21 S   0.02337 0.29442 0.33162 0.18553 0.08578 0.04112 0.02274 0.01544 ( 3)  0.295
  22 N   0.00092 0.06441 0.17202 0.19636 0.17430 0.14785 0.12803 0.11612 ( 4)  0.555
  23 R   0.00000 0.00330 0.04363 0.12554 0.18941 0.21430 0.21508 0.20873 ( 7)  0.714
  24 P   0.00023 0.02517 0.10856 0.18009 0.19873 0.18374 0.16055 0.14293 ( 5)  0.624
  25 S   0.00205 0.06869 0.19141 0.22539 0.18696 0.13852 0.10336 0.08363 ( 4)  0.519
  26 A   0.00013 0.04111 0.15372 0.19011 0.17686 0.15808 0.14412 0.13587 ( 4)  0.588
  27 S   0.01596 0.21220 0.27488 0.19523 0.12206 0.07902 0.05596 0.04468 ( 3)  0.382
  28 I   0.01173 0.13284 0.16974 0.15447 0.14160 0.13401 0.12925 0.12635 ( 3)  0.528
  29 D   0.00071 0.04921 0.12210 0.15122 0.16274 0.16882 0.17197 0.17324 ( 8)  0.627
  30 A   0.00005 0.00692 0.03992 0.09151 0.14656 0.19875 0.24302 0.27327 ( 8)  0.753
  31 Q   0.01841 0.18899 0.21726 0.17248 0.13211 0.10478 0.08772 0.07825 ( 3)  0.442
  32 E   0.75021 0.20166 0.03709 0.00752 0.00208 0.00079 0.00040 0.00026 ( 1)  0.048
  33 N   0.00119 0.06699 0.16026 0.18915 0.17720 0.15356 0.13257 0.11909 ( 4)  0.563
  34 N   0.02264 0.26513 0.29713 0.18605 0.10344 0.05953 0.03794 0.02814 ( 3)  0.333
  35 I   0.28079 0.46963 0.17904 0.04787 0.01378 0.00501 0.00238 0.00150 ( 2)  0.129
  36 V   0.24869 0.43419 0.19097 0.06796 0.02824 0.01446 0.00891 0.00658 ( 2)  0.161
  37 S   0.00010 0.01067 0.05387 0.11790 0.17530 0.20808 0.21781 0.21627 ( 7)  0.712
  38 S   0.02156 0.19691 0.20598 0.16467 0.13247 0.10790 0.09044 0.08006 ( 3)  0.444
  39 P   0.12365 0.30903 0.23234 0.13896 0.08229 0.05140 0.03511 0.02722 ( 2)  0.284
  40 -   0.12650 0.12622 0.12580 0.12529 0.12475 0.12423 0.12377 0.12345 ( 1)  0.483
  41 -   0.12604 0.12585 0.12556 0.12520 0.12483 0.12446 0.12414 0.12391 ( 1)  0.484
  42 R   0.00075 0.04727 0.15789 0.20826 0.19208 0.15730 0.12751 0.10895 ( 4)  0.564
  43 L   0.59211 0.26870 0.09103 0.02925 0.01043 0.00449 0.00239 0.00161 ( 1)  0.084
  44 F   0.78014 0.18448 0.02838 0.00494 0.00124 0.00045 0.00022 0.00014 ( 1)  0.042
  45 A   0.00051 0.03951 0.11502 0.15142 0.16440 0.17172 0.17704 0.18038 ( 8)  0.639
  46 W   0.54776 0.28685 0.11041 0.03642 0.01170 0.00411 0.00175 0.00099 ( 1)  0.091
  47 L   0.59398 0.26666 0.08972 0.02918 0.01083 0.00492 0.00277 0.00193 ( 1)  0.084
  48 R   0.00000 0.00015 0.00506 0.03119 0.09411 0.19053 0.29729 0.38167 ( 8)  0.838
  49 M   0.00000 0.00075 0.01175 0.04687 0.11058 0.19576 0.28369 0.35060 ( 8)  0.816
  50 V   0.00021 0.02826 0.12435 0.18871 0.19311 0.17391 0.15300 0.13844 ( 5)  0.610
  51 D   0.00001 0.00780 0.07172 0.15693 0.19781 0.20033 0.18845 0.17695 ( 6)  0.674
  52 V   0.00641 0.14608 0.26689 0.22081 0.14464 0.09446 0.06705 0.05366 ( 3)  0.426
  53 S   0.00000 0.00083 0.01709 0.07205 0.14931 0.21668 0.26076 0.28328 ( 8)  0.779
  54 L   0.04908 0.17430 0.19652 0.16528 0.13169 0.10775 0.09218 0.08319 ( 3)  0.444
  55 Q   0.00155 0.03999 0.11265 0.16131 0.17665 0.17505 0.16892 0.16387 ( 5)  0.628
  56 K   0.00030 0.02066 0.06522 0.11087 0.15471 0.19214 0.21975 0.23636 ( 8)  0.711
  57 N   0.00118 0.07860 0.19653 0.21186 0.17490 0.13578 0.10831 0.09285 ( 4)  0.520
  58 G   0.00000 0.00109 0.01988 0.07742 0.15328 0.21628 0.25605 0.27599 ( 8)  0.772
  59 L   0.00006 0.00893 0.05045 0.11001 0.16238 0.20076 0.22638 0.24103 ( 8)  0.727
  60 S   0.00537 0.07250 0.12411 0.14739 0.15952 0.16418 0.16423 0.16270 ( 7)  0.606
  61 N   0.01149 0.16164 0.23268 0.19069 0.13930 0.10496 0.08486 0.07438 ( 3)  0.448
  62 E   0.00005 0.01939 0.10023 0.16435 0.18377 0.18251 0.17695 0.17274 ( 5)  0.650
  63 I   0.00462 0.07890 0.15119 0.17030 0.16437 0.15277 0.14240 0.13545 ( 4)  0.571
  64 A   0.00001 0.00450 0.05058 0.13430 0.19097 0.20922 0.20805 0.20238 ( 6)  0.704
  65 S   0.00001 0.00971 0.07702 0.16101 0.19802 0.19747 0.18425 0.17250 ( 5)  0.667
  66 Y   0.01552 0.19367 0.25081 0.19013 0.13053 0.09228 0.06958 0.05748 ( 3)  0.411
  67 -   0.44513 0.26656 0.13328 0.06613 0.03620 0.02276 0.01643 0.01351 ( 1)  0.157
  68 -   0.00003 0.00440 0.03201 0.08835 0.15374 0.20868 0.24608 0.26670 ( 8)  0.757
  69 -   0.31642 0.23806 0.15970 0.10344 0.06833 0.04775 0.03613 0.03017 ( 1)  0.242
  70 -   0.00186 0.04301 0.11414 0.16016 0.17501 0.17403 0.16839 0.16341 ( 5)  0.626
  71 -   0.04393 0.17345 0.21119 0.17987 0.13632 0.10299 0.08185 0.07040 ( 3)  0.431
  72 -   0.00067 0.01984 0.07163 0.13215 0.17589 0.19693 0.20217 0.20072 ( 7)  0.686
  73 -   0.00107 0.02868 0.09097 0.14852 0.17928 0.18748 0.18458 0.17942 ( 6)  0.657
  74 -   0.34342 0.24933 0.15855 0.09657 0.06004 0.03978 0.02885 0.02345 ( 1)  0.218
  75 -   0.27878 0.22592 0.16583 0.11583 0.08006 0.05664 0.04232 0.03463 ( 1)  0.270
  76 K   0.02783 0.29840 0.30027 0.17199 0.09112 0.05192 0.03340 0.02507 ( 3)  0.312
  77 Q   0.00002 0.00277 0.01987 0.06177 0.12775 0.20334 0.27002 0.31446 ( 8)  0.792
  78 T   0.12343 0.28306 0.22168 0.14357 0.09087 0.05999 0.04295 0.03445 ( 2)  0.306
  79 F   0.01516 0.20101 0.26635 0.19668 0.12711 0.08424 0.06062 0.04883 ( 3)  0.394
  80 H   0.00777 0.12708 0.22176 0.20882 0.15946 0.11621 0.08741 0.07150 ( 3)  0.468
  81 N   0.04880 0.36960 0.27095 0.13583 0.07258 0.04474 0.03174 0.02577 ( 2)  0.282
  82 T   0.72287 0.20882 0.04635 0.01258 0.00469 0.00229 0.00138 0.00102 ( 1)  0.056
  83 L   0.00051 0.01306 0.04968 0.10621 0.16308 0.20428 0.22695 0.23622 ( 8)  0.724
  84 H   0.00000 0.00109 0.01839 0.07293 0.14875 0.21559 0.26005 0.28320 ( 8)  0.778
  85 T   0.00000 0.00138 0.01651 0.06024 0.12879 0.20480 0.27149 0.31680 ( 8)  0.796
  86 N   0.00000 0.00001 0.00071 0.01075 0.05640 0.16156 0.31382 0.45676 ( 8)  0.874
  87 L   0.00022 0.02205 0.08283 0.12852 0.15643 0.18154 0.20529 0.22312 ( 8)  0.690
  88 W   0.00400 0.09210 0.21808 0.23677 0.17990 0.12099 0.08350 0.06465 ( 4)  0.479
  89 S   0.04654 0.18685 0.22200 0.18107 0.13170 0.09594 0.07385 0.06203 ( 3)  0.412
  90 I   0.01890 0.25707 0.32321 0.20073 0.10036 0.05070 0.02899 0.02005 ( 3)  0.320
  91 T   0.00621 0.12088 0.23213 0.21805 0.15973 0.11225 0.08301 0.06774 ( 3)  0.463
  92 K   0.00056 0.04665 0.14787 0.19368 0.18657 0.16212 0.13894 0.12362 ( 4)  0.581
  93 G   0.70959 0.22572 0.04879 0.01070 0.00302 0.00117 0.00060 0.00041 ( 1)  0.055
  94 T   0.00000 0.00048 0.01021 0.05179 0.12776 0.21157 0.27874 0.31945 ( 8)  0.804
  95 P   0.00000 0.00133 0.01611 0.05761 0.12408 0.20190 0.27398 0.32500 ( 8)  0.800
  96 T   0.00008 0.01029 0.05829 0.12795 0.18243 0.20710 0.20968 0.20418 ( 7)  0.701
  97 N   0.00001 0.00250 0.02353 0.07692 0.14716 0.21078 0.25647 0.28263 ( 8)  0.772
  98 D   0.00001 0.00622 0.05575 0.13332 0.18504 0.20510 0.20834 0.20620 ( 7)  0.703
  99 V   0.02128 0.24995 0.28622 0.18531 0.10802 0.06669 0.04607 0.03647 ( 3)  0.351
 100 R   0.00248 0.07951 0.17863 0.19482 0.17260 0.14436 0.12112 0.10648 ( 4)  0.539
 101 -   0.12500 0.12500 0.12500 0.12500 0.12500 0.12500 0.12500 0.12500 ( 3)  0.486
 102 N   0.27978 0.22115 0.15858 0.11061 0.07903 0.05975 0.04850 0.04260 ( 1)  0.280
 103 M   0.00526 0.03220 0.07158 0.11480 0.15474 0.18708 0.21026 0.22408 ( 8)  0.691
 104 F   0.01221 0.06445 0.11702 0.15117 0.16587 0.16755 0.16330 0.15844 ( 6)  0.607
 105 T   0.23154 0.19800 0.15779 0.12211 0.09481 0.07576 0.06345 0.05653 ( 1)  0.329
 106 T   0.00879 0.04806 0.09264 0.12983 0.15710 0.17627 0.18953 0.19777 ( 8)  0.653
 107 P   0.20906 0.18569 0.15578 0.12693 0.10277 0.08437 0.07152 0.06388 ( 1)  0.353
 108 Y   0.00931 0.05076 0.09713 0.13433 0.15955 0.17515 0.18439 0.18938 ( 8)  0.644
 109 -   0.12500 0.12500 0.12500 0.12500 0.12500 0.12500 0.12500 0.12500 ( 3)  0.486
 110 F   0.00008 0.00347 0.01981 0.05847 0.12050 0.19678 0.27215 0.32874 ( 8)  0.798
 111 P   0.01135 0.06057 0.11184 0.14740 0.16511 0.17006 0.16844 0.16524 ( 6)  0.616
 112 Y   0.00030 0.00979 0.04143 0.09239 0.14972 0.20131 0.24049 0.26458 ( 8)  0.746
 113 D   0.27591 0.22127 0.16109 0.11313 0.08035 0.05974 0.04750 0.04102 ( 1)  0.280
 114 D   0.27591 0.22127 0.16109 0.11313 0.08035 0.05974 0.04750 0.04102 ( 1)  0.280
 115 I   0.00993 0.05385 0.10208 0.13923 0.16225 0.17400 0.17872 0.17994 ( 8)  0.634
 116 W   0.17404 0.16246 0.14651 0.12956 0.11375 0.10033 0.09000 0.08336 ( 1)  0.402
 117 K   0.24536 0.20530 0.15890 0.11941 0.09039 0.07078 0.05837 0.05149 ( 1)  0.313
 118 I   0.25437 0.21056 0.16028 0.11802 0.08746 0.06716 0.05453 0.04762 ( 1)  0.302
 119 K   0.24536 0.20530 0.15890 0.11941 0.09039 0.07078 0.05837 0.05149 ( 1)  0.313
 120 N   0.27978 0.22115 0.15858 0.11061 0.07903 0.05975 0.04850 0.04260 ( 1)  0.280
 121 E   0.00021 0.00712 0.03237 0.07834 0.13782 0.19969 0.25363 0.29082 ( 8)  0.768
 122 F   0.25005 0.20982 0.16214 0.12049 0.08918 0.06773 0.05408 0.04651 ( 1)  0.304
 123 F   0.00006 0.00264 0.01571 0.04930 0.10898 0.19072 0.28000 0.35259 ( 8)  0.813
 124 D   0.23210 0.19760 0.15701 0.12161 0.09479 0.07608 0.06388 0.05694 ( 1)  0.329
 125 -   0.12500 0.12500 0.12500 0.12500 0.12500 0.12500 0.12500 0.12500 ( 3)  0.486
 126 -   0.12500 0.12500 0.12500 0.12500 0.12500 0.12500 0.12500 0.12500 ( 3)  0.486
 127 Y   0.00000 0.00064 0.01670 0.07318 0.15021 0.21608 0.25989 0.28331 ( 8)  0.778
 128 D   0.00000 0.00045 0.00938 0.04572 0.11640 0.20426 0.28457 0.33921 ( 8)  0.814
 129 S   0.00000 0.00028 0.00880 0.04833 0.12236 0.20785 0.28176 0.33062 ( 8)  0.810
 130 P   0.07272 0.24603 0.24091 0.16589 0.10663 0.07184 0.05278 0.04320 ( 2)  0.349
 131 -   0.12500 0.12500 0.12500 0.12500 0.12500 0.12500 0.12500 0.12500 ( 3)  0.486
 132 -   0.12500 0.12500 0.12500 0.12500 0.12500 0.12500 0.12500 0.12500 ( 3)  0.486
 133 F   0.00000 0.00058 0.01271 0.06027 0.13802 0.21518 0.27112 0.30212 ( 8)  0.793
 134 D   0.00003 0.01278 0.08474 0.16459 0.19710 0.19409 0.17956 0.16712 ( 5)  0.658
 135 D   0.04351 0.38100 0.30172 0.14075 0.06426 0.03334 0.02041 0.01501 ( 2)  0.259
 136 L   0.00000 0.00041 0.00856 0.04504 0.11712 0.20540 0.28490 0.33858 ( 8)  0.815
 137 A   0.00001 0.00857 0.06898 0.15409 0.19981 0.20362 0.18952 0.17539 ( 6)  0.675
 138 V   0.00062 0.05798 0.19103 0.23080 0.19038 0.14007 0.10441 0.08472 ( 4)  0.525
 139 D   0.00023 0.00779 0.03459 0.08105 0.13978 0.19988 0.25110 0.28557 ( 8)  0.763
 140 N   0.00000 0.00066 0.00934 0.04072 0.10315 0.19145 0.28822 0.36646 ( 8)  0.826
 141 W   0.45455 0.28276 0.14131 0.06391 0.02893 0.01433 0.00831 0.00591 ( 1)  0.135
 142 T   0.18262 0.16798 0.14848 0.12861 0.11089 0.09649 0.08581 0.07913 ( 1)  0.391
 143 F   0.01149 0.06098 0.11191 0.14684 0.16430 0.16959 0.16870 0.16620 ( 6)  0.616
 144 S   0.23242 0.19934 0.15924 0.12312 0.09498 0.07495 0.06174 0.05421 ( 1)  0.325
 145 F   0.20561 0.18243 0.15336 0.12593 0.10342 0.08653 0.07483 0.06789 ( 1)  0.361
 146 R   0.00910 0.05039 0.09809 0.13712 0.16276 0.17652 0.18225 0.18376 ( 8)  0.641
 147 Y   0.00023 0.00774 0.03431 0.08105 0.13974 0.19953 0.25103 0.28637 ( 8)  0.764
 148 S   0.18639 0.17048 0.14947 0.12832 0.10971 0.09478 0.08382 0.07703 ( 1)  0.386
 149 D   0.00001 0.00106 0.01070 0.04227 0.10402 0.19125 0.28677 0.36392 ( 8)  0.823
 150 D   0.27591 0.22127 0.16109 0.11313 0.08035 0.05974 0.04750 0.04102 ( 1)  0.280
 151 Q   0.21478 0.18928 0.15702 0.12633 0.10099 0.08192 0.06874 0.06095 ( 1)  0.346
 152 Y   0.00026 0.00880 0.03812 0.08737 0.14562 0.20095 0.24522 0.27366 ( 8)  0.754
 153 F   0.10450 0.28227 0.22645 0.14269 0.09150 0.06360 0.04837 0.04062 ( 2)  0.320
 154 E   0.00000 0.00005 0.00178 0.01554 0.06353 0.16406 0.30828 0.44676 ( 8)  0.868
 155 L   0.00005 0.00827 0.05681 0.13274 0.18734 0.20760 0.20690 0.20028 ( 6)  0.699
 156 S   0.00000 0.00358 0.03977 0.11107 0.17592 0.21340 0.22720 0.22905 ( 8)  0.730
 157 T   0.08229 0.22036 0.19910 0.15051 0.11371 0.09012 0.07584 0.06807 ( 2)  0.392
 158 Y   0.00002 0.00771 0.06008 0.13969 0.19133 0.20630 0.20172 0.19316 ( 6)  0.693
 159 D   0.00039 0.04208 0.16415 0.22783 0.20404 0.15468 0.11492 0.09190 ( 4)  0.550
 160 K   0.00001 0.00620 0.05683 0.14222 0.19942 0.21180 0.19954 0.18399 ( 6)  0.690
 161 S   0.27420 0.45501 0.18263 0.05537 0.01845 0.00763 0.00401 0.00270 ( 2)  0.138
 162 V   0.00424 0.10080 0.22130 0.22102 0.16667 0.11981 0.09069 0.07546 ( 3)  0.483
 163 T   0.17909 0.35997 0.21154 0.10750 0.05962 0.03686 0.02544 0.01999 ( 2)  0.234
 164 R   0.67605 0.23558 0.06003 0.01661 0.00601 0.00284 0.00167 0.00121 ( 1)  0.065
 165 F   0.00010 0.01303 0.07102 0.14369 0.18690 0.19905 0.19608 0.19013 ( 6)  0.682
 166 Y   0.00013 0.01558 0.07523 0.14221 0.18256 0.19683 0.19628 0.19118 ( 6)  0.679
 167 G   0.00019 0.02293 0.10621 0.18082 0.19938 0.18389 0.16151 0.14506 ( 5)  0.627
 168 L   0.14963 0.38675 0.25741 0.11476 0.04811 0.02240 0.01242 0.00852 ( 2)  0.211
 169 P   0.00000 0.00412 0.04733 0.13530 0.20102 0.21727 0.20537 0.18958 ( 6)  0.701
 170 C   0.00001 0.00475 0.04862 0.13419 0.19826 0.21566 0.20616 0.19235 ( 6)  0.701
 171 R   0.00098 0.08974 0.24731 0.24369 0.17108 0.11187 0.07655 0.05878 ( 3)  0.465
 172 A   0.00014 0.01688 0.08095 0.15374 0.19284 0.19727 0.18542 0.17277 ( 6)  0.664
 173 K   0.00201 0.11080 0.22823 0.21583 0.16294 0.11798 0.08893 0.07328 ( 3)  0.477
 174 -   0.12500 0.12500 0.12500 0.12500 0.12500 0.12500 0.12500 0.12500 ( 3)  0.486
 175 -   0.12500 0.12500 0.12500 0.12500 0.12500 0.12500 0.12500 0.12500 ( 3)  0.486
 176 -   0.12500 0.12500 0.12500 0.12500 0.12500 0.12500 0.12500 0.12500 ( 3)  0.486
 177 -   0.12500 0.12500 0.12500 0.12500 0.12500 0.12500 0.12500 0.12500 ( 3)  0.486
 178 -   0.01921 0.08955 0.13927 0.15688 0.15673 0.15108 0.14548 0.14181 ( 4)  0.568
 179 N   0.00000 0.00511 0.06073 0.15159 0.20010 0.20501 0.19403 0.18342 ( 6)  0.685
 180 S   0.00000 0.00154 0.01813 0.06266 0.12820 0.20148 0.26949 0.31849 ( 8)  0.794
 181 G   0.00000 0.00201 0.03377 0.11388 0.18842 0.22176 0.22404 0.21612 ( 7)  0.727
 182 I   0.02436 0.24795 0.26675 0.17961 0.11247 0.07364 0.05274 0.04248 ( 3)  0.364
 183 C   0.00011 0.01354 0.07120 0.14564 0.19165 0.20227 0.19364 0.18194 ( 6)  0.677
 184 D   0.20042 0.41132 0.22363 0.09128 0.03805 0.01806 0.01018 0.00705 ( 2)  0.185
 185 P   0.00689 0.11299 0.19672 0.19116 0.15864 0.12922 0.10835 0.09602 ( 3)  0.505
 186 C   0.00086 0.07607 0.23068 0.25014 0.18237 0.11895 0.08016 0.06077 ( 4)  0.479
 187 D   0.03129 0.29591 0.28451 0.16962 0.09511 0.05674 0.03779 0.02903 ( 2)  0.321
 188 S   0.00000 0.00385 0.04123 0.11421 0.17798 0.21257 0.22448 0.22567 ( 8)  0.726
 189 Q   0.01183 0.14596 0.19813 0.17435 0.14526 0.12247 0.10605 0.09595 ( 3)  0.488
 190 N   0.40308 0.39229 0.12017 0.04191 0.01903 0.01072 0.00718 0.00563 ( 1)  0.122
 191 P   0.00244 0.04528 0.11413 0.17332 0.19400 0.18009 0.15512 0.13562 ( 5)  0.608
 192 C   0.29027 0.46773 0.17227 0.04637 0.01387 0.00526 0.00258 0.00166 ( 2)  0.128
 193 R   0.00006 0.01040 0.06704 0.15106 0.20284 0.20824 0.18982 0.17054 ( 6)  0.674
 194 K   0.00003 0.01451 0.09395 0.17606 0.20180 0.19036 0.16963 0.15366 ( 5)  0.643
 195 E   0.00001 0.00205 0.02310 0.07910 0.15162 0.21370 0.25460 0.27583 ( 8)  0.770
 196 L   0.00026 0.02939 0.12347 0.19227 0.19889 0.17541 0.14915 0.13115 ( 5)  0.606
 197 P   0.00236 0.04915 0.12590 0.17626 0.18644 0.17220 0.15171 0.13597 ( 5)  0.600
 198 N   0.00000 0.00077 0.01678 0.07332 0.15351 0.22025 0.25931 0.27606 ( 8)  0.776
 199 T   0.00000 0.00063 0.01399 0.06193 0.13575 0.21054 0.27000 0.30716 ( 8)  0.793
 200 T   0.00000 0.00246 0.03613 0.11210 0.17985 0.21494 0.22650 0.22801 ( 8)  0.731
 201 -   0.12679 0.12645 0.12595 0.12535 0.12470 0.12408 0.12353 0.12315 ( 1)  0.483
 202 -   0.12786 0.12733 0.12652 0.12555 0.12452 0.12352 0.12266 0.12205 ( 1)  0.481
 203 -   0.04476 0.16792 0.19546 0.16629 0.13294 0.10961 0.09535 0.08767 ( 3)  0.453
 204 -   0.39356 0.26392 0.15096 0.08250 0.04648 0.02833 0.01926 0.01500 ( 1)  0.180
 205 -   0.00001 0.00125 0.01321 0.05143 0.11907 0.20178 0.27927 0.33398 ( 8)  0.808
 206 M   0.00346 0.08095 0.19090 0.21368 0.17973 0.13799 0.10608 0.08720 ( 4)  0.517
 207 P   0.00000 0.00119 0.02179 0.08210 0.15665 0.21588 0.25228 0.27011 ( 8)  0.767
 208 C   0.00001 0.00626 0.05493 0.13523 0.19210 0.21043 0.20563 0.19541 ( 6)  0.699
 209 E   0.01721 0.23299 0.30218 0.20167 0.11178 0.06348 0.04045 0.03024 ( 3)  0.349
 210 D   0.00111 0.06254 0.15085 0.18374 0.17759 0.15796 0.13927 0.12694 ( 4)  0.575
 211 K   0.00033 0.03460 0.13611 0.19835 0.19546 0.16817 0.14196 0.12502 ( 4)  0.592
 212 R   0.00000 0.00021 0.00572 0.03624 0.10731 0.20350 0.29340 0.35362 ( 8)  0.826
 213 L   0.22261 0.42104 0.20729 0.07980 0.03377 0.01718 0.01053 0.00777 ( 2)  0.176
 214 Y   0.00000 0.00191 0.03040 0.10078 0.17273 0.21751 0.23618 0.24048 ( 8)  0.744
 215 S   0.00358 0.17237 0.29295 0.22314 0.13553 0.08087 0.05239 0.03917 ( 3)  0.394
 216 H   0.82400 0.15297 0.01887 0.00298 0.00072 0.00026 0.00012 0.00008 ( 1)  0.036
 217 R   0.56312 0.26979 0.10073 0.03685 0.01505 0.00727 0.00421 0.00298 ( 1)  0.096
 218 L   0.55691 0.25642 0.09792 0.04062 0.02033 0.01226 0.00861 0.00692 ( 1)  0.110
 219 A   0.12989 0.32907 0.23595 0.12859 0.07189 0.04532 0.03260 0.02669 ( 2)  0.270
 220 Y   0.01492 0.21634 0.30206 0.21294 0.12002 0.06619 0.03966 0.02786 ( 3)  0.355
 221 M   0.00051 0.03959 0.12301 0.16813 0.17669 0.17146 0.16347 0.15714 ( 5)  0.620
 222 G   0.00048 0.05284 0.17917 0.21445 0.18297 0.14590 0.11960 0.10459 ( 4)  0.548
 223 A   0.00085 0.07318 0.21761 0.23818 0.18136 0.12607 0.09064 0.07210 ( 4)  0.496
 224 G   0.18787 0.42399 0.23185 0.08957 0.03537 0.01623 0.00898 0.00615 ( 2)  0.182
 225 E   0.01318 0.22099 0.32607 0.21830 0.11138 0.05616 0.03192 0.02200 ( 3)  0.338
 226 N   0.00002 0.01002 0.07831 0.16465 0.20059 0.19672 0.18119 0.16851 ( 5)  0.663
 227 V   0.00006 0.01878 0.10493 0.17931 0.19630 0.18335 0.16521 0.15205 ( 5)  0.634
 228 Y   0.00004 0.01616 0.08433 0.14574 0.17721 0.18974 0.19329 0.19348 ( 8)  0.674
 229 -   0.25972 0.42116 0.18118 0.06756 0.03067 0.01760 0.01222 0.00990 ( 2)  0.168
 230 -   0.00037 0.01173 0.04751 0.10099 0.15618 0.20135 0.23231 0.24955 ( 8)  0.733
 231 -   0.42613 0.27324 0.14496 0.07224 0.03730 0.02134 0.01401 0.01077 ( 1)  0.157
 232 -   0.41138 0.27022 0.14871 0.07717 0.04115 0.02388 0.01562 0.01187 ( 1)  0.166
 233 -   0.03861 0.15920 0.20489 0.18322 0.14321 0.10947 0.08695 0.07445 ( 3)  0.446
 234 -   0.00158 0.03969 0.11487 0.16933 0.18490 0.17689 0.16223 0.15052 ( 5)  0.619
 235 -   0.00867 0.14193 0.23997 0.21241 0.15164 0.10514 0.07725 0.06298 ( 3)  0.446
 236 P   0.00000 0.00210 0.02476 0.08301 0.15651 0.21624 0.25120 0.26617 ( 8)  0.764
 237 P   0.02628 0.30539 0.32120 0.17610 0.08408 0.04304 0.02558 0.01833 ( 3)  0.296
 238 P   0.01466 0.21104 0.29018 0.20519 0.12104 0.07273 0.04826 0.03689 ( 3)  0.370
 239 S   0.00001 0.00455 0.04653 0.12521 0.18653 0.21192 0.21478 0.21048 ( 7)  0.713
 240 L   0.59211 0.26870 0.09103 0.02925 0.01043 0.00449 0.00239 0.00161 ( 1)  0.084
 241 T   0.00704 0.11310 0.19668 0.19404 0.16131 0.12933 0.10610 0.09239 ( 3)  0.502
 242 Y   0.02562 0.30916 0.33115 0.17747 0.08035 0.03882 0.02205 0.01537 ( 3)  0.288
 243 S   0.00019 0.02191 0.09495 0.15927 0.18565 0.18718 0.17940 0.17147 ( 6)  0.652
 244 A   0.00001 0.00300 0.02625 0.08275 0.15518 0.21508 0.25091 0.26682 ( 8)  0.763
 245 Y   0.01992 0.23791 0.28115 0.19045 0.11472 0.07095 0.04794 0.03697 ( 3)  0.360
 246 G   0.66123 0.24462 0.06538 0.01766 0.00591 0.00262 0.00150 0.00109 ( 1)  0.066
 247 W   0.54776 0.28685 0.11041 0.03642 0.01170 0.00411 0.00175 0.00099 ( 1)  0.091
 248 T   0.72236 0.21123 0.04601 0.01200 0.00430 0.00203 0.00120 0.00087 ( 1)  0.055
 249 H   0.75511 0.19608 0.03687 0.00795 0.00230 0.00090 0.00047 0.00032 ( 1)  0.048
 250 V   0.00004 0.01635 0.09276 0.16257 0.18888 0.18879 0.17965 0.17095 ( 5)  0.655
 251 S   0.83798 0.14248 0.01604 0.00246 0.00061 0.00023 0.00012 0.00008 ( 1)  0.034


lnL = -3374.710773

