Supplemental results for CODEML (seqf: algn  treef: tree)


dN/dS (w) for site classes (K=2)

p:   0.63030  0.36970
w:   0.11653  1.00000

Naive Empirical Bayes (NEB) probabilities for 2 classes & postmean_w
(amino acids refer to 1st sequence: BT_Cry8Ea2)

   1 -   0.63030 0.36970 ( 1)  0.443
   2 -   0.63030 0.36970 ( 1)  0.443
   3 -   0.63030 0.36970 ( 1)  0.443
   4 -   0.63030 0.36970 ( 1)  0.443
   5 -   0.63030 0.36970 ( 1)  0.443
   6 -   0.63030 0.36970 ( 1)  0.443
   7 -   0.63030 0.36970 ( 1)  0.443
   8 -   0.63030 0.36970 ( 1)  0.443
   9 -   0.63030 0.36970 ( 1)  0.443
  10 -   0.63030 0.36970 ( 1)  0.443
  11 -   0.63030 0.36970 ( 1)  0.443
  12 -   0.63030 0.36970 ( 1)  0.443
  13 -   0.63030 0.36970 ( 1)  0.443
  14 -   0.63030 0.36970 ( 1)  0.443
  15 -   0.63030 0.36970 ( 1)  0.443
  16 -   0.63030 0.36970 ( 1)  0.443
  17 -   0.63030 0.36970 ( 1)  0.443
  18 -   0.63030 0.36970 ( 1)  0.443
  19 -   0.63030 0.36970 ( 1)  0.443
  20 -   0.63030 0.36970 ( 1)  0.443
  21 -   0.63030 0.36970 ( 1)  0.443
  22 -   0.63030 0.36970 ( 1)  0.443
  23 -   0.63030 0.36970 ( 1)  0.443
  24 -   0.63030 0.36970 ( 1)  0.443
  25 -   0.63030 0.36970 ( 1)  0.443
  26 -   0.63030 0.36970 ( 1)  0.443
  27 -   0.63030 0.36970 ( 1)  0.443
  28 -   0.63030 0.36970 ( 1)  0.443
  29 E   0.82199 0.17801 ( 1)  0.274
  30 T   0.57089 0.42911 ( 1)  0.496
  31 K   0.09326 0.90674 ( 2)  0.918
  32 A   0.01988 0.98012 ( 2)  0.982
  33 Q   0.79837 0.20163 ( 1)  0.295
  34 L   0.97171 0.02829 ( 1)  0.142
  35 T   0.24977 0.75023 ( 2)  0.779
  36 R   0.26031 0.73969 ( 2)  0.770
  37 E   0.80123 0.19877 ( 1)  0.292
  38 V   0.74695 0.25305 ( 1)  0.340
  39 Y   0.37313 0.62687 ( 2)  0.670
  40 T   0.65265 0.34735 ( 1)  0.423
  41 D   0.87476 0.12524 ( 1)  0.227
  42 P   0.97117 0.02883 ( 1)  0.142
  43 I   0.05547 0.94453 ( 2)  0.951
  44 G   0.31936 0.68064 ( 2)  0.718
  45 A   0.11149 0.88851 ( 2)  0.902
  46 I   0.82769 0.17231 ( 1)  0.269
  47 G   0.06492 0.93508 ( 2)  0.943
  48 A   0.61201 0.38799 ( 1)  0.459
  49 Q   0.95298 0.04702 ( 1)  0.158
  50 G   0.95696 0.04304 ( 1)  0.155
  51 -   0.65531 0.34469 ( 1)  0.421
  52 -   0.73433 0.26567 ( 1)  0.351
  53 S   0.94693 0.05307 ( 1)  0.163
  54 W   0.88489 0.11511 ( 1)  0.218
  55 Y   0.95742 0.04258 ( 1)  0.154
  56 D   0.91985 0.08015 ( 1)  0.187
  57 S   0.07160 0.92840 ( 2)  0.937
  58 A   0.93420 0.06580 ( 1)  0.175
  59 P   0.96195 0.03805 ( 1)  0.150
  60 S   0.94693 0.05307 ( 1)  0.163
  61 F   0.94743 0.05257 ( 1)  0.163
  62 N   0.57987 0.42013 ( 1)  0.488
  63 T   0.71772 0.28228 ( 1)  0.366
  64 L   0.53046 0.46954 ( 1)  0.531
  65 E   0.95577 0.04423 ( 1)  0.156
  66 S   0.97159 0.02841 ( 1)  0.142
  67 T   0.51073 0.48927 ( 1)  0.549
  68 F   0.51166 0.48834 ( 1)  0.548
  69 I   0.70993 0.29007 ( 1)  0.373
  70 R   0.90333 0.09667 ( 1)  0.202
  71 G   0.12296 0.87704 ( 2)  0.891
  72 K   0.00716 0.99284 ( 2)  0.994
  73 H   0.96173 0.03827 ( 1)  0.150
  74 L   0.94659 0.05341 ( 1)  0.164
  75 F   0.98773 0.01227 ( 1)  0.127
  76 D   0.98719 0.01281 ( 1)  0.128
  77 F   0.82457 0.17543 ( 1)  0.272
  78 I   0.71979 0.28021 ( 1)  0.364
  79 T   0.97025 0.02975 ( 1)  0.143
  80 R   0.14220 0.85780 ( 2)  0.874
  81 L   0.77193 0.22807 ( 1)  0.318
  82 S   0.79238 0.20762 ( 1)  0.300
  83 I   0.60931 0.39069 ( 1)  0.462
  84 Y   0.98218 0.01782 ( 1)  0.132
  85 T   0.66568 0.33432 ( 1)  0.412
  86 G   0.78724 0.21276 ( 1)  0.305
  87 R   0.85255 0.14745 ( 1)  0.247
  88 S   0.98258 0.01742 ( 1)  0.132
  89 S   0.97363 0.02637 ( 1)  0.140
  90 F   0.14231 0.85769 ( 2)  0.874
  91 S   0.65635 0.34365 ( 1)  0.420
  92 A   0.71025 0.28975 ( 1)  0.373
  93 S   0.88960 0.11040 ( 1)  0.214
  94 N   0.89605 0.10395 ( 1)  0.208
  95 Y   0.97182 0.02818 ( 1)  0.141
  96 L   0.89985 0.10015 ( 1)  0.205
  97 K   0.85155 0.14845 ( 1)  0.248
  98 K   0.21566 0.78434 ( 2)  0.809
  99 W   0.91591 0.08409 ( 1)  0.191
 100 I   0.84117 0.15883 ( 1)  0.257
 101 G   0.91479 0.08521 ( 1)  0.192
 102 H   0.98938 0.01062 ( 1)  0.126
 103 Q   0.86059 0.13941 ( 1)  0.240
 104 I   0.81632 0.18368 ( 1)  0.279
 105 S   0.01758 0.98242 ( 2)  0.984
 106 -   0.63030 0.36970 ( 1)  0.443
 107 -   0.63030 0.36970 ( 1)  0.443
 108 -   0.63030 0.36970 ( 1)  0.443
 109 -   0.63030 0.36970 ( 1)  0.443
 110 S   0.04091 0.95909 ( 2)  0.964
 111 Q   0.22988 0.77012 ( 2)  0.797
 112 P   0.02993 0.97007 ( 2)  0.974
 113 I   0.70253 0.29747 ( 1)  0.379
 114 G   0.00022 0.99978 ( 2)  1.000
 115 G   0.39201 0.60799 ( 2)  0.654
 116 S   0.00604 0.99396 ( 2)  0.995
 117 I   0.84935 0.15065 ( 1)  0.250
 118 Q   0.15656 0.84344 ( 2)  0.862
 119 -   0.86908 0.13092 ( 1)  0.232
 120 T   0.06994 0.93006 ( 2)  0.938
 121 Q   0.00254 0.99746 ( 2)  0.998
 122 T   0.00178 0.99822 ( 2)  0.998
 123 Y   0.97537 0.02463 ( 1)  0.138
 124 G   0.24602 0.75398 ( 2)  0.783
 125 T   0.26872 0.73128 ( 2)  0.763
 126 T   0.27779 0.72221 ( 2)  0.755
 127 S   0.10332 0.89668 ( 2)  0.909
 128 G   0.06195 0.93805 ( 2)  0.945
 129 S   0.00163 0.99837 ( 2)  0.999
 130 S   0.63759 0.36241 ( 1)  0.437
 131 V   0.63823 0.36177 ( 1)  0.436
 132 I   0.06809 0.93191 ( 2)  0.940
 133 A   0.01031 0.98969 ( 2)  0.991
 134 T   0.95381 0.04619 ( 1)  0.157
 135 Q   0.01938 0.98062 ( 2)  0.983
 136 Q   0.02566 0.97434 ( 2)  0.977
 137 I   0.57678 0.42322 ( 1)  0.490
 138 G   0.09449 0.90551 ( 2)  0.917
 139 F   0.96663 0.03337 ( 1)  0.146
 140 T   0.48328 0.51672 ( 2)  0.573
 141 G   0.97602 0.02398 ( 1)  0.138
 142 F   0.98773 0.01227 ( 1)  0.127
 143 D   0.94849 0.05151 ( 1)  0.162
 144 V   0.97778 0.02222 ( 1)  0.136
 145 Y   0.98218 0.01782 ( 1)  0.132
 146 K   0.79726 0.20274 ( 1)  0.296
 147 T   0.00759 0.99241 ( 2)  0.993
 148 L   0.45923 0.54077 ( 2)  0.594
 149 S   0.90561 0.09439 ( 1)  0.200
 150 T   0.12334 0.87666 ( 2)  0.891
 151 A   0.96345 0.03655 ( 1)  0.149
 152 G   0.97377 0.02623 ( 1)  0.140
 153 V   0.97093 0.02907 ( 1)  0.142
 154 L   0.92724 0.07276 ( 1)  0.181
 155 F   0.85654 0.14346 ( 1)  0.243
 156 A   0.97741 0.02259 ( 1)  0.136
 157 Y   0.22071 0.77929 ( 2)  0.805
 158 T   0.97025 0.02975 ( 1)  0.143
 159 S   0.72208 0.27792 ( 1)  0.362
 160 K   0.85155 0.14845 ( 1)  0.248
 161 Y   0.92736 0.07264 ( 1)  0.181
 162 Y   0.89591 0.10409 ( 1)  0.208
 163 G   0.95309 0.04691 ( 1)  0.158
 164 V   0.12524 0.87476 ( 2)  0.889
 165 S   0.84989 0.15011 ( 1)  0.249
 166 K   0.06919 0.93081 ( 2)  0.939
 167 V   0.97778 0.02222 ( 1)  0.136
 168 V   0.00131 0.99869 ( 2)  0.999
 169 F   0.98773 0.01227 ( 1)  0.127
 170 D   0.08724 0.91276 ( 2)  0.923
 171 A   0.24640 0.75360 ( 2)  0.782
 172 I   0.81632 0.18368 ( 1)  0.279
 173 Y   0.02552 0.97448 ( 2)  0.977
 174 P   0.88002 0.11998 ( 1)  0.223
 175 D   0.07246 0.92754 ( 2)  0.936
 176 N   0.32907 0.67093 ( 2)  0.709
 177 K   0.13927 0.86073 ( 2)  0.877
 178 Y   0.47781 0.52219 ( 2)  0.578
 179 K   0.67665 0.32335 ( 1)  0.402
 180 T   0.21113 0.78887 ( 2)  0.813
 181 T   0.27402 0.72598 ( 2)  0.758
 182 F   0.46058 0.53942 ( 2)  0.593
 183 -   0.09796 0.90204 ( 2)  0.913
 184 -   0.85902 0.14098 ( 1)  0.241
 185 T   0.05218 0.94782 ( 2)  0.954
 186 Y   0.89591 0.10409 ( 1)  0.208
 187 N   0.09288 0.90712 ( 2)  0.918
 188 P   0.03217 0.96783 ( 2)  0.972
 189 G   0.03353 0.96647 ( 2)  0.970
 190 S   0.85104 0.14896 ( 1)  0.248
 191 E   0.66628 0.33372 ( 1)  0.411
 192 G   0.93992 0.06008 ( 1)  0.170
 193 I   0.98096 0.01904 ( 1)  0.133
 194 A   0.77548 0.22452 ( 1)  0.315
 195 A   0.27926 0.72074 ( 2)  0.753
 196 Q   0.97536 0.02464 ( 1)  0.138
 197 E   0.62531 0.37469 ( 1)  0.448
 198 K   0.95945 0.04055 ( 1)  0.152
 199 D   0.87362 0.12638 ( 1)  0.228
 200 S   0.94482 0.05518 ( 1)  0.165
 201 E   0.19848 0.80152 ( 2)  0.825
 202 V   0.89437 0.10563 ( 1)  0.210
 203 E   0.98116 0.01884 ( 1)  0.133
 204 L   0.94598 0.05402 ( 1)  0.164
 205 P   0.97805 0.02195 ( 1)  0.136
 206 P   0.52292 0.47708 ( 1)  0.538
 207 E   0.81352 0.18648 ( 1)  0.281
 208 T   0.70319 0.29681 ( 1)  0.379
 209 L   0.63500 0.36500 ( 1)  0.439
 210 D   0.33999 0.66001 ( 2)  0.700
 211 Q   0.14044 0.85956 ( 2)  0.876
 212 P   0.25830 0.74170 ( 2)  0.772
 213 N   0.12245 0.87755 ( 2)  0.892
 214 Y   0.98218 0.01782 ( 1)  0.132
 215 E   0.01742 0.98258 ( 2)  0.985
 216 A   0.78526 0.21474 ( 1)  0.306
 217 Y   0.98218 0.01782 ( 1)  0.132
 218 S   0.98258 0.01742 ( 1)  0.132
 219 H   0.98938 0.01062 ( 1)  0.126
 220 R   0.97883 0.02117 ( 1)  0.135
 221 L   0.92728 0.07272 ( 1)  0.181
 222 N   0.98694 0.01306 ( 1)  0.128
 223 Y   0.90968 0.09032 ( 1)  0.196
 224 V   0.88192 0.11808 ( 1)  0.221
 225 T   0.68088 0.31912 ( 1)  0.398
 226 F   0.42513 0.57487 ( 2)  0.624
 227 -   0.87430 0.12570 ( 1)  0.228
 228 -   0.82363 0.17637 ( 1)  0.272
 229 -   0.82240 0.17760 ( 1)  0.273
 230 -   0.87538 0.12462 ( 1)  0.227
 231 I   0.82750 0.17250 ( 1)  0.269
 232 R   0.93132 0.06868 ( 1)  0.177
 233 N   0.74893 0.25107 ( 1)  0.338
 234 P   0.45883 0.54117 ( 2)  0.595
 235 D   0.93062 0.06938 ( 1)  0.178
 236 V   0.96872 0.03128 ( 1)  0.144
 237 P   0.97805 0.02195 ( 1)  0.136
 238 V   0.96872 0.03128 ( 1)  0.144
 239 F   0.98773 0.01227 ( 1)  0.127
 240 S   0.97709 0.02291 ( 1)  0.137
 241 W   0.91591 0.08409 ( 1)  0.191
 242 T   0.37224 0.62776 ( 2)  0.671
 243 H   0.98938 0.01062 ( 1)  0.126
 244 R   0.83688 0.16312 ( 1)  0.261
 245 S   0.98989 0.01011 ( 1)  0.125


lnL = -2171.039627

