Supplemental results for CODEML (seqf: algn  treef: tree)


dN/dS (w) for site classes (K=3)

p:   0.26683  0.37953  0.35364
w:   0.07150  1.00000  1.00000

Naive Empirical Bayes (NEB) probabilities for 3 classes & postmean_w
(amino acids refer to 1st sequence: BT_Cry32Ja1)

   1 P   0.36224 0.33014 0.30762 ( 1)  0.664
   2 T   0.93898 0.03159 0.02943 ( 1)  0.128
   3 K   0.99837 0.00084 0.00079 ( 1)  0.073
   4 S   0.86056 0.07218 0.06726 ( 1)  0.201
   5 Q   0.99827 0.00089 0.00083 ( 1)  0.073
   6 L   0.99979 0.00011 0.00010 ( 1)  0.072
   7 T   0.99950 0.00026 0.00024 ( 1)  0.072
   8 R   0.99930 0.00036 0.00034 ( 1)  0.072
   9 T   0.00027 0.51752 0.48221 ( 2)  1.000
  10 V   0.24193 0.39243 0.36565 ( 2)  0.775
  11 Y   0.99907 0.00048 0.00045 ( 1)  0.072
  12 T   0.99938 0.00032 0.00030 ( 1)  0.072
  13 P   0.00002 0.51765 0.48233 ( 2)  1.000
  14 F   0.00087 0.51721 0.48192 ( 2)  0.999
  15 V   0.00037 0.51747 0.48216 ( 2)  1.000
  16 L   0.00530 0.51492 0.47978 ( 2)  0.995
  17 S   0.00001 0.51766 0.48234 ( 2)  1.000
  18 Y   0.00500 0.51507 0.47993 ( 2)  0.995
  19 P   0.02680 0.50379 0.46941 ( 2)  0.975
  20 T   0.00854 0.51324 0.47822 ( 2)  0.992
  21 -   0.28731 0.36893 0.34376 ( 2)  0.733
  22 -   0.33947 0.34193 0.31860 ( 2)  0.685
  23 -   0.33749 0.34295 0.31955 ( 2)  0.687
  24 -   0.31058 0.35688 0.33253 ( 2)  0.712
  25 -   0.32628 0.34876 0.32496 ( 2)  0.697
  26 -   0.27819 0.37365 0.34816 ( 2)  0.742
  27 -   0.30117 0.36176 0.33707 ( 2)  0.720
  28 -   0.32131 0.35133 0.32736 ( 2)  0.702
  29 -   0.32131 0.35133 0.32736 ( 2)  0.702
  30 P   0.04840 0.49261 0.45899 ( 2)  0.955
  31 N   0.00875 0.51313 0.47812 ( 2)  0.992
  32 L   0.00179 0.51673 0.48148 ( 2)  0.998
  33 P   0.00395 0.51562 0.48043 ( 2)  0.996
  34 L   0.00001 0.51766 0.48233 ( 2)  1.000
  35 I   0.98775 0.00634 0.00591 ( 1)  0.083
  36 S   0.00023 0.51754 0.48223 ( 2)  1.000
  37 E   0.00005 0.51763 0.48232 ( 2)  1.000
  38 I   0.00643 0.51433 0.47924 ( 2)  0.994
  39 E   0.21071 0.40859 0.38071 ( 2)  0.804
  40 S   0.00005 0.51763 0.48231 ( 2)  1.000
  41 Q   0.00002 0.51765 0.48233 ( 2)  1.000
  42 V   0.00937 0.51281 0.47782 ( 2)  0.991
  43 V   0.07149 0.48065 0.44785 ( 2)  0.934
  44 V   0.00269 0.51627 0.48104 ( 2)  0.998
  45 P   0.99960 0.00021 0.00019 ( 1)  0.072
  46 P   0.98832 0.00604 0.00563 ( 1)  0.082
  47 S   0.58763 0.21347 0.19890 ( 1)  0.454
  48 L   0.99728 0.00141 0.00131 ( 1)  0.074
  49 F   0.99999 0.00001 0.00001 ( 1)  0.072
  50 S   0.00950 0.51274 0.47776 ( 2)  0.991
  51 W   0.99899 0.00052 0.00049 ( 1)  0.072
  52 L   0.97524 0.01282 0.01194 ( 1)  0.094
  53 F   0.02315 0.50568 0.47117 ( 2)  0.979
  54 L   0.00474 0.51521 0.48005 ( 2)  0.996
  55 I   0.06809 0.48241 0.44950 ( 2)  0.937
  56 E   0.00007 0.51762 0.48230 ( 2)  1.000
  57 S   0.07128 0.48076 0.44796 ( 2)  0.934
  58 Y   0.99870 0.00067 0.00063 ( 1)  0.073
  59 T   0.08144 0.47550 0.44306 ( 2)  0.924
  60 E   0.00157 0.51685 0.48158 ( 2)  0.999
  61 K   0.00000 0.51766 0.48234 ( 2)  1.000
  62 A   0.00002 0.51765 0.48233 ( 2)  1.000
  63 A   0.00002 0.51765 0.48233 ( 2)  1.000
  64 Q   0.00191 0.51667 0.48142 ( 2)  0.998
  65 D   0.00001 0.51766 0.48233 ( 2)  1.000
  66 -   0.26683 0.37953 0.35364 ( 2)  0.752
  67 -   0.26683 0.37953 0.35364 ( 2)  0.752
  68 -   0.02041 0.50710 0.47250 ( 2)  0.981
  69 K   0.00014 0.51759 0.48227 ( 2)  1.000
  70 E   0.00010 0.51761 0.48229 ( 2)  1.000
  71 C   0.00000 0.51766 0.48234 ( 2)  1.000
  72 L   0.00001 0.51766 0.48234 ( 2)  1.000
  73 T   0.00029 0.51751 0.48220 ( 2)  1.000
  74 G   0.00045 0.51743 0.48212 ( 2)  1.000
  75 Q   0.00560 0.51476 0.47964 ( 2)  0.995
  76 R   0.00005 0.51763 0.48231 ( 2)  1.000
  77 Q   0.00001 0.51766 0.48234 ( 2)  1.000
  78 A   0.00063 0.51733 0.48204 ( 2)  0.999
  79 F   0.87515 0.06463 0.06022 ( 1)  0.187
  80 A   0.00017 0.51757 0.48226 ( 2)  1.000
  81 Y   0.00052 0.51739 0.48209 ( 2)  1.000
  82 T   0.09914 0.46634 0.43452 ( 2)  0.908
  83 T   0.00013 0.51759 0.48228 ( 2)  1.000
  84 G   0.00094 0.51717 0.48188 ( 2)  0.999
  85 R   0.00000 0.51766 0.48234 ( 2)  1.000
  86 D   0.53817 0.23907 0.22276 ( 1)  0.500
  87 L   0.00074 0.51728 0.48198 ( 2)  0.999
  88 F   0.00000 0.51766 0.48234 ( 2)  1.000
  89 Q   0.00282 0.51620 0.48098 ( 2)  0.997
  90 E   0.00148 0.51689 0.48162 ( 2)  0.999
  91 F   0.00371 0.51574 0.48055 ( 2)  0.997
  92 K   0.00038 0.51746 0.48216 ( 2)  1.000
  93 -   0.26683 0.37953 0.35364 ( 2)  0.752
  94 -   0.01539 0.50969 0.47492 ( 2)  0.986
  95 G   0.16951 0.42991 0.40058 ( 2)  0.843
  96 N   0.15165 0.43916 0.40919 ( 2)  0.859
  97 L   0.00037 0.51747 0.48216 ( 2)  1.000
  98 N   0.00001 0.51765 0.48233 ( 2)  1.000
  99 G   0.00002 0.51765 0.48233 ( 2)  1.000
 100 T   0.00002 0.51765 0.48233 ( 2)  1.000
 101 Y   0.00000 0.51766 0.48234 ( 2)  1.000
 102 R   0.00047 0.51742 0.48211 ( 2)  1.000
 103 G   0.00614 0.51448 0.47938 ( 2)  0.994
 104 Q   0.00000 0.51766 0.48234 ( 2)  1.000
 105 L   0.00001 0.51766 0.48233 ( 2)  1.000
 106 V   0.85386 0.07565 0.07049 ( 1)  0.207
 107 A   0.00124 0.51702 0.48174 ( 2)  0.999
 108 E   0.00344 0.51588 0.48068 ( 2)  0.997
 109 P   0.04579 0.49396 0.46026 ( 2)  0.957
 110 G   0.00114 0.51707 0.48179 ( 2)  0.999
 111 L   0.96657 0.01731 0.01613 ( 1)  0.103
 112 G   0.11587 0.45768 0.42645 ( 2)  0.892
 113 Q   0.01469 0.51005 0.47525 ( 2)  0.986
 114 Y   0.26683 0.37953 0.35364 ( 2)  0.752
 115 V   0.01988 0.50737 0.47275 ( 2)  0.982
 116 W   0.00001 0.51766 0.48233 ( 2)  1.000
 117 A   0.12617 0.45235 0.42148 ( 2)  0.883
 118 I   0.00103 0.51713 0.48184 ( 2)  0.999
 119 E   0.16301 0.43328 0.40371 ( 2)  0.849
 120 L   0.98371 0.00843 0.00786 ( 1)  0.087
 121 Y   0.97436 0.01327 0.01237 ( 1)  0.095
 122 G   0.00021 0.51755 0.48224 ( 2)  1.000
 123 S   0.00519 0.51497 0.47983 ( 2)  0.995
 124 G   0.00064 0.51733 0.48203 ( 2)  0.999
 125 Y   0.78685 0.11034 0.10281 ( 1)  0.269
 126 L   0.02892 0.50269 0.46839 ( 2)  0.973
 127 -   0.26683 0.37953 0.35364 ( 2)  0.752
 128 -   0.26683 0.37953 0.35364 ( 2)  0.752
 129 -   0.26683 0.37953 0.35364 ( 2)  0.752
 130 W   0.00000 0.51766 0.48234 ( 2)  1.000
 131 D   0.00001 0.51766 0.48234 ( 2)  1.000
 132 G   0.00902 0.51299 0.47799 ( 2)  0.992
 133 Y   0.87724 0.06355 0.05921 ( 1)  0.185
 134 P   0.00003 0.51765 0.48233 ( 2)  1.000
 135 Y   0.00003 0.51764 0.48232 ( 2)  1.000
 136 L   0.00063 0.51734 0.48204 ( 2)  0.999
 137 H   0.00002 0.51765 0.48233 ( 2)  1.000
 138 N   0.00181 0.51672 0.48147 ( 2)  0.998
 139 L   0.00001 0.51766 0.48234 ( 2)  1.000
 140 G   0.00011 0.51760 0.48229 ( 2)  1.000
 141 -   0.00606 0.51452 0.47942 ( 2)  0.994
 142 -   0.28619 0.36951 0.34430 ( 2)  0.734
 143 -   0.45822 0.28046 0.26132 ( 1)  0.575
 144 -   0.14287 0.44370 0.41343 ( 2)  0.867
 145 -   0.04087 0.49651 0.46263 ( 2)  0.962
 146 F   0.00006 0.51763 0.48231 ( 2)  1.000
 147 F   0.00070 0.51730 0.48200 ( 2)  0.999
 148 N   0.00007 0.51762 0.48231 ( 2)  1.000
 149 F   0.99979 0.00011 0.00010 ( 1)  0.072
 150 K   0.02502 0.50471 0.47027 ( 2)  0.977
 151 L   0.98944 0.00547 0.00509 ( 1)  0.081
 152 T   0.98626 0.00712 0.00663 ( 1)  0.084
 153 -   0.04874 0.49243 0.45883 ( 2)  0.955
 154 -   0.97146 0.01478 0.01377 ( 1)  0.098
 155 -   0.73779 0.13573 0.12647 ( 1)  0.315
 156 N   0.00002 0.51765 0.48233 ( 2)  1.000
 157 S   0.00374 0.51573 0.48054 ( 2)  0.997
 158 E   0.00010 0.51761 0.48229 ( 2)  1.000
 159 D   0.00000 0.51766 0.48234 ( 2)  1.000
 160 Q   0.00316 0.51602 0.48082 ( 2)  0.997
 161 K   0.01520 0.50979 0.47501 ( 2)  0.986
 162 I   0.00041 0.51745 0.48214 ( 2)  1.000
 163 H   0.00408 0.51555 0.48037 ( 2)  0.996
 164 V   0.31531 0.35444 0.33025 ( 2)  0.707
 165 S   0.23839 0.39425 0.36735 ( 2)  0.779
 166 P   0.00042 0.51745 0.48214 ( 2)  1.000
 167 G   0.00027 0.51752 0.48221 ( 2)  1.000
 168 D   0.00484 0.51515 0.48000 ( 2)  0.996
 169 I   0.20582 0.41111 0.38306 ( 2)  0.809
 170 V   0.00128 0.51700 0.48172 ( 2)  0.999
 171 D   0.00747 0.51379 0.47874 ( 2)  0.993
 172 G   0.00723 0.51392 0.47885 ( 2)  0.993
 173 T   0.00017 0.51757 0.48226 ( 2)  1.000
 174 T   0.00026 0.51752 0.48221 ( 2)  1.000
 175 A   0.00428 0.51544 0.48027 ( 2)  0.996
 176 I   0.00292 0.51615 0.48093 ( 2)  0.997
 177 L   0.00777 0.51364 0.47859 ( 2)  0.993
 178 G   0.98696 0.00675 0.00629 ( 1)  0.084
 179 L   0.47897 0.26972 0.25131 ( 1)  0.555
 180 P   0.96188 0.01973 0.01839 ( 1)  0.107
 181 C   0.99974 0.00014 0.00013 ( 1)  0.072
 182 K   0.03176 0.50122 0.46702 ( 2)  0.971
 183 P   0.00119 0.51704 0.48176 ( 2)  0.999
 184 N   0.30025 0.36223 0.33751 ( 2)  0.721
 185 N   0.06333 0.48488 0.45179 ( 2)  0.941
 186 N   0.00283 0.51620 0.48098 ( 2)  0.997
 187 D   0.01776 0.50847 0.47377 ( 2)  0.984
 188 -   0.00471 0.51522 0.48007 ( 2)  0.996
 189 C   0.99974 0.00014 0.00013 ( 1)  0.072
 190 D   0.88212 0.06102 0.05686 ( 1)  0.181
 191 P   0.99357 0.00333 0.00310 ( 1)  0.077
 192 C   0.99974 0.00014 0.00013 ( 1)  0.072
 193 -   0.00010 0.51761 0.48229 ( 2)  1.000
 194 -   0.02533 0.50455 0.47012 ( 2)  0.976
 195 -   0.26683 0.37953 0.35364 ( 2)  0.752
 196 N   0.92843 0.03705 0.03452 ( 1)  0.138
 197 P   0.00993 0.51252 0.47755 ( 2)  0.991
 198 C   0.99987 0.00007 0.00006 ( 1)  0.072
 199 N   0.00000 0.51766 0.48234 ( 2)  1.000
 200 T   0.00014 0.51759 0.48227 ( 2)  1.000
 201 L   0.03051 0.50187 0.46762 ( 2)  0.972
 202 P   0.00000 0.51766 0.48234 ( 2)  1.000
 203 I   0.00024 0.51754 0.48222 ( 2)  1.000
 204 N   0.99960 0.00021 0.00019 ( 1)  0.072
 205 L   0.00004 0.51764 0.48232 ( 2)  1.000
 206 S   0.11005 0.46069 0.42926 ( 2)  0.898
 207 N   0.00378 0.51570 0.48051 ( 2)  0.996
 208 P   0.99997 0.00002 0.00002 ( 1)  0.072
 209 C   0.99794 0.00107 0.00099 ( 1)  0.073
 210 N   0.99772 0.00118 0.00110 ( 1)  0.074
 211 -   0.28746 0.36885 0.34368 ( 2)  0.733
 212 -   0.28746 0.36885 0.34368 ( 2)  0.733
 213 -   0.28906 0.36802 0.34291 ( 2)  0.732
 214 -   0.29459 0.36516 0.34024 ( 2)  0.726
 215 -   0.31386 0.35519 0.33095 ( 2)  0.709
 216 -   0.31391 0.35516 0.33093 ( 2)  0.709
 217 -   0.32428 0.34979 0.32593 ( 2)  0.699
 218 -   0.29531 0.36479 0.33990 ( 2)  0.726
 219 D   0.90127 0.05111 0.04762 ( 1)  0.163
 220 I   0.01889 0.50788 0.47323 ( 2)  0.982
 221 S   0.00029 0.51751 0.48220 ( 2)  1.000
 222 L   0.88010 0.06207 0.05783 ( 1)  0.183
 223 Y   0.99995 0.00002 0.00002 ( 1)  0.072
 224 S   0.99999 0.00000 0.00000 ( 1)  0.072
 225 H   0.03548 0.49930 0.46523 ( 2)  0.967
 226 R   0.99451 0.00284 0.00265 ( 1)  0.077
 227 F   0.97427 0.01332 0.01241 ( 1)  0.095
 228 S   0.89740 0.05311 0.04949 ( 1)  0.167
 229 Y   0.01688 0.50892 0.47420 ( 2)  0.984
 230 L   0.03738 0.49831 0.46431 ( 2)  0.965
 231 G   0.24519 0.39074 0.36407 ( 2)  0.772
 232 T   0.00013 0.51759 0.48228 ( 2)  1.000
 233 Y   0.00005 0.51764 0.48232 ( 2)  1.000
 234 P   0.00002 0.51765 0.48233 ( 2)  1.000
 235 A   0.00011 0.51760 0.48229 ( 2)  1.000
 236 P   0.05602 0.48866 0.45532 ( 2)  0.948
 237 P   0.00006 0.51763 0.48231 ( 2)  1.000
 238 V   0.00001 0.51766 0.48233 ( 2)  1.000
 239 N   0.00079 0.51725 0.48196 ( 2)  0.999
 240 N   0.13751 0.44648 0.41601 ( 2)  0.872
 241 W   0.02418 0.50514 0.47068 ( 2)  0.978
 242 S   0.06429 0.48438 0.45133 ( 2)  0.940
 243 P   0.05598 0.48868 0.45534 ( 2)  0.948
 244 T   0.00002 0.51765 0.48233 ( 2)  1.000
 245 N   0.01517 0.50981 0.47502 ( 2)  0.986
 246 I   0.68440 0.16337 0.15223 ( 1)  0.365
 247 G   0.05766 0.48781 0.45453 ( 2)  0.946
 248 N   0.00055 0.51738 0.48208 ( 2)  0.999
 249 F   0.00463 0.51526 0.48010 ( 2)  0.996
 250 S   0.00009 0.51762 0.48230 ( 2)  1.000
 251 F   0.30306 0.36078 0.33616 ( 2)  0.719
 252 G   0.99383 0.00319 0.00298 ( 1)  0.077
 253 W   0.99899 0.00052 0.00049 ( 1)  0.072
 254 T   0.99909 0.00047 0.00044 ( 1)  0.072
 255 H   0.99997 0.00001 0.00001 ( 1)  0.072
 256 I   0.98950 0.00543 0.00506 ( 1)  0.081
 257 S   0.99980 0.00011 0.00010 ( 1)  0.072

Positively selected sites

	Prob(w>1)  mean w



lnL = -4876.347638

Bayes Empirical Bayes (BEB) probabilities for 3 classes (class) & postmean_w
(amino acids refer to 1st sequence: BT_Cry32Ja1)

   1 P   0.23128 0.76528 0.00345 ( 2)  0.793 +-  0.492
   2 T   0.92339 0.07620 0.00041 ( 1)  0.125 +-  0.283
   3 K   0.99821 0.00179 0.00000 ( 1)  0.052 +-  0.040
   4 S   0.78127 0.21863 0.00010 ( 1)  0.258 +-  0.393
   5 Q   0.99804 0.00196 0.00000 ( 1)  0.052 +-  0.042
   6 L   0.99984 0.00016 0.00000 ( 1)  0.050 +-  0.012
   7 T   0.99963 0.00037 0.00000 ( 1)  0.050 +-  0.019
   8 R   0.99945 0.00055 0.00000 ( 1)  0.051 +-  0.023
   9 T   0.00004 0.99651 0.00345 ( 2)  1.007 +-  0.184
  10 V   0.12237 0.87648 0.00115 ( 2)  0.885 +-  0.318
  11 Y   0.99911 0.00089 0.00000 ( 1)  0.051 +-  0.028
  12 T   0.99953 0.00047 0.00000 ( 1)  0.050 +-  0.021
  13 P   0.00000 0.92285 0.07715 ( 2)  1.402 +-  1.564
  14 F   0.00017 0.99287 0.00696 ( 2)  1.020 +-  0.323
  15 V   0.00007 0.97762 0.02230 ( 2)  1.089 +-  0.701
  16 L   0.00154 0.99286 0.00559 ( 2)  1.013 +-  0.260
  17 S   0.00000 0.97035 0.02965 ( 2)  1.130 +-  0.873
  18 Y   0.00132 0.92470 0.07397 ( 2)  1.444 +-  1.718
  19 P   0.01420 0.93134 0.05446 ( 2)  1.287 +-  1.403
  20 T   0.00302 0.90766 0.08932 ( 2)  1.530 +-  1.862
  21 -   0.26362 0.71554 0.02084 ( 2)  0.858 +-  0.967
  22 -   0.31758 0.67243 0.00999 ( 2)  0.743 +-  0.711
  23 -   0.31564 0.67442 0.00993 ( 2)  0.744 +-  0.706
  24 -   0.28826 0.69839 0.01335 ( 2)  0.788 +-  0.780
  25 -   0.30453 0.68524 0.01023 ( 2)  0.755 +-  0.697
  26 -   0.25333 0.71991 0.02676 ( 2)  0.907 +-  1.109
  27 -   0.27832 0.70557 0.01611 ( 2)  0.815 +-  0.854
  28 -   0.29924 0.68911 0.01165 ( 2)  0.769 +-  0.741
  29 -   0.29924 0.68911 0.01165 ( 2)  0.769 +-  0.741
  30 P   0.02485 0.87512 0.10004 ( 2)  1.583 +-  1.997
  31 N   0.00247 0.99315 0.00438 ( 2)  1.010 +-  0.256
  32 L   0.00048 0.97945 0.02007 ( 2)  1.090 +-  0.745
  33 P   0.00100 0.99366 0.00533 ( 2)  1.012 +-  0.252
  34 L   0.00000 0.97612 0.02387 ( 2)  1.089 +-  0.692
  35 I   0.98729 0.01270 0.00001 ( 1)  0.062 +-  0.107
  36 S   0.00004 0.98738 0.01259 ( 2)  1.055 +-  0.583
  37 E   0.00001 0.98213 0.01786 ( 2)  1.085 +-  0.736
  38 I   0.00142 0.99430 0.00429 ( 2)  1.010 +-  0.233
  39 E   0.09397 0.90245 0.00358 ( 2)  0.922 +-  0.370
  40 S   0.00001 0.99189 0.00810 ( 2)  1.022 +-  0.326
  41 Q   0.00000 0.98655 0.01345 ( 2)  1.045 +-  0.486
  42 V   0.00278 0.98994 0.00729 ( 2)  1.023 +-  0.376
  43 V   0.02378 0.97051 0.00571 ( 2)  0.997 +-  0.357
  44 V   0.00056 0.98952 0.00992 ( 2)  1.036 +-  0.448
  45 P   0.99958 0.00042 0.00000 ( 1)  0.050 +-  0.020
  46 P   0.98606 0.01393 0.00001 ( 1)  0.063 +-  0.111
  47 S   0.39030 0.60825 0.00145 ( 2)  0.633 +-  0.491
  48 L   0.99764 0.00236 0.00000 ( 1)  0.052 +-  0.046
  49 F   0.99999 0.00001 0.00000 ( 1)  0.050 +-  0.003
  50 S   0.00209 0.99603 0.00188 ( 2)  1.002 +-  0.157
  51 W   0.99909 0.00091 0.00000 ( 1)  0.051 +-  0.029
  52 L   0.96928 0.03071 0.00001 ( 1)  0.079 +-  0.164
  53 F   0.00541 0.99073 0.00386 ( 2)  1.008 +-  0.288
  54 L   0.00100 0.99641 0.00259 ( 2)  1.005 +-  0.178
  55 I   0.02214 0.97479 0.00306 ( 2)  0.986 +-  0.236
  56 E   0.00001 0.98436 0.01563 ( 2)  1.077 +-  0.704
  57 S   0.02317 0.97508 0.00175 ( 2)  0.981 +-  0.190
  58 Y   0.99877 0.00123 0.00000 ( 1)  0.051 +-  0.034
  59 T   0.03374 0.96450 0.00176 ( 2)  0.971 +-  0.201
  60 E   0.00034 0.99537 0.00429 ( 2)  1.009 +-  0.212
  61 K   0.00000 0.85726 0.14274 ( 2)  1.847 +-  2.275
  62 A   0.00000 0.97667 0.02333 ( 2)  1.099 +-  0.761
  63 A   0.00000 0.92595 0.07405 ( 2)  1.387 +-  1.537
  64 Q   0.00039 0.98920 0.01041 ( 2)  1.039 +-  0.475
  65 D   0.00000 0.98396 0.01604 ( 2)  1.062 +-  0.594
  66 -   0.23976 0.72247 0.03777 ( 2)  0.996 +-  1.343
  67 -   0.23976 0.72247 0.03777 ( 2)  0.996 +-  1.343
  68 -   0.00977 0.97609 0.01414 ( 2)  1.050 +-  0.601
  69 K   0.00003 0.92045 0.07952 ( 2)  1.467 +-  1.755
  70 E   0.00002 0.79362 0.20636 ( 2)  2.253 +-  2.690
  71 C   0.00000 0.62555 0.37445 ( 2)  3.436 +-  3.458
  72 L   0.00000 0.90493 0.09507 ( 2)  1.500 +-  1.734
  73 T   0.00005 0.99724 0.00271 ( 2)  1.003 +-  0.106
  74 G   0.00009 0.98224 0.01767 ( 2)  1.075 +-  0.664
  75 Q   0.00153 0.99670 0.00177 ( 2)  1.001 +-  0.119
  76 R   0.00001 0.99390 0.00610 ( 2)  1.018 +-  0.313
  77 Q   0.00000 0.99356 0.00644 ( 2)  1.017 +-  0.284
  78 A   0.00013 0.97002 0.02985 ( 2)  1.141 +-  0.933
  79 F   0.76350 0.23625 0.00025 ( 1)  0.275 +-  0.408
  80 A   0.00002 0.98507 0.01490 ( 2)  1.064 +-  0.616
  81 Y   0.00010 0.99684 0.00306 ( 2)  1.007 +-  0.177
  82 T   0.03404 0.96046 0.00550 ( 2)  0.987 +-  0.375
  83 T   0.00002 0.99090 0.00908 ( 2)  1.035 +-  0.455
  84 G   0.00018 0.98914 0.01068 ( 2)  1.042 +-  0.499
  85 R   0.00000 0.71330 0.28670 ( 2)  2.857 +-  3.186
  86 D   0.36148 0.63661 0.00190 ( 2)  0.661 +-  0.484
  87 L   0.00019 0.99427 0.00554 ( 2)  1.017 +-  0.314
  88 F   0.00000 0.79666 0.20334 ( 2)  2.146 +-  2.532
  89 Q   0.00047 0.99723 0.00230 ( 2)  1.004 +-  0.138
  90 E   0.00033 0.95848 0.04119 ( 2)  1.215 +-  1.167
  91 F   0.00079 0.99663 0.00258 ( 2)  1.003 +-  0.123
  92 K   0.00005 0.99667 0.00328 ( 2)  1.009 +-  0.213
  93 -   0.23976 0.72247 0.03777 ( 2)  0.996 +-  1.343
  94 -   0.00713 0.96082 0.03204 ( 2)  1.155 +-  1.017
  95 G   0.05941 0.93991 0.00068 ( 2)  0.944 +-  0.228
  96 N   0.05533 0.94239 0.00228 ( 2)  0.954 +-  0.282
  97 L   0.00006 0.98639 0.01356 ( 2)  1.059 +-  0.602
  98 N   0.00000 0.92140 0.07860 ( 2)  1.451 +-  1.715
  99 G   0.00000 0.99059 0.00941 ( 2)  1.025 +-  0.346
 100 T   0.00000 0.99162 0.00837 ( 2)  1.019 +-  0.282
 101 Y   0.00000 0.89513 0.10487 ( 2)  1.576 +-  1.871
 102 R   0.00009 0.97793 0.02198 ( 2)  1.108 +-  0.829
 103 G   0.00131 0.98970 0.00899 ( 2)  1.034 +-  0.459
 104 Q   0.00000 0.70442 0.29558 ( 2)  2.905 +-  3.195
 105 L   0.00000 0.85842 0.14158 ( 2)  1.883 +-  2.357
 106 V   0.71291 0.28662 0.00046 ( 1)  0.324 +-  0.438
 107 A   0.00023 0.98904 0.01072 ( 2)  1.039 +-  0.474
 108 E   0.00095 0.99113 0.00792 ( 2)  1.028 +-  0.411
 109 P   0.01444 0.98170 0.00387 ( 2)  1.000 +-  0.312
 110 G   0.00019 0.99546 0.00435 ( 2)  1.011 +-  0.232
 111 L   0.95024 0.04971 0.00005 ( 1)  0.097 +-  0.208
 112 G   0.05326 0.93260 0.01414 ( 2)  1.013 +-  0.664
 113 Q   0.00666 0.93743 0.05592 ( 2)  1.325 +-  1.501
 114 Y   0.23976 0.72247 0.03777 ( 2)  0.996 +-  1.343
 115 V   0.00717 0.98403 0.00881 ( 2)  1.030 +-  0.477
 116 W   0.00000 0.97553 0.02447 ( 2)  1.106 +-  0.792
 117 A   0.04522 0.94938 0.00540 ( 2)  0.976 +-  0.388
 118 I   0.00017 0.99000 0.00983 ( 2)  1.034 +-  0.435
 119 E   0.07883 0.91781 0.00336 ( 2)  0.934 +-  0.333
 120 L   0.98154 0.01844 0.00002 ( 1)  0.068 +-  0.129
 121 Y   0.96442 0.03553 0.00005 ( 1)  0.084 +-  0.177
 122 G   0.00003 0.99307 0.00689 ( 2)  1.022 +-  0.339
 123 S   0.00108 0.99482 0.00410 ( 2)  1.014 +-  0.301
 124 G   0.00013 0.98806 0.01182 ( 2)  1.045 +-  0.506
 125 Y   0.65380 0.34554 0.00066 ( 1)  0.380 +-  0.461
 126 L   0.00780 0.98771 0.00449 ( 2)  1.005 +-  0.264
 127 -   0.23976 0.72247 0.03777 ( 2)  0.996 +-  1.343
 128 -   0.23976 0.72247 0.03777 ( 2)  0.996 +-  1.343
 129 -   0.23976 0.72247 0.03777 ( 2)  0.996 +-  1.343
 130 W   0.00000 0.94137 0.05863 ( 2)  1.286 +-  1.303
 131 D   0.00000 0.93642 0.06358 ( 2)  1.342 +-  1.462
 132 G   0.00198 0.98654 0.01149 ( 2)  1.051 +-  0.577
 133 Y   0.82607 0.17308 0.00085 ( 1)  0.218 +-  0.391
 134 P   0.00000 0.90132 0.09868 ( 2)  1.544 +-  1.817
 135 Y   0.00000 0.99079 0.00920 ( 2)  1.030 +-  0.392
 136 L   0.00015 0.98400 0.01585 ( 2)  1.057 +-  0.554
 137 H   0.00000 0.76404 0.23596 ( 2)  2.475 +-  2.891
 138 N   0.00040 0.99254 0.00706 ( 2)  1.020 +-  0.326
 139 L   0.00000 0.92121 0.07879 ( 2)  1.477 +-  1.781
 140 G   0.00002 0.98205 0.01793 ( 2)  1.071 +-  0.635
 141 -   0.00187 0.98881 0.00932 ( 2)  1.029 +-  0.406
 142 -   0.26232 0.71599 0.02168 ( 2)  0.865 +-  0.989
 143 -   0.40073 0.59530 0.00397 ( 2)  0.631 +-  0.536
 144 -   0.08588 0.90334 0.01078 ( 2)  0.957 +-  0.536
 145 -   0.01245 0.98303 0.00452 ( 2)  1.001 +-  0.278
 146 F   0.00001 0.99361 0.00638 ( 2)  1.017 +-  0.287
 147 F   0.00012 0.98858 0.01130 ( 2)  1.047 +-  0.534
 148 N   0.00001 0.99030 0.00969 ( 2)  1.035 +-  0.441
 149 F   0.99980 0.00020 0.00000 ( 1)  0.050 +-  0.014
 150 K   0.00568 0.99205 0.00226 ( 2)  1.000 +-  0.185
 151 L   0.98467 0.01533 0.00001 ( 1)  0.065 +-  0.117
 152 T   0.98522 0.01476 0.00001 ( 1)  0.064 +-  0.115
 153 -   0.02425 0.95758 0.01817 ( 2)  1.061 +-  0.741
 154 -   0.97448 0.02549 0.00003 ( 1)  0.074 +-  0.150
 155 -   0.62848 0.37100 0.00052 ( 1)  0.404 +-  0.466
 156 N   0.00000 0.54964 0.45036 ( 2)  4.083 +-  3.703
 157 S   0.00079 0.99244 0.00677 ( 2)  1.023 +-  0.364
 158 E   0.00001 0.65132 0.34867 ( 2)  3.355 +-  3.468
 159 D   0.00000 0.72302 0.27698 ( 2)  2.715 +-  3.043
 160 Q   0.00063 0.99537 0.00400 ( 2)  1.011 +-  0.251
 161 K   0.00331 0.99562 0.00108 ( 2)  0.998 +-  0.092
 162 I   0.00009 0.98504 0.01487 ( 2)  1.050 +-  0.509
 163 H   0.00094 0.99275 0.00631 ( 2)  1.018 +-  0.316
 164 V   0.17817 0.81791 0.00392 ( 2)  0.842 +-  0.443
 165 S   0.11874 0.87966 0.00160 ( 2)  0.890 +-  0.323
 166 P   0.00005 0.98745 0.01250 ( 2)  1.056 +-  0.584
 167 G   0.00004 0.99758 0.00239 ( 2)  1.004 +-  0.140
 168 D   0.00106 0.99241 0.00654 ( 2)  1.018 +-  0.312
 169 I   0.10193 0.89481 0.00325 ( 2)  0.911 +-  0.354
 170 V   0.00033 0.93282 0.06685 ( 2)  1.375 +-  1.555
 171 D   0.00252 0.91553 0.08195 ( 2)  1.517 +-  1.877
 172 G   0.00254 0.97987 0.01759 ( 2)  1.079 +-  0.712
 173 T   0.00004 0.93186 0.06810 ( 2)  1.361 +-  1.499
 174 T   0.00005 0.98350 0.01645 ( 2)  1.075 +-  0.686
 175 A   0.00114 0.98951 0.00934 ( 2)  1.034 +-  0.455
 176 I   0.00060 0.99224 0.00716 ( 2)  1.027 +-  0.413
 177 L   0.00272 0.99373 0.00356 ( 2)  1.006 +-  0.207
 178 G   0.98752 0.01248 0.00000 ( 1)  0.062 +-  0.106
 179 L   0.32746 0.67177 0.00077 ( 2)  0.690 +-  0.455
 180 P   0.95199 0.04795 0.00006 ( 1)  0.096 +-  0.206
 181 C   0.99978 0.00022 0.00000 ( 1)  0.050 +-  0.014
 182 K   0.01149 0.98438 0.00413 ( 2)  1.004 +-  0.324
 183 P   0.00030 0.98741 0.01229 ( 2)  1.054 +-  0.583
 184 N   0.19668 0.78420 0.01912 ( 2)  0.911 +-  0.906
 185 N   0.02538 0.96918 0.00544 ( 2)  0.997 +-  0.390
 186 N   0.00077 0.98135 0.01788 ( 2)  1.081 +-  0.721
 187 D   0.00499 0.98776 0.00724 ( 2)  1.028 +-  0.467
 188 -   0.00161 0.98453 0.01386 ( 2)  1.058 +-  0.604
 189 C   0.99978 0.00022 0.00000 ( 1)  0.050 +-  0.014
 190 D   0.82246 0.17360 0.00395 ( 1)  0.240 +-  0.557
 191 P   0.99213 0.00786 0.00001 ( 1)  0.058 +-  0.087
 192 C   0.99978 0.00022 0.00000 ( 1)  0.050 +-  0.014
 193 -   0.00002 0.97275 0.02723 ( 2)  1.122 +-  0.857
 194 -   0.01221 0.97304 0.01475 ( 2)  1.052 +-  0.629
 195 -   0.23976 0.72247 0.03777 ( 2)  0.996 +-  1.343
 196 N   0.89699 0.10277 0.00024 ( 1)  0.148 +-  0.295
 197 P   0.00220 0.99346 0.00434 ( 2)  1.011 +-  0.263
 198 C   0.99988 0.00012 0.00000 ( 1)  0.050 +-  0.011
 199 N   0.00000 0.10240 0.89760 ( 3)  6.825 +-  2.925
 200 T   0.00002 0.98752 0.01247 ( 2)  1.045 +-  0.500
 201 L   0.00868 0.98866 0.00265 ( 2)  0.998 +-  0.200
 202 P   0.00000 0.93116 0.06884 ( 2)  1.341 +-  1.428
 203 I   0.00004 0.98876 0.01120 ( 2)  1.043 +-  0.500
 204 N   0.99964 0.00036 0.00000 ( 1)  0.050 +-  0.019
 205 L   0.00001 0.95512 0.04488 ( 2)  1.218 +-  1.150
 206 S   0.04092 0.95841 0.00067 ( 2)  0.962 +-  0.190
 207 N   0.00102 0.98763 0.01135 ( 2)  1.039 +-  0.465
 208 P   0.99998 0.00002 0.00000 ( 1)  0.050 +-  0.005
 209 C   0.99690 0.00310 0.00000 ( 1)  0.053 +-  0.053
 210 N   0.99712 0.00288 0.00000 ( 1)  0.053 +-  0.052
 211 -   0.26377 0.71538 0.02085 ( 2)  0.858 +-  0.968
 212 -   0.26377 0.71538 0.02085 ( 2)  0.858 +-  0.968
 213 -   0.26556 0.71449 0.01995 ( 2)  0.850 +-  0.945
 214 -   0.27148 0.71072 0.01780 ( 2)  0.831 +-  0.893
 215 -   0.29179 0.69602 0.01219 ( 2)  0.778 +-  0.745
 216 -   0.29186 0.69601 0.01213 ( 2)  0.777 +-  0.743
 217 -   0.30243 0.68687 0.01070 ( 2)  0.760 +-  0.712
 218 -   0.27221 0.71013 0.01766 ( 2)  0.830 +-  0.889
 219 D   0.82755 0.17232 0.00014 ( 1)  0.214 +-  0.360
 220 I   0.00415 0.99430 0.00155 ( 2)  0.999 +-  0.138
 221 S   0.00004 0.98866 0.01129 ( 2)  1.046 +-  0.525
 222 L   0.80611 0.19379 0.00010 ( 1)  0.234 +-  0.377
 223 Y   0.99997 0.00003 0.00000 ( 1)  0.050 +-  0.005
 224 S   1.00000 0.00000 0.00000 ( 1)  0.050 +-  0.002
 225 H   0.00838 0.98967 0.00195 ( 2)  0.995 +-  0.138
 226 R   0.99520 0.00480 0.00000 ( 1)  0.055 +-  0.066
 227 F   0.96935 0.03062 0.00003 ( 1)  0.079 +-  0.165
 228 S   0.83695 0.16299 0.00006 ( 1)  0.205 +-  0.351
 229 Y   0.00429 0.99476 0.00095 ( 2)  0.997 +-  0.069
 230 L   0.01084 0.98646 0.00269 ( 2)  0.996 +-  0.200
 231 G   0.09158 0.90605 0.00238 ( 2)  0.920 +-  0.332
 232 T   0.00002 0.94482 0.05515 ( 2)  1.269 +-  1.270
 233 Y   0.00001 0.96811 0.03188 ( 2)  1.153 +-  0.974
 234 P   0.00000 0.99434 0.00566 ( 2)  1.013 +-  0.242
 235 A   0.00002 0.98277 0.01721 ( 2)  1.074 +-  0.668
 236 P   0.02417 0.97101 0.00482 ( 2)  0.993 +-  0.333
 237 P   0.00001 0.96799 0.03200 ( 2)  1.143 +-  0.915
 238 V   0.00000 0.55002 0.44998 ( 2)  3.921 +-  3.587
 239 N   0.00015 0.93843 0.06142 ( 2)  1.320 +-  1.404
 240 N   0.08294 0.89471 0.02235 ( 2)  1.033 +-  0.894
 241 W   0.01055 0.95834 0.03111 ( 2)  1.155 +-  1.046
 242 S   0.02668 0.95797 0.01535 ( 2)  1.044 +-  0.677
 243 P   0.02341 0.96477 0.01182 ( 2)  1.029 +-  0.576
 244 T   0.00000 0.96367 0.03632 ( 2)  1.172 +-  1.027
 245 N   0.00436 0.98347 0.01217 ( 2)  1.049 +-  0.573
 246 I   0.60890 0.39006 0.00104 ( 1)  0.425 +-  0.493
 247 G   0.02278 0.95982 0.01740 ( 2)  1.070 +-  0.799
 248 N   0.00011 0.97737 0.02252 ( 2)  1.107 +-  0.819
 249 F   0.00119 0.93537 0.06344 ( 2)  1.368 +-  1.559
 250 S   0.00001 0.98726 0.01273 ( 2)  1.045 +-  0.498
 251 F   0.15757 0.84149 0.00094 ( 2)  0.852 +-  0.353
 252 G   0.99477 0.00523 0.00000 ( 1)  0.055 +-  0.069
 253 W   0.99909 0.00091 0.00000 ( 1)  0.051 +-  0.029
 254 T   0.99930 0.00070 0.00000 ( 1)  0.051 +-  0.025
 255 H   0.99998 0.00002 0.00000 ( 1)  0.050 +-  0.004
 256 I   0.98828 0.01171 0.00001 ( 1)  0.061 +-  0.103
 257 S   0.99985 0.00015 0.00000 ( 1)  0.050 +-  0.012

Positively selected sites

	Prob(w>1)  mean w

   199 N      0.898         6.825 +- 2.925

