Supplemental results for CODEML (seqf: algn  treef: tree)


dN/dS (w) for site classes (K=3)

p:   0.14238  0.65164  0.20598
w:   0.00000  0.15779  1.17829

Naive Empirical Bayes (NEB) probabilities for 3 classes & postmean_w & P(w>1)
(amino acids refer to 1st sequence: BT_Cry32Ma1)

   1 -   0.14238 0.65164 0.20598 ( 2)  0.346  0.206
   2 -   0.14238 0.65164 0.20598 ( 2)  0.346  0.206
   3 G   0.60470 0.39226 0.00304 ( 1)  0.065  0.003
   4 V   0.57904 0.41555 0.00541 ( 1)  0.072  0.005
   5 Q   0.00000 0.96527 0.03473 ( 2)  0.193  0.035
   6 V   0.00000 0.89614 0.10386 ( 2)  0.264  0.104
   7 E   0.00001 0.91156 0.08843 ( 2)  0.248  0.088
   8 L   0.52932 0.46718 0.00350 ( 1)  0.078  0.004
   9 S   0.49975 0.49485 0.00540 ( 1)  0.084  0.005
  10 R   0.55950 0.43853 0.00196 ( 1)  0.072  0.002
  11 E   0.69431 0.30450 0.00119 ( 1)  0.049  0.001
  12 V   0.61395 0.38359 0.00245 ( 1)  0.063  0.002
  13 Y   0.68616 0.31275 0.00109 ( 1)  0.051  0.001
  14 S   0.00000 0.84448 0.15552 ( 2)  0.316  0.156
  15 T   0.58087 0.41328 0.00585 ( 1)  0.072  0.006
  16 V   0.00001 0.98301 0.01698 ( 2)  0.175  0.017
  17 Y   0.63539 0.36352 0.00109 ( 1)  0.059  0.001
  18 G   0.61130 0.38580 0.00289 ( 1)  0.064  0.003
  19 R   0.62053 0.37813 0.00133 ( 1)  0.061  0.001
  20 G   0.00000 0.93002 0.06998 ( 2)  0.229  0.070
  21 G   0.00001 0.89189 0.10811 ( 2)  0.268  0.108
  22 S   0.00000 0.03382 0.96618 ( 3)  1.144  0.966
  23 N   0.00000 0.65686 0.34314 ( 2)  0.508  0.343
  24 N   0.00001 0.99094 0.00905 ( 2)  0.167  0.009
  25 -   0.14380 0.65512 0.20107 ( 2)  0.340  0.201
  26 -   0.14472 0.65738 0.19790 ( 2)  0.337  0.198
  27 -   0.14472 0.65738 0.19790 ( 2)  0.337  0.198
  28 -   0.14678 0.66228 0.19094 ( 2)  0.329  0.191
  29 -   0.14352 0.65446 0.20203 ( 2)  0.341  0.202
  30 S   0.00000 0.84069 0.15931 ( 2)  0.320  0.159
  31 S   0.00000 0.64555 0.35445 ( 2)  0.520  0.354
  32 F   0.00000 0.23371 0.76629 ( 3)  0.940  0.766
  33 D   0.00000 0.95199 0.04801 ( 2)  0.207  0.048
  34 A   0.00001 0.97078 0.02921 ( 2)  0.188  0.029
  35 I   0.00001 0.98937 0.01061 ( 2)  0.169  0.011
  36 E   0.66955 0.32926 0.00120 ( 1)  0.053  0.001
  37 S   0.00001 0.98225 0.01774 ( 2)  0.176  0.018
  38 Q   0.00000 0.15717 0.84283 ( 3)  1.018  0.843
  39 I   0.00000 0.90560 0.09440 ( 2)  0.254  0.094
  40 V   0.00001 0.97200 0.02799 ( 2)  0.186  0.028
  41 R   0.54854 0.44788 0.00358 ( 1)  0.075  0.004
  42 P   0.00000 0.84393 0.15607 ( 2)  0.317  0.156
  43 P   0.48952 0.50701 0.00347 ( 2)  0.084  0.003
  44 H   0.75162 0.24792 0.00045 ( 1)  0.040  0.000
  45 L   0.44637 0.54784 0.00579 ( 2)  0.093  0.006
  46 V   0.57286 0.42311 0.00403 ( 1)  0.072  0.004
  47 T   0.00001 0.97310 0.02689 ( 2)  0.185  0.027
  48 E   0.00000 0.94985 0.05015 ( 2)  0.209  0.050
  49 L   0.46787 0.52692 0.00521 ( 2)  0.089  0.005
  50 T   0.51931 0.46697 0.01373 ( 1)  0.090  0.014
  51 N   0.00000 0.72967 0.27033 ( 2)  0.434  0.270
  52 L   0.50242 0.49420 0.00338 ( 1)  0.082  0.003
  53 K   0.00000 0.82704 0.17296 ( 2)  0.334  0.173
  54 I   0.00001 0.95025 0.04974 ( 2)  0.209  0.050
  55 E   0.00000 0.90307 0.09693 ( 2)  0.257  0.097
  56 Q   0.00001 0.97296 0.02704 ( 2)  0.185  0.027
  57 G   0.00000 0.78632 0.21368 ( 2)  0.376  0.214
  58 A   0.00000 0.68870 0.31130 ( 2)  0.475  0.311
  59 T   0.00000 0.25829 0.74171 ( 3)  0.915  0.742
  60 L   0.00000 0.34089 0.65911 ( 3)  0.830  0.659
  61 D   0.00000 0.85443 0.14557 ( 2)  0.306  0.146
  62 M   0.00000 0.22009 0.77991 ( 3)  0.954  0.780
  63 E   0.00000 0.94727 0.05273 ( 2)  0.212  0.053
  64 Q   0.00000 0.16833 0.83167 ( 3)  1.007  0.832
  65 I   0.00000 0.70567 0.29433 ( 2)  0.458  0.294
  66 Q   0.00000 0.66482 0.33518 ( 2)  0.500  0.335
  67 Y   0.00000 0.10026 0.89974 ( 3)  1.076  0.900
  68 -   0.14398 0.65559 0.20043 ( 2)  0.340  0.200
  69 P   0.00000 0.70913 0.29087 ( 2)  0.455  0.291
  70 K   0.00000 0.27195 0.72805 ( 3)  0.901  0.728
  71 Y   0.00001 0.96717 0.03282 ( 2)  0.191  0.033
  72 M   0.00000 0.12098 0.87902 ( 3)  1.055  0.879
  73 K   0.00000 0.93258 0.06742 ( 2)  0.227  0.067
  74 V   0.00001 0.90805 0.09194 ( 2)  0.252  0.092
  75 T   0.00001 0.97147 0.02852 ( 2)  0.187  0.029
  76 N   0.78998 0.20921 0.00080 ( 1)  0.034  0.001
  77 T   0.53838 0.45250 0.00912 ( 1)  0.082  0.009
  78 L   0.62043 0.37838 0.00120 ( 1)  0.061  0.001
  79 H   0.00000 0.87842 0.12158 ( 2)  0.282  0.122
  80 Y   0.00000 0.66395 0.33605 ( 2)  0.501  0.336
  81 V   0.00001 0.94430 0.05569 ( 2)  0.215  0.056
  82 G   0.57814 0.41755 0.00430 ( 1)  0.071  0.004
  83 S   0.00000 0.96580 0.03420 ( 2)  0.193  0.034
  84 S   0.00001 0.97617 0.02382 ( 2)  0.182  0.024
  85 S   0.00000 0.02984 0.97016 ( 3)  1.148  0.970
  86 T   0.59913 0.39743 0.00344 ( 1)  0.067  0.003
  87 W   0.00000 0.89725 0.10275 ( 2)  0.263  0.103
  88 E   0.61487 0.38224 0.00289 ( 1)  0.064  0.003
  89 Q   0.00000 0.96687 0.03313 ( 2)  0.192  0.033
  90 S   0.00001 0.98146 0.01853 ( 2)  0.177  0.019
  91 S   0.00001 0.96742 0.03257 ( 2)  0.191  0.033
  92 S   0.00001 0.97930 0.02069 ( 2)  0.179  0.021
  93 A   0.00000 0.79985 0.20015 ( 2)  0.362  0.200
  94 I   0.00001 0.95843 0.04156 ( 2)  0.200  0.042
  95 P   0.00000 0.51248 0.48752 ( 2)  0.655  0.488
  96 I   0.00001 0.97528 0.02471 ( 2)  0.183  0.025
  97 R   0.00000 0.87954 0.12046 ( 2)  0.281  0.120
  98 P   0.00000 0.81480 0.18520 ( 2)  0.347  0.185
  99 I   0.00000 0.74593 0.25407 ( 2)  0.417  0.254
 100 T   0.00000 0.77466 0.22534 ( 2)  0.388  0.225
 101 Q   0.00000 0.10849 0.89151 ( 3)  1.068  0.892
 102 I   0.00001 0.95263 0.04737 ( 2)  0.206  0.047
 103 H   0.00000 0.98703 0.01297 ( 2)  0.171  0.013
 104 T   0.00001 0.94886 0.05112 ( 2)  0.210  0.051
 105 I   0.00001 0.80479 0.19521 ( 2)  0.357  0.195
 106 P   0.00000 0.62483 0.37517 ( 2)  0.541  0.375
 107 A   0.00001 0.97224 0.02776 ( 2)  0.186  0.028
 108 N   0.00000 0.75535 0.24465 ( 2)  0.407  0.245
 109 N   0.00000 0.96616 0.03384 ( 2)  0.192  0.034
 110 I   0.67554 0.32238 0.00208 ( 1)  0.053  0.002
 111 G   0.00000 0.98380 0.01620 ( 2)  0.174  0.016
 112 N   0.00000 0.98483 0.01517 ( 2)  0.173  0.015
 113 L   0.00001 0.98700 0.01299 ( 2)  0.171  0.013
 114 S   0.00000 0.88222 0.11778 ( 2)  0.278  0.118
 115 L   0.48565 0.51015 0.00420 ( 2)  0.085  0.004
 116 S   0.00000 0.08435 0.91565 ( 3)  1.092  0.916
 117 Q   0.00000 0.85872 0.14128 ( 2)  0.302  0.141
 118 L   0.00000 0.29376 0.70624 ( 3)  0.879  0.706
 119 D   0.00000 0.32651 0.67349 ( 3)  0.845  0.673
 120 V   0.00001 0.87331 0.12669 ( 2)  0.287  0.127
 121 P   0.58054 0.41839 0.00108 ( 1)  0.067  0.001
 122 Y   0.00000 0.47513 0.52487 ( 3)  0.693  0.525
 123 R   0.00000 0.47947 0.52053 ( 3)  0.689  0.521
 124 F   0.00001 0.99513 0.00485 ( 2)  0.163  0.005
 125 S   0.00001 0.98455 0.01544 ( 2)  0.174  0.015
 126 F   0.52016 0.47621 0.00363 ( 1)  0.079  0.004
 127 Y   0.00000 0.96718 0.03282 ( 2)  0.191  0.033
 128 N   0.00001 0.97923 0.02076 ( 2)  0.179  0.021
 129 K   0.00000 0.30628 0.69372 ( 3)  0.866  0.694
 130 D   0.00000 0.93503 0.06497 ( 2)  0.224  0.065
 131 D   0.00000 0.27423 0.72577 ( 3)  0.898  0.726
 132 A   0.00000 0.23853 0.76147 ( 3)  0.935  0.761
 133 L   0.00000 0.13902 0.86098 ( 3)  1.036  0.861
 134 I   0.00000 0.85617 0.14383 ( 2)  0.305  0.144
 135 A   0.00000 0.85379 0.14621 ( 2)  0.307  0.146
 136 A   0.00000 0.40780 0.59220 ( 3)  0.762  0.592
 137 V   0.29562 0.69262 0.01176 ( 2)  0.123  0.012
 138 G   0.22763 0.73459 0.03778 ( 2)  0.160  0.038
 139 A   0.00000 0.06386 0.93614 ( 3)  1.113  0.936
 140 E   0.16808 0.70295 0.12897 ( 2)  0.263  0.129
 141 F   0.00000 0.33732 0.66268 ( 3)  0.834  0.663
 142 P   0.16543 0.69949 0.13507 ( 2)  0.270  0.135
 143 P   0.16051 0.69090 0.14860 ( 2)  0.284  0.149
 144 N   0.00000 0.29971 0.70029 ( 3)  0.872  0.700
 145 T   0.00000 0.10862 0.89138 ( 3)  1.067  0.891
 146 V   0.00000 0.69140 0.30860 ( 2)  0.473  0.309
 147 T   0.00000 0.01458 0.98542 ( 3)  1.163  0.985
 148 W   0.00000 0.89556 0.10444 ( 2)  0.264  0.104
 149 N   0.00001 0.98820 0.01179 ( 2)  0.170  0.012
 150 G   0.00000 0.84247 0.15753 ( 2)  0.319  0.158
 151 I   0.00001 0.98337 0.01662 ( 2)  0.175  0.017
 152 P   0.00001 0.98720 0.01280 ( 2)  0.171  0.013
 153 K   0.00000 0.92911 0.07089 ( 2)  0.230  0.071
 154 A   0.00000 0.17602 0.82398 ( 3)  0.999  0.824
 155 E   0.00000 0.97011 0.02989 ( 2)  0.188  0.030
 156 D   0.00000 0.74579 0.25421 ( 2)  0.417  0.254
 157 S   0.00000 0.97949 0.02051 ( 2)  0.179  0.021
 158 N   0.00002 0.97008 0.02990 ( 2)  0.188  0.030
 159 Q   0.00000 0.96894 0.03106 ( 2)  0.189  0.031
 160 N   0.00000 0.95881 0.04119 ( 2)  0.200  0.041
 161 S   0.00000 0.98347 0.01653 ( 2)  0.175  0.017
 162 -   0.14488 0.65776 0.19736 ( 2)  0.336  0.197
 163 -   0.14361 0.65466 0.20173 ( 2)  0.341  0.202
 164 -   0.14308 0.65338 0.20354 ( 2)  0.343  0.204
 165 -   0.14469 0.65732 0.19799 ( 2)  0.337  0.198
 166 H   0.75133 0.24821 0.00046 ( 1)  0.040  0.000
 167 H   0.00001 0.99394 0.00605 ( 2)  0.164  0.006
 168 L   0.43491 0.55998 0.00510 ( 2)  0.094  0.005
 169 S   0.00001 0.94943 0.05056 ( 2)  0.209  0.051
 170 Y   0.68578 0.31310 0.00111 ( 1)  0.051  0.001
 171 V   0.66289 0.33520 0.00192 ( 1)  0.055  0.002
 172 G   0.00000 0.79189 0.20811 ( 2)  0.370  0.208
 173 A   0.50696 0.48185 0.01119 ( 1)  0.089  0.011
 174 L   0.00001 0.96956 0.03043 ( 2)  0.189  0.030
 175 G   0.00000 0.48353 0.51647 ( 3)  0.685  0.516
 176 T   0.00000 0.93385 0.06615 ( 2)  0.225  0.066
 177 Q   0.00000 0.95295 0.04705 ( 2)  0.206  0.047
 178 S   0.00000 0.43120 0.56880 ( 3)  0.738  0.569
 179 S   0.00001 0.90539 0.09460 ( 2)  0.254  0.095
 180 A   0.00001 0.98522 0.01477 ( 2)  0.173  0.015
 181 G   0.24944 0.72632 0.02425 ( 2)  0.143  0.024
 182 F   0.00000 0.36719 0.63281 ( 3)  0.804  0.633
 183 P   0.00000 0.01548 0.98452 ( 3)  1.162  0.985
 184 W   0.00000 0.02064 0.97936 ( 3)  1.157  0.979
 185 -   0.14238 0.65164 0.20598 ( 2)  0.346  0.206
 186 T   0.00000 0.91509 0.08491 ( 2)  0.244  0.085
 187 Y   0.68578 0.31310 0.00111 ( 1)  0.051  0.001
 188 P   0.00000 0.80787 0.19213 ( 2)  0.354  0.192
 189 T   0.00000 0.16598 0.83402 ( 3)  1.009  0.834
 190 E   0.00000 0.00179 0.99821 ( 3)  1.176  0.998
 191 L   0.00000 0.63911 0.36089 ( 2)  0.526  0.361
 192 L   0.00001 0.96387 0.03613 ( 2)  0.195  0.036
 193 G   0.57925 0.41755 0.00319 ( 1)  0.070  0.003
 194 E   0.00000 0.97296 0.02704 ( 2)  0.185  0.027
 195 W   0.38017 0.61862 0.00121 ( 2)  0.099  0.001
 196 G   0.58355 0.41359 0.00286 ( 1)  0.069  0.003
 197 F   0.00000 0.98455 0.01545 ( 2)  0.174  0.015
 198 G   0.67110 0.32753 0.00137 ( 1)  0.053  0.001
 199 W   0.38017 0.61862 0.00121 ( 2)  0.099  0.001
 200 L   0.43423 0.55987 0.00591 ( 2)  0.095  0.006
 201 H   0.68037 0.31915 0.00047 ( 1)  0.051  0.000
 202 N   0.00000 0.97007 0.02993 ( 2)  0.188  0.030
 203 -   0.14238 0.65164 0.20598 ( 2)  0.346  0.206

Positively selected sites

	Prob(w>1)  mean w

    22 S      0.966*        1.144
    32 F      0.766         0.940
    38 Q      0.843         1.018
    59 T      0.742         0.915
    60 L      0.659         0.830
    62 M      0.780         0.954
    64 Q      0.832         1.007
    67 Y      0.900         1.076
    70 K      0.728         0.901
    72 M      0.879         1.055
    85 S      0.970*        1.148
   101 Q      0.892         1.068
   116 S      0.916         1.092
   118 L      0.706         0.879
   119 D      0.673         0.845
   122 Y      0.525         0.693
   123 R      0.521         0.689
   129 K      0.694         0.866
   131 D      0.726         0.898
   132 A      0.761         0.935
   133 L      0.861         1.036
   136 A      0.592         0.762
   139 A      0.936         1.113
   141 F      0.663         0.834
   144 N      0.700         0.872
   145 T      0.891         1.067
   147 T      0.985*        1.163
   154 A      0.824         0.999
   175 G      0.516         0.685
   178 S      0.569         0.738
   182 F      0.633         0.804
   183 P      0.985*        1.162
   184 W      0.979*        1.157
   189 T      0.834         1.009
   190 E      0.998**       1.176


lnL = -2305.195202

