Supplemental results for CODEML (seqf: algn  treef: tree)


dN/dS (w) for site classes (K=3)

p:   0.60801  0.27067  0.12131
w:   0.11589  1.00000  1.00000

Naive Empirical Bayes (NEB) probabilities for 3 classes & postmean_w
(amino acids refer to 1st sequence: BT_Cry13Aa1)

   1 D   0.99898 0.00071 0.00032 ( 1)  0.117
   2 Y   0.99908 0.00063 0.00028 ( 1)  0.117
   3 S   0.00202 0.68912 0.30886 ( 2)  0.998
   4 S   0.06280 0.64715 0.29005 ( 2)  0.944
   5 Q   0.99635 0.00252 0.00113 ( 1)  0.119
   6 I   0.97464 0.01751 0.00785 ( 1)  0.138
   7 K   0.00881 0.68443 0.30676 ( 2)  0.992
   8 L   0.46585 0.36884 0.16531 ( 1)  0.588
   9 E   0.99984 0.00011 0.00005 ( 1)  0.116
  10 K   0.96447 0.02453 0.01099 ( 1)  0.147
  11 T   0.99909 0.00063 0.00028 ( 1)  0.117
  12 R   0.99247 0.00520 0.00233 ( 1)  0.123
  13 V   0.99616 0.00265 0.00119 ( 1)  0.119
  14 I   0.95421 0.03162 0.01417 ( 1)  0.156
  15 F   0.99989 0.00008 0.00003 ( 1)  0.116
  16 S   0.99675 0.00225 0.00101 ( 1)  0.119
  17 D   0.99963 0.00026 0.00012 ( 1)  0.116
  18 M   0.97225 0.01916 0.00859 ( 1)  0.140
  19 V   0.98850 0.00794 0.00356 ( 1)  0.126
  20 G   0.99177 0.00568 0.00255 ( 1)  0.123
  21 Q   0.99724 0.00190 0.00085 ( 1)  0.118
  22 S   0.95137 0.03358 0.01505 ( 1)  0.159
  23 E   0.99715 0.00197 0.00088 ( 1)  0.118
  24 S   0.36426 0.43899 0.19675 ( 2)  0.678
  25 R   0.05336 0.65367 0.29297 ( 2)  0.953
  26 D   0.99490 0.00352 0.00158 ( 1)  0.120
  27 G   0.36432 0.43895 0.19673 ( 2)  0.678
  28 S   0.03733 0.66474 0.29793 ( 2)  0.967
  29 V   0.99002 0.00689 0.00309 ( 1)  0.125
  30 T   0.96046 0.02730 0.01224 ( 1)  0.151
  31 I   0.99783 0.00150 0.00067 ( 1)  0.118
  32 K   0.44228 0.38511 0.17260 ( 1)  0.609
  33 N   0.99991 0.00006 0.00003 ( 1)  0.116
  34 I   0.98376 0.01121 0.00503 ( 1)  0.130
  35 F   0.07365 0.63966 0.28669 ( 2)  0.935
  36 D   0.99975 0.00018 0.00008 ( 1)  0.116
  37 N   0.04915 0.65657 0.29427 ( 2)  0.957
  38 -   0.68151 0.21992 0.09857 ( 1)  0.397
  39 -   0.00269 0.68866 0.30865 ( 2)  0.998
  40 -   0.30284 0.48140 0.21576 ( 2)  0.732
  41 -   0.13355 0.59830 0.26815 ( 2)  0.882
  42 T   0.12046 0.60734 0.27220 ( 2)  0.894
  43 D   0.00202 0.68912 0.30886 ( 2)  0.998
  44 S   0.00677 0.68584 0.30739 ( 2)  0.994
  45 H   0.99471 0.00366 0.00164 ( 1)  0.121
  46 Q   0.98139 0.01285 0.00576 ( 1)  0.132
  47 H   0.99998 0.00002 0.00001 ( 1)  0.116
  48 G   0.00005 0.69048 0.30947 ( 2)  1.000
  49 S   0.00221 0.68899 0.30880 ( 2)  0.998
  50 I   0.99972 0.00019 0.00009 ( 1)  0.116
  51 -   0.81092 0.13056 0.05852 ( 1)  0.283
  52 -   0.88200 0.08148 0.03652 ( 1)  0.220
  53 -   0.88200 0.08148 0.03652 ( 1)  0.220
  54 G   0.98881 0.00773 0.00346 ( 1)  0.126
  55 L   0.62677 0.25772 0.11551 ( 1)  0.446
  56 N   0.99978 0.00015 0.00007 ( 1)  0.116
  57 S   0.94238 0.03979 0.01783 ( 1)  0.167
  58 I   0.98701 0.00897 0.00402 ( 1)  0.127
  59 S   0.99881 0.00082 0.00037 ( 1)  0.117
  60 Y   0.99990 0.00007 0.00003 ( 1)  0.116
  61 F   0.13376 0.59815 0.26809 ( 2)  0.882
  62 P   0.22500 0.53515 0.23985 ( 2)  0.801
  63 D   0.93558 0.04448 0.01994 ( 1)  0.173
  64 E   0.99970 0.00021 0.00009 ( 1)  0.116
  65 L   0.98821 0.00814 0.00365 ( 1)  0.126
  66 Q   0.05551 0.65219 0.29231 ( 2)  0.951
  67 K   0.34563 0.45185 0.20252 ( 2)  0.694
  68 A   0.13776 0.59539 0.26685 ( 2)  0.878
  69 Q   0.99430 0.00393 0.00176 ( 1)  0.121
  70 L   0.57400 0.29416 0.13184 ( 1)  0.493
  71 R   0.00007 0.69047 0.30946 ( 2)  1.000
  72 M   0.74302 0.17745 0.07953 ( 1)  0.343
  73 Y   0.99956 0.00031 0.00014 ( 1)  0.116
  74 D   0.97347 0.01832 0.00821 ( 1)  0.139
  75 Y   0.50756 0.34004 0.15240 ( 1)  0.551
  76 N   0.00010 0.69045 0.30945 ( 2)  1.000
  77 H   0.56725 0.29882 0.13393 ( 1)  0.498
  78 K   0.02610 0.67249 0.30140 ( 2)  0.977
  79 P   0.00403 0.68773 0.30824 ( 2)  0.996
  80 Y   0.01321 0.68140 0.30540 ( 2)  0.988
  81 C   0.36105 0.44121 0.19774 ( 2)  0.681
  82 T   0.86948 0.09013 0.04039 ( 1)  0.231
  83 D   0.60801 0.27067 0.12131 ( 1)  0.462
  84 C   0.60801 0.27067 0.12131 ( 1)  0.462
  85 F   0.60801 0.27067 0.12131 ( 1)  0.462
  86 C   0.78215 0.15043 0.06742 ( 1)  0.308
  87 W   0.97542 0.01697 0.00761 ( 1)  0.138
  88 P   0.75642 0.16820 0.07538 ( 1)  0.331
  89 Y   0.99979 0.00015 0.00007 ( 1)  0.116
  90 G   0.48993 0.35221 0.15786 ( 1)  0.567
  91 V   0.82387 0.12162 0.05451 ( 1)  0.272
  92 I   0.99921 0.00055 0.00025 ( 1)  0.117
  93 L   0.00334 0.68821 0.30845 ( 2)  0.997
  94 N   0.99890 0.00076 0.00034 ( 1)  0.117
  95 Y   0.99990 0.00007 0.00003 ( 1)  0.116
  96 N   0.00145 0.68952 0.30904 ( 2)  0.999
  97 K   0.27568 0.50015 0.22416 ( 2)  0.756
  98 N   0.01857 0.67770 0.30374 ( 2)  0.984
  99 T   0.00095 0.68986 0.30919 ( 2)  0.999
 100 F   0.99658 0.00236 0.00106 ( 1)  0.119
 101 R   0.02396 0.67397 0.30207 ( 2)  0.979
 102 Y   0.99990 0.00007 0.00003 ( 1)  0.116
 103 G   0.99907 0.00064 0.00029 ( 1)  0.117
 104 D   0.99993 0.00005 0.00002 ( 1)  0.116
 105 -   0.78934 0.14546 0.06519 ( 1)  0.302
 106 N   0.98477 0.01052 0.00471 ( 1)  0.129
 107 D   0.00261 0.68871 0.30867 ( 2)  0.998
 108 P   0.99894 0.00073 0.00033 ( 1)  0.117
 109 G   0.00053 0.69015 0.30932 ( 2)  1.000
 110 L   0.00045 0.69020 0.30934 ( 2)  1.000
 111 -   0.60801 0.27067 0.12131 ( 1)  0.462
 112 S   0.00009 0.69046 0.30946 ( 2)  1.000
 113 G   0.06660 0.64453 0.28887 ( 2)  0.941
 114 D   0.04693 0.65811 0.29496 ( 2)  0.959
 115 V   0.00548 0.68673 0.30779 ( 2)  0.995
 116 Q   0.02267 0.67486 0.30247 ( 2)  0.980
 117 L   0.41810 0.40181 0.18009 ( 1)  0.630
 118 P   0.00639 0.68611 0.30751 ( 2)  0.994
 119 A   0.91409 0.05932 0.02659 ( 1)  0.192
 120 P   0.98425 0.01088 0.00488 ( 1)  0.130
 121 -   0.60801 0.27067 0.12131 ( 1)  0.462
 122 -   0.60801 0.27067 0.12131 ( 1)  0.462
 123 -   0.60801 0.27067 0.12131 ( 1)  0.462
 124 M   0.88076 0.08234 0.03690 ( 1)  0.221
 125 S   0.03641 0.66537 0.29821 ( 2)  0.968
 126 V   0.00005 0.69048 0.30947 ( 2)  1.000
 127 V   0.15606 0.58275 0.26118 ( 2)  0.862
 128 N   0.99991 0.00006 0.00003 ( 1)  0.116
 129 A   0.93968 0.04165 0.01867 ( 1)  0.169
 130 Q   0.03390 0.66711 0.29899 ( 2)  0.970
 131 T   0.99951 0.00034 0.00015 ( 1)  0.116
 132 Q   0.99972 0.00019 0.00009 ( 1)  0.116
 133 T   0.60370 0.27365 0.12265 ( 1)  0.466
 134 A   0.08573 0.63132 0.28295 ( 2)  0.924
 135 Q   0.21223 0.54397 0.24380 ( 2)  0.812
 136 -   0.65533 0.23800 0.10667 ( 1)  0.421
 137 Y   0.99947 0.00036 0.00016 ( 1)  0.116
 138 T   0.59722 0.27812 0.12465 ( 1)  0.472
 139 D   0.99995 0.00003 0.00002 ( 1)  0.116
 140 G   0.75852 0.16674 0.07473 ( 1)  0.329
 141 E   0.99965 0.00024 0.00011 ( 1)  0.116
 142 N   0.06538 0.64537 0.28925 ( 2)  0.942
 143 I   0.05860 0.65005 0.29135 ( 2)  0.948
 144 W   0.00024 0.69035 0.30941 ( 2)  1.000
 145 T   0.12444 0.60459 0.27097 ( 2)  0.890
 146 D   0.80022 0.13795 0.06183 ( 1)  0.293
 147 T   0.01395 0.68089 0.30517 ( 2)  0.988
 148 -   0.02564 0.67281 0.30155 ( 2)  0.977
 149 -   0.63406 0.25269 0.11325 ( 1)  0.439
 150 -   0.60801 0.27067 0.12131 ( 1)  0.462
 151 -   0.60801 0.27067 0.12131 ( 1)  0.462
 152 -   0.60801 0.27067 0.12131 ( 1)  0.462
 153 G   0.05667 0.65139 0.29194 ( 2)  0.950
 154 R   0.00685 0.68579 0.30736 ( 2)  0.994
 155 S   0.01684 0.67889 0.30427 ( 2)  0.985
 156 W   0.00007 0.69047 0.30946 ( 2)  1.000
 157 L   0.01202 0.68221 0.30576 ( 2)  0.989
 158 C   0.97632 0.01635 0.00733 ( 1)  0.137
 159 T   0.14603 0.58968 0.26429 ( 2)  0.871
 160 L   0.99022 0.00676 0.00303 ( 1)  0.125
 161 R   0.86762 0.09141 0.04097 ( 1)  0.233
 162 G   0.99821 0.00123 0.00055 ( 1)  0.117
 163 Y   0.88831 0.07712 0.03457 ( 1)  0.215
 164 C   0.99995 0.00003 0.00002 ( 1)  0.116
 165 T   0.99730 0.00187 0.00084 ( 1)  0.118
 166 T   0.06971 0.64238 0.28791 ( 2)  0.938
 167 N   0.37357 0.43256 0.19387 ( 2)  0.670
 168 C   0.46451 0.36976 0.16572 ( 1)  0.589
 169 F   0.57717 0.29197 0.13086 ( 1)  0.490
 170 P   0.67729 0.22284 0.09987 ( 1)  0.401
 171 -   0.79679 0.14032 0.06289 ( 1)  0.296
 172 -   0.32536 0.46585 0.20879 ( 2)  0.712
 173 -   0.26777 0.50561 0.22661 ( 2)  0.763
 174 G   0.82422 0.12138 0.05440 ( 1)  0.271
 175 R   0.00853 0.68463 0.30684 ( 2)  0.992
 176 G   0.65931 0.23525 0.10544 ( 1)  0.417
 177 C   0.14401 0.59108 0.26492 ( 2)  0.873
 178 Y   0.03809 0.66422 0.29770 ( 2)  0.966
 179 N   0.00096 0.68985 0.30919 ( 2)  0.999
 180 N   0.85547 0.09980 0.04473 ( 1)  0.244
 181 S   0.06222 0.64756 0.29023 ( 2)  0.945
 182 T   0.27112 0.50331 0.22558 ( 2)  0.760
 183 G   0.24077 0.52426 0.23497 ( 2)  0.787
 184 Y   0.97355 0.01827 0.00819 ( 1)  0.139
 185 G   0.97921 0.01436 0.00643 ( 1)  0.134
 186 E   0.01609 0.67940 0.30450 ( 2)  0.986
 187 S   0.99982 0.00013 0.00006 ( 1)  0.116
 188 C   0.99781 0.00152 0.00068 ( 1)  0.118
 189 N   0.99990 0.00007 0.00003 ( 1)  0.116
 190 Q   0.00336 0.68820 0.30844 ( 2)  0.997
 191 S   0.22037 0.53835 0.24128 ( 2)  0.805
 192 L   0.97984 0.01392 0.00624 ( 1)  0.134
 193 P   0.96676 0.02295 0.01029 ( 1)  0.145
 194 G   0.76559 0.16186 0.07255 ( 1)  0.323
 195 Q   0.99972 0.00019 0.00009 ( 1)  0.116
 196 K   0.99984 0.00011 0.00005 ( 1)  0.116
 197 I   0.99983 0.00012 0.00005 ( 1)  0.116
 198 H   0.99768 0.00161 0.00072 ( 1)  0.118
 199 A   0.99989 0.00007 0.00003 ( 1)  0.116
 200 L   0.91124 0.06129 0.02747 ( 1)  0.194
 201 Y   0.99990 0.00007 0.00003 ( 1)  0.116
 202 P   0.98922 0.00745 0.00334 ( 1)  0.125
 203 F   0.99923 0.00053 0.00024 ( 1)  0.117
 204 T   0.96889 0.02148 0.00963 ( 1)  0.143
 205 Q   0.86124 0.09581 0.04294 ( 1)  0.239
 206 T   0.43888 0.38746 0.17366 ( 1)  0.612
 207 -   0.98490 0.01042 0.00467 ( 1)  0.129
 208 N   0.58920 0.28366 0.12713 ( 1)  0.479
 209 V   0.07324 0.63994 0.28682 ( 2)  0.935
 210 L   0.00753 0.68531 0.30715 ( 2)  0.993
 211 G   0.99958 0.00029 0.00013 ( 1)  0.116
 212 Q   0.07787 0.63674 0.28538 ( 2)  0.931
 213 S   0.00044 0.69021 0.30935 ( 2)  1.000
 214 G   0.98871 0.00780 0.00350 ( 1)  0.126
 215 K   0.99990 0.00007 0.00003 ( 1)  0.116
 216 L   0.96489 0.02424 0.01087 ( 1)  0.147
 217 G   0.99941 0.00041 0.00018 ( 1)  0.116
 218 L   0.56191 0.30251 0.13558 ( 1)  0.503
 219 L   0.94500 0.03798 0.01702 ( 1)  0.165
 220 A   0.91386 0.05948 0.02666 ( 1)  0.192
 221 S   0.18859 0.56029 0.25112 ( 2)  0.833
 222 H   0.98958 0.00719 0.00322 ( 1)  0.125
 223 I   0.99919 0.00056 0.00025 ( 1)  0.117
 224 P   0.98966 0.00714 0.00320 ( 1)  0.125
 225 Y   0.90690 0.06429 0.02881 ( 1)  0.198
 226 D   0.99875 0.00086 0.00039 ( 1)  0.117
 227 L   0.99600 0.00276 0.00124 ( 1)  0.119
 228 S   0.91974 0.05542 0.02484 ( 1)  0.187
 229 P   0.99551 0.00310 0.00139 ( 1)  0.120
 230 N   0.99823 0.00122 0.00055 ( 1)  0.117
 231 N   0.99956 0.00031 0.00014 ( 1)  0.116
 232 T   0.00285 0.68855 0.30860 ( 2)  0.997
 233 I   0.97160 0.01961 0.00879 ( 1)  0.141
 234 G   0.99968 0.00022 0.00010 ( 1)  0.116
 235 D   0.68167 0.21981 0.09852 ( 1)  0.397
 236 K   0.03998 0.66291 0.29711 ( 2)  0.965
 237 D   0.99965 0.00024 0.00011 ( 1)  0.116
 238 T   0.33404 0.45986 0.20610 ( 2)  0.705
 239 D   0.90202 0.06766 0.03032 ( 1)  0.203
 240 S   0.98398 0.01106 0.00496 ( 1)  0.130
 241 T   0.00033 0.69029 0.30938 ( 2)  1.000
 242 N   0.89388 0.07328 0.03284 ( 1)  0.210
 243 -   0.60047 0.27588 0.12365 ( 1)  0.469

Positively selected sites

	Prob(w>1)  mean w



lnL = -4116.019682

Bayes Empirical Bayes (BEB) probabilities for 3 classes (class) & postmean_w
(amino acids refer to 1st sequence: BT_Cry13Aa1)

   1 D   0.99888 0.00111 0.00001 ( 1)  0.151 +-  0.029
   2 Y   0.99896 0.00103 0.00001 ( 1)  0.151 +-  0.028
   3 S   0.00327 0.44962 0.54710 ( 3)  4.016 +-  3.500
   4 S   0.12210 0.64527 0.23263 ( 2)  2.245 +-  2.901
   5 Q   0.99648 0.00351 0.00001 ( 1)  0.153 +-  0.050
   6 I   0.98024 0.01963 0.00013 ( 1)  0.167 +-  0.119
   7 K   0.02875 0.89010 0.08116 ( 2)  1.179 +-  0.996
   8 L   0.61206 0.38053 0.00741 ( 1)  0.485 +-  0.432
   9 E   0.99981 0.00019 0.00000 ( 1)  0.150 +-  0.012
  10 K   0.97711 0.02278 0.00011 ( 1)  0.170 +-  0.128
  11 T   0.99902 0.00097 0.00000 ( 1)  0.151 +-  0.027
  12 R   0.99301 0.00696 0.00002 ( 1)  0.156 +-  0.071
  13 V   0.99618 0.00380 0.00002 ( 1)  0.153 +-  0.053
  14 I   0.96905 0.03069 0.00026 ( 1)  0.176 +-  0.149
  15 F   0.99987 0.00013 0.00000 ( 1)  0.150 +-  0.010
  16 S   0.99682 0.00317 0.00001 ( 1)  0.153 +-  0.048
  17 D   0.99960 0.00040 0.00000 ( 1)  0.150 +-  0.017
  18 M   0.97927 0.02065 0.00008 ( 1)  0.168 +-  0.122
  19 V   0.99091 0.00906 0.00003 ( 1)  0.158 +-  0.081
  20 G   0.99226 0.00771 0.00004 ( 1)  0.157 +-  0.075
  21 Q   0.99760 0.00239 0.00001 ( 1)  0.152 +-  0.042
  22 S   0.97052 0.02918 0.00030 ( 1)  0.175 +-  0.146
  23 E   0.99757 0.00242 0.00001 ( 1)  0.152 +-  0.042
  24 S   0.53496 0.45333 0.01171 ( 1)  0.555 +-  0.454
  25 R   0.13876 0.84349 0.01775 ( 2)  0.894 +-  0.323
  26 D   0.99594 0.00403 0.00003 ( 1)  0.153 +-  0.055
  27 G   0.56701 0.42763 0.00536 ( 1)  0.521 +-  0.430
  28 S   0.10864 0.85782 0.03354 ( 2)  0.958 +-  0.526
  29 V   0.99186 0.00808 0.00006 ( 1)  0.157 +-  0.078
  30 T   0.97292 0.02670 0.00039 ( 1)  0.173 +-  0.145
  31 I   0.99808 0.00191 0.00001 ( 1)  0.152 +-  0.037
  32 K   0.62411 0.37063 0.00527 ( 1)  0.473 +-  0.421
  33 N   0.99987 0.00013 0.00000 ( 1)  0.150 +-  0.010
  34 I   0.98925 0.01073 0.00003 ( 1)  0.159 +-  0.088
  35 F   0.17858 0.80173 0.01969 ( 2)  0.862 +-  0.359
  36 D   0.99971 0.00029 0.00000 ( 1)  0.150 +-  0.015
  37 N   0.14041 0.84210 0.01749 ( 2)  0.893 +-  0.324
  38 -   0.72223 0.26205 0.01572 ( 1)  0.420 +-  0.593
  39 -   0.00734 0.80829 0.18436 ( 2)  1.639 +-  1.845
  40 -   0.43253 0.53136 0.03611 ( 2)  0.718 +-  0.809
  41 -   0.22776 0.72861 0.04362 ( 2)  0.900 +-  0.788
  42 T   0.24257 0.72218 0.03525 ( 2)  0.856 +-  0.646
  43 D   0.00572 0.79768 0.19660 ( 2)  1.580 +-  1.627
  44 S   0.02447 0.94988 0.02565 ( 2)  0.996 +-  0.183
  45 H   0.99582 0.00414 0.00003 ( 1)  0.154 +-  0.055
  46 Q   0.98599 0.01394 0.00007 ( 1)  0.162 +-  0.100
  47 H   0.99997 0.00003 0.00000 ( 1)  0.150 +-  0.005
  48 G   0.00029 0.92525 0.07446 ( 2)  1.088 +-  0.464
  49 S   0.00797 0.90423 0.08780 ( 2)  1.280 +-  1.318
  50 I   0.99969 0.00031 0.00000 ( 1)  0.150 +-  0.015
  51 -   0.83938 0.15654 0.00408 ( 1)  0.290 +-  0.333
  52 -   0.89841 0.09902 0.00257 ( 1)  0.240 +-  0.296
  53 -   0.89841 0.09902 0.00257 ( 1)  0.240 +-  0.296
  54 G   0.99159 0.00833 0.00008 ( 1)  0.157 +-  0.079
  55 L   0.77264 0.22495 0.00241 ( 1)  0.345 +-  0.362
  56 N   0.99972 0.00027 0.00000 ( 1)  0.150 +-  0.014
  57 S   0.95713 0.04257 0.00030 ( 1)  0.187 +-  0.173
  58 I   0.98952 0.01042 0.00005 ( 1)  0.159 +-  0.087
  59 S   0.99893 0.00106 0.00000 ( 1)  0.151 +-  0.028
  60 Y   0.99987 0.00012 0.00000 ( 1)  0.150 +-  0.010
  61 F   0.28768 0.69261 0.01971 ( 2)  0.780 +-  0.494
  62 P   0.42482 0.55469 0.02048 ( 2)  0.681 +-  0.637
  63 D   0.95932 0.04012 0.00055 ( 1)  0.185 +-  0.172
  64 E   0.99966 0.00034 0.00000 ( 1)  0.150 +-  0.016
  65 L   0.98912 0.01082 0.00006 ( 1)  0.159 +-  0.089
  66 Q   0.13928 0.84037 0.02036 ( 2)  0.898 +-  0.340
  67 K   0.56779 0.42540 0.00681 ( 1)  0.523 +-  0.442
  68 A   0.28802 0.67298 0.03900 ( 2)  0.834 +-  0.713
  69 Q   0.99536 0.00463 0.00002 ( 1)  0.154 +-  0.058
  70 L   0.70109 0.29396 0.00495 ( 1)  0.408 +-  0.404
  71 R   0.00023 0.60946 0.39030 ( 2)  2.428 +-  2.453
  72 M   0.85185 0.14667 0.00148 ( 1)  0.277 +-  0.307
  73 Y   0.99957 0.00043 0.00000 ( 1)  0.150 +-  0.018
  74 D   0.98054 0.01920 0.00026 ( 1)  0.167 +-  0.121
  75 Y   0.71873 0.27814 0.00314 ( 1)  0.392 +-  0.392
  76 N   0.00039 0.65807 0.34154 ( 2)  2.368 +-  2.543
  77 H   0.72155 0.27437 0.00408 ( 1)  0.390 +-  0.392
  78 K   0.07398 0.87320 0.05283 ( 2)  1.073 +-  0.877
  79 P   0.01549 0.93325 0.05126 ( 2)  1.056 +-  0.476
  80 Y   0.04449 0.92969 0.02583 ( 2)  0.981 +-  0.242
  81 C   0.55682 0.43360 0.00958 ( 1)  0.536 +-  0.455
  82 T   0.91090 0.08758 0.00151 ( 1)  0.227 +-  0.252
  83 D   0.64279 0.31721 0.04000 ( 1)  0.605 +-  1.122
  84 C   0.64279 0.31721 0.04000 ( 1)  0.605 +-  1.122
  85 F   0.64279 0.31721 0.04000 ( 1)  0.605 +-  1.122
  86 C   0.87823 0.12078 0.00099 ( 1)  0.254 +-  0.283
  87 W   0.98309 0.01678 0.00012 ( 1)  0.164 +-  0.111
  88 P   0.84571 0.15298 0.00131 ( 1)  0.282 +-  0.310
  89 Y   0.99975 0.00025 0.00000 ( 1)  0.150 +-  0.014
  90 G   0.67114 0.32443 0.00443 ( 1)  0.433 +-  0.411
  91 V   0.89944 0.09966 0.00089 ( 1)  0.236 +-  0.258
  92 I   0.99923 0.00077 0.00001 ( 1)  0.151 +-  0.024
  93 L   0.01266 0.95247 0.03487 ( 2)  1.021 +-  0.276
  94 N   0.99885 0.00114 0.00001 ( 1)  0.151 +-  0.029
  95 Y   0.99987 0.00012 0.00000 ( 1)  0.150 +-  0.010
  96 N   0.00596 0.93847 0.05557 ( 2)  1.067 +-  0.449
  97 K   0.48499 0.50402 0.01099 ( 2)  0.600 +-  0.473
  98 N   0.05929 0.90185 0.03885 ( 2)  1.003 +-  0.483
  99 T   0.00419 0.92502 0.07080 ( 2)  1.112 +-  0.644
 100 F   0.99696 0.00302 0.00002 ( 1)  0.153 +-  0.047
 101 R   0.06928 0.91026 0.02046 ( 2)  0.954 +-  0.245
 102 Y   0.99987 0.00012 0.00000 ( 1)  0.150 +-  0.010
 103 G   0.99903 0.00096 0.00000 ( 1)  0.151 +-  0.026
 104 D   0.99990 0.00010 0.00000 ( 1)  0.150 +-  0.009
 105 -   0.86537 0.13306 0.00157 ( 1)  0.266 +-  0.302
 106 N   0.98741 0.01251 0.00008 ( 1)  0.161 +-  0.095
 107 D   0.00807 0.83533 0.15660 ( 2)  1.463 +-  1.525
 108 P   0.99892 0.00107 0.00000 ( 1)  0.151 +-  0.028
 109 G   0.00159 0.65544 0.34297 ( 2)  2.549 +-  2.779
 110 L   0.00119 0.52794 0.47087 ( 2)  3.481 +-  3.345
 111 -   0.64279 0.31721 0.04000 ( 1)  0.605 +-  1.122
 112 S   0.00040 0.74190 0.25770 ( 2)  1.868 +-  2.015
 113 G   0.16531 0.80741 0.02729 ( 2)  0.913 +-  0.612
 114 D   0.12230 0.84990 0.02780 ( 2)  0.922 +-  0.363
 115 V   0.02329 0.94205 0.03467 ( 2)  1.032 +-  0.467
 116 Q   0.06342 0.90138 0.03520 ( 2)  0.986 +-  0.394
 117 L   0.60390 0.38956 0.00654 ( 1)  0.493 +-  0.442
 118 P   0.02256 0.92294 0.05450 ( 2)  1.100 +-  0.766
 119 A   0.94424 0.05512 0.00064 ( 1)  0.198 +-  0.202
 120 P   0.98945 0.01049 0.00006 ( 1)  0.159 +-  0.087
 121 -   0.64279 0.31721 0.04000 ( 1)  0.605 +-  1.122
 122 -   0.64279 0.31721 0.04000 ( 1)  0.605 +-  1.122
 123 -   0.64279 0.31721 0.04000 ( 1)  0.605 +-  1.122
 124 M   0.92495 0.07459 0.00046 ( 1)  0.214 +-  0.225
 125 S   0.10534 0.87165 0.02301 ( 2)  0.928 +-  0.308
 126 V   0.00025 0.81599 0.18376 ( 2)  1.411 +-  1.209
 127 V   0.29288 0.67738 0.02974 ( 2)  0.814 +-  0.707
 128 N   0.99987 0.00013 0.00000 ( 1)  0.150 +-  0.010
 129 A   0.95475 0.04485 0.00040 ( 1)  0.189 +-  0.179
 130 Q   0.10179 0.88284 0.01537 ( 2)  0.923 +-  0.279
 131 T   0.99945 0.00055 0.00000 ( 1)  0.150 +-  0.020
 132 Q   0.99970 0.00030 0.00000 ( 1)  0.150 +-  0.015
 133 T   0.75322 0.24310 0.00368 ( 1)  0.362 +-  0.376
 134 A   0.20440 0.78037 0.01523 ( 2)  0.837 +-  0.370
 135 Q   0.40119 0.58982 0.00899 ( 2)  0.665 +-  0.432
 136 -   0.69725 0.28323 0.01953 ( 1)  0.453 +-  0.653
 137 Y   0.99941 0.00059 0.00000 ( 1)  0.151 +-  0.021
 138 T   0.75719 0.24053 0.00228 ( 1)  0.358 +-  0.369
 139 D   0.99993 0.00007 0.00000 ( 1)  0.150 +-  0.007
 140 G   0.84401 0.15453 0.00147 ( 1)  0.283 +-  0.311
 141 E   0.99960 0.00040 0.00000 ( 1)  0.150 +-  0.017
 142 N   0.15791 0.81229 0.02980 ( 2)  0.908 +-  0.518
 143 I   0.13175 0.83735 0.03090 ( 2)  0.928 +-  0.472
 144 W   0.00105 0.83029 0.16866 ( 2)  1.501 +-  1.562
 145 T   0.26120 0.72549 0.01331 ( 2)  0.791 +-  0.430
 146 D   0.88142 0.11584 0.00274 ( 1)  0.255 +-  0.310
 147 T   0.03644 0.84261 0.12096 ( 2)  1.381 +-  1.524
 148 -   0.05521 0.82426 0.12053 ( 2)  1.324 +-  1.406
 149 -   0.71810 0.27199 0.00992 ( 1)  0.411 +-  0.539
 150 -   0.64279 0.31721 0.04000 ( 1)  0.605 +-  1.122
 151 -   0.64279 0.31721 0.04000 ( 1)  0.605 +-  1.122
 152 -   0.64279 0.31721 0.04000 ( 1)  0.605 +-  1.122
 153 G   0.12497 0.83705 0.03799 ( 2)  0.955 +-  0.582
 154 R   0.02408 0.93842 0.03751 ( 2)  1.021 +-  0.362
 155 S   0.04897 0.90835 0.04268 ( 2)  1.007 +-  0.402
 156 W   0.00022 0.53627 0.46352 ( 2)  3.144 +-  3.089
 157 L   0.03788 0.89788 0.06425 ( 2)  1.089 +-  0.726
 158 C   0.98421 0.01570 0.00008 ( 1)  0.163 +-  0.107
 159 T   0.30680 0.66829 0.02491 ( 2)  0.782 +-  0.592
 160 L   0.99210 0.00785 0.00005 ( 1)  0.157 +-  0.076
 161 R   0.91440 0.08486 0.00075 ( 1)  0.223 +-  0.240
 162 G   0.99822 0.00178 0.00000 ( 1)  0.152 +-  0.036
 163 Y   0.92683 0.07247 0.00070 ( 1)  0.213 +-  0.224
 164 C   0.99994 0.00006 0.00000 ( 1)  0.150 +-  0.007
 165 T   0.99748 0.00249 0.00002 ( 1)  0.152 +-  0.043
 166 T   0.16909 0.79722 0.03369 ( 2)  0.897 +-  0.477
 167 N   0.55964 0.43319 0.00717 ( 1)  0.531 +-  0.447
 168 C   0.68024 0.31606 0.00370 ( 1)  0.424 +-  0.403
 169 F   0.66872 0.31970 0.01158 ( 1)  0.447 +-  0.477
 170 P   0.75363 0.23847 0.00790 ( 1)  0.371 +-  0.441
 171 -   0.82681 0.16813 0.00506 ( 1)  0.303 +-  0.359
 172 -   0.42764 0.54311 0.02925 ( 2)  0.685 +-  0.636
 173 -   0.35734 0.59170 0.05096 ( 2)  0.823 +-  0.931
 174 G   0.90215 0.09714 0.00071 ( 1)  0.234 +-  0.255
 175 R   0.03159 0.93974 0.02866 ( 2)  0.996 +-  0.247
 176 G   0.81627 0.18169 0.00203 ( 1)  0.307 +-  0.334
 177 C   0.30677 0.68395 0.00928 ( 2)  0.745 +-  0.401
 178 Y   0.11291 0.86221 0.02489 ( 2)  0.926 +-  0.350
 179 N   0.00425 0.93268 0.06307 ( 2)  1.087 +-  0.548
 180 N   0.91854 0.08094 0.00052 ( 1)  0.220 +-  0.234
 181 S   0.16944 0.80216 0.02839 ( 2)  0.884 +-  0.417
 182 T   0.48410 0.50691 0.00900 ( 2)  0.596 +-  0.450
 183 G   0.40585 0.57382 0.02033 ( 2)  0.699 +-  0.655
 184 Y   0.98115 0.01864 0.00021 ( 1)  0.166 +-  0.118
 185 G   0.98654 0.01342 0.00004 ( 1)  0.161 +-  0.098
 186 E   0.04907 0.87867 0.07226 ( 2)  1.114 +-  0.848
 187 S   0.99978 0.00022 0.00000 ( 1)  0.150 +-  0.013
 188 C   0.99784 0.00216 0.00000 ( 1)  0.152 +-  0.040
 189 N   0.99986 0.00014 0.00000 ( 1)  0.150 +-  0.010
 190 Q   0.01186 0.92133 0.06680 ( 2)  1.086 +-  0.555
 191 S   0.38857 0.59921 0.01222 ( 2)  0.680 +-  0.447
 192 L   0.98668 0.01327 0.00005 ( 1)  0.161 +-  0.098
 193 P   0.97481 0.02504 0.00015 ( 1)  0.171 +-  0.134
 194 G   0.87960 0.11916 0.00124 ( 1)  0.253 +-  0.282
 195 Q   0.99970 0.00030 0.00000 ( 1)  0.150 +-  0.015
 196 K   0.99980 0.00020 0.00000 ( 1)  0.150 +-  0.012
 197 I   0.99980 0.00020 0.00000 ( 1)  0.150 +-  0.012
 198 H   0.99781 0.00217 0.00001 ( 1)  0.152 +-  0.040
 199 A   0.99987 0.00013 0.00000 ( 1)  0.150 +-  0.010
 200 L   0.93482 0.06462 0.00056 ( 1)  0.206 +-  0.212
 201 Y   0.99987 0.00012 0.00000 ( 1)  0.150 +-  0.010
 202 P   0.99269 0.00728 0.00003 ( 1)  0.156 +-  0.073
 203 F   0.99920 0.00080 0.00000 ( 1)  0.151 +-  0.024
 204 T   0.97902 0.02084 0.00014 ( 1)  0.168 +-  0.123
 205 Q   0.91483 0.08477 0.00040 ( 1)  0.223 +-  0.238
 206 T   0.64261 0.34879 0.00859 ( 1)  0.464 +-  0.458
 207 -   0.98617 0.01370 0.00013 ( 1)  0.162 +-  0.102
 208 N   0.76538 0.23038 0.00424 ( 1)  0.355 +-  0.395
 209 V   0.15653 0.81688 0.02659 ( 2)  0.891 +-  0.389
 210 L   0.02334 0.91957 0.05709 ( 2)  1.059 +-  0.496
 211 G   0.99954 0.00045 0.00000 ( 1)  0.150 +-  0.018
 212 Q   0.18749 0.79266 0.01986 ( 2)  0.859 +-  0.398
 213 S   0.00205 0.91971 0.07825 ( 2)  1.126 +-  0.668
 214 G   0.99047 0.00945 0.00008 ( 1)  0.158 +-  0.083
 215 K   0.99987 0.00012 0.00000 ( 1)  0.150 +-  0.010
 216 L   0.97358 0.02626 0.00016 ( 1)  0.173 +-  0.137
 217 G   0.99937 0.00062 0.00000 ( 1)  0.151 +-  0.021
 218 L   0.69744 0.29822 0.00434 ( 1)  0.410 +-  0.399
 219 L   0.96006 0.03975 0.00019 ( 1)  0.184 +-  0.167
 220 A   0.94363 0.05583 0.00054 ( 1)  0.198 +-  0.198
 221 S   0.36881 0.61677 0.01442 ( 2)  0.698 +-  0.442
 222 H   0.99209 0.00781 0.00010 ( 1)  0.157 +-  0.077
 223 I   0.99925 0.00075 0.00000 ( 1)  0.151 +-  0.023
 224 P   0.99189 0.00808 0.00003 ( 1)  0.157 +-  0.077
 225 Y   0.93796 0.06131 0.00072 ( 1)  0.203 +-  0.209
 226 D   0.99884 0.00116 0.00000 ( 1)  0.151 +-  0.029
 227 L   0.99612 0.00386 0.00002 ( 1)  0.153 +-  0.053
 228 S   0.95348 0.04575 0.00077 ( 1)  0.191 +-  0.195
 229 P   0.99563 0.00435 0.00002 ( 1)  0.154 +-  0.056
 230 N   0.99839 0.00160 0.00001 ( 1)  0.151 +-  0.034
 231 N   0.99939 0.00059 0.00001 ( 1)  0.151 +-  0.024
 232 T   0.00886 0.80767 0.18347 ( 2)  1.843 +-  2.287
 233 I   0.98023 0.01944 0.00032 ( 1)  0.167 +-  0.127
 234 G   0.99964 0.00036 0.00000 ( 1)  0.150 +-  0.017
 235 D   0.80639 0.18965 0.00396 ( 1)  0.320 +-  0.380
 236 K   0.09726 0.82513 0.07760 ( 2)  1.123 +-  1.061
 237 D   0.99956 0.00044 0.00001 ( 1)  0.150 +-  0.019
 238 T   0.48981 0.49789 0.01230 ( 2)  0.596 +-  0.472
 239 D   0.92107 0.07328 0.00565 ( 1)  0.233 +-  0.404
 240 S   0.98649 0.01321 0.00030 ( 1)  0.162 +-  0.121
 241 T   0.00081 0.50772 0.49147 ( 2)  3.332 +-  3.165
 242 N   0.91640 0.08080 0.00280 ( 1)  0.226 +-  0.293
 243 -   0.68423 0.30114 0.01463 ( 1)  0.447 +-  0.566

Positively selected sites

	Prob(w>1)  mean w

     3 S      0.547         4.016 +- 3.500

