Supplemental results for CODEML (seqf: algn  treef: tree)


dN/dS (w) for site classes (K=8)

p:   0.12500  0.12500  0.12500  0.12500  0.12500  0.12500  0.12500  0.12500
w:   0.02068  0.08804  0.17425  0.27542  0.39103  0.52250  0.67422  0.86045

Naive Empirical Bayes (NEB) probabilities for 8 classes & postmean_w
(amino acids refer to 1st sequence: BT_Cry21Aa1)

   1 -   0.23606 0.19580 0.15675 0.12375 0.09758 0.07749 0.06225 0.05032 ( 1)  0.247
   2 -   0.00040 0.00688 0.02522 0.05833 0.10772 0.17425 0.25917 0.36804 ( 8)  0.646
   3 -   0.34582 0.24958 0.16630 0.10506 0.06370 0.03729 0.02106 0.01120 ( 1)  0.155
   4 -   0.36975 0.25839 0.16485 0.09862 0.05590 0.03011 0.01531 0.00708 ( 1)  0.140
   5 -   0.00000 0.00168 0.01849 0.06792 0.14503 0.22149 0.26930 0.27609 ( 8)  0.614
   6 L   0.00006 0.00797 0.04405 0.10219 0.16194 0.20850 0.23519 0.24008 ( 8)  0.574
   7 K   0.05685 0.29486 0.29186 0.18516 0.09736 0.04605 0.02006 0.00780 ( 2)  0.211
   8 G   0.02847 0.21623 0.29100 0.22460 0.13207 0.06642 0.02977 0.01144 ( 3)  0.248
   9 F   0.00071 0.06070 0.19764 0.25461 0.21756 0.14661 0.08297 0.03920 ( 4)  0.361
  10 P   0.22856 0.35646 0.22209 0.10792 0.04892 0.02204 0.00987 0.00414 ( 2)  0.145
  11 A   0.76793 0.18151 0.03837 0.00886 0.00235 0.00070 0.00022 0.00007 ( 1)  0.042
  12 E   0.38313 0.38590 0.15793 0.05175 0.01548 0.00437 0.00116 0.00028 ( 2)  0.093
  13 K   0.80748 0.15552 0.02896 0.00611 0.00144 0.00036 0.00009 0.00002 ( 1)  0.038
  14 G   0.00009 0.01401 0.08693 0.19250 0.24770 0.22367 0.15402 0.08109 ( 5)  0.457
  15 -   0.00011 0.01476 0.08056 0.16695 0.21713 0.21540 0.17832 0.12678 ( 5)  0.488
  16 -   0.00055 0.02182 0.07876 0.14148 0.18427 0.20107 0.19632 0.17574 ( 6)  0.515
  17 Y   0.00006 0.00980 0.05997 0.14009 0.20511 0.22671 0.20475 0.15350 ( 6)  0.519
  18 G   0.03073 0.37791 0.35495 0.16055 0.05428 0.01609 0.00441 0.00108 ( 2)  0.174
  19 D   0.00009 0.01175 0.06388 0.13805 0.19595 0.21850 0.20564 0.16614 ( 6)  0.523
  20 S   0.00018 0.02163 0.10085 0.18239 0.21609 0.20349 0.16337 0.11199 ( 5)  0.467
  21 I   0.00015 0.04088 0.18904 0.27187 0.23327 0.15055 0.07969 0.03454 ( 4)  0.365
  22 A   0.00000 0.00309 0.03643 0.11237 0.19161 0.23538 0.23200 0.18912 ( 6)  0.555
  23 Y   0.00425 0.12471 0.28272 0.27788 0.17746 0.08676 0.03486 0.01135 ( 3)  0.285
  24 V   0.00436 0.09876 0.20411 0.22345 0.18778 0.13689 0.09052 0.05412 ( 4)  0.358
  25 S   0.00017 0.02363 0.12320 0.22793 0.24817 0.19477 0.12122 0.06091 ( 5)  0.419
  26 E   0.39461 0.39521 0.14991 0.04397 0.01201 0.00324 0.00086 0.00020 ( 2)  0.088
  27 P   0.67780 0.22899 0.06609 0.01881 0.00566 0.00183 0.00062 0.00020 ( 1)  0.055
  28 -   0.25119 0.34413 0.20377 0.10492 0.05294 0.02606 0.01208 0.00490 ( 2)  0.147
  29 -   0.12500 0.12500 0.12500 0.12500 0.12500 0.12500 0.12500 0.12500 ( 3)  0.376
  30 L   0.02372 0.17095 0.25073 0.23023 0.16304 0.09534 0.04708 0.01890 ( 3)  0.284
  31 N   0.39046 0.38831 0.15242 0.04828 0.01453 0.00435 0.00129 0.00036 ( 1)  0.091
  32 G   0.72329 0.21032 0.05045 0.01181 0.00298 0.00083 0.00025 0.00007 ( 1)  0.047
  33 A   0.02019 0.16030 0.24067 0.22154 0.16279 0.10442 0.06001 0.03010 ( 3)  0.302
  34 N   0.18317 0.47847 0.22933 0.07642 0.02330 0.00687 0.00194 0.00049 ( 2)  0.121
  35 A   0.00356 0.10400 0.24307 0.25897 0.19009 0.11366 0.05948 0.02716 ( 4)  0.320
  36 V   0.00622 0.12572 0.24222 0.24099 0.17987 0.11339 0.06239 0.02920 ( 3)  0.317
  37 K   0.01012 0.21077 0.33515 0.24268 0.12317 0.05203 0.01960 0.00648 ( 3)  0.238
  38 L   0.05763 0.29766 0.28695 0.17843 0.09606 0.04907 0.02384 0.01035 ( 2)  0.215
  39 T   0.00033 0.02744 0.10286 0.17463 0.20824 0.20031 0.16566 0.12052 ( 5)  0.470
  40 S   0.00000 0.00054 0.01158 0.05835 0.14356 0.23074 0.27998 0.27524 ( 7)  0.620
  41 Y   0.00724 0.11978 0.21057 0.22102 0.18454 0.13171 0.08187 0.04327 ( 4)  0.342
  42 Q   0.00000 0.00059 0.01406 0.07281 0.17289 0.25472 0.26944 0.21549 ( 7)  0.590
  43 V   0.00006 0.01575 0.08624 0.16848 0.21179 0.20883 0.17648 0.13238 ( 5)  0.488
  44 L   0.01311 0.11474 0.19576 0.20758 0.17792 0.13570 0.09506 0.06012 ( 4)  0.358
  45 Q   0.00000 0.00000 0.00015 0.00254 0.01839 0.08012 0.25165 0.64716 ( 8)  0.776
  46 -   0.12500 0.12500 0.12500 0.12500 0.12500 0.12500 0.12500 0.12500 ( 3)  0.376
  47 -   0.32014 0.24225 0.17042 0.11362 0.07219 0.04367 0.02488 0.01282 ( 1)  0.168
  48 -   0.06370 0.18316 0.22096 0.19750 0.14843 0.09828 0.05812 0.02986 ( 3)  0.285
  49 -   0.39263 0.26670 0.16313 0.09207 0.04821 0.02330 0.01019 0.00376 ( 1)  0.127
  50 -   0.00196 0.02712 0.07608 0.13021 0.17347 0.19801 0.20291 0.19025 ( 7)  0.523
  51 -   0.27530 0.22123 0.16841 0.12343 0.08755 0.06009 0.03963 0.02436 ( 1)  0.202
  52 -   0.00177 0.02537 0.07362 0.12986 0.17672 0.20320 0.20547 0.18399 ( 7)  0.523
  53 -   0.31804 0.24239 0.17163 0.11484 0.07288 0.04371 0.02442 0.01209 ( 1)  0.168
  54 -   0.07431 0.20215 0.22914 0.19276 0.13740 0.08743 0.05064 0.02618 ( 3)  0.268
  55 M   0.00002 0.01238 0.09593 0.20406 0.24376 0.21226 0.14815 0.08345 ( 5)  0.452
  56 E   0.00000 0.00405 0.06226 0.19087 0.26700 0.23784 0.15736 0.08062 ( 5)  0.468
  57 V   0.00834 0.15004 0.25595 0.23404 0.16370 0.10027 0.05718 0.03048 ( 3)  0.304
  58 T   0.09144 0.39341 0.29857 0.13817 0.05249 0.01824 0.00595 0.00173 ( 2)  0.162
  59 N   0.12586 0.37005 0.24883 0.13181 0.06657 0.03315 0.01621 0.00751 ( 2)  0.176
  60 Q   0.00001 0.00508 0.05143 0.14877 0.23010 0.24309 0.19638 0.12515 ( 6)  0.507
  61 T   0.00542 0.11743 0.22687 0.22912 0.17852 0.12230 0.07682 0.04352 ( 4)  0.336
  62 T   0.00000 0.00130 0.01317 0.04797 0.11006 0.19201 0.27883 0.35666 ( 8)  0.654
  63 Q   0.03928 0.28299 0.32716 0.20467 0.09431 0.03623 0.01205 0.00330 ( 3)  0.206
  64 K   0.00110 0.04174 0.13811 0.20252 0.20723 0.17746 0.13655 0.09530 ( 5)  0.431
  65 Y   0.69580 0.22169 0.06049 0.01605 0.00433 0.00121 0.00034 0.00009 ( 1)  0.052
  66 R   0.00006 0.00975 0.06352 0.15027 0.21430 0.22642 0.19516 0.14052 ( 6)  0.508
  67 I   0.00032 0.03086 0.12250 0.19853 0.21580 0.18915 0.14468 0.09815 ( 5)  0.444
  68 R   0.50992 0.26723 0.12502 0.05583 0.02454 0.01077 0.00471 0.00197 ( 1)  0.091
  69 I   0.01000 0.14508 0.24359 0.22605 0.16620 0.10862 0.06520 0.03526 ( 3)  0.314
  70 R   0.68073 0.23370 0.06452 0.01601 0.00383 0.00093 0.00023 0.00005 ( 1)  0.052
  71 Y   0.30126 0.38399 0.19410 0.07705 0.02842 0.01031 0.00367 0.00120 ( 2)  0.115
  72 A   0.81100 0.15579 0.02662 0.00511 0.00113 0.00027 0.00007 0.00002 ( 1)  0.037
  73 T   0.40800 0.38047 0.14454 0.04617 0.01446 0.00455 0.00141 0.00040 ( 1)  0.089
  74 G   0.00117 0.06659 0.19340 0.24422 0.21154 0.14745 0.08879 0.04684 ( 4)  0.367
  75 G   0.00004 0.00923 0.06108 0.14376 0.21064 0.23070 0.20196 0.14259 ( 6)  0.513
  76 D   0.00000 0.00033 0.00858 0.04874 0.12953 0.22129 0.28631 0.30522 ( 8)  0.637
  77 T   0.00077 0.05538 0.17602 0.23942 0.21921 0.15903 0.09824 0.05192 ( 4)  0.381
  78 A   0.00000 0.00010 0.00340 0.02402 0.08074 0.17828 0.29972 0.41374 ( 8)  0.690
  79 A   0.00000 0.00117 0.01435 0.05552 0.12401 0.20267 0.27393 0.32835 ( 8)  0.640
  80 S   0.00000 0.00338 0.04698 0.14964 0.23354 0.24246 0.19482 0.12917 ( 6)  0.510
  81 I   0.00001 0.00351 0.02634 0.07438 0.14107 0.21015 0.26164 0.28289 ( 8)  0.610
  82 W   0.00001 0.00205 0.01820 0.06191 0.13101 0.20839 0.27265 0.30578 ( 8)  0.627
  83 F   0.00617 0.13882 0.26296 0.24637 0.17081 0.10034 0.05181 0.02273 ( 3)  0.300
  84 H   0.00000 0.00002 0.00146 0.01788 0.07998 0.19510 0.31837 0.38720 ( 8)  0.686
  85 I   0.01880 0.14236 0.20987 0.19779 0.15814 0.11946 0.08872 0.06487 ( 3)  0.344
  86 I   0.00000 0.00013 0.00316 0.02035 0.06821 0.15735 0.28873 0.46208 ( 8)  0.707
  87 -   0.00000 0.00000 0.00024 0.00316 0.01971 0.07987 0.24676 0.65027 ( 8)  0.776
  88 -   0.00210 0.04913 0.11618 0.16135 0.18332 0.18435 0.16736 0.13621 ( 6)  0.467
  89 -   0.12500 0.12500 0.12500 0.12500 0.12500 0.12500 0.12500 0.12500 ( 3)  0.376
  90 -   0.12500 0.12500 0.12500 0.12500 0.12500 0.12500 0.12500 0.12500 ( 3)  0.376
  91 -   0.12500 0.12500 0.12500 0.12500 0.12500 0.12500 0.12500 0.12500 ( 3)  0.376
  92 -   0.12500 0.12500 0.12500 0.12500 0.12500 0.12500 0.12500 0.12500 ( 3)  0.376
  93 G   0.00000 0.00009 0.00378 0.02840 0.09509 0.19863 0.30392 0.37008 ( 8)  0.673
  94 P   0.00001 0.00299 0.02898 0.08807 0.15940 0.21928 0.25242 0.24886 ( 7)  0.591
  95 S   0.00000 0.00018 0.00506 0.02988 0.08908 0.18278 0.29466 0.39836 ( 8)  0.681
  96 G   0.00000 0.00001 0.00056 0.00634 0.03260 0.10785 0.27210 0.58054 ( 8)  0.754
  97 N   0.00000 0.00005 0.00321 0.02825 0.09901 0.20423 0.30285 0.36240 ( 8)  0.670
  98 D   0.00000 0.00188 0.02554 0.08652 0.15872 0.21479 0.24839 0.26417 ( 8)  0.598
  99 L   0.00000 0.00047 0.00617 0.02955 0.08436 0.17445 0.28995 0.41503 ( 8)  0.686
 100 T   0.00000 0.00000 0.00010 0.00199 0.01554 0.07194 0.24080 0.66963 ( 8)  0.783
 101 N   0.00056 0.04704 0.16023 0.22489 0.21515 0.16760 0.11459 0.06994 ( 4)  0.403
 102 -   0.12500 0.12500 0.12500 0.12500 0.12500 0.12500 0.12500 0.12500 ( 3)  0.376
 103 -   0.12500 0.12500 0.12500 0.12500 0.12500 0.12500 0.12500 0.12500 ( 3)  0.376
 104 -   0.12500 0.12500 0.12500 0.12500 0.12500 0.12500 0.12500 0.12500 ( 3)  0.376
 105 E   0.00005 0.00633 0.03396 0.07999 0.13529 0.19302 0.24889 0.30247 ( 8)  0.610
 106 G   0.00003 0.00466 0.03066 0.08032 0.14046 0.19955 0.25124 0.29307 ( 8)  0.609
 107 H   0.00000 0.00004 0.00279 0.02853 0.10801 0.22494 0.31353 0.32216 ( 8)  0.657
 108 N   0.00000 0.00000 0.00003 0.00110 0.01168 0.06455 0.23752 0.68511 ( 8)  0.788
 109 F   0.00000 0.00038 0.00643 0.03047 0.08301 0.16767 0.28271 0.42933 ( 8)  0.690
 110 S   0.00000 0.00266 0.03857 0.12899 0.21489 0.24294 0.21520 0.15674 ( 6)  0.533
 111 S   0.00001 0.00437 0.03796 0.10279 0.16733 0.21262 0.23629 0.23863 ( 8)  0.576
 112 V   0.12500 0.12500 0.12500 0.12500 0.12500 0.12500 0.12500 0.12500 ( 3)  0.376
 113 S   0.00012 0.01353 0.06281 0.12339 0.17390 0.20708 0.21725 0.20193 ( 7)  0.543
 114 S   0.00450 0.11581 0.24727 0.25092 0.18206 0.11079 0.06009 0.02856 ( 4)  0.317
 115 R   0.00000 0.00165 0.02015 0.07403 0.15539 0.23071 0.26696 0.25111 ( 7)  0.601
 116 N   0.53175 0.33485 0.09757 0.02623 0.00705 0.00191 0.00051 0.00013 ( 1)  0.069
 117 K   0.00920 0.17511 0.29371 0.24731 0.15094 0.07639 0.03402 0.01332 ( 3)  0.268
 118 M   0.50940 0.36811 0.09702 0.02029 0.00413 0.00085 0.00017 0.00003 ( 1)  0.068
 119 F   0.00882 0.19180 0.32531 0.25052 0.13386 0.05901 0.02297 0.00771 ( 3)  0.248
 120 V   0.00011 0.03062 0.15480 0.24616 0.23637 0.17292 0.10529 0.05373 ( 4)  0.397
 121 Q   0.06440 0.35458 0.32362 0.16546 0.06382 0.02080 0.00592 0.00140 ( 2)  0.176
 122 G   0.02749 0.21779 0.30184 0.23246 0.13029 0.05940 0.02315 0.00758 ( 3)  0.240
 123 N   0.00161 0.09356 0.23756 0.25470 0.19249 0.12107 0.06691 0.03212 ( 4)  0.331
 124 N   0.34263 0.38528 0.17415 0.06370 0.02245 0.00799 0.00285 0.00095 ( 2)  0.105
 125 G   0.05493 0.29742 0.29713 0.18464 0.09479 0.04437 0.01931 0.00741 ( 2)  0.210
 126 K   0.00729 0.14001 0.23663 0.21566 0.16082 0.11254 0.07675 0.05029 ( 3)  0.330
 127 Y   0.34838 0.39839 0.17287 0.05704 0.01699 0.00479 0.00126 0.00028 ( 2)  0.098
 128 V   0.00007 0.02319 0.13491 0.23520 0.23772 0.18171 0.11871 0.06850 ( 5)  0.417
 129 L   0.01600 0.13487 0.21824 0.21708 0.17265 0.12076 0.07677 0.04363 ( 3)  0.330
 130 N   0.00000 0.00144 0.02675 0.10283 0.19386 0.24562 0.23984 0.18965 ( 6)  0.562
 131 I   0.00020 0.02527 0.11756 0.20351 0.22421 0.19377 0.14342 0.09206 ( 5)  0.444
 132 L   0.00234 0.06423 0.15816 0.20097 0.19484 0.16490 0.12695 0.08760 ( 4)  0.412
 133 T   0.00000 0.00008 0.00329 0.02531 0.08882 0.19489 0.30876 0.37884 ( 8)  0.678
 134 D   0.13682 0.41963 0.25501 0.11387 0.04722 0.01854 0.00676 0.00215 ( 2)  0.150
 135 -   0.00000 0.00115 0.01164 0.04512 0.10802 0.19288 0.28246 0.35872 ( 8)  0.657
 136 -   0.44283 0.27117 0.14788 0.07493 0.03602 0.01664 0.00742 0.00312 ( 1)  0.110
 137 -   0.00094 0.01413 0.04511 0.09119 0.14568 0.19900 0.24100 0.26297 ( 8)  0.584
 138 S   0.00334 0.09640 0.22915 0.25309 0.19474 0.12281 0.06786 0.03260 ( 4)  0.332
 139 I   0.13629 0.43926 0.25599 0.10339 0.04026 0.01611 0.00639 0.00231 ( 2)  0.145
 140 E   0.00004 0.01138 0.08114 0.17680 0.22263 0.21185 0.17211 0.12406 ( 5)  0.484
 141 L   0.02600 0.18711 0.25223 0.21050 0.14522 0.09227 0.05565 0.03101 ( 3)  0.288
 142 P   0.00646 0.15099 0.28370 0.25026 0.15932 0.08697 0.04322 0.01907 ( 3)  0.285
 143 S   0.00266 0.07652 0.18833 0.22571 0.19774 0.14809 0.10030 0.06065 ( 4)  0.376
 144 G   0.00056 0.05373 0.19367 0.26136 0.22311 0.14741 0.08192 0.03824 ( 4)  0.363
 145 Q   0.00023 0.02710 0.12121 0.20194 0.21528 0.18565 0.14466 0.10393 ( 5)  0.447
 146 Q   0.00117 0.03935 0.11754 0.17470 0.19226 0.18290 0.16042 0.13167 ( 5)  0.464
 147 T   0.00009 0.02397 0.11883 0.20678 0.22827 0.19488 0.14019 0.08699 ( 5)  0.440
 148 -   0.43690 0.27117 0.14999 0.07692 0.03723 0.01717 0.00755 0.00306 ( 1)  0.111
 149 -   0.08066 0.21303 0.23330 0.18951 0.13087 0.08134 0.04671 0.02458 ( 3)  0.260
 150 -   0.00011 0.00604 0.03213 0.08259 0.14701 0.20860 0.25282 0.27072 ( 8)  0.599
 151 I   0.82637 0.13951 0.02598 0.00594 0.00156 0.00045 0.00014 0.00004 ( 1)  0.037
 152 L   0.00000 0.00009 0.00261 0.01870 0.06734 0.16190 0.29782 0.45154 ( 8)  0.706
 153 I   0.00042 0.03797 0.13847 0.20523 0.20907 0.17782 0.13617 0.09485 ( 5)  0.432
 154 Q   0.00000 0.00046 0.00739 0.03652 0.10080 0.19493 0.29408 0.36584 ( 8)  0.666
 155 N   0.82757 0.14075 0.02462 0.00523 0.00132 0.00037 0.00011 0.00003 ( 1)  0.036
 156 T   0.00000 0.00025 0.00597 0.03180 0.08974 0.18010 0.29011 0.40204 ( 8)  0.681
 157 N   0.00000 0.00018 0.00550 0.03673 0.11283 0.21545 0.29937 0.32994 ( 8)  0.654
 158 -   0.01823 0.14705 0.22272 0.20750 0.15967 0.11427 0.07899 0.05158 ( 3)  0.329
 159 S   0.00004 0.01191 0.06981 0.14295 0.19185 0.20863 0.20012 0.17469 ( 6)  0.522
 160 Q   0.00003 0.01351 0.09634 0.20599 0.24754 0.21260 0.14471 0.07928 ( 5)  0.448
 161 D   0.00002 0.00973 0.07592 0.17504 0.22913 0.21998 0.17366 0.11652 ( 5)  0.484
 162 L   0.10548 0.23714 0.22637 0.16898 0.11423 0.07383 0.04633 0.02764 ( 2)  0.247
 163 F   0.08711 0.36986 0.29382 0.14982 0.06359 0.02437 0.00866 0.00278 ( 2)  0.173
 164 L   0.31404 0.38401 0.19105 0.07393 0.02554 0.00824 0.00251 0.00069 ( 2)  0.111
 165 D   0.78765 0.16898 0.03322 0.00738 0.00193 0.00058 0.00019 0.00006 ( 1)  0.040
 166 R   0.65965 0.23418 0.07260 0.02255 0.00741 0.00253 0.00084 0.00025 ( 1)  0.058
 167 I   0.34372 0.32763 0.16311 0.08085 0.04215 0.02291 0.01272 0.00691 ( 1)  0.130
 168 E   0.81021 0.15720 0.02652 0.00481 0.00098 0.00022 0.00005 0.00001 ( 1)  0.037
 169 -   0.37777 0.38142 0.15477 0.05450 0.01992 0.00762 0.00294 0.00108 ( 2)  0.098
 170 -   0.47242 0.35994 0.11745 0.03455 0.01057 0.00345 0.00120 0.00042 ( 1)  0.079
 171 -   0.14949 0.14407 0.13748 0.13021 0.12246 0.11432 0.10573 0.09623 ( 1)  0.337


lnL = -3251.745088

