Supplemental results for CODEML (seqf: algn  treef: tree)


dN/dS (w) for site classes (K=8)

p:   0.12500  0.12500  0.12500  0.12500  0.12500  0.12500  0.12500  0.12500
w:   0.00098  0.02873  0.13191  0.33078  0.58654  0.81613  0.95401  0.99797

Naive Empirical Bayes (NEB) probabilities for 8 classes & postmean_w
(amino acids refer to 1st sequence: BT_Cry24Da1)

   1 -   0.25599 0.23909 0.18677 0.11982 0.07224 0.04888 0.03979 0.03742 ( 1)  0.229
   2 I   0.00000 0.00007 0.01418 0.14351 0.26194 0.22891 0.18321 0.16819 ( 5)  0.732
   3 D   0.54139 0.36499 0.08692 0.00635 0.00030 0.00003 0.00001 0.00000 ( 1)  0.025
   4 E   0.02016 0.40717 0.47262 0.09168 0.00728 0.00075 0.00020 0.00013 ( 3)  0.110
   5 I   0.54504 0.36455 0.08434 0.00579 0.00025 0.00002 0.00000 0.00000 ( 1)  0.024
   6 T   0.00003 0.02347 0.23376 0.36010 0.20022 0.08819 0.05127 0.04295 ( 4)  0.432
   7 Q   0.45983 0.36112 0.14789 0.02714 0.00322 0.00050 0.00017 0.00012 ( 1)  0.042
   8 I   0.53323 0.36586 0.09289 0.00758 0.00039 0.00004 0.00001 0.00001 ( 1)  0.026
   9 P   0.00746 0.18030 0.40372 0.26271 0.08830 0.02972 0.01535 0.01245 ( 3)  0.248
  10 A   0.50547 0.36655 0.11352 0.01320 0.00104 0.00014 0.00004 0.00003 ( 1)  0.031
  11 V   0.36241 0.31757 0.19551 0.07876 0.02566 0.00980 0.00560 0.00470 ( 1)  0.094
  12 K   0.51804 0.36704 0.10415 0.01009 0.00060 0.00006 0.00001 0.00001 ( 1)  0.029
  13 A   0.53989 0.36540 0.08797 0.00642 0.00029 0.00002 0.00001 0.00000 ( 1)  0.025
  14 F   0.02162 0.42893 0.46486 0.07868 0.00525 0.00047 0.00012 0.00007 ( 3)  0.103
  15 N   0.00000 0.00000 0.00036 0.04213 0.21014 0.26722 0.24584 0.23431 ( 6)  0.824
  16 I   0.00008 0.05003 0.38246 0.36913 0.12451 0.03895 0.01933 0.01551 ( 3)  0.313
  17 -   0.12500 0.12500 0.12500 0.12500 0.12500 0.12500 0.12500 0.12500 ( 3)  0.481
  18 -   0.12500 0.12500 0.12500 0.12500 0.12500 0.12500 0.12500 0.12500 ( 3)  0.481
  19 -   0.12500 0.12500 0.12500 0.12500 0.12500 0.12500 0.12500 0.12500 ( 3)  0.481
  20 S   0.00000 0.00006 0.01225 0.12818 0.24819 0.23266 0.19579 0.18286 ( 5)  0.749
  21 D   0.00000 0.00001 0.00546 0.10162 0.23517 0.23927 0.21400 0.20448 ( 6)  0.776
  22 T   0.00000 0.00000 0.00000 0.00041 0.02125 0.15279 0.36297 0.46258 ( 8)  0.945
  23 G   0.00549 0.13613 0.33656 0.27087 0.12475 0.05778 0.03664 0.03178 ( 3)  0.325
  24 -   0.12500 0.12500 0.12500 0.12500 0.12500 0.12500 0.12500 0.12500 ( 3)  0.481
  25 -   0.12500 0.12500 0.12500 0.12500 0.12500 0.12500 0.12500 0.12500 ( 3)  0.481
  26 A   0.00000 0.00000 0.00062 0.02307 0.12417 0.24068 0.29824 0.31320 ( 8)  0.874
  27 G   0.00000 0.01354 0.34351 0.45673 0.13219 0.03134 0.01292 0.00977 ( 4)  0.322
  28 S   0.00000 0.00000 0.00000 0.00017 0.01778 0.15642 0.36712 0.45851 ( 8)  0.946
  29 V   0.40294 0.33974 0.18145 0.05587 0.01303 0.00373 0.00181 0.00144 ( 1)  0.066
  30 V   0.00000 0.00000 0.00008 0.01133 0.10357 0.23965 0.31289 0.33248 ( 8)  0.890
  31 A   0.00000 0.01578 0.37530 0.44812 0.11681 0.02590 0.01034 0.00774 ( 4)  0.305
  32 G   0.48085 0.36476 0.13219 0.01982 0.00195 0.00028 0.00009 0.00006 ( 1)  0.036
  33 P   0.00557 0.14357 0.40024 0.31390 0.09490 0.02419 0.01006 0.00757 ( 3)  0.253
  34 G   0.52803 0.36690 0.09659 0.00805 0.00039 0.00003 0.00001 0.00000 ( 1)  0.027
  35 H   0.00000 0.00000 0.00237 0.09008 0.26665 0.25518 0.20201 0.18372 ( 5)  0.771
  36 T   0.50799 0.36701 0.11169 0.01231 0.00086 0.00010 0.00003 0.00002 ( 1)  0.030
  37 G   0.46854 0.36255 0.14130 0.02417 0.00276 0.00043 0.00015 0.00011 ( 1)  0.040
  38 G   0.46822 0.36254 0.14156 0.02424 0.00275 0.00043 0.00015 0.00010 ( 1)  0.040
  39 D   0.00032 0.17108 0.64234 0.17128 0.01312 0.00129 0.00034 0.00023 ( 3)  0.156
  40 L   0.00000 0.00047 0.07104 0.36639 0.29682 0.13260 0.07296 0.05971 ( 4)  0.542
  41 I   0.01573 0.33652 0.48342 0.14087 0.01868 0.00300 0.00104 0.00074 ( 3)  0.135
  42 R   0.00000 0.00000 0.00003 0.00409 0.05968 0.20864 0.34061 0.38695 ( 8)  0.918
  43 L   0.45052 0.35826 0.15410 0.03145 0.00437 0.00079 0.00029 0.00021 ( 1)  0.045
  44 P   0.00000 0.00000 0.00008 0.01163 0.10986 0.24670 0.30891 0.32282 ( 8)  0.887
  45 N   0.12500 0.12500 0.12500 0.12500 0.12500 0.12500 0.12500 0.12500 ( 3)  0.481
  46 N   0.00000 0.00000 0.00002 0.01039 0.12584 0.26253 0.29910 0.30212 ( 8)  0.878
  47 N   0.00000 0.00000 0.00000 0.00038 0.02433 0.16857 0.36278 0.44394 ( 8)  0.941
  48 A   0.00000 0.00001 0.00527 0.09759 0.23226 0.24078 0.21672 0.20737 ( 6)  0.779
  49 R   0.00005 0.03486 0.32581 0.40583 0.15370 0.04475 0.01982 0.01519 ( 4)  0.339
  50 L   0.43607 0.35339 0.16330 0.03843 0.00644 0.00139 0.00057 0.00043 ( 1)  0.051
  51 K   0.01980 0.40148 0.47381 0.09553 0.00807 0.00089 0.00025 0.00017 ( 3)  0.112
  52 I   0.52541 0.36664 0.09859 0.00879 0.00050 0.00005 0.00001 0.00001 ( 1)  0.027
  53 R   0.47915 0.36509 0.13374 0.01987 0.00181 0.00022 0.00007 0.00004 ( 1)  0.037
  54 L   0.45052 0.35826 0.15410 0.03145 0.00437 0.00079 0.00029 0.00021 ( 1)  0.045
  55 T   0.00000 0.00004 0.02674 0.28591 0.32648 0.17200 0.10265 0.08617 ( 5)  0.614
  56 P   0.00000 0.00798 0.24999 0.46860 0.18491 0.05075 0.02151 0.01625 ( 4)  0.375
  57 S   0.00000 0.00630 0.20909 0.44401 0.21096 0.06989 0.03346 0.02630 ( 4)  0.414
  58 T   0.00000 0.00000 0.00002 0.00280 0.04610 0.19079 0.34890 0.41139 ( 8)  0.927
  59 S   0.00000 0.00308 0.04655 0.15527 0.21897 0.20890 0.18756 0.17967 ( 5)  0.715
  60 D   0.00000 0.00336 0.28478 0.53139 0.13807 0.02631 0.00935 0.00674 ( 4)  0.332
  61 K   0.52556 0.36688 0.09848 0.00858 0.00045 0.00004 0.00001 0.00001 ( 1)  0.027
  62 R   0.00000 0.02936 0.53361 0.37804 0.05008 0.00607 0.00170 0.00114 ( 3)  0.233
  63 F   0.00251 0.06666 0.20954 0.25634 0.18471 0.11686 0.08584 0.07754 ( 4)  0.477
  64 R   0.00000 0.00025 0.04318 0.28759 0.30924 0.16967 0.10320 0.08687 ( 5)  0.606
  65 V   0.54717 0.36414 0.08285 0.00558 0.00024 0.00002 0.00000 0.00000 ( 1)  0.024
  66 R   0.50650 0.36744 0.11285 0.01230 0.00080 0.00008 0.00002 0.00001 ( 1)  0.031
  67 V   0.00000 0.00992 0.27658 0.44839 0.17024 0.05138 0.02431 0.01917 ( 4)  0.369
  68 R   0.26000 0.24446 0.19446 0.12531 0.07142 0.04323 0.03202 0.02910 ( 1)  0.211
  69 Y   0.01672 0.35369 0.48542 0.12715 0.01417 0.00188 0.00057 0.00039 ( 3)  0.127
  70 A   0.00000 0.00000 0.00027 0.02275 0.14732 0.25720 0.28492 0.28755 ( 8)  0.863
  71 S   0.00000 0.00170 0.18197 0.51159 0.20815 0.05539 0.02343 0.01777 ( 4)  0.401
  72 T   0.00000 0.00000 0.00000 0.00005 0.00798 0.11308 0.36749 0.51140 ( 8)  0.958
  73 T   0.00000 0.00000 0.00000 0.00006 0.01010 0.12749 0.36936 0.49299 ( 8)  0.954
  74 A   0.00000 0.00000 0.00000 0.00058 0.03209 0.18521 0.35808 0.42404 ( 8)  0.935
  75 G   0.01928 0.39395 0.47688 0.09978 0.00868 0.00097 0.00027 0.00018 ( 3)  0.114
  76 R   0.00000 0.00000 0.00000 0.00002 0.00564 0.10562 0.36894 0.51978 ( 8)  0.960
  77 M   0.00000 0.00000 0.00025 0.02163 0.14675 0.26017 0.28525 0.28596 ( 8)  0.863
  78 R   0.00000 0.00000 0.00010 0.01003 0.09452 0.23535 0.31846 0.34155 ( 8)  0.896
  79 I   0.00012 0.07512 0.48443 0.33857 0.07504 0.01590 0.00621 0.00461 ( 3)  0.246
  80 T   0.00000 0.00056 0.08096 0.38754 0.29012 0.12238 0.06539 0.05306 ( 4)  0.524
  81 K   0.00012 0.07338 0.48407 0.34469 0.07415 0.01451 0.00527 0.00382 ( 3)  0.244
  82 Y   0.12500 0.12500 0.12500 0.12500 0.12500 0.12500 0.12500 0.12500 ( 3)  0.481
  83 W   0.31163 0.28453 0.20299 0.10611 0.04626 0.02204 0.01415 0.01228 ( 1)  0.141
  84 S   0.00000 0.00246 0.03826 0.13535 0.20744 0.21487 0.20339 0.19823 ( 6)  0.739
  85 P   0.00305 0.07950 0.23640 0.26380 0.17348 0.10343 0.07399 0.06636 ( 4)  0.444
  86 G   0.00000 0.01969 0.43524 0.43772 0.08585 0.01389 0.00448 0.00312 ( 4)  0.272
  87 Y   0.00000 0.00002 0.01707 0.22202 0.32103 0.20037 0.12902 0.11047 ( 5)  0.661
  88 V   0.00000 0.00000 0.00000 0.00178 0.05778 0.22012 0.34157 0.37874 ( 8)  0.918
  89 Q   0.00000 0.00000 0.00000 0.00062 0.03465 0.19186 0.35658 0.41629 ( 8)  0.933
  90 -   0.12500 0.12500 0.12500 0.12500 0.12500 0.12500 0.12500 0.12500 ( 3)  0.481
  91 H   0.00000 0.00018 0.08073 0.47469 0.28112 0.08994 0.04129 0.03205 ( 4)  0.477
  92 Y   0.00000 0.00000 0.00000 0.00099 0.04025 0.19649 0.35289 0.40938 ( 8)  0.930
  93 D   0.00000 0.00000 0.00001 0.00750 0.10185 0.24580 0.31429 0.33054 ( 8)  0.893
  94 F   0.02186 0.43233 0.46327 0.07688 0.00503 0.00044 0.00011 0.00007 ( 3)  0.102
  95 N   0.00000 0.00000 0.00000 0.00001 0.00566 0.10924 0.37047 0.51461 ( 8)  0.959
  96 F   0.00000 0.00000 0.00000 0.00022 0.02077 0.16313 0.36499 0.45089 ( 8)  0.944
  97 D   0.00000 0.00000 0.00001 0.00254 0.05690 0.21458 0.34248 0.38350 ( 8)  0.919
  98 A   0.00000 0.00000 0.00000 0.00063 0.03244 0.18498 0.35788 0.42407 ( 8)  0.935
  99 Q   0.00000 0.00023 0.01468 0.10301 0.20902 0.23366 0.22273 0.21667 ( 6)  0.778
 100 Y   0.00000 0.00000 0.00300 0.09983 0.26829 0.24948 0.19829 0.18109 ( 5)  0.764
 101 Y   0.00000 0.00000 0.00000 0.00004 0.00997 0.13071 0.37032 0.48894 ( 8)  0.954
 102 D   0.12500 0.12500 0.12500 0.12500 0.12500 0.12500 0.12500 0.12500 ( 3)  0.481
 103 S   0.12500 0.12500 0.12500 0.12500 0.12500 0.12500 0.12500 0.12500 ( 3)  0.481
 104 N   0.00000 0.00064 0.01171 0.05795 0.14077 0.22367 0.27453 0.29073 ( 8)  0.838
 105 L   0.00000 0.00058 0.01177 0.06300 0.15151 0.22740 0.26707 0.27866 ( 8)  0.830
 106 T   0.00126 0.03401 0.11608 0.17472 0.18006 0.16974 0.16307 0.16107 ( 5)  0.635
 107 F   0.00000 0.00000 0.00017 0.01848 0.12922 0.24815 0.29661 0.30738 ( 8)  0.874
 108 R   0.00000 0.00000 0.00005 0.01152 0.11730 0.25167 0.30447 0.31500 ( 8)  0.883
 109 S   0.00000 0.00000 0.00027 0.01917 0.12741 0.24841 0.29724 0.30751 ( 8)  0.874
 110 F   0.00000 0.01532 0.37564 0.45774 0.11397 0.02284 0.00839 0.00610 ( 4)  0.301
 111 H   0.00000 0.00000 0.00000 0.00183 0.04547 0.19789 0.34965 0.40515 ( 8)  0.927
 112 Y   0.51363 0.36742 0.10742 0.01079 0.00065 0.00006 0.00002 0.00001 ( 1)  0.029
 113 L   0.00000 0.00000 0.00034 0.01566 0.10514 0.23540 0.31108 0.33238 ( 8)  0.887
 114 D   0.00000 0.00019 0.03231 0.22228 0.28124 0.19572 0.14168 0.12657 ( 5)  0.664
 115 T   0.40619 0.34021 0.17835 0.05438 0.01312 0.00402 0.00206 0.00167 ( 1)  0.066
 116 M   0.00370 0.10335 0.33512 0.32046 0.13715 0.05108 0.02709 0.02205 ( 3)  0.323
 117 V   0.00020 0.11866 0.58296 0.25516 0.03471 0.00527 0.00176 0.00125 ( 3)  0.192
 118 T   0.00013 0.07969 0.50889 0.32999 0.06289 0.01142 0.00406 0.00293 ( 3)  0.232
 119 R   0.00009 0.06086 0.43788 0.36621 0.09631 0.02258 0.00918 0.00688 ( 3)  0.271
 120 L   0.00018 0.10542 0.56951 0.27904 0.03815 0.00514 0.00152 0.00104 ( 3)  0.200
 121 D   0.00000 0.00330 0.28121 0.53043 0.14048 0.02743 0.00994 0.00721 ( 4)  0.334
 122 D   0.00000 0.00015 0.02805 0.22434 0.30059 0.19787 0.13327 0.11575 ( 5)  0.658
 123 P   0.00000 0.00005 0.01112 0.12360 0.25006 0.23603 0.19657 0.18257 ( 5)  0.751
 124 G   0.00000 0.01575 0.38100 0.45589 0.11160 0.02200 0.00799 0.00578 ( 4)  0.298
 125 V   0.55152 0.36347 0.07977 0.00502 0.00020 0.00001 0.00000 0.00000 ( 1)  0.023
 126 E   0.01901 0.38960 0.47764 0.10283 0.00932 0.00108 0.00031 0.00021 ( 3)  0.115
 127 I   0.01780 0.37005 0.47968 0.11682 0.01283 0.00182 0.00059 0.00042 ( 3)  0.123
 128 I   0.56094 0.36159 0.07330 0.00402 0.00014 0.00001 0.00000 0.00000 ( 1)  0.022
 129 V   0.01890 0.38741 0.47648 0.10504 0.01019 0.00130 0.00040 0.00028 ( 3)  0.116
 130 Q   0.00000 0.00448 0.16505 0.41902 0.23987 0.08992 0.04543 0.03622 ( 4)  0.454
 131 N   0.57365 0.35858 0.06484 0.00286 0.00007 0.00000 0.00000 0.00000 ( 1)  0.020
 132 I   0.00000 0.00007 0.01490 0.14749 0.26349 0.22729 0.18092 0.16584 ( 5)  0.729
 133 G   0.00000 0.00000 0.00013 0.01906 0.14655 0.26159 0.28599 0.28667 ( 8)  0.865
 134 G   0.00000 0.00000 0.00000 0.00016 0.01813 0.15753 0.36665 0.45753 ( 8)  0.946
 135 S   0.00000 0.00000 0.00001 0.00192 0.04055 0.18542 0.35233 0.41977 ( 8)  0.931
 136 I   0.00000 0.00000 0.00001 0.00466 0.08123 0.23498 0.32695 0.35217 ( 8)  0.904
 137 L   0.00000 0.00089 0.11368 0.44233 0.26406 0.09479 0.04694 0.03730 ( 4)  0.476
 138 Y   0.00000 0.00000 0.00002 0.00361 0.05907 0.20997 0.34106 0.38628 ( 8)  0.918
 139 I   0.00000 0.00068 0.10106 0.43627 0.26982 0.10008 0.05106 0.04104 ( 4)  0.487
 140 D   0.40226 0.34004 0.18275 0.05610 0.01265 0.00341 0.00157 0.00123 ( 1)  0.066
 141 K   0.53418 0.36629 0.09207 0.00711 0.00032 0.00002 0.00001 0.00000 ( 1)  0.026
 142 I   0.00000 0.00100 0.12236 0.44645 0.25594 0.09170 0.04590 0.03665 ( 4)  0.469
 143 E   0.01879 0.38615 0.47854 0.10518 0.00969 0.00112 0.00032 0.00021 ( 3)  0.116
 144 I   0.00000 0.01511 0.37355 0.46045 0.11462 0.02245 0.00803 0.00578 ( 4)  0.301
 145 I   0.00349 0.08928 0.24951 0.25652 0.16243 0.09895 0.07324 0.06659 ( 4)  0.433
 146 -   0.20124 0.19418 0.17027 0.13300 0.09811 0.07570 0.06523 0.06227 ( 1)  0.316


lnL = -3230.928844

