Supplemental results for CODEML (seqf: algn  treef: tree)


dN/dS (w) for site classes (K=3)

p:   0.56650  0.26081  0.17269
w:   0.14907  1.00000  1.00000

Naive Empirical Bayes (NEB) probabilities for 3 classes & postmean_w
(amino acids refer to 1st sequence: BT_Cry52Ca1)

   1 Q   0.93475 0.03925 0.02599 ( 1)  0.205
   2 V   0.85278 0.08857 0.05865 ( 1)  0.274
   3 K   0.06642 0.56168 0.37191 ( 2)  0.943
   4 S   0.22792 0.46451 0.30757 ( 2)  0.806
   5 E   0.99582 0.00252 0.00167 ( 1)  0.153
   6 L   0.98742 0.00757 0.00501 ( 1)  0.160
   7 T   0.99187 0.00489 0.00324 ( 1)  0.156
   8 R   0.99824 0.00106 0.00070 ( 1)  0.151
   9 E   0.49788 0.30209 0.20003 ( 1)  0.576
  10 I   0.99687 0.00188 0.00125 ( 1)  0.152
  11 Y   0.85883 0.08493 0.05624 ( 1)  0.269
  12 S   0.96988 0.01812 0.01200 ( 1)  0.175
  13 D   0.99850 0.00090 0.00060 ( 1)  0.150
  14 V   0.86178 0.08316 0.05506 ( 1)  0.267
  15 V   0.66480 0.20167 0.13353 ( 1)  0.434
  16 N   0.99198 0.00482 0.00319 ( 1)  0.156
  17 -   0.34811 0.39220 0.25969 ( 2)  0.704
  18 -   0.11489 0.53251 0.35260 ( 2)  0.902
  19 -   0.93159 0.04116 0.02725 ( 1)  0.207
  20 -   0.48684 0.30873 0.20442 ( 1)  0.586
  21 -   0.90611 0.05649 0.03740 ( 1)  0.229
  22 -   0.48644 0.30898 0.20459 ( 1)  0.586
  23 -   0.05013 0.57148 0.37840 ( 2)  0.957
  24 -   0.90118 0.05945 0.03937 ( 1)  0.233
  25 -   0.91661 0.05017 0.03322 ( 1)  0.220
  26 A   0.82644 0.10442 0.06914 ( 1)  0.297
  27 D   0.56171 0.26369 0.17460 ( 1)  0.522
  28 V   0.00444 0.59897 0.39660 ( 2)  0.996
  29 F   0.94130 0.03532 0.02339 ( 1)  0.199
  30 G   0.26685 0.44109 0.29206 ( 2)  0.773
  31 T   0.22221 0.46795 0.30984 ( 2)  0.811
  32 I   0.95968 0.02426 0.01606 ( 1)  0.183
  33 Y   0.92548 0.04483 0.02968 ( 1)  0.212
  34 T   0.00120 0.60091 0.39789 ( 2)  0.999
  35 D   0.00493 0.59867 0.39640 ( 2)  0.996
  36 N   0.90709 0.05590 0.03701 ( 1)  0.228
  37 N   0.02440 0.58695 0.38865 ( 2)  0.979
  38 R   0.12913 0.52394 0.34692 ( 2)  0.890
  39 N   0.97553 0.01472 0.00975 ( 1)  0.170
  40 E   0.99668 0.00200 0.00132 ( 1)  0.152
  41 E   0.96570 0.02064 0.01366 ( 1)  0.178
  42 L   0.06392 0.56318 0.37290 ( 2)  0.946
  43 Y   0.89522 0.06304 0.04174 ( 1)  0.238
  44 T   0.78776 0.12769 0.08455 ( 1)  0.330
  45 R   0.71763 0.16988 0.11249 ( 1)  0.389
  46 P   0.17063 0.49898 0.33039 ( 2)  0.855
  47 P   0.98980 0.00613 0.00406 ( 1)  0.158
  48 H   0.02821 0.58467 0.38713 ( 2)  0.976
  49 L   0.99328 0.00404 0.00268 ( 1)  0.155
  50 F   0.98516 0.00893 0.00591 ( 1)  0.162
  51 T   0.46455 0.32215 0.21330 ( 1)  0.605
  52 W   0.98096 0.01145 0.00758 ( 1)  0.165
  53 L   0.92812 0.04325 0.02864 ( 1)  0.210
  54 R   0.93520 0.03899 0.02581 ( 1)  0.204
  55 G   0.30392 0.41879 0.27729 ( 2)  0.741
  56 F   0.89452 0.06346 0.04202 ( 1)  0.239
  57 R   0.03828 0.57860 0.38312 ( 2)  0.967
  58 F   0.98160 0.01107 0.00733 ( 1)  0.165
  59 V   0.00872 0.59639 0.39489 ( 2)  0.993
  60 T   0.33452 0.40038 0.26510 ( 2)  0.715
  61 N   0.77350 0.13627 0.09023 ( 1)  0.342
  62 S   0.00008 0.60159 0.39834 ( 2)  1.000
  63 I   0.63102 0.22199 0.14699 ( 1)  0.463
  64 S   0.00105 0.60100 0.39795 ( 2)  0.999
  65 S   0.03179 0.58251 0.38570 ( 2)  0.973
  66 G   0.69578 0.18303 0.12119 ( 1)  0.408
  67 S   0.01527 0.59245 0.39228 ( 2)  0.987
  68 R   0.00013 0.60155 0.39831 ( 2)  1.000
  69 T   0.22935 0.46365 0.30700 ( 2)  0.805
  70 W   0.25604 0.44759 0.29637 ( 2)  0.782
  71 T   0.88639 0.06835 0.04526 ( 1)  0.246
  72 F   0.73680 0.15835 0.10485 ( 1)  0.373
  73 L   0.86512 0.08115 0.05373 ( 1)  0.264
  74 A   0.95054 0.02975 0.01970 ( 1)  0.191
  75 G   0.99571 0.00258 0.00171 ( 1)  0.153
  76 N   0.47405 0.31643 0.20952 ( 1)  0.597
  77 Q   0.24550 0.45393 0.30057 ( 2)  0.791
  78 N   0.93788 0.03737 0.02475 ( 1)  0.202
  79 K   0.24245 0.45577 0.30178 ( 2)  0.794
  80 Y   0.78196 0.13118 0.08686 ( 1)  0.335
  81 S   0.18800 0.48853 0.32347 ( 2)  0.840
  82 Y   0.14953 0.51167 0.33880 ( 2)  0.873
  83 T   0.99419 0.00349 0.00231 ( 1)  0.154
  84 R   0.00493 0.59867 0.39640 ( 2)  0.996
  85 D   0.07680 0.55543 0.36777 ( 2)  0.935
  86 N   0.27551 0.43588 0.28861 ( 2)  0.766
  87 R   0.21624 0.47154 0.31222 ( 2)  0.816
  88 I   0.70925 0.17493 0.11583 ( 1)  0.396
  89 I   0.70925 0.17493 0.11583 ( 1)  0.396
  90 Y   0.04067 0.57717 0.38216 ( 2)  0.965
  91 G   0.65018 0.21047 0.13936 ( 1)  0.447
  92 P   0.67567 0.19513 0.12920 ( 1)  0.425
  93 F   0.25511 0.44815 0.29674 ( 2)  0.783
  94 Y   0.01095 0.59505 0.39400 ( 2)  0.991
  95 G   0.32562 0.40573 0.26865 ( 2)  0.723
  96 Q   0.01403 0.59320 0.39278 ( 2)  0.988
  97 D   0.32955 0.40336 0.26708 ( 2)  0.720
  98 T   0.84884 0.09094 0.06022 ( 1)  0.278
  99 N   0.85227 0.08888 0.05885 ( 1)  0.275
 100 Y   0.99510 0.00295 0.00195 ( 1)  0.153
 101 G   0.99571 0.00258 0.00171 ( 1)  0.153
 102 G   0.21312 0.47341 0.31347 ( 2)  0.819
 103 T   0.95552 0.02676 0.01772 ( 1)  0.187
 104 S   0.98656 0.00809 0.00535 ( 1)  0.161
 105 S   0.82564 0.10490 0.06946 ( 1)  0.297
 106 D   0.28118 0.43247 0.28635 ( 2)  0.761
 107 T   0.23339 0.46122 0.30539 ( 2)  0.801
 108 D   0.72245 0.16698 0.11057 ( 1)  0.385
 109 F   0.24357 0.45509 0.30133 ( 2)  0.793
 110 A   0.77373 0.13613 0.09014 ( 1)  0.342
 111 E   0.00807 0.59678 0.39515 ( 2)  0.993
 112 D   0.00025 0.60148 0.39826 ( 2)  1.000
 113 S   0.08054 0.55318 0.36628 ( 2)  0.931
 114 Y   0.00252 0.60012 0.39736 ( 2)  0.998
 115 V   0.58346 0.25061 0.16594 ( 1)  0.504
 116 Y   0.99483 0.00311 0.00206 ( 1)  0.153
 117 N   0.97789 0.01330 0.00881 ( 1)  0.168
 118 L   0.98941 0.00637 0.00422 ( 1)  0.158
 119 W   0.14994 0.51143 0.33864 ( 2)  0.872
 120 T   0.09462 0.54471 0.36067 ( 2)  0.919
 121 K   0.98718 0.00771 0.00511 ( 1)  0.160
 122 N   0.99562 0.00264 0.00174 ( 1)  0.153
 123 Y   0.62081 0.22814 0.15106 ( 1)  0.472
 124 E   0.95744 0.02560 0.01695 ( 1)  0.185
 125 F   0.03068 0.58318 0.38614 ( 2)  0.974
 126 -   0.05660 0.56758 0.37582 ( 2)  0.952
 127 -   0.10173 0.54043 0.35784 ( 2)  0.913
 128 -   0.42476 0.34608 0.22916 ( 1)  0.639
 129 -   0.17076 0.49890 0.33034 ( 2)  0.855
 130 -   0.46595 0.32130 0.21275 ( 1)  0.604
 131 -   0.05643 0.56768 0.37589 ( 2)  0.952
 132 -   0.19515 0.48423 0.32063 ( 2)  0.834
 133 -   0.61889 0.22929 0.15182 ( 1)  0.473
 134 -   0.72311 0.16658 0.11030 ( 1)  0.385
 135 -   0.63043 0.22235 0.14722 ( 1)  0.464
 136 I   0.93167 0.04111 0.02722 ( 1)  0.207
 137 S   0.14928 0.51182 0.33890 ( 2)  0.873
 138 P   0.65716 0.20627 0.13658 ( 1)  0.441
 139 Y   0.02233 0.58820 0.38947 ( 2)  0.981
 140 T   0.89101 0.06557 0.04342 ( 1)  0.242
 141 D   0.03281 0.58189 0.38529 ( 2)  0.972
 142 P   0.53815 0.27787 0.18399 ( 1)  0.542
 143 V   0.97248 0.01656 0.01096 ( 1)  0.172
 144 N   0.97459 0.01529 0.01012 ( 1)  0.171
 145 I   0.00019 0.60152 0.39829 ( 2)  1.000
 146 T   0.40447 0.35829 0.23724 ( 1)  0.656
 147 K   0.08377 0.55123 0.36499 ( 2)  0.929
 148 I   0.95923 0.02453 0.01624 ( 1)  0.184
 149 N   0.72588 0.16492 0.10920 ( 1)  0.382
 150 F   0.89854 0.06104 0.04042 ( 1)  0.235
 151 S   0.00382 0.59934 0.39684 ( 2)  0.997
 152 V   0.95875 0.02482 0.01643 ( 1)  0.184
 153 T   0.92043 0.04787 0.03170 ( 1)  0.217
 154 N   0.01346 0.59354 0.39300 ( 2)  0.989
 155 N   0.45746 0.32641 0.21613 ( 1)  0.611
 156 N   0.99662 0.00203 0.00134 ( 1)  0.152
 157 S   0.00033 0.60143 0.39823 ( 2)  1.000
 158 S   0.95840 0.02503 0.01657 ( 1)  0.184
 159 K   0.00047 0.60135 0.39818 ( 2)  1.000
 160 D   0.62424 0.22607 0.14969 ( 1)  0.469
 161 E   0.01375 0.59336 0.39289 ( 2)  0.988
 162 T   0.00120 0.60091 0.39789 ( 2)  0.999
 163 Y   0.99236 0.00460 0.00305 ( 1)  0.156
 164 G   0.35183 0.38996 0.25821 ( 2)  0.701
 165 G   0.10791 0.53671 0.35538 ( 2)  0.908
 166 E   0.00037 0.60141 0.39822 ( 2)  1.000
 167 R   0.43228 0.34156 0.22616 ( 1)  0.632
 168 N   0.98337 0.01001 0.00662 ( 1)  0.163
 169 L   0.64806 0.21174 0.14020 ( 1)  0.449
 170 P   0.76011 0.14433 0.09556 ( 1)  0.353
 171 T   0.97431 0.01546 0.01023 ( 1)  0.171
 172 V   0.54372 0.27452 0.18177 ( 1)  0.537
 173 Q   0.08910 0.54803 0.36287 ( 2)  0.924
 174 T   0.00614 0.59794 0.39592 ( 2)  0.995
 175 N   0.00280 0.59995 0.39725 ( 2)  0.998
 176 F   0.01117 0.59492 0.39392 ( 2)  0.990
 177 D   0.07614 0.55582 0.36803 ( 2)  0.935
 178 F   0.93199 0.04092 0.02709 ( 1)  0.207
 179 L   0.44005 0.33689 0.22306 ( 1)  0.626
 180 T   0.78149 0.13146 0.08705 ( 1)  0.335
 181 N   0.47149 0.31797 0.21054 ( 1)  0.599
 182 K   0.62361 0.22645 0.14994 ( 1)  0.469
 183 V   0.69181 0.18542 0.12277 ( 1)  0.411
 184 G   0.58003 0.25267 0.16730 ( 1)  0.506
 185 -   0.97288 0.01631 0.01080 ( 1)  0.172
 186 -   0.84434 0.09365 0.06201 ( 1)  0.282
 187 -   0.19450 0.48462 0.32088 ( 2)  0.834
 188 N   0.00954 0.59590 0.39457 ( 2)  0.992
 189 G   0.13847 0.51833 0.34320 ( 2)  0.882
 190 S   0.01248 0.59413 0.39339 ( 2)  0.989
 191 P   0.99809 0.00115 0.00076 ( 1)  0.151
 192 T   0.94689 0.03195 0.02116 ( 1)  0.194
 193 Y   0.97779 0.01336 0.00885 ( 1)  0.168
 194 N   0.95791 0.02532 0.01677 ( 1)  0.185
 195 N   0.99719 0.00169 0.00112 ( 1)  0.151
 196 -   0.49273 0.30519 0.20208 ( 1)  0.581
 197 -   0.92670 0.04410 0.02920 ( 1)  0.211
 198 -   0.97751 0.01353 0.00896 ( 1)  0.168
 199 Y   0.99334 0.00401 0.00265 ( 1)  0.155
 200 N   0.98229 0.01065 0.00705 ( 1)  0.164
 201 H   0.99926 0.00044 0.00029 ( 1)  0.150
 202 I   0.92434 0.04552 0.03014 ( 1)  0.213
 203 L   0.99328 0.00404 0.00268 ( 1)  0.155
 204 S   0.97420 0.01552 0.01028 ( 1)  0.171
 205 Y   0.66332 0.20256 0.13412 ( 1)  0.436
 206 M   0.96834 0.01905 0.01261 ( 1)  0.176
 207 L   0.93800 0.03730 0.02470 ( 1)  0.202
 208 T   0.93418 0.03960 0.02622 ( 1)  0.205
 209 N   0.95404 0.02765 0.01831 ( 1)  0.188
 210 G   0.04397 0.57518 0.38085 ( 2)  0.963
 211 T   0.32179 0.40804 0.27018 ( 2)  0.726
 212 F   0.01450 0.59291 0.39259 ( 2)  0.988
 213 S   0.00906 0.59618 0.39475 ( 2)  0.992
 214 Q   0.87309 0.07635 0.05056 ( 1)  0.257
 215 K   0.49988 0.30089 0.19923 ( 1)  0.575
 216 -   0.56650 0.26081 0.17269 ( 1)  0.518
 217 -   0.56650 0.26081 0.17269 ( 1)  0.518
 218 -   0.56650 0.26081 0.17269 ( 1)  0.518
 219 -   0.56650 0.26081 0.17269 ( 1)  0.518
 220 -   0.56650 0.26081 0.17269 ( 1)  0.518
 221 -   0.56650 0.26081 0.17269 ( 1)  0.518
 222 -   0.56650 0.26081 0.17269 ( 1)  0.518
 223 -   0.56650 0.26081 0.17269 ( 1)  0.518
 224 R   0.98412 0.00956 0.00633 ( 1)  0.163
 225 H   0.09493 0.54452 0.36055 ( 2)  0.919
 226 G   0.98064 0.01165 0.00771 ( 1)  0.166
 227 Y   0.92539 0.04489 0.02972 ( 1)  0.213
 228 T   0.90650 0.05625 0.03725 ( 1)  0.229
 229 F   0.98149 0.01114 0.00737 ( 1)  0.165
 230 A   0.82757 0.10374 0.06869 ( 1)  0.296
 231 F   0.69388 0.18417 0.12195 ( 1)  0.410
 232 T   0.99085 0.00550 0.00364 ( 1)  0.157
 233 H   0.99926 0.00044 0.00029 ( 1)  0.150
 234 S   0.51907 0.28935 0.19159 ( 1)  0.558
 235 S   0.99578 0.00254 0.00168 ( 1)  0.153

Positively selected sites

	Prob(w>1)  mean w



lnL = -3464.192930

Bayes Empirical Bayes (BEB) probabilities for 3 classes (class) & postmean_w
(amino acids refer to 1st sequence: BT_Cry52Ca1)

   1 Q   0.93980 0.05971 0.00049 ( 1)  0.202 +-  0.205
   2 V   0.86397 0.13481 0.00122 ( 1)  0.267 +-  0.299
   3 K   0.07439 0.90006 0.02555 ( 2)  0.978 +-  0.446
   4 S   0.24908 0.73634 0.01458 ( 2)  0.805 +-  0.432
   5 E   0.99613 0.00385 0.00002 ( 1)  0.153 +-  0.053
   6 L   0.98840 0.01154 0.00006 ( 1)  0.160 +-  0.092
   7 T   0.99247 0.00749 0.00004 ( 1)  0.156 +-  0.074
   8 R   0.99837 0.00162 0.00001 ( 1)  0.151 +-  0.034
   9 E   0.52601 0.46913 0.00486 ( 1)  0.556 +-  0.432
  10 I   0.99709 0.00289 0.00001 ( 1)  0.152 +-  0.046
  11 Y   0.86965 0.12925 0.00110 ( 1)  0.262 +-  0.290
  12 S   0.97226 0.02757 0.00017 ( 1)  0.174 +-  0.141
  13 D   0.99861 0.00139 0.00000 ( 1)  0.151 +-  0.032
  14 V   0.87302 0.12632 0.00067 ( 1)  0.258 +-  0.285
  15 V   0.68659 0.30977 0.00364 ( 1)  0.420 +-  0.408
  16 N   0.99265 0.00733 0.00002 ( 1)  0.156 +-  0.073
  17 -   0.37472 0.61724 0.00803 ( 2)  0.688 +-  0.430
  18 -   0.12156 0.81639 0.06205 ( 2)  1.077 +-  0.981
  19 -   0.93685 0.06273 0.00042 ( 1)  0.204 +-  0.209
  20 -   0.51203 0.47855 0.00943 ( 1)  0.583 +-  0.524
  21 -   0.91319 0.08590 0.00091 ( 1)  0.225 +-  0.255
  22 -   0.51359 0.48044 0.00598 ( 1)  0.569 +-  0.442
  23 -   0.05504 0.90114 0.04382 ( 2)  1.050 +-  0.668
  24 -   0.90892 0.09042 0.00066 ( 1)  0.228 +-  0.249
  25 -   0.92325 0.07625 0.00050 ( 1)  0.216 +-  0.229
  26 A   0.83983 0.15911 0.00107 ( 1)  0.287 +-  0.315
  27 D   0.58754 0.40805 0.00442 ( 1)  0.505 +-  0.438
  28 V   0.00498 0.95293 0.04209 ( 2)  1.062 +-  0.440
  29 F   0.94590 0.05367 0.00043 ( 1)  0.196 +-  0.197
  30 G   0.28638 0.68962 0.02400 ( 2)  0.794 +-  0.530
  31 T   0.24374 0.74275 0.01351 ( 2)  0.810 +-  0.440
  32 I   0.96302 0.03679 0.00019 ( 1)  0.182 +-  0.162
  33 Y   0.93155 0.06805 0.00040 ( 1)  0.209 +-  0.217
  34 T   0.00125 0.88440 0.11436 ( 2)  1.350 +-  1.267
  35 D   0.00559 0.96007 0.03435 ( 2)  1.043 +-  0.378
  36 N   0.91463 0.08485 0.00052 ( 1)  0.223 +-  0.240
  37 N   0.02695 0.92647 0.04658 ( 2)  1.080 +-  0.675
  38 R   0.14295 0.83833 0.01871 ( 2)  0.899 +-  0.378
  39 N   0.97747 0.02241 0.00012 ( 1)  0.169 +-  0.127
  40 E   0.99693 0.00306 0.00001 ( 1)  0.153 +-  0.047
  41 E   0.96861 0.03123 0.00016 ( 1)  0.177 +-  0.149
  42 L   0.07165 0.90364 0.02471 ( 2)  0.980 +-  0.444
  43 Y   0.90374 0.09567 0.00060 ( 1)  0.232 +-  0.253
  44 T   0.80402 0.19441 0.00157 ( 1)  0.318 +-  0.343
  45 R   0.73788 0.26013 0.00199 ( 1)  0.374 +-  0.378
  46 P   0.18961 0.79822 0.01217 ( 2)  0.849 +-  0.364
  47 P   0.99056 0.00938 0.00006 ( 1)  0.158 +-  0.083
  48 H   0.03138 0.92738 0.04125 ( 2)  1.057 +-  0.595
  49 L   0.99380 0.00618 0.00003 ( 1)  0.155 +-  0.067
  50 F   0.98626 0.01365 0.00009 ( 1)  0.162 +-  0.100
  51 T   0.49428 0.50191 0.00381 ( 2)  0.582 +-  0.431
  52 W   0.98251 0.01744 0.00005 ( 1)  0.165 +-  0.112
  53 L   0.93354 0.06580 0.00066 ( 1)  0.207 +-  0.216
  54 R   0.94028 0.05926 0.00046 ( 1)  0.201 +-  0.205
  55 G   0.32977 0.65976 0.01048 ( 2)  0.731 +-  0.439
  56 F   0.90236 0.09662 0.00102 ( 1)  0.234 +-  0.261
  57 R   0.04289 0.92535 0.03176 ( 2)  1.012 +-  0.428
  58 F   0.98307 0.01685 0.00008 ( 1)  0.164 +-  0.111
  59 V   0.00985 0.95213 0.03801 ( 2)  1.071 +-  0.592
  60 T   0.35689 0.62554 0.01757 ( 2)  0.725 +-  0.534
  61 N   0.79062 0.20791 0.00147 ( 1)  0.329 +-  0.350
  62 S   0.00002 0.26302 0.73696 ( 3)  4.712 +-  3.185
  63 I   0.65525 0.34172 0.00303 ( 1)  0.446 +-  0.413
  64 S   0.00114 0.91790 0.08096 ( 2)  1.221 +-  1.003
  65 S   0.03432 0.90089 0.06479 ( 2)  1.122 +-  0.778
  66 G   0.71813 0.27987 0.00200 ( 1)  0.391 +-  0.388
  67 S   0.01702 0.93668 0.04631 ( 2)  1.118 +-  0.833
  68 R   0.00002 0.14733 0.85265 ( 3)  5.375 +-  3.059
  69 T   0.25213 0.73658 0.01128 ( 2)  0.797 +-  0.406
  70 W   0.27562 0.70177 0.02261 ( 2)  0.810 +-  0.582
  71 T   0.89449 0.10432 0.00119 ( 1)  0.241 +-  0.270
  72 F   0.75568 0.24195 0.00237 ( 1)  0.360 +-  0.382
  73 L   0.87492 0.12366 0.00142 ( 1)  0.257 +-  0.287
  74 A   0.95411 0.04539 0.00051 ( 1)  0.190 +-  0.185
  75 G   0.99604 0.00395 0.00002 ( 1)  0.153 +-  0.054
  76 N   0.49959 0.49185 0.00856 ( 1)  0.584 +-  0.453
  77 Q   0.27114 0.72195 0.00691 ( 2)  0.775 +-  0.395
  78 N   0.94306 0.05666 0.00027 ( 1)  0.199 +-  0.198
  79 K   0.26636 0.72401 0.00964 ( 2)  0.782 +-  0.401
  80 Y   0.79848 0.19974 0.00178 ( 1)  0.323 +-  0.351
  81 S   0.20799 0.78025 0.01175 ( 2)  0.834 +-  0.377
  82 Y   0.16541 0.81620 0.01839 ( 2)  0.887 +-  0.456
  83 T   0.99461 0.00535 0.00003 ( 1)  0.155 +-  0.063
  84 R   0.00298 0.51732 0.47971 ( 2)  3.510 +-  3.222
  85 D   0.08099 0.84391 0.07511 ( 2)  1.160 +-  1.084
  86 N   0.28496 0.66071 0.05433 ( 2)  0.953 +-  1.155
  87 R   0.21734 0.69318 0.08948 ( 2)  1.169 +-  1.489
  88 I   0.72314 0.26748 0.00939 ( 1)  0.411 +-  0.557
  89 I   0.72314 0.26748 0.00939 ( 1)  0.411 +-  0.557
  90 Y   0.03058 0.62821 0.34120 ( 2)  2.702 +-  2.899
  91 G   0.66555 0.32229 0.01216 ( 1)  0.463 +-  0.565
  92 P   0.69160 0.29911 0.00930 ( 1)  0.431 +-  0.509
  93 F   0.27739 0.70678 0.01584 ( 2)  0.787 +-  0.476
  94 Y   0.01165 0.90311 0.08524 ( 2)  1.244 +-  1.104
  95 G   0.35280 0.63903 0.00817 ( 2)  0.707 +-  0.424
  96 Q   0.01570 0.94262 0.04167 ( 2)  1.071 +-  0.581
  97 D   0.35796 0.63595 0.00609 ( 2)  0.700 +-  0.420
  98 T   0.86127 0.13801 0.00072 ( 1)  0.268 +-  0.296
  99 N   0.86372 0.13516 0.00112 ( 1)  0.267 +-  0.298
 100 Y   0.99546 0.00452 0.00002 ( 1)  0.154 +-  0.057
 101 G   0.99604 0.00395 0.00002 ( 1)  0.153 +-  0.054
 102 G   0.23443 0.75273 0.01284 ( 2)  0.813 +-  0.400
 103 T   0.95885 0.04079 0.00036 ( 1)  0.185 +-  0.172
 104 S   0.98757 0.01236 0.00008 ( 1)  0.161 +-  0.095
 105 S   0.83973 0.15925 0.00102 ( 1)  0.287 +-  0.315
 106 D   0.29065 0.65528 0.05407 ( 2)  0.950 +-  1.163
 107 T   0.23730 0.68622 0.07649 ( 2)  1.091 +-  1.367
 108 D   0.73632 0.25538 0.00830 ( 1)  0.396 +-  0.532
 109 F   0.24589 0.67252 0.08159 ( 2)  1.125 +-  1.481
 110 A   0.78844 0.20803 0.00354 ( 1)  0.334 +-  0.375
 111 E   0.00905 0.94772 0.04323 ( 2)  1.084 +-  0.615
 112 D   0.00021 0.70756 0.29223 ( 2)  2.250 +-  2.412
 113 S   0.08848 0.87357 0.03796 ( 2)  1.005 +-  0.628
 114 Y   0.00285 0.95333 0.04383 ( 2)  1.077 +-  0.534
 115 V   0.61052 0.38616 0.00333 ( 1)  0.484 +-  0.426
 116 Y   0.99524 0.00474 0.00002 ( 1)  0.154 +-  0.059
 117 N   0.97963 0.02027 0.00010 ( 1)  0.167 +-  0.121
 118 L   0.99020 0.00973 0.00007 ( 1)  0.158 +-  0.085
 119 W   0.16812 0.82380 0.00808 ( 2)  0.862 +-  0.328
 120 T   0.10540 0.87207 0.02253 ( 2)  0.943 +-  0.425
 121 K   0.98817 0.01177 0.00006 ( 1)  0.160 +-  0.093
 122 N   0.99595 0.00403 0.00002 ( 1)  0.153 +-  0.054
 123 Y   0.64615 0.35083 0.00302 ( 1)  0.453 +-  0.414
 124 E   0.96098 0.03882 0.00020 ( 1)  0.183 +-  0.166
 125 F   0.03498 0.94595 0.01907 ( 2)  0.988 +-  0.236
 126 -   0.05882 0.84943 0.09174 ( 2)  1.290 +-  1.382
 127 -   0.11313 0.86429 0.02257 ( 2)  0.941 +-  0.464
 128 -   0.45247 0.54097 0.00656 ( 2)  0.622 +-  0.449
 129 -   0.18458 0.78289 0.03252 ( 2)  0.910 +-  0.626
 130 -   0.49303 0.49998 0.00699 ( 2)  0.590 +-  0.469
 131 -   0.06053 0.87558 0.06390 ( 2)  1.145 +-  1.024
 132 -   0.21200 0.76391 0.02409 ( 2)  0.867 +-  0.574
 133 -   0.64245 0.35289 0.00466 ( 1)  0.460 +-  0.439
 134 -   0.74087 0.25512 0.00401 ( 1)  0.377 +-  0.417
 135 -   0.64512 0.34010 0.01478 ( 1)  0.489 +-  0.615
 136 I   0.93727 0.06242 0.00031 ( 1)  0.204 +-  0.208
 137 S   0.16612 0.81968 0.01420 ( 2)  0.876 +-  0.399
 138 P   0.68089 0.31664 0.00248 ( 1)  0.423 +-  0.402
 139 Y   0.02484 0.93379 0.04138 ( 2)  1.049 +-  0.488
 140 T   0.90031 0.09925 0.00045 ( 1)  0.235 +-  0.256
 141 D   0.03593 0.90945 0.05462 ( 2)  1.136 +-  0.947
 142 P   0.56323 0.43015 0.00662 ( 1)  0.528 +-  0.443
 143 V   0.97454 0.02525 0.00021 ( 1)  0.172 +-  0.136
 144 N   0.97678 0.02315 0.00007 ( 1)  0.170 +-  0.128
 145 I   0.00016 0.72181 0.27803 ( 2)  2.099 +-  2.221
 146 T   0.43256 0.56028 0.00716 ( 2)  0.638 +-  0.438
 147 K   0.08328 0.79151 0.12521 ( 2)  1.433 +-  1.674
 148 I   0.96252 0.03730 0.00018 ( 1)  0.182 +-  0.162
 149 N   0.73875 0.25191 0.00934 ( 1)  0.400 +-  0.570
 150 F   0.90647 0.09279 0.00074 ( 1)  0.230 +-  0.254
 151 S   0.00422 0.93924 0.05654 ( 2)  1.103 +-  0.592
 152 V   0.96195 0.03775 0.00030 ( 1)  0.183 +-  0.166
 153 T   0.92676 0.07269 0.00055 ( 1)  0.213 +-  0.226
 154 N   0.01241 0.78238 0.20521 ( 2)  1.987 +-  2.359
 155 N   0.48457 0.50879 0.00664 ( 2)  0.595 +-  0.451
 156 N   0.99686 0.00312 0.00002 ( 1)  0.153 +-  0.048
 157 S   0.00012 0.29816 0.70172 ( 3)  4.744 +-  3.300
 158 S   0.96171 0.03804 0.00025 ( 1)  0.183 +-  0.165
 159 K   0.00052 0.93837 0.06110 ( 2)  1.144 +-  0.791
 160 D   0.64653 0.34786 0.00561 ( 1)  0.458 +-  0.445
 161 E   0.01492 0.91856 0.06652 ( 2)  1.161 +-  0.882
 162 T   0.00124 0.87545 0.12331 ( 2)  1.457 +-  1.555
 163 Y   0.99296 0.00701 0.00003 ( 1)  0.156 +-  0.071
 164 G   0.38167 0.61388 0.00445 ( 2)  0.678 +-  0.419
 165 G   0.12165 0.86610 0.01225 ( 2)  0.907 +-  0.314
 166 E   0.00027 0.62660 0.37314 ( 2)  2.629 +-  2.628
 167 R   0.45769 0.53075 0.01156 ( 2)  0.629 +-  0.504
 168 N   0.98459 0.01529 0.00013 ( 1)  0.163 +-  0.109
 169 L   0.67180 0.32513 0.00307 ( 1)  0.432 +-  0.410
 170 P   0.77671 0.22068 0.00260 ( 1)  0.342 +-  0.360
 171 T   0.97633 0.02353 0.00015 ( 1)  0.170 +-  0.131
 172 V   0.57302 0.42451 0.00247 ( 1)  0.514 +-  0.424
 173 Q   0.09899 0.87405 0.02696 ( 2)  0.958 +-  0.457
 174 T   0.00584 0.81125 0.18291 ( 2)  1.714 +-  1.896
 175 N   0.00287 0.86940 0.12773 ( 2)  1.520 +-  1.712
 176 F   0.01252 0.94505 0.04243 ( 2)  1.070 +-  0.548
 177 D   0.08628 0.89901 0.01471 ( 2)  0.940 +-  0.291
 178 F   0.93739 0.06215 0.00046 ( 1)  0.204 +-  0.209
 179 L   0.46981 0.52552 0.00466 ( 2)  0.604 +-  0.432
 180 T   0.79858 0.20029 0.00113 ( 1)  0.322 +-  0.344
 181 N   0.49858 0.49340 0.00802 ( 1)  0.589 +-  0.490
 182 K   0.64789 0.34852 0.00359 ( 1)  0.452 +-  0.414
 183 V   0.71243 0.28435 0.00321 ( 1)  0.397 +-  0.396
 184 G   0.60607 0.39041 0.00352 ( 1)  0.487 +-  0.422
 185 -   0.97496 0.02487 0.00017 ( 1)  0.171 +-  0.135
 186 -   0.85580 0.14275 0.00145 ( 1)  0.274 +-  0.306
 187 -   0.21146 0.76659 0.02195 ( 2)  0.852 +-  0.479
 188 N   0.01053 0.93808 0.05138 ( 2)  1.087 +-  0.573
 189 G   0.15163 0.81791 0.03046 ( 2)  0.946 +-  0.691
 190 S   0.01371 0.92973 0.05656 ( 2)  1.124 +-  0.769
 191 P   0.99823 0.00176 0.00001 ( 1)  0.152 +-  0.036
 192 T   0.95119 0.04852 0.00028 ( 1)  0.192 +-  0.185
 193 Y   0.97952 0.02035 0.00013 ( 1)  0.168 +-  0.122
 194 N   0.96148 0.03837 0.00015 ( 1)  0.183 +-  0.164
 195 N   0.99740 0.00259 0.00001 ( 1)  0.152 +-  0.043
 196 -   0.51330 0.47106 0.01563 ( 1)  0.594 +-  0.572
 197 -   0.93233 0.06722 0.00046 ( 1)  0.208 +-  0.216
 198 -   0.97926 0.02062 0.00011 ( 1)  0.168 +-  0.122
 199 Y   0.99383 0.00613 0.00003 ( 1)  0.155 +-  0.067
 200 N   0.98370 0.01621 0.00009 ( 1)  0.164 +-  0.109
 201 H   0.99932 0.00068 0.00000 ( 1)  0.151 +-  0.022
 202 I   0.93047 0.06917 0.00036 ( 1)  0.209 +-  0.218
 203 L   0.99380 0.00618 0.00003 ( 1)  0.155 +-  0.067
 204 S   0.97638 0.02352 0.00010 ( 1)  0.170 +-  0.130
 205 Y   0.68554 0.31108 0.00338 ( 1)  0.421 +-  0.408
 206 M   0.97089 0.02893 0.00019 ( 1)  0.175 +-  0.144
 207 L   0.94291 0.05669 0.00041 ( 1)  0.199 +-  0.200
 208 T   0.93970 0.06003 0.00027 ( 1)  0.201 +-  0.204
 209 N   0.95779 0.04198 0.00024 ( 1)  0.186 +-  0.173
 210 G   0.05006 0.93064 0.01930 ( 2)  0.980 +-  0.313
 211 T   0.34819 0.64240 0.00940 ( 2)  0.714 +-  0.440
 212 F   0.01660 0.96040 0.02299 ( 2)  1.012 +-  0.266
 213 S   0.01025 0.95462 0.03513 ( 2)  1.056 +-  0.507
 214 Q   0.88338 0.11593 0.00068 ( 1)  0.250 +-  0.275
 215 K   0.53027 0.46687 0.00286 ( 1)  0.551 +-  0.429
 216 -   0.56838 0.39002 0.04160 ( 1)  0.693 +-  1.188
 217 -   0.56838 0.39002 0.04160 ( 1)  0.693 +-  1.188
 218 -   0.56838 0.39002 0.04160 ( 1)  0.693 +-  1.188
 219 -   0.56838 0.39002 0.04160 ( 1)  0.693 +-  1.188
 220 -   0.56838 0.39002 0.04160 ( 1)  0.693 +-  1.188
 221 -   0.56838 0.39002 0.04160 ( 1)  0.693 +-  1.188
 222 -   0.56838 0.39002 0.04160 ( 1)  0.693 +-  1.188
 223 -   0.56838 0.39002 0.04160 ( 1)  0.693 +-  1.188
 224 R   0.98540 0.01454 0.00006 ( 1)  0.162 +-  0.102
 225 H   0.10655 0.87550 0.01795 ( 2)  0.932 +-  0.368
 226 G   0.98225 0.01767 0.00008 ( 1)  0.165 +-  0.113
 227 Y   0.93162 0.06804 0.00033 ( 1)  0.208 +-  0.216
 228 T   0.91396 0.08542 0.00063 ( 1)  0.224 +-  0.242
 229 F   0.98298 0.01694 0.00008 ( 1)  0.165 +-  0.110
 230 A   0.84034 0.15796 0.00170 ( 1)  0.287 +-  0.322
 231 F   0.71502 0.28248 0.00250 ( 1)  0.394 +-  0.389
 232 T   0.99152 0.00842 0.00006 ( 1)  0.157 +-  0.079
 233 H   0.99932 0.00068 0.00000 ( 1)  0.151 +-  0.022
 234 S   0.54626 0.44848 0.00526 ( 1)  0.540 +-  0.437
 235 S   0.99608 0.00389 0.00002 ( 1)  0.153 +-  0.054

Positively selected sites

	Prob(w>1)  mean w

    62 S      0.737         4.712 +- 3.185
    68 R      0.853         5.375 +- 3.059
   157 S      0.702         4.744 +- 3.300

