Supplemental results for CODEML (seqf: algn  treef: tree)


dN/dS (w) for site classes (K=9)

p:   0.12308  0.12308  0.12308  0.12308  0.12308  0.12308  0.12308  0.12308  0.01538
w:   0.00128  0.01454  0.04550  0.09769  0.17573  0.28720  0.44736  0.70283  3.67808

Naive Empirical Bayes (NEB) probabilities for 9 classes & postmean_w & P(w>1)
(amino acids refer to 1st sequence: BT_Cry2Aa13)

   1 -   0.12308 0.12308 0.12308 0.12308 0.12308 0.12308 0.12308 0.12308 0.01538 ( 6)  0.275  0.015
   2 L   0.00270 0.02932 0.08207 0.14613 0.19897 0.21910 0.19473 0.12695 0.00001 ( 6)  0.293  0.000
   3 V   0.00000 0.00002 0.00067 0.00669 0.03595 0.12544 0.30661 0.52394 0.00069 ( 8)  0.551  0.001
   4 G   0.21638 0.20585 0.18325 0.15067 0.11252 0.07427 0.04102 0.01603 0.00000 ( 1)  0.097  0.000
   5 K   0.24882 0.23132 0.19520 0.14680 0.09616 0.05289 0.02272 0.00611 0.00000 ( 1)  0.073  0.000
   6 R   0.19162 0.18506 0.17063 0.14885 0.12143 0.09092 0.06015 0.03133 0.00000 ( 1)  0.122  0.000
   7 I   0.26278 0.24163 0.19878 0.14329 0.08820 0.04450 0.01698 0.00383 0.00000 ( 1)  0.065  0.000
   8 L   0.18341 0.17789 0.16569 0.14706 0.12323 0.09602 0.06753 0.03913 0.00003 ( 1)  0.132  0.000
   9 S   0.24502 0.22854 0.19429 0.14786 0.09840 0.05516 0.02415 0.00656 0.00000 ( 1)  0.075  0.000
  10 E   0.19792 0.19045 0.17411 0.14971 0.11953 0.08676 0.05490 0.02662 0.00000 ( 1)  0.115  0.000
  11 L   0.21036 0.20083 0.18028 0.15037 0.11481 0.07835 0.04553 0.01947 0.00000 ( 1)  0.103  0.000
  12 R   0.00000 0.00000 0.00001 0.00026 0.00244 0.01498 0.07120 0.30857 0.60254 ( 9)  2.470  0.603
  13 N   0.00000 0.00010 0.00265 0.02003 0.07827 0.19452 0.33149 0.37285 0.00010 ( 8)  0.482  0.000
  14 L   0.00001 0.00153 0.01332 0.05060 0.12282 0.21827 0.29697 0.29635 0.00012 ( 7)  0.431  0.000
  15 I   0.25902 0.23888 0.19786 0.14428 0.09035 0.04673 0.01847 0.00442 0.00000 ( 1)  0.068  0.000
  16 F   0.25637 0.23702 0.19742 0.14521 0.09197 0.04817 0.01924 0.00459 0.00000 ( 1)  0.069  0.000
  17 P   0.22149 0.21001 0.18550 0.15054 0.11025 0.07079 0.03760 0.01383 0.00000 ( 1)  0.093  0.000
  18 S   0.00415 0.04402 0.11709 0.19132 0.22910 0.20993 0.14322 0.06117 0.00000 ( 5)  0.232  0.000
  19 G   0.21674 0.20615 0.18342 0.15068 0.11237 0.07402 0.04076 0.01586 0.00000 ( 1)  0.097  0.000
  20 S   0.00389 0.04141 0.11111 0.18418 0.22532 0.21288 0.15174 0.06948 0.00000 ( 5)  0.241  0.000
  21 T   0.00417 0.04427 0.11748 0.19133 0.22831 0.20884 0.14307 0.06252 0.00000 ( 5)  0.233  0.000
  22 N   0.00003 0.00317 0.02601 0.08914 0.18563 0.26561 0.26588 0.16454 0.00000 ( 7)  0.353  0.000
  23 L   0.00240 0.02622 0.07430 0.13507 0.18970 0.21820 0.20623 0.14785 0.00003 ( 6)  0.309  0.000
  24 M   0.24809 0.23089 0.19526 0.14728 0.09673 0.05320 0.02266 0.00589 0.00000 ( 1)  0.074  0.000
  25 Q   0.00269 0.02920 0.08182 0.14593 0.19910 0.21961 0.19517 0.12646 0.00001 ( 6)  0.293  0.000
  26 D   0.00436 0.04614 0.12174 0.19633 0.23082 0.20662 0.13711 0.05687 0.00000 ( 5)  0.227  0.000
  27 I   0.25168 0.23346 0.19599 0.14614 0.09455 0.05113 0.02147 0.00559 0.00000 ( 1)  0.072  0.000
  28 L   0.21036 0.20083 0.18028 0.15037 0.11481 0.07835 0.04553 0.01947 0.00000 ( 1)  0.103  0.000
  29 -   0.12308 0.12308 0.12308 0.12308 0.12308 0.12308 0.12308 0.12308 0.01538 ( 6)  0.275  0.015
  30 R   0.22088 0.20946 0.18508 0.15034 0.11035 0.07120 0.03824 0.01446 0.00000 ( 1)  0.094  0.000
  31 E   0.00000 0.00002 0.00062 0.00548 0.02713 0.09399 0.25529 0.58645 0.03102 ( 8)  0.673  0.031
  32 T   0.00369 0.03939 0.10637 0.17826 0.22175 0.21467 0.15866 0.07721 0.00000 ( 5)  0.249  0.000
  33 E   0.00403 0.04289 0.11444 0.18799 0.22704 0.21089 0.14712 0.06558 0.00000 ( 5)  0.237  0.000
  34 K   0.00000 0.00007 0.00182 0.01444 0.06039 0.16499 0.32041 0.43765 0.00022 ( 8)  0.511  0.000
  35 F   0.00001 0.00077 0.00702 0.02897 0.07945 0.16769 0.29061 0.42119 0.00429 ( 8)  0.507  0.004
  36 L   0.00000 0.00002 0.00070 0.00617 0.02993 0.10086 0.26370 0.57270 0.02592 ( 8)  0.651  0.026
  37 N   0.00461 0.04859 0.12722 0.20252 0.23351 0.20333 0.12969 0.05053 0.00000 ( 5)  0.219  0.000
  38 Q   0.00271 0.02937 0.08223 0.14648 0.19949 0.21954 0.19456 0.12561 0.00001 ( 6)  0.292  0.000
  39 R   0.00000 0.00001 0.00025 0.00354 0.02422 0.10161 0.29054 0.57934 0.00050 ( 8)  0.573  0.001
  40 L   0.22712 0.21351 0.18529 0.14697 0.10564 0.06792 0.03774 0.01580 0.00000 ( 1)  0.092  0.000
  41 N   0.00002 0.00245 0.02069 0.07411 0.16424 0.25486 0.28280 0.20083 0.00000 ( 7)  0.378  0.000
  42 T   0.00000 0.00007 0.00187 0.01478 0.06163 0.16755 0.32240 0.43160 0.00011 ( 8)  0.508  0.000
  43 D   0.00000 0.00018 0.00202 0.01100 0.04075 0.11655 0.27324 0.54441 0.01186 ( 8)  0.590  0.012
  44 T   0.00001 0.00113 0.01005 0.03969 0.10200 0.19633 0.29841 0.35195 0.00043 ( 8)  0.461  0.000
  45 L   0.00000 0.00004 0.00113 0.00907 0.03957 0.12005 0.28464 0.54447 0.00104 ( 8)  0.556  0.001
  46 A   0.00000 0.00000 0.00000 0.00000 0.00000 0.00002 0.00044 0.00899 0.99055 ( 9)  3.650  0.991
  47 R   0.00001 0.00122 0.01085 0.04237 0.10717 0.20188 0.29825 0.33796 0.00028 ( 8)  0.453  0.000
  48 V   0.00001 0.00121 0.01101 0.04432 0.11482 0.21681 0.30727 0.30452 0.00003 ( 7)  0.439  0.000
  49 N   0.00000 0.00000 0.00028 0.00451 0.03124 0.12406 0.31737 0.52244 0.00009 ( 8)  0.551  0.000
  50 A   0.00001 0.00122 0.01086 0.04248 0.10760 0.20281 0.29903 0.33574 0.00024 ( 8)  0.452  0.000
  51 E   0.00000 0.00011 0.00274 0.02070 0.08063 0.19900 0.33418 0.36262 0.00002 ( 8)  0.478  0.000
  52 L   0.00155 0.01727 0.05099 0.09931 0.15447 0.20519 0.23752 0.23294 0.00077 ( 7)  0.371  0.001
  53 T   0.00000 0.00000 0.00000 0.00000 0.00000 0.00000 0.00000 0.00035 0.99965 ( 9)  3.677  1.000
  54 G   0.17405 0.16975 0.16016 0.14522 0.12550 0.10198 0.07583 0.04749 0.00004 ( 1)  0.143  0.000
  55 L   0.18576 0.17995 0.16712 0.14761 0.12275 0.09458 0.06540 0.03682 0.00002 ( 1)  0.129  0.000
  56 Q   0.00266 0.02890 0.08107 0.14487 0.19823 0.21956 0.19629 0.12841 0.00001 ( 6)  0.294  0.000
  57 A   0.21791 0.20708 0.18387 0.15055 0.11177 0.07322 0.04008 0.01552 0.00000 ( 1)  0.096  0.000
  58 N   0.00500 0.05242 0.13564 0.21167 0.23692 0.19772 0.11866 0.04198 0.00000 ( 5)  0.209  0.000
  59 V   0.00411 0.04367 0.11614 0.18980 0.22762 0.20962 0.14490 0.06414 0.00000 ( 5)  0.235  0.000
  60 E   0.00000 0.00000 0.00001 0.00034 0.00478 0.03678 0.18755 0.71954 0.05100 ( 8)  0.789  0.051
  61 E   0.19566 0.18850 0.17282 0.14934 0.12015 0.08823 0.05684 0.02845 0.00000 ( 1)  0.117  0.000
  62 F   0.25637 0.23702 0.19742 0.14521 0.09197 0.04817 0.01924 0.00459 0.00000 ( 1)  0.069  0.000
  63 N   0.26131 0.24063 0.19858 0.14385 0.08910 0.04526 0.01736 0.00390 0.00000 ( 1)  0.066  0.000
  64 R   0.00001 0.00096 0.00864 0.03479 0.09203 0.18445 0.29667 0.38150 0.00095 ( 8)  0.477  0.001
  65 Q   0.21217 0.20238 0.18127 0.15060 0.11425 0.07713 0.04403 0.01818 0.00000 ( 1)  0.101  0.000
  66 V   0.23722 0.22245 0.19150 0.14890 0.10242 0.06030 0.02843 0.00878 0.00000 ( 1)  0.081  0.000
  67 D   0.24374 0.22750 0.19374 0.14791 0.09900 0.05605 0.02499 0.00705 0.00000 ( 1)  0.077  0.000
  68 N   0.26131 0.24063 0.19858 0.14385 0.08910 0.04526 0.01736 0.00390 0.00000 ( 1)  0.066  0.000
  69 F   0.00462 0.04873 0.12760 0.20310 0.23402 0.20334 0.12901 0.04958 0.00000 ( 5)  0.218  0.000
  70 L   0.19355 0.18668 0.17163 0.14901 0.12074 0.08961 0.05864 0.03014 0.00000 ( 1)  0.120  0.000
  71 N   0.19178 0.18522 0.17076 0.14894 0.12145 0.09083 0.05996 0.03106 0.00000 ( 1)  0.121  0.000
  72 P   0.22172 0.21020 0.18559 0.15052 0.11014 0.07063 0.03745 0.01375 0.00000 ( 1)  0.093  0.000
  73 N   0.00316 0.03399 0.09347 0.16157 0.21055 0.21800 0.17772 0.10154 0.00000 ( 6)  0.271  0.000
  74 R   0.00001 0.00108 0.00968 0.03842 0.09945 0.19333 0.29804 0.35944 0.00055 ( 8)  0.465  0.001
  75 N   0.00190 0.02096 0.06081 0.11496 0.17104 0.21326 0.22546 0.19149 0.00013 ( 7)  0.342  0.000
  76 A   0.00001 0.00174 0.01503 0.05623 0.13331 0.22879 0.29537 0.26949 0.00003 ( 7)  0.417  0.000
  77 V   0.00002 0.00237 0.01992 0.07130 0.15840 0.24850 0.28365 0.21584 0.00001 ( 7)  0.386  0.000
  78 P   0.22149 0.21001 0.18550 0.15054 0.11025 0.07079 0.03760 0.01383 0.00000 ( 1)  0.093  0.000
  79 L   0.21036 0.20083 0.18028 0.15037 0.11481 0.07835 0.04553 0.01947 0.00000 ( 1)  0.103  0.000
  80 S   0.00285 0.03082 0.08579 0.15134 0.20320 0.21928 0.18921 0.11750 0.00001 ( 6)  0.285  0.000
  81 I   0.26278 0.24163 0.19878 0.14329 0.08820 0.04450 0.01698 0.00383 0.00000 ( 1)  0.065  0.000
  82 T   0.00390 0.04150 0.11117 0.18394 0.22463 0.21217 0.15188 0.07082 0.00000 ( 5)  0.242  0.000
  83 S   0.00002 0.00214 0.01815 0.06590 0.14959 0.24190 0.28815 0.23414 0.00001 ( 7)  0.397  0.000
  84 S   0.19895 0.19130 0.17459 0.14971 0.11908 0.08604 0.05417 0.02616 0.00000 ( 1)  0.114  0.000
  85 V   0.24488 0.22836 0.19408 0.14767 0.09837 0.05534 0.02447 0.00684 0.00000 ( 1)  0.076  0.000
  86 N   0.26131 0.24063 0.19858 0.14385 0.08910 0.04526 0.01736 0.00390 0.00000 ( 1)  0.066  0.000
  87 T   0.24342 0.22727 0.19367 0.14801 0.09920 0.05625 0.02510 0.00708 0.00000 ( 1)  0.077  0.000
  88 M   0.00000 0.00007 0.00182 0.01445 0.06041 0.16497 0.32036 0.43775 0.00016 ( 8)  0.511  0.000
  89 Q   0.18665 0.18077 0.16776 0.14796 0.12272 0.09411 0.06447 0.03555 0.00001 ( 1)  0.127  0.000
  90 Q   0.00259 0.02815 0.07921 0.14227 0.19614 0.21952 0.19909 0.13303 0.00001 ( 6)  0.298  0.000
  91 L   0.00261 0.02841 0.07978 0.14288 0.19625 0.21886 0.19813 0.13307 0.00002 ( 6)  0.298  0.000
  92 F   0.24558 0.22889 0.19428 0.14753 0.09798 0.05490 0.02415 0.00670 0.00000 ( 1)  0.075  0.000
  93 L   0.20220 0.19405 0.17629 0.15002 0.11797 0.08387 0.05159 0.02402 0.00000 ( 1)  0.111  0.000
  94 N   0.00453 0.04785 0.12561 0.20080 0.23294 0.20447 0.13177 0.05202 0.00000 ( 5)  0.221  0.000
  95 R   0.23598 0.22154 0.19120 0.14925 0.10318 0.06106 0.02890 0.00889 0.00000 ( 1)  0.082  0.000
  96 L   0.21036 0.20083 0.18028 0.15037 0.11481 0.07835 0.04553 0.01947 0.00000 ( 1)  0.103  0.000
  97 P   0.00000 0.00045 0.00421 0.01827 0.05409 0.12724 0.25741 0.47602 0.06232 ( 8)  0.727  0.062
  98 Q   0.17018 0.16635 0.15775 0.14426 0.12622 0.10433 0.07941 0.05145 0.00005 ( 1)  0.148  0.000
  99 F   0.18143 0.17627 0.16478 0.14709 0.12415 0.09750 0.06897 0.03980 0.00001 ( 1)  0.133  0.000
 100 Q   0.00048 0.00577 0.01992 0.04828 0.09732 0.17182 0.27059 0.37967 0.00615 ( 8)  0.483  0.006
 101 M   0.00000 0.00000 0.00019 0.00322 0.02359 0.10156 0.29179 0.57879 0.00086 ( 8)  0.574  0.001
 102 Q   0.00269 0.02916 0.08172 0.14579 0.19898 0.21960 0.19532 0.12672 0.00001 ( 6)  0.293  0.000
 103 G   0.00211 0.02320 0.06663 0.12385 0.17968 0.21621 0.21740 0.17084 0.00006 ( 7)  0.327  0.000
 104 Y   0.18981 0.18348 0.16953 0.14844 0.12181 0.09203 0.06180 0.03310 0.00001 ( 1)  0.124  0.000
 105 Q   0.19920 0.19151 0.17472 0.14974 0.11900 0.08588 0.05397 0.02598 0.00000 ( 1)  0.114  0.000
 106 L   0.16609 0.16269 0.15502 0.14293 0.12663 0.10660 0.08338 0.05657 0.00011 ( 1)  0.154  0.000
 107 L   0.21036 0.20083 0.18028 0.15037 0.11481 0.07835 0.04553 0.01947 0.00000 ( 1)  0.103  0.000
 108 L   0.21036 0.20083 0.18028 0.15037 0.11481 0.07835 0.04553 0.01947 0.00000 ( 1)  0.103  0.000
 109 L   0.21036 0.20083 0.18028 0.15037 0.11481 0.07835 0.04553 0.01947 0.00000 ( 1)  0.103  0.000
 110 P   0.22149 0.21001 0.18550 0.15054 0.11025 0.07079 0.03760 0.01383 0.00000 ( 1)  0.093  0.000
 111 L   0.21036 0.20083 0.18028 0.15037 0.11481 0.07835 0.04553 0.01947 0.00000 ( 1)  0.103  0.000
 112 F   0.25637 0.23702 0.19742 0.14521 0.09197 0.04817 0.01924 0.00459 0.00000 ( 1)  0.069  0.000
 113 A   0.23198 0.21839 0.18972 0.14973 0.10521 0.06372 0.03116 0.01009 0.00000 ( 1)  0.085  0.000
 114 Q   0.17723 0.17256 0.16216 0.14604 0.12493 0.10005 0.07286 0.04414 0.00002 ( 1)  0.139  0.000
 115 A   0.23198 0.21839 0.18972 0.14973 0.10521 0.06372 0.03116 0.01009 0.00000 ( 1)  0.085  0.000
 116 A   0.15267 0.15060 0.14587 0.13824 0.12757 0.11376 0.09652 0.07431 0.00047 ( 1)  0.175  0.000
 117 N   0.00505 0.05293 0.13668 0.21259 0.23693 0.19674 0.11753 0.04155 0.00000 ( 5)  0.208  0.000
 118 L   0.00279 0.03028 0.08443 0.14939 0.20154 0.21907 0.19122 0.12126 0.00001 ( 6)  0.288  0.000
 119 H   0.23560 0.22120 0.19099 0.14921 0.10332 0.06134 0.02922 0.00912 0.00000 ( 1)  0.082  0.000
 120 L   0.23758 0.22275 0.19169 0.14893 0.10229 0.06004 0.02815 0.00858 0.00000 ( 1)  0.081  0.000
 121 S   0.00324 0.03489 0.09568 0.16462 0.21297 0.21798 0.17443 0.09619 0.00000 ( 6)  0.267  0.000
 122 F   0.25637 0.23702 0.19742 0.14521 0.09197 0.04817 0.01924 0.00459 0.00000 ( 1)  0.069  0.000
 123 I   0.25168 0.23346 0.19599 0.14614 0.09455 0.05113 0.02147 0.00559 0.00000 ( 1)  0.072  0.000
 124 R   0.23598 0.22154 0.19120 0.14925 0.10318 0.06106 0.02890 0.00889 0.00000 ( 1)  0.082  0.000
 125 D   0.25200 0.23377 0.19624 0.14626 0.09445 0.05084 0.02111 0.00533 0.00000 ( 1)  0.071  0.000
 126 V   0.23883 0.22368 0.19202 0.14861 0.10155 0.05926 0.02763 0.00841 0.00000 ( 1)  0.080  0.000
 127 I   0.00411 0.04359 0.11585 0.18920 0.22687 0.20926 0.14551 0.06562 0.00000 ( 5)  0.236  0.000
 128 L   0.22830 0.21545 0.18823 0.14999 0.10696 0.06620 0.03344 0.01143 0.00000 ( 1)  0.087  0.000
 129 N   0.26131 0.24063 0.19858 0.14385 0.08910 0.04526 0.01736 0.00390 0.00000 ( 1)  0.066  0.000
 130 A   0.23198 0.21839 0.18972 0.14973 0.10521 0.06372 0.03116 0.01009 0.00000 ( 1)  0.085  0.000
 131 D   0.00003 0.00325 0.02661 0.09089 0.18829 0.26724 0.26408 0.15962 0.00000 ( 6)  0.350  0.000
 132 E   0.24269 0.22669 0.19339 0.14809 0.09956 0.05673 0.02553 0.00731 0.00000 ( 1)  0.077  0.000
 133 W   0.15864 0.15602 0.15006 0.14052 0.12739 0.11075 0.09060 0.06580 0.00021 ( 1)  0.165  0.000
 134 G   0.21203 0.20227 0.18122 0.15063 0.11432 0.07723 0.04410 0.01819 0.00000 ( 1)  0.101  0.000
 135 I   0.25322 0.23458 0.19634 0.14570 0.09364 0.05023 0.02090 0.00541 0.00000 ( 1)  0.071  0.000
 136 S   0.00270 0.02926 0.08196 0.14608 0.19915 0.21949 0.19496 0.12639 0.00001 ( 6)  0.293  0.000
 137 A   0.23188 0.21831 0.18968 0.14973 0.10526 0.06379 0.03123 0.01012 0.00000 ( 1)  0.085  0.000
 138 A   0.23198 0.21839 0.18972 0.14973 0.10521 0.06372 0.03116 0.01009 0.00000 ( 1)  0.085  0.000
 139 T   0.24143 0.22573 0.19300 0.14833 0.10026 0.05754 0.02613 0.00758 0.00000 ( 1)  0.078  0.000
 140 L   0.00001 0.00127 0.01125 0.04366 0.10946 0.20390 0.29727 0.33254 0.00064 ( 8)  0.452  0.001
 141 R   0.19231 0.18568 0.17108 0.14904 0.12132 0.09049 0.05949 0.03059 0.00000 ( 1)  0.121  0.000
 142 T   0.20347 0.19511 0.17693 0.15010 0.11750 0.08301 0.05062 0.02327 0.00000 ( 1)  0.109  0.000
 143 Y   0.23331 0.21939 0.19009 0.14940 0.10442 0.06287 0.03060 0.00992 0.00000 ( 1)  0.084  0.000
 144 R   0.00001 0.00128 0.01133 0.04405 0.11053 0.20573 0.29846 0.32823 0.00038 ( 8)  0.449  0.000
 145 D   0.00000 0.00009 0.00240 0.01842 0.07338 0.18715 0.32998 0.38851 0.00007 ( 8)  0.489  0.000
 146 Y   0.00132 0.01476 0.04418 0.08800 0.14151 0.19710 0.24409 0.26627 0.00277 ( 8)  0.399  0.003
 147 L   0.16805 0.16444 0.15631 0.14354 0.12640 0.10549 0.08149 0.05420 0.00008 ( 1)  0.151  0.000
 148 K   0.00000 0.00000 0.00002 0.00059 0.00772 0.05334 0.23313 0.70144 0.00376 ( 8)  0.628  0.004
 149 N   0.00003 0.00332 0.02714 0.09231 0.19011 0.26782 0.26230 0.15698 0.00000 ( 6)  0.348  0.000
 150 Y   0.00322 0.03469 0.09514 0.16372 0.21199 0.21756 0.17527 0.09841 0.00000 ( 6)  0.268  0.000
 151 T   0.24401 0.22772 0.19386 0.14791 0.09888 0.05586 0.02481 0.00694 0.00000 ( 1)  0.076  0.000
 152 R   0.00288 0.03110 0.08607 0.15062 0.20065 0.21596 0.18876 0.12394 0.00002 ( 6)  0.288  0.000
 153 D   0.00000 0.00013 0.00323 0.02389 0.09018 0.21302 0.33655 0.33300 0.00001 ( 7)  0.464  0.000
 154 Y   0.17455 0.17020 0.16049 0.14537 0.12543 0.10168 0.07535 0.04690 0.00003 ( 1)  0.142  0.000
 155 S   0.21913 0.20807 0.18441 0.15053 0.11125 0.07240 0.03925 0.01496 0.00000 ( 1)  0.095  0.000
 156 N   0.24701 0.23001 0.19480 0.14734 0.09724 0.05395 0.02336 0.00630 0.00000 ( 1)  0.074  0.000
 157 Y   0.23331 0.21939 0.19009 0.14940 0.10442 0.06287 0.03060 0.00992 0.00000 ( 1)  0.084  0.000
 158 C   0.22531 0.21309 0.18712 0.15035 0.10849 0.06820 0.03513 0.01231 0.00000 ( 1)  0.090  0.000
 159 I   0.26278 0.24163 0.19878 0.14329 0.08820 0.04450 0.01698 0.00383 0.00000 ( 1)  0.065  0.000
 160 N   0.00000 0.00014 0.00362 0.02633 0.09697 0.22166 0.33589 0.31536 0.00002 ( 7)  0.455  0.000
 161 T   0.17529 0.17087 0.16098 0.14561 0.12536 0.10127 0.07462 0.04597 0.00003 ( 1)  0.141  0.000
 162 Y   0.23025 0.21696 0.18890 0.14969 0.10592 0.06492 0.03242 0.01095 0.00000 ( 1)  0.086  0.000
 163 Q   0.21217 0.20238 0.18127 0.15060 0.11425 0.07713 0.04403 0.01818 0.00000 ( 1)  0.101  0.000
 164 S   0.00000 0.00010 0.00257 0.01957 0.07716 0.19367 0.33288 0.37403 0.00002 ( 8)  0.483  0.000
 165 A   0.17618 0.17164 0.16152 0.14580 0.12515 0.10071 0.07382 0.04515 0.00002 ( 1)  0.140  0.000
 166 F   0.25336 0.23476 0.19657 0.14588 0.09366 0.05003 0.02058 0.00516 0.00000 ( 1)  0.071  0.000
 167 K   0.00002 0.00230 0.01944 0.06985 0.15611 0.24691 0.28496 0.22040 0.00001 ( 7)  0.389  0.000
 168 G   0.20945 0.20013 0.17999 0.15057 0.11537 0.07899 0.04597 0.01953 0.00000 ( 1)  0.103  0.000
 169 L   0.21036 0.20083 0.18028 0.15037 0.11481 0.07835 0.04553 0.01947 0.00000 ( 1)  0.103  0.000
 170 N   0.18851 0.18239 0.16889 0.14838 0.12232 0.09295 0.06279 0.03377 0.00000 ( 1)  0.125  0.000
 171 T   0.00000 0.00000 0.00005 0.00101 0.00862 0.04632 0.18287 0.59996 0.16117 ( 8)  1.111  0.161
 172 R   0.00000 0.00004 0.00123 0.01020 0.04562 0.13687 0.30268 0.50251 0.00085 ( 8)  0.540  0.001
 173 L   0.21036 0.20083 0.18028 0.15037 0.11481 0.07835 0.04553 0.01947 0.00000 ( 1)  0.103  0.000
 174 H   0.00156 0.01734 0.05119 0.09962 0.15480 0.20534 0.23726 0.23212 0.00077 ( 7)  0.371  0.001
 175 D   0.25480 0.23587 0.19705 0.14565 0.09290 0.04910 0.01984 0.00480 0.00000 ( 1)  0.070  0.000
 176 M   0.00000 0.00009 0.00240 0.01847 0.07376 0.18840 0.33158 0.38528 0.00002 ( 8)  0.488  0.000
 177 L   0.20757 0.19827 0.17827 0.14932 0.11509 0.08011 0.04854 0.02281 0.00000 ( 1)  0.107  0.000
 178 E   0.23955 0.22425 0.19229 0.14854 0.10120 0.05879 0.02722 0.00818 0.00000 ( 1)  0.079  0.000
 179 F   0.25637 0.23702 0.19742 0.14521 0.09197 0.04817 0.01924 0.00459 0.00000 ( 1)  0.069  0.000
 180 R   0.23598 0.22154 0.19120 0.14925 0.10318 0.06106 0.02890 0.00889 0.00000 ( 1)  0.082  0.000
 181 T   0.24401 0.22772 0.19386 0.14791 0.09888 0.05586 0.02481 0.00694 0.00000 ( 1)  0.076  0.000
 182 Y   0.00336 0.03605 0.09840 0.16798 0.21492 0.21684 0.17044 0.09201 0.00000 ( 6)  0.262  0.000
 183 M   0.00393 0.04183 0.11208 0.18539 0.22604 0.21250 0.15032 0.06791 0.00000 ( 5)  0.240  0.000
 184 F   0.00443 0.04682 0.12329 0.19814 0.23170 0.20578 0.13495 0.05487 0.00000 ( 5)  0.224  0.000
 185 L   0.21036 0.20083 0.18028 0.15037 0.11481 0.07835 0.04553 0.01947 0.00000 ( 1)  0.103  0.000
 186 N   0.26131 0.24063 0.19858 0.14385 0.08910 0.04526 0.01736 0.00390 0.00000 ( 1)  0.066  0.000
 187 V   0.24724 0.23016 0.19480 0.14721 0.09707 0.05384 0.02334 0.00633 0.00000 ( 1)  0.074  0.000
 188 F   0.00002 0.00280 0.02327 0.08126 0.17404 0.25909 0.27430 0.18523 0.00000 ( 7)  0.367  0.000
 189 E   0.00001 0.00157 0.01370 0.05188 0.12531 0.22100 0.29699 0.28948 0.00006 ( 7)  0.428  0.000
 190 Y   0.00304 0.03284 0.09081 0.15833 0.20877 0.21926 0.18159 0.10535 0.00000 ( 6)  0.275  0.000
 191 V   0.24545 0.22878 0.19423 0.14754 0.09805 0.05499 0.02423 0.00674 0.00000 ( 1)  0.075  0.000
 192 S   0.21354 0.20347 0.18181 0.15048 0.11356 0.07619 0.04320 0.01774 0.00000 ( 1)  0.100  0.000
 193 I   0.00001 0.00086 0.00778 0.03171 0.08537 0.17559 0.29349 0.40252 0.00267 ( 8)  0.493  0.003
 194 W   0.15864 0.15602 0.15006 0.14052 0.12739 0.11075 0.09060 0.06580 0.00021 ( 1)  0.165  0.000
 195 S   0.17342 0.16922 0.15980 0.14512 0.12567 0.10239 0.07637 0.04798 0.00003 ( 1)  0.144  0.000

Positively selected sites

	Prob(w>1)  mean w

    12 R      0.603         2.470
    46 A      0.991**       3.650
    53 T      1.000**       3.677


lnL = -2655.061106

Bayes Empirical Bayes (BEB) probabilities for 11 classes (class) & postmean_w
(amino acids refer to 1st sequence: BT_Cry2Aa13)

   1 -   0.46524 0.13125 0.08978 0.06819 0.05399 0.04346 0.03500 0.02775 0.02109 0.01423 0.05001 ( 1)  0.378 +-  0.745
   2 L   0.32344 0.18854 0.15052 0.11254 0.08087 0.05636 0.03815 0.02493 0.01542 0.00849 0.00072 ( 1)  0.255 +-  0.220
   3 V   0.00376 0.02726 0.07218 0.11744 0.14828 0.15941 0.15239 0.13186 0.10254 0.06645 0.01844 ( 6)  0.605 +-  0.308
   4 G   0.71683 0.14066 0.06637 0.03479 0.01903 0.01060 0.00591 0.00325 0.00171 0.00080 0.00003 ( 1)  0.109 +-  0.122
   5 K   0.77582 0.12903 0.05165 0.02307 0.01080 0.00517 0.00249 0.00119 0.00055 0.00022 0.00000 ( 1)  0.090 +-  0.094
   6 R   0.66426 0.14549 0.07684 0.04509 0.02761 0.01721 0.01074 0.00661 0.00390 0.00205 0.00018 ( 1)  0.129 +-  0.151
   7 I   0.79838 0.12272 0.04543 0.01881 0.00819 0.00365 0.00165 0.00074 0.00032 0.00012 0.00000 ( 1)  0.084 +-  0.084
   8 L   0.64470 0.14588 0.07981 0.04859 0.03093 0.02007 0.01307 0.00840 0.00519 0.00286 0.00049 ( 1)  0.139 +-  0.168
   9 S   0.77000 0.13081 0.05332 0.02416 0.01144 0.00552 0.00267 0.00127 0.00058 0.00024 0.00000 ( 1)  0.092 +-  0.096
  10 E   0.67829 0.14464 0.07432 0.04241 0.02526 0.01531 0.00929 0.00556 0.00319 0.00163 0.00011 ( 1)  0.123 +-  0.143
  11 L   0.70420 0.14198 0.06898 0.03729 0.02107 0.01214 0.00701 0.00400 0.00219 0.00107 0.00005 ( 1)  0.114 +-  0.130
  12 R   0.00003 0.00068 0.00312 0.00795 0.01502 0.02355 0.03228 0.03954 0.04308 0.03886 0.79590 (11)  2.757 +-  1.342
  13 N   0.01505 0.06694 0.12717 0.16020 0.16408 0.14776 0.12118 0.09168 0.06344 0.03767 0.00482 ( 5)  0.500 +-  0.243
  14 L   0.06721 0.11498 0.15093 0.15600 0.14239 0.11988 0.09480 0.07064 0.04891 0.02954 0.00472 ( 4)  0.437 +-  0.261
  15 I   0.79234 0.12445 0.04710 0.01994 0.00887 0.00405 0.00187 0.00085 0.00038 0.00015 0.00000 ( 1)  0.086 +-  0.087
  16 F   0.78863 0.12579 0.04820 0.02059 0.00921 0.00421 0.00194 0.00088 0.00039 0.00015 0.00000 ( 1)  0.086 +-  0.088
  17 P   0.72686 0.13920 0.06408 0.03278 0.01750 0.00951 0.00518 0.00278 0.00143 0.00066 0.00002 ( 1)  0.105 +-  0.117
  18 S   0.42699 0.21221 0.14381 0.09121 0.05558 0.03284 0.01884 0.01043 0.00547 0.00255 0.00006 ( 1)  0.191 +-  0.176
  19 G   0.71755 0.14057 0.06622 0.03465 0.01892 0.01052 0.00585 0.00321 0.00169 0.00079 0.00003 ( 1)  0.108 +-  0.122
  20 S   0.41053 0.20951 0.14591 0.09511 0.05956 0.03617 0.02132 0.01213 0.00654 0.00313 0.00009 ( 1)  0.200 +-  0.182
  21 T   0.42793 0.21152 0.14298 0.09073 0.05548 0.03300 0.01912 0.01072 0.00571 0.00271 0.00008 ( 1)  0.192 +-  0.177
  22 N   0.12765 0.17866 0.19308 0.16471 0.12440 0.08691 0.05720 0.03560 0.02070 0.01068 0.00042 ( 3)  0.335 +-  0.214
  23 L   0.29784 0.18052 0.14987 0.11646 0.08693 0.06290 0.04418 0.02993 0.01919 0.01093 0.00126 ( 1)  0.274 +-  0.233
  24 M   0.77529 0.12954 0.05191 0.02312 0.01076 0.00510 0.00242 0.00114 0.00051 0.00020 0.00000 ( 1)  0.090 +-  0.094
  25 Q   0.32276 0.18868 0.15092 0.11292 0.08110 0.05644 0.03811 0.02481 0.01527 0.00836 0.00064 ( 1)  0.255 +-  0.219
  26 D   0.43938 0.21327 0.14142 0.08800 0.05275 0.03075 0.01745 0.00959 0.00500 0.00233 0.00006 ( 1)  0.186 +-  0.172
  27 I   0.78052 0.12778 0.05036 0.02217 0.01024 0.00484 0.00230 0.00109 0.00050 0.00020 0.00000 ( 1)  0.089 +-  0.092
  28 L   0.70420 0.14198 0.06898 0.03729 0.02107 0.01214 0.00701 0.00400 0.00219 0.00107 0.00005 ( 1)  0.114 +-  0.130
  29 -   0.46524 0.13125 0.08978 0.06819 0.05399 0.04346 0.03500 0.02775 0.02109 0.01423 0.05001 ( 1)  0.378 +-  0.745
  30 R   0.72525 0.13919 0.06433 0.03309 0.01780 0.00977 0.00538 0.00293 0.00153 0.00071 0.00003 ( 1)  0.106 +-  0.119
  31 E   0.00285 0.01757 0.04509 0.07617 0.10393 0.12383 0.13335 0.13134 0.11694 0.08646 0.16248 (11)  0.964 +-  0.851
  32 T   0.39712 0.20685 0.14720 0.09810 0.06285 0.03906 0.02359 0.01376 0.00760 0.00374 0.00013 ( 1)  0.208 +-  0.188
  33 E   0.41970 0.21070 0.14447 0.09283 0.05738 0.03444 0.02010 0.01134 0.00606 0.00289 0.00008 ( 1)  0.196 +-  0.179
  34 K   0.01024 0.04996 0.10340 0.14148 0.15696 0.15265 0.13475 0.10932 0.08074 0.05058 0.00991 ( 5)  0.544 +-  0.270
  35 F   0.03420 0.06904 0.10582 0.12729 0.13480 0.13128 0.11968 0.10241 0.08097 0.05482 0.03970 ( 5)  0.590 +-  0.473
  36 L   0.00336 0.02012 0.05035 0.08301 0.11063 0.12888 0.13585 0.13111 0.11453 0.08327 0.13890 (11)  0.906 +-  0.807
  37 N   0.45382 0.21504 0.13911 0.08445 0.04939 0.02809 0.01555 0.00834 0.00424 0.00193 0.00004 ( 1)  0.179 +-  0.166
  38 Q   0.32406 0.18901 0.15086 0.11266 0.08078 0.05613 0.03785 0.02461 0.01514 0.00827 0.00063 ( 1)  0.254 +-  0.218
  39 R   0.00146 0.01705 0.05497 0.10094 0.13908 0.16009 0.16176 0.14645 0.11812 0.07838 0.02171 ( 7)  0.637 +-  0.306
  40 L   0.73108 0.13525 0.06185 0.03216 0.01776 0.01010 0.00580 0.00330 0.00180 0.00087 0.00004 ( 1)  0.106 +-  0.121
  41 N   0.10331 0.15706 0.18290 0.16701 0.13422 0.09924 0.06880 0.04491 0.02726 0.01459 0.00070 ( 3)  0.364 +-  0.222
  42 T   0.01054 0.05122 0.10556 0.14371 0.15849 0.15307 0.13405 0.10779 0.07882 0.04888 0.00786 ( 5)  0.537 +-  0.256
  43 D   0.00946 0.03058 0.06343 0.09522 0.11982 0.13413 0.13717 0.12919 0.11057 0.07911 0.09131 ( 7)  0.771 +-  0.643
  44 T   0.05057 0.09343 0.13179 0.14608 0.14270 0.12831 0.10812 0.08564 0.06283 0.03985 0.01067 ( 4)  0.484 +-  0.301
  45 L   0.00605 0.03085 0.06936 0.10624 0.13391 0.14858 0.14918 0.13666 0.11272 0.07709 0.02935 ( 7)  0.633 +-  0.358
  46 A   0.00000 0.00000 0.00000 0.00003 0.00013 0.00040 0.00096 0.00188 0.00304 0.00385 0.98971 (11)  3.283 +-  1.034
  47 R   0.05466 0.09881 0.13667 0.14873 0.14280 0.12635 0.10487 0.08191 0.05932 0.03723 0.00864 ( 4)  0.471 +-  0.287
  48 V   0.05652 0.10658 0.14899 0.15997 0.14890 0.12605 0.09909 0.07275 0.04926 0.02893 0.00294 ( 4)  0.442 +-  0.244
  49 N   0.00172 0.02275 0.07063 0.12176 0.15629 0.16717 0.15692 0.13212 0.09933 0.06199 0.00931 ( 6)  0.588 +-  0.245
  50 A   0.05482 0.09931 0.13750 0.14957 0.14338 0.12651 0.10461 0.08132 0.05858 0.03655 0.00785 ( 4)  0.468 +-  0.282
  51 E   0.01565 0.06929 0.13090 0.16364 0.16598 0.14770 0.11940 0.08884 0.06032 0.03512 0.00314 ( 5)  0.492 +-  0.230
  52 L   0.21338 0.14737 0.13920 0.12284 0.10391 0.08504 0.06740 0.05141 0.03699 0.02345 0.00901 ( 1)  0.361 +-  0.321
  53 T   0.00000 0.00000 0.00000 0.00000 0.00000 0.00001 0.00006 0.00017 0.00041 0.00070 0.99864 (11)  3.300 +-  1.014
  54 G   0.62297 0.14657 0.08330 0.05258 0.03463 0.02320 0.01557 0.01029 0.00653 0.00369 0.00067 ( 1)  0.149 +-  0.179
  55 L   0.65036 0.14581 0.07898 0.04759 0.02997 0.01924 0.01238 0.00787 0.00481 0.00262 0.00037 ( 1)  0.136 +-  0.162
  56 Q   0.32033 0.18794 0.15088 0.11331 0.08169 0.05706 0.03867 0.02527 0.01561 0.00857 0.00067 ( 1)  0.256 +-  0.220
  57 A   0.71967 0.14015 0.06568 0.03422 0.01862 0.01032 0.00574 0.00315 0.00166 0.00078 0.00003 ( 1)  0.108 +-  0.121
  58 N   0.47531 0.21712 0.13523 0.07903 0.04449 0.02436 0.01299 0.00671 0.00329 0.00144 0.00003 ( 1)  0.169 +-  0.158
  59 V   0.42428 0.21105 0.14354 0.09162 0.05634 0.03369 0.01961 0.01105 0.00591 0.00282 0.00009 ( 1)  0.194 +-  0.178
  60 E   0.00004 0.00206 0.01245 0.03503 0.06732 0.10235 0.13184 0.14836 0.14569 0.11456 0.24030 (11)  1.188 +-  0.952
  61 E   0.67314 0.14489 0.07520 0.04338 0.02613 0.01603 0.00985 0.00597 0.00347 0.00180 0.00014 ( 1)  0.126 +-  0.147
  62 F   0.78863 0.12579 0.04820 0.02059 0.00921 0.00421 0.00194 0.00088 0.00039 0.00015 0.00000 ( 1)  0.086 +-  0.088
  63 N   0.79641 0.12348 0.04602 0.01914 0.00835 0.00373 0.00168 0.00075 0.00032 0.00012 0.00000 ( 1)  0.084 +-  0.085
  64 R   0.04317 0.08294 0.12134 0.13937 0.14094 0.13109 0.11415 0.09335 0.07060 0.04596 0.01710 ( 5)  0.516 +-  0.341
  65 Q   0.70825 0.14171 0.06823 0.03650 0.02039 0.01160 0.00661 0.00371 0.00200 0.00096 0.00004 ( 1)  0.112 +-  0.127
  66 V   0.75582 0.13373 0.05691 0.02698 0.01338 0.00678 0.00345 0.00173 0.00084 0.00036 0.00001 ( 1)  0.096 +-  0.104
  67 D   0.76742 0.13122 0.05393 0.02469 0.01183 0.00578 0.00284 0.00138 0.00064 0.00027 0.00000 ( 1)  0.092 +-  0.098
  68 N   0.79641 0.12348 0.04602 0.01914 0.00835 0.00373 0.00168 0.00075 0.00032 0.00012 0.00000 ( 1)  0.084 +-  0.085
  69 F   0.45483 0.21543 0.13915 0.08425 0.04909 0.02779 0.01530 0.00815 0.00412 0.00185 0.00004 ( 1)  0.178 +-  0.166
  70 L   0.66834 0.14512 0.07603 0.04428 0.02694 0.01669 0.01037 0.00635 0.00374 0.00196 0.00018 ( 1)  0.128 +-  0.150
  71 N   0.66476 0.14553 0.07680 0.04501 0.02752 0.01712 0.01066 0.00654 0.00385 0.00202 0.00017 ( 1)  0.129 +-  0.151
  72 P   0.72730 0.13912 0.06397 0.03269 0.01743 0.00947 0.00515 0.00276 0.00142 0.00065 0.00002 ( 1)  0.105 +-  0.117
  73 N   0.35906 0.19810 0.14966 0.10597 0.07218 0.04774 0.03070 0.01908 0.01125 0.00591 0.00036 ( 1)  0.231 +-  0.204
  74 R   0.04865 0.09073 0.12914 0.14441 0.14230 0.12906 0.10968 0.08761 0.06480 0.04140 0.01221 ( 4)  0.492 +-  0.311
  75 N   0.25076 0.16358 0.14601 0.12178 0.09740 0.07538 0.05651 0.04080 0.02780 0.01675 0.00323 ( 1)  0.315 +-  0.263
  76 A   0.07587 0.12582 0.16014 0.16034 0.14162 0.11528 0.08805 0.06333 0.04230 0.02471 0.00253 ( 4)  0.415 +-  0.243
  77 V   0.09943 0.15132 0.17758 0.16442 0.13469 0.10199 0.07269 0.04895 0.03073 0.01702 0.00117 ( 3)  0.375 +-  0.229
  78 P   0.72686 0.13920 0.06408 0.03278 0.01750 0.00951 0.00518 0.00278 0.00143 0.00066 0.00002 ( 1)  0.105 +-  0.117
  79 L   0.70420 0.14198 0.06898 0.03729 0.02107 0.01214 0.00701 0.00400 0.00219 0.00107 0.00005 ( 1)  0.114 +-  0.130
  80 S   0.33536 0.19211 0.15065 0.11060 0.07801 0.05337 0.03544 0.02272 0.01378 0.00744 0.00052 ( 1)  0.246 +-  0.214
  81 I   0.79838 0.12272 0.04543 0.01881 0.00819 0.00365 0.00165 0.00074 0.00032 0.00012 0.00000 ( 1)  0.084 +-  0.084
  82 T   0.41060 0.20892 0.14537 0.09487 0.05961 0.03640 0.02162 0.01242 0.00677 0.00329 0.00011 ( 1)  0.201 +-  0.183
  83 S   0.09095 0.14239 0.17171 0.16329 0.13733 0.10670 0.07799 0.05383 0.03461 0.01958 0.00161 ( 3)  0.388 +-  0.234
  84 S   0.68032 0.14437 0.07385 0.04200 0.02494 0.01508 0.00914 0.00546 0.00313 0.00160 0.00011 ( 1)  0.123 +-  0.143
  85 V   0.76932 0.13074 0.05342 0.02432 0.01159 0.00564 0.00276 0.00133 0.00062 0.00026 0.00000 ( 1)  0.092 +-  0.097
  86 N   0.79641 0.12348 0.04602 0.01914 0.00835 0.00373 0.00168 0.00075 0.00032 0.00012 0.00000 ( 1)  0.084 +-  0.085
  87 T   0.76694 0.13138 0.05407 0.02478 0.01187 0.00581 0.00285 0.00138 0.00065 0.00027 0.00000 ( 1)  0.092 +-  0.098
  88 M   0.01026 0.05001 0.10345 0.14153 0.15701 0.15272 0.13483 0.10941 0.08079 0.05059 0.00939 ( 5)  0.543 +-  0.265
  89 Q   0.65284 0.14594 0.07874 0.04721 0.02955 0.01883 0.01202 0.00756 0.00457 0.00246 0.00028 ( 1)  0.135 +-  0.159
  90 Q   0.31430 0.18616 0.15086 0.11433 0.08315 0.05858 0.04002 0.02636 0.01641 0.00908 0.00074 ( 1)  0.261 +-  0.222
  91 L   0.31598 0.18621 0.15035 0.11370 0.08264 0.05827 0.03990 0.02638 0.01651 0.00919 0.00087 ( 1)  0.261 +-  0.224
  92 F   0.77048 0.13044 0.05310 0.02409 0.01145 0.00556 0.00271 0.00131 0.00061 0.00025 0.00000 ( 1)  0.092 +-  0.097
  93 L   0.68733 0.14379 0.07250 0.04063 0.02378 0.01418 0.00847 0.00499 0.00282 0.00142 0.00009 ( 1)  0.120 +-  0.139
  94 N   0.44964 0.21470 0.13992 0.08552 0.05033 0.02878 0.01602 0.00863 0.00441 0.00201 0.00004 ( 1)  0.181 +-  0.168
  95 R   0.75396 0.13432 0.05747 0.02734 0.01359 0.00688 0.00349 0.00175 0.00084 0.00036 0.00001 ( 1)  0.096 +-  0.104
  96 L   0.70420 0.14198 0.06898 0.03729 0.02107 0.01214 0.00701 0.00400 0.00219 0.00107 0.00005 ( 1)  0.114 +-  0.130
  97 P   0.01731 0.03888 0.06574 0.08713 0.10156 0.10874 0.10887 0.10217 0.08840 0.06498 0.21625 (11)  1.088 +-  1.090
  98 Q   0.61361 0.14663 0.08463 0.05423 0.03623 0.02461 0.01673 0.01120 0.00719 0.00411 0.00082 ( 1)  0.154 +-  0.186
  99 F   0.64101 0.14650 0.08077 0.04944 0.03156 0.02048 0.01331 0.00852 0.00523 0.00285 0.00035 ( 1)  0.140 +-  0.165
 100 Q   0.08694 0.08782 0.10927 0.11980 0.12121 0.11550 0.10446 0.08946 0.07122 0.04884 0.04548 ( 5)  0.563 +-  0.529
 101 M   0.00114 0.01633 0.05451 0.10098 0.13925 0.16000 0.16129 0.14578 0.11752 0.07807 0.02514 ( 7)  0.644 +-  0.329
 102 Q   0.32244 0.18858 0.15091 0.11297 0.08118 0.05653 0.03818 0.02487 0.01532 0.00839 0.00064 ( 1)  0.255 +-  0.219
 103 G   0.27162 0.17158 0.14836 0.11991 0.09297 0.06979 0.05078 0.03559 0.02356 0.01382 0.00200 ( 1)  0.295 +-  0.247
 104 Y   0.65991 0.14556 0.07749 0.04587 0.02835 0.01785 0.01127 0.00702 0.00420 0.00224 0.00024 ( 1)  0.132 +-  0.155
 105 Q   0.68086 0.14433 0.07375 0.04189 0.02485 0.01501 0.00908 0.00542 0.00311 0.00159 0.00011 ( 1)  0.123 +-  0.142
 106 L   0.60294 0.14631 0.08582 0.05591 0.03800 0.02628 0.01819 0.01241 0.00812 0.00473 0.00128 ( 1)  0.160 +-  0.199
 107 L   0.70420 0.14198 0.06898 0.03729 0.02107 0.01214 0.00701 0.00400 0.00219 0.00107 0.00005 ( 1)  0.114 +-  0.130
 108 L   0.70420 0.14198 0.06898 0.03729 0.02107 0.01214 0.00701 0.00400 0.00219 0.00107 0.00005 ( 1)  0.114 +-  0.130
 109 L   0.70420 0.14198 0.06898 0.03729 0.02107 0.01214 0.00701 0.00400 0.00219 0.00107 0.00005 ( 1)  0.114 +-  0.130
 110 P   0.72686 0.13920 0.06408 0.03278 0.01750 0.00951 0.00518 0.00278 0.00143 0.00066 0.00002 ( 1)  0.105 +-  0.117
 111 L   0.70420 0.14198 0.06898 0.03729 0.02107 0.01214 0.00701 0.00400 0.00219 0.00107 0.00005 ( 1)  0.114 +-  0.130
 112 F   0.78863 0.12579 0.04820 0.02059 0.00921 0.00421 0.00194 0.00088 0.00039 0.00015 0.00000 ( 1)  0.086 +-  0.088
 113 A   0.74666 0.13577 0.05930 0.02880 0.01461 0.00755 0.00391 0.00200 0.00098 0.00043 0.00001 ( 1)  0.099 +-  0.108
 114 Q   0.63077 0.14655 0.08222 0.05123 0.03330 0.02203 0.01459 0.00952 0.00596 0.00332 0.00052 ( 1)  0.145 +-  0.173
 115 A   0.74666 0.13577 0.05930 0.02880 0.01461 0.00755 0.00391 0.00200 0.00098 0.00043 0.00001 ( 1)  0.099 +-  0.108
 116 A   0.56716 0.14479 0.08943 0.06132 0.04384 0.03186 0.02317 0.01660 0.01140 0.00696 0.00347 ( 1)  0.184 +-  0.246
 117 N   0.47788 0.21703 0.13453 0.07834 0.04399 0.02406 0.01283 0.00663 0.00326 0.00143 0.00003 ( 1)  0.168 +-  0.158
 118 L   0.33099 0.19070 0.15049 0.11124 0.07905 0.05450 0.03649 0.02360 0.01445 0.00787 0.00061 ( 1)  0.250 +-  0.216
 119 H   0.75308 0.13440 0.05765 0.02752 0.01373 0.00699 0.00357 0.00180 0.00087 0.00038 0.00001 ( 1)  0.097 +-  0.105
 120 L   0.75662 0.13365 0.05674 0.02682 0.01325 0.00668 0.00338 0.00169 0.00081 0.00035 0.00001 ( 1)  0.096 +-  0.103
 121 S   0.36583 0.20006 0.14964 0.10481 0.07054 0.04606 0.02921 0.01788 0.01036 0.00535 0.00026 ( 1)  0.226 +-  0.200
 122 F   0.78863 0.12579 0.04820 0.02059 0.00921 0.00421 0.00194 0.00088 0.00039 0.00015 0.00000 ( 1)  0.086 +-  0.088
 123 I   0.78052 0.12778 0.05036 0.02217 0.01024 0.00484 0.00230 0.00109 0.00050 0.00020 0.00000 ( 1)  0.089 +-  0.092
 124 R   0.75396 0.13432 0.05747 0.02734 0.01359 0.00688 0.00349 0.00175 0.00084 0.00036 0.00001 ( 1)  0.096 +-  0.104
 125 D   0.78146 0.12775 0.05017 0.02196 0.01006 0.00471 0.00221 0.00103 0.00046 0.00018 0.00000 ( 1)  0.088 +-  0.091
 126 V   0.75859 0.13308 0.05619 0.02644 0.01303 0.00656 0.00332 0.00166 0.00080 0.00034 0.00001 ( 1)  0.095 +-  0.102
 127 I   0.42340 0.21045 0.14326 0.09167 0.05661 0.03405 0.01998 0.01136 0.00615 0.00297 0.00011 ( 1)  0.195 +-  0.179
 128 L   0.73965 0.13696 0.06098 0.03020 0.01564 0.00825 0.00437 0.00228 0.00115 0.00051 0.00001 ( 1)  0.101 +-  0.111
 129 N   0.79641 0.12348 0.04602 0.01914 0.00835 0.00373 0.00168 0.00075 0.00032 0.00012 0.00000 ( 1)  0.084 +-  0.085
 130 A   0.74666 0.13577 0.05930 0.02880 0.01461 0.00755 0.00391 0.00200 0.00098 0.00043 0.00001 ( 1)  0.099 +-  0.108
 131 D   0.13038 0.18128 0.19454 0.16470 0.12338 0.08544 0.05571 0.03434 0.01976 0.01009 0.00036 ( 3)  0.331 +-  0.212
 132 E   0.76558 0.13164 0.05441 0.02505 0.01207 0.00593 0.00293 0.00143 0.00067 0.00028 0.00001 ( 1)  0.093 +-  0.099
 133 W   0.58367 0.14575 0.08800 0.05899 0.04122 0.02929 0.02082 0.01458 0.00978 0.00584 0.00206 ( 1)  0.172 +-  0.218
 134 G   0.70803 0.14177 0.06829 0.03655 0.02042 0.01161 0.00661 0.00371 0.00200 0.00096 0.00004 ( 1)  0.112 +-  0.127
 135 I   0.78288 0.12705 0.04969 0.02173 0.00998 0.00470 0.00223 0.00105 0.00048 0.00020 0.00000 ( 1)  0.088 +-  0.091
 136 S   0.32317 0.18872 0.15082 0.11279 0.08099 0.05637 0.03806 0.02479 0.01527 0.00837 0.00064 ( 1)  0.255 +-  0.219
 137 A   0.74646 0.13580 0.05935 0.02884 0.01463 0.00757 0.00392 0.00201 0.00098 0.00043 0.00001 ( 1)  0.099 +-  0.108
 138 A   0.74666 0.13577 0.05930 0.02880 0.01461 0.00755 0.00391 0.00200 0.00098 0.00043 0.00001 ( 1)  0.099 +-  0.108
 139 T   0.76343 0.13216 0.05498 0.02547 0.01234 0.00610 0.00303 0.00149 0.00070 0.00029 0.00001 ( 1)  0.094 +-  0.100
 140 L   0.05649 0.10092 0.13815 0.14897 0.14193 0.12481 0.10312 0.08033 0.05812 0.03654 0.01063 ( 4)  0.472 +-  0.307
 141 R   0.66601 0.14550 0.07660 0.04478 0.02731 0.01694 0.01052 0.00644 0.00378 0.00197 0.00016 ( 1)  0.129 +-  0.150
 142 T   0.68999 0.14353 0.07196 0.04011 0.02335 0.01384 0.00823 0.00483 0.00272 0.00136 0.00009 ( 1)  0.119 +-  0.137
 143 Y   0.74875 0.13516 0.05870 0.02839 0.01436 0.00741 0.00384 0.00197 0.00097 0.00043 0.00001 ( 1)  0.098 +-  0.107
 144 R   0.05713 0.10221 0.13990 0.15058 0.14295 0.12503 0.10259 0.07924 0.05677 0.03531 0.00828 ( 4)  0.465 +-  0.288
 145 D   0.01365 0.06233 0.12124 0.15613 0.16324 0.14981 0.12498 0.09599 0.06728 0.04031 0.00503 ( 5)  0.509 +-  0.242
 146 Y   0.18538 0.13371 0.13177 0.12127 0.10696 0.09123 0.07533 0.05983 0.04478 0.02943 0.02029 ( 1)  0.414 +-  0.413
 147 L   0.60799 0.14643 0.08523 0.05510 0.03716 0.02550 0.01751 0.01185 0.00770 0.00445 0.00109 ( 1)  0.157 +-  0.193
 148 K   0.00010 0.00424 0.02321 0.05925 0.10339 0.14284 0.16732 0.17134 0.15324 0.10989 0.06518 ( 8)  0.774 +-  0.472
 149 N   0.13273 0.18312 0.19515 0.16421 0.12236 0.08436 0.05481 0.03369 0.01935 0.00987 0.00035 ( 3)  0.329 +-  0.211
 150 Y   0.36410 0.19924 0.14932 0.10493 0.07095 0.04660 0.02977 0.01838 0.01076 0.00562 0.00032 ( 1)  0.228 +-  0.202
 151 T   0.76798 0.13114 0.05380 0.02457 0.01174 0.00572 0.00280 0.00135 0.00063 0.00026 0.00000 ( 1)  0.092 +-  0.097
 152 R   0.33555 0.18981 0.14811 0.10906 0.07773 0.05410 0.03678 0.02426 0.01521 0.00851 0.00089 ( 1)  0.250 +-  0.221
 153 D   0.01848 0.07845 0.14246 0.17137 0.16744 0.14368 0.11215 0.08068 0.05305 0.03007 0.00217 ( 4)  0.473 +-  0.224
 154 Y   0.62425 0.14659 0.08314 0.05237 0.03441 0.02301 0.01540 0.01016 0.00643 0.00362 0.00063 ( 1)  0.148 +-  0.178
 155 S   0.72209 0.13982 0.06513 0.03373 0.01825 0.01005 0.00555 0.00302 0.00158 0.00074 0.00003 ( 1)  0.107 +-  0.120
 156 N   0.77312 0.12990 0.05243 0.02357 0.01108 0.00532 0.00257 0.00122 0.00056 0.00023 0.00000 ( 1)  0.091 +-  0.095
 157 Y   0.74875 0.13516 0.05870 0.02839 0.01436 0.00741 0.00384 0.00197 0.00097 0.00043 0.00001 ( 1)  0.098 +-  0.107
 158 C   0.73425 0.13804 0.06235 0.03129 0.01639 0.00874 0.00467 0.00246 0.00124 0.00056 0.00001 ( 1)  0.103 +-  0.114
 159 I   0.79838 0.12272 0.04543 0.01881 0.00819 0.00365 0.00165 0.00074 0.00032 0.00012 0.00000 ( 1)  0.084 +-  0.084
 160 N   0.02071 0.08500 0.14975 0.17524 0.16699 0.14014 0.10728 0.07591 0.04926 0.02768 0.00205 ( 4)  0.463 +-  0.223
 161 T   0.62618 0.14665 0.08292 0.05206 0.03409 0.02270 0.01513 0.00994 0.00626 0.00351 0.00056 ( 1)  0.147 +-  0.176
 162 Y   0.74304 0.13621 0.06010 0.02953 0.01518 0.00797 0.00420 0.00219 0.00109 0.00049 0.00001 ( 1)  0.100 +-  0.110
 163 Q   0.70825 0.14171 0.06823 0.03650 0.02039 0.01160 0.00661 0.00371 0.00200 0.00096 0.00004 ( 1)  0.112 +-  0.127
 164 S   0.01466 0.06598 0.12655 0.16055 0.16518 0.14902 0.12208 0.09199 0.06321 0.03717 0.00362 ( 5)  0.499 +-  0.232
 165 A   0.62827 0.14660 0.08260 0.05168 0.03373 0.02240 0.01489 0.00975 0.00612 0.00342 0.00054 ( 1)  0.146 +-  0.175
 166 F   0.78358 0.12711 0.04957 0.02156 0.00983 0.00458 0.00215 0.00100 0.00045 0.00018 0.00000 ( 1)  0.088 +-  0.090
 167 K   0.09712 0.14899 0.17615 0.16424 0.13546 0.10323 0.07404 0.05016 0.03168 0.01764 0.00129 ( 3)  0.378 +-  0.230
 168 G   0.70276 0.14239 0.06943 0.03760 0.02126 0.01223 0.00705 0.00400 0.00218 0.00106 0.00005 ( 1)  0.114 +-  0.130
 169 L   0.70420 0.14198 0.06898 0.03729 0.02107 0.01214 0.00701 0.00400 0.00219 0.00107 0.00005 ( 1)  0.114 +-  0.130
 170 N   0.65729 0.14586 0.07807 0.04641 0.02879 0.01817 0.01149 0.00715 0.00428 0.00227 0.00022 ( 1)  0.133 +-  0.155
 171 T   0.00021 0.00366 0.01492 0.03376 0.05679 0.07950 0.09753 0.10710 0.10467 0.08388 0.41799 (11)  1.670 +-  1.299
 172 R   0.00674 0.03604 0.08118 0.12059 0.14486 0.15213 0.14460 0.12591 0.09940 0.06583 0.02274 ( 6)  0.602 +-  0.336
 173 L   0.70420 0.14198 0.06898 0.03729 0.02107 0.01214 0.00701 0.00400 0.00219 0.00107 0.00005 ( 1)  0.114 +-  0.130
 174 H   0.21413 0.14769 0.13932 0.12280 0.10376 0.08483 0.06718 0.05120 0.03680 0.02332 0.00897 ( 1)  0.361 +-  0.321
 175 D   0.78617 0.12653 0.04890 0.02105 0.00948 0.00436 0.00202 0.00092 0.00041 0.00016 0.00000 ( 1)  0.087 +-  0.089
 176 M   0.01370 0.06275 0.12230 0.15753 0.16442 0.15035 0.12474 0.09510 0.06603 0.03914 0.00394 ( 5)  0.505 +-  0.234
 177 L   0.69661 0.14176 0.06998 0.03868 0.02247 0.01338 0.00804 0.00479 0.00275 0.00141 0.00013 ( 1)  0.117 +-  0.137
 178 E   0.75992 0.13283 0.05586 0.02617 0.01284 0.00643 0.00324 0.00161 0.00077 0.00033 0.00001 ( 1)  0.095 +-  0.102
 179 F   0.78863 0.12579 0.04820 0.02059 0.00921 0.00421 0.00194 0.00088 0.00039 0.00015 0.00000 ( 1)  0.086 +-  0.088
 180 R   0.75396 0.13432 0.05747 0.02734 0.01359 0.00688 0.00349 0.00175 0.00084 0.00036 0.00001 ( 1)  0.096 +-  0.104
 181 T   0.76798 0.13114 0.05380 0.02457 0.01174 0.00572 0.00280 0.00135 0.00063 0.00026 0.00000 ( 1)  0.092 +-  0.097
 182 Y   0.37385 0.20157 0.14878 0.10296 0.06856 0.04435 0.02790 0.01697 0.00978 0.00503 0.00025 ( 1)  0.222 +-  0.198
 183 M   0.41326 0.21004 0.14564 0.09450 0.05889 0.03558 0.02087 0.01181 0.00632 0.00301 0.00008 ( 1)  0.199 +-  0.181
 184 F   0.44352 0.21387 0.14084 0.08701 0.05177 0.02994 0.01686 0.00919 0.00475 0.00219 0.00005 ( 1)  0.184 +-  0.170
 185 L   0.70420 0.14198 0.06898 0.03729 0.02107 0.01214 0.00701 0.00400 0.00219 0.00107 0.00005 ( 1)  0.114 +-  0.130
 186 N   0.79641 0.12348 0.04602 0.01914 0.00835 0.00373 0.00168 0.00075 0.00032 0.00012 0.00000 ( 1)  0.084 +-  0.085
 187 V   0.77335 0.12975 0.05234 0.02353 0.01108 0.00533 0.00258 0.00123 0.00057 0.00023 0.00000 ( 1)  0.091 +-  0.095
 188 F   0.11511 0.16706 0.18708 0.16530 0.12924 0.09343 0.06359 0.04092 0.02457 0.01306 0.00064 ( 3)  0.351 +-  0.220
 189 E   0.06919 0.11761 0.15336 0.15737 0.14251 0.11897 0.09321 0.06878 0.04712 0.02816 0.00370 ( 4)  0.430 +-  0.253
 190 Y   0.35107 0.19672 0.15062 0.10785 0.07414 0.04940 0.03195 0.01994 0.01178 0.00619 0.00036 ( 1)  0.235 +-  0.206
 191 V   0.77023 0.13049 0.05316 0.02414 0.01148 0.00558 0.00273 0.00132 0.00061 0.00025 0.00000 ( 1)  0.092 +-  0.097
 192 S   0.71076 0.14124 0.06760 0.03599 0.02002 0.01136 0.00646 0.00363 0.00196 0.00094 0.00004 ( 1)  0.111 +-  0.126
 193 I   0.03836 0.07550 0.11305 0.13292 0.13768 0.13122 0.11713 0.09822 0.07617 0.05072 0.02902 ( 5)  0.555 +-  0.417
 194 W   0.58367 0.14575 0.08800 0.05899 0.04122 0.02929 0.02082 0.01458 0.00978 0.00584 0.00206 ( 1)  0.172 +-  0.218
 195 S   0.62158 0.14664 0.08354 0.05285 0.03487 0.02340 0.01572 0.01040 0.00660 0.00373 0.00066 ( 1)  0.150 +-  0.180

Positively selected sites

	Prob(w>1)  mean w

    12 R      0.796         2.757 +- 1.342
    46 A      0.990*        3.283 +- 1.034
    53 T      0.999**       3.300 +- 1.014

