Supplemental results for CODEML (seqf: algn  treef: tree)


dN/dS (w) for site classes (K=3)

p:   0.51544  0.37618  0.10838
w:   0.05583  0.31374  1.00820

Naive Empirical Bayes (NEB) probabilities for 3 classes & postmean_w & P(w>1)
(amino acids refer to 1st sequence: BT_Cry1A-like)

   1 -   0.51544 0.37618 0.10838 ( 1)  0.256  0.108
   2 -   0.51544 0.37618 0.10838 ( 1)  0.256  0.108
   3 -   0.01690 0.28859 0.69451 ( 3)  0.792  0.695
   4 S   0.00510 0.34255 0.65236 ( 3)  0.765  0.652
   5 A   0.44998 0.51329 0.03673 ( 2)  0.223  0.037
   6 E   0.00077 0.22291 0.77632 ( 3)  0.853  0.776
   7 F   0.79551 0.19950 0.00499 ( 1)  0.112  0.005
   8 N   0.00138 0.30395 0.69468 ( 3)  0.796  0.695
   9 N   0.44453 0.52353 0.03193 ( 2)  0.221  0.032
  10 I   0.07616 0.65058 0.27326 ( 2)  0.484  0.273
  11 I   0.85159 0.14558 0.00283 ( 1)  0.096  0.003
  12 P   0.79000 0.20472 0.00528 ( 1)  0.114  0.005
  13 S   0.56848 0.42453 0.00699 ( 1)  0.172  0.007
  14 S   0.28828 0.70141 0.01031 ( 2)  0.247  0.010
  15 Q   0.00000 0.08777 0.91223 ( 3)  0.947  0.912
  16 I   0.95014 0.04986 0.00000 ( 1)  0.069  0.000
  17 T   0.96996 0.03004 0.00000 ( 1)  0.064  0.000
  18 Q   0.96871 0.03129 0.00000 ( 1)  0.064  0.000
  19 I   0.98743 0.01257 0.00000 ( 1)  0.059  0.000
  20 P   0.98363 0.01637 0.00000 ( 1)  0.060  0.000
  21 L   0.00203 0.78644 0.21153 ( 2)  0.460  0.212
  22 T   0.88024 0.11975 0.00000 ( 1)  0.087  0.000
  23 K   0.78037 0.21960 0.00003 ( 1)  0.112  0.000
  24 S   0.02736 0.97099 0.00165 ( 2)  0.308  0.002
  25 T   0.00000 0.00006 0.99994 ( 3)  1.008  1.000
  26 N   0.00219 0.99460 0.00321 ( 2)  0.315  0.003
  27 L   0.13487 0.86437 0.00076 ( 2)  0.279  0.001
  28 G   0.00000 0.01746 0.98254 ( 3)  0.996  0.983
  29 S   0.05130 0.94430 0.00440 ( 2)  0.304  0.004
  30 G   0.96227 0.03773 0.00000 ( 1)  0.066  0.000
  31 T   0.00042 0.84258 0.15700 ( 2)  0.423  0.157
  32 S   0.00024 0.95603 0.04373 ( 2)  0.344  0.044
  33 V   0.97772 0.02228 0.00000 ( 1)  0.062  0.000
  34 V   0.52449 0.47547 0.00004 ( 1)  0.178  0.000
  35 K   0.00169 0.99477 0.00354 ( 2)  0.316  0.004
  36 G   0.99053 0.00946 0.00000 ( 1)  0.058  0.000
  37 P   0.94801 0.05199 0.00000 ( 1)  0.069  0.000
  38 G   0.95457 0.04543 0.00000 ( 1)  0.068  0.000
  39 F   0.99717 0.00283 0.00000 ( 1)  0.057  0.000
  40 T   0.98739 0.01261 0.00000 ( 1)  0.059  0.000
  41 G   0.99586 0.00414 0.00000 ( 1)  0.057  0.000
  42 G   0.95593 0.04405 0.00002 ( 1)  0.067  0.000
  43 D   0.99143 0.00857 0.00000 ( 1)  0.058  0.000
  44 I   0.94579 0.05420 0.00001 ( 1)  0.070  0.000
  45 L   0.98946 0.01054 0.00000 ( 1)  0.059  0.000
  46 R   0.07150 0.90449 0.02401 ( 2)  0.312  0.024
  47 R   0.70362 0.29638 0.00001 ( 1)  0.132  0.000
  48 T   0.66465 0.33496 0.00039 ( 1)  0.143  0.000
  49 S   0.00034 0.99036 0.00930 ( 2)  0.320  0.009
  50 P   0.00426 0.98793 0.00781 ( 2)  0.318  0.008
  51 G   0.94139 0.05861 0.00000 ( 1)  0.071  0.000
  52 Q   0.00002 0.48675 0.51323 ( 3)  0.670  0.513
  53 I   0.99197 0.00803 0.00000 ( 1)  0.058  0.000
  54 S   0.00006 0.46196 0.53798 ( 3)  0.687  0.538
  55 T   0.65946 0.34053 0.00001 ( 1)  0.144  0.000
  56 L   0.00035 0.95924 0.04042 ( 2)  0.342  0.040
  57 R   0.61737 0.38230 0.00034 ( 1)  0.155  0.000
  58 V   0.04534 0.95411 0.00056 ( 2)  0.302  0.001
  59 N   0.93893 0.06107 0.00000 ( 1)  0.072  0.000
  60 -   0.51544 0.37618 0.10838 ( 1)  0.256  0.108
  61 I   0.99466 0.00534 0.00000 ( 1)  0.057  0.000
  62 T   0.00405 0.99411 0.00184 ( 2)  0.314  0.002
  63 A   0.00001 0.49220 0.50780 ( 3)  0.666  0.508
  64 P   0.01327 0.98241 0.00432 ( 2)  0.313  0.004
  65 L   0.61942 0.38039 0.00020 ( 1)  0.154  0.000
  66 S   0.90184 0.09814 0.00002 ( 1)  0.081  0.000
  67 Q   0.47041 0.52894 0.00065 ( 2)  0.193  0.001
  68 R   0.99406 0.00594 0.00000 ( 1)  0.057  0.000
  69 Y   0.99407 0.00593 0.00000 ( 1)  0.057  0.000
  70 R   0.87473 0.12438 0.00089 ( 1)  0.089  0.001
  71 V   0.98438 0.01562 0.00000 ( 1)  0.060  0.000
  72 R   0.90605 0.09394 0.00002 ( 1)  0.080  0.000
  73 I   0.97464 0.02536 0.00000 ( 1)  0.062  0.000
  74 R   0.51431 0.48497 0.00073 ( 1)  0.182  0.001
  75 Y   0.98559 0.01441 0.00000 ( 1)  0.060  0.000
  76 A   0.99893 0.00107 0.00000 ( 1)  0.056  0.000
  77 S   0.53802 0.46195 0.00003 ( 1)  0.175  0.000
  78 T   0.99741 0.00259 0.00000 ( 1)  0.056  0.000
  79 T   0.97264 0.02736 0.00000 ( 1)  0.063  0.000
  80 N   0.82850 0.17150 0.00000 ( 1)  0.100  0.000
  81 L   0.90070 0.09929 0.00001 ( 1)  0.081  0.000
  82 Q   0.50167 0.49790 0.00044 ( 1)  0.185  0.000
  83 F   0.98347 0.01653 0.00000 ( 1)  0.060  0.000
  84 H   0.00111 0.92782 0.07107 ( 2)  0.363  0.071
  85 T   0.54531 0.45362 0.00107 ( 1)  0.174  0.001
  86 S   0.00000 0.17071 0.82929 ( 3)  0.890  0.829
  87 I   0.97398 0.02602 0.00000 ( 1)  0.063  0.000
  88 D   0.05758 0.94000 0.00243 ( 2)  0.301  0.002
  89 G   0.99096 0.00904 0.00000 ( 1)  0.058  0.000
  90 R   0.40733 0.59246 0.00022 ( 2)  0.209  0.000
  91 P   0.03896 0.96033 0.00071 ( 2)  0.304  0.001
  92 I   0.82290 0.17710 0.00000 ( 1)  0.102  0.000
  93 N   0.99946 0.00054 0.00000 ( 1)  0.056  0.000
  94 Q   0.00000 0.00877 0.99123 ( 3)  1.002  0.991
  95 G   0.17998 0.81754 0.00249 ( 2)  0.269  0.002
  96 N   0.87485 0.12515 0.00000 ( 1)  0.088  0.000
  97 F   0.93686 0.06314 0.00000 ( 1)  0.072  0.000
  98 S   0.00000 0.13133 0.86867 ( 3)  0.917  0.869
  99 A   0.00403 0.99102 0.00495 ( 2)  0.316  0.005
 100 T   0.99881 0.00119 0.00000 ( 1)  0.056  0.000
 101 M   0.60633 0.39366 0.00001 ( 1)  0.157  0.000
 102 S   0.00377 0.99562 0.00061 ( 2)  0.313  0.001
 103 S   0.00118 0.99388 0.00494 ( 2)  0.317  0.005
 104 G   0.04649 0.88331 0.07020 ( 2)  0.351  0.070
 105 S   0.00000 0.01025 0.98975 ( 3)  1.001  0.990
 106 N   0.00803 0.98749 0.00448 ( 2)  0.315  0.004
 107 L   0.97675 0.02325 0.00000 ( 1)  0.062  0.000
 108 Q   0.00355 0.90452 0.09193 ( 2)  0.377  0.092
 109 S   0.00117 0.91126 0.08757 ( 2)  0.374  0.088
 110 A   0.00066 0.97792 0.02142 ( 2)  0.328  0.021
 111 S   0.00000 0.05873 0.94127 ( 3)  0.967  0.941
 112 F   0.98083 0.01917 0.00000 ( 1)  0.061  0.000
 113 R   0.91998 0.08001 0.00001 ( 1)  0.076  0.000
 114 T   0.44066 0.55931 0.00004 ( 2)  0.200  0.000
 115 V   0.00018 0.97150 0.02832 ( 2)  0.333  0.028
 116 G   0.76333 0.23663 0.00004 ( 1)  0.117  0.000
 117 F   0.99804 0.00196 0.00000 ( 1)  0.056  0.000
 118 T   0.99143 0.00857 0.00000 ( 1)  0.058  0.000
 119 T   0.99878 0.00122 0.00000 ( 1)  0.056  0.000
 120 P   0.98499 0.01501 0.00000 ( 1)  0.060  0.000
 121 F   0.99804 0.00196 0.00000 ( 1)  0.056  0.000
 122 N   0.01028 0.97017 0.01955 ( 2)  0.325  0.020
 123 F   0.98749 0.01251 0.00000 ( 1)  0.059  0.000
 124 S   0.00886 0.97628 0.01486 ( 2)  0.322  0.015
 125 N   0.00232 0.99690 0.00079 ( 2)  0.314  0.001
 126 G   0.00029 0.86030 0.13941 ( 2)  0.410  0.139
 127 S   0.00000 0.12572 0.87428 ( 3)  0.921  0.874
 128 S   0.02011 0.97815 0.00173 ( 2)  0.310  0.002
 129 V   0.03333 0.96581 0.00086 ( 2)  0.306  0.001
 130 F   0.98258 0.01742 0.00000 ( 1)  0.060  0.000
 131 T   0.32093 0.67856 0.00052 ( 2)  0.231  0.001
 132 L   0.21724 0.78130 0.00146 ( 2)  0.259  0.001
 133 S   0.02325 0.97628 0.00047 ( 2)  0.308  0.000
 134 A   0.01712 0.98255 0.00033 ( 2)  0.310  0.000
 135 H   0.00000 0.19529 0.80470 ( 3)  0.873  0.805
 136 V   0.00000 0.00671 0.99329 ( 3)  1.004  0.993
 137 F   0.89469 0.10529 0.00002 ( 1)  0.083  0.000
 138 N   0.56811 0.43185 0.00003 ( 1)  0.167  0.000
 139 S   0.00148 0.95072 0.04780 ( 2)  0.347  0.048
 140 G   0.02719 0.94029 0.03252 ( 2)  0.329  0.033
 141 -   0.51544 0.37618 0.10838 ( 1)  0.256  0.108
 142 N   0.04624 0.94578 0.00798 ( 2)  0.307  0.008
 143 E   0.83411 0.16588 0.00001 ( 1)  0.099  0.000
 144 V   0.95695 0.04305 0.00000 ( 1)  0.067  0.000
 145 Y   0.76225 0.23773 0.00002 ( 1)  0.117  0.000
 146 I   0.95555 0.04445 0.00000 ( 1)  0.067  0.000
 147 D   0.95267 0.04733 0.00000 ( 1)  0.068  0.000
 148 R   0.10421 0.88161 0.01418 ( 2)  0.297  0.014
 149 I   0.99482 0.00518 0.00000 ( 1)  0.057  0.000
 150 E   0.99589 0.00411 0.00000 ( 1)  0.057  0.000
 151 F   0.99839 0.00161 0.00000 ( 1)  0.056  0.000
 152 V   0.98058 0.01942 0.00000 ( 1)  0.061  0.000
 153 -   0.70771 0.27479 0.01751 ( 1)  0.143  0.018

Positively selected sites

	Prob(w>1)  mean w

     3 -      0.695         0.792
     4 S      0.652         0.765
     6 E      0.776         0.853
     8 N      0.695         0.796
    15 Q      0.912         0.947
    25 T      1.000**       1.008
    28 G      0.983*        0.996
    52 Q      0.513         0.670
    54 S      0.538         0.687
    63 A      0.508         0.666
    86 S      0.829         0.890
    94 Q      0.991**       1.002
    98 S      0.869         0.917
   105 S      0.990*        1.001
   111 S      0.941         0.967
   127 S      0.874         0.921
   135 H      0.805         0.873
   136 V      0.993**       1.004


lnL = -4761.137457

