Supplemental results for CODEML (seqf: algn  treef: tree)


dN/dS (w) for site classes (K=8)

p:   0.12500  0.12500  0.12500  0.12500  0.12500  0.12500  0.12500  0.12500
w:   0.02300  0.12287  0.26137  0.41997  0.58469  0.74252  0.87961  0.97770

Naive Empirical Bayes (NEB) probabilities for 8 classes & postmean_w
(amino acids refer to 1st sequence: BT_Cry7Ba1)

   1 -   0.50397 0.22293 0.09627 0.05280 0.03738 0.03117 0.02838 0.02710 ( 1)  0.183
   2 -   0.00499 0.06715 0.12870 0.15426 0.16123 0.16206 0.16126 0.16035 ( 6)  0.620
   3 T   0.00017 0.01867 0.08887 0.16024 0.19174 0.19204 0.18002 0.16825 ( 6)  0.670
   4 V   0.00013 0.01531 0.07876 0.15082 0.18922 0.19662 0.18929 0.17984 ( 6)  0.685
   5 E   0.68333 0.22248 0.06032 0.01869 0.00742 0.00374 0.00231 0.00171 ( 1)  0.077
   6 L   0.48772 0.26715 0.12558 0.05807 0.02856 0.01569 0.00989 0.00733 ( 1)  0.145
   7 T   0.65085 0.22612 0.06937 0.02560 0.01215 0.00711 0.00490 0.00390 ( 1)  0.092
   8 R   0.70206 0.21970 0.05370 0.01455 0.00516 0.00241 0.00141 0.00101 ( 1)  0.070
   9 T   0.00079 0.04550 0.13408 0.17763 0.17969 0.16714 0.15290 0.14228 ( 5)  0.618
  10 I   0.75829 0.17558 0.03981 0.01298 0.00589 0.00337 0.00228 0.00179 ( 1)  0.065
  11 Y   0.04473 0.18907 0.22342 0.18090 0.13155 0.09577 0.07338 0.06119 ( 3)  0.431
  12 T   0.00718 0.07348 0.11421 0.13147 0.14738 0.16338 0.17692 0.18599 ( 8)  0.639
  13 D   0.03272 0.27655 0.28234 0.17361 0.09906 0.06084 0.04191 0.03297 ( 3)  0.354
  14 P   0.00620 0.09606 0.19378 0.20965 0.17511 0.13347 0.10207 0.08367 ( 4)  0.524
  15 L   0.18673 0.28972 0.17892 0.11323 0.07966 0.06045 0.04887 0.04242 ( 2)  0.310
  16 G   0.04532 0.32208 0.28650 0.16122 0.08466 0.04753 0.03021 0.02248 ( 2)  0.317
  17 Y   0.00033 0.02049 0.07316 0.12662 0.16702 0.19288 0.20678 0.21271 ( 8)  0.706
  18 T   0.00083 0.04656 0.13628 0.18086 0.18122 0.16571 0.14974 0.13880 ( 5)  0.614
  19 G   0.00790 0.11019 0.19976 0.20176 0.16512 0.12803 0.10138 0.08585 ( 4)  0.515
  20 Y   0.00067 0.03577 0.11015 0.15869 0.17489 0.17629 0.17332 0.17023 ( 6)  0.652
  21 S   0.00001 0.00310 0.02698 0.07489 0.13487 0.19864 0.25833 0.30318 ( 8)  0.789
  22 N   0.01060 0.14381 0.22080 0.19458 0.14919 0.11362 0.09028 0.07713 ( 3)  0.484
  23 D   0.00177 0.03453 0.09582 0.14781 0.17561 0.18405 0.18238 0.17804 ( 6)  0.665
  24 E   0.04982 0.16889 0.19970 0.17415 0.13740 0.10744 0.08714 0.07547 ( 3)  0.458
  25 H   0.06415 0.20750 0.22655 0.17754 0.12407 0.08612 0.06311 0.05096 ( 3)  0.403
  26 P   0.26789 0.21374 0.15874 0.11533 0.08465 0.06424 0.05133 0.04408 ( 1)  0.308
  27 T   0.00003 0.00403 0.02743 0.07679 0.14071 0.20401 0.25619 0.29079 ( 8)  0.783
  28 Y   0.00218 0.04175 0.11155 0.16301 0.18154 0.17802 0.16629 0.15565 ( 5)  0.640
  29 Y   0.44312 0.26220 0.13502 0.06924 0.03814 0.02338 0.01616 0.01274 ( 1)  0.173
  30 -   0.12560 0.12547 0.12530 0.12510 0.12490 0.12470 0.12453 0.12441 ( 1)  0.500
  31 S   0.00072 0.04502 0.14102 0.18718 0.18251 0.16304 0.14573 0.13479 ( 4)  0.609
  32 S   0.01121 0.13162 0.20347 0.18972 0.15396 0.12257 0.10033 0.08712 ( 3)  0.504
  33 A   0.00045 0.02697 0.08869 0.13795 0.16718 0.18456 0.19463 0.19958 ( 8)  0.686
  34 K   0.00018 0.01669 0.07758 0.14481 0.18349 0.19556 0.19365 0.18803 ( 6)  0.690
  35 P   0.00001 0.00373 0.03070 0.08415 0.14728 0.20560 0.25046 0.27808 ( 8)  0.775
  36 F   0.00739 0.12332 0.22847 0.21655 0.16139 0.11369 0.08290 0.06630 ( 3)  0.482
  37 S   0.00671 0.07921 0.13561 0.15469 0.15988 0.15900 0.15476 0.15014 ( 5)  0.605
  38 S   0.00192 0.04627 0.12973 0.18017 0.18571 0.16973 0.15035 0.13612 ( 5)  0.615
  39 I   0.20037 0.35364 0.20615 0.10318 0.05643 0.03522 0.02495 0.02005 ( 2)  0.246
  40 E   0.67778 0.21946 0.06147 0.02077 0.00923 0.00516 0.00344 0.00268 ( 1)  0.082
  41 S   0.31086 0.33819 0.15932 0.08019 0.04557 0.02896 0.02052 0.01638 ( 2)  0.206
  42 R   0.00603 0.09094 0.18012 0.19696 0.17180 0.13984 0.11479 0.09951 ( 4)  0.544
  43 A   0.00636 0.09290 0.17855 0.19272 0.16918 0.14013 0.11719 0.10296 ( 4)  0.546
  44 V   0.01263 0.12672 0.17885 0.16985 0.14996 0.13233 0.11905 0.11062 ( 3)  0.533
  45 L   0.00030 0.02319 0.09382 0.15868 0.18659 0.18794 0.17914 0.17036 ( 6)  0.667
  46 A   0.00010 0.00983 0.05635 0.12731 0.18253 0.20727 0.21061 0.20600 ( 7)  0.717
  47 P   0.58288 0.25256 0.09139 0.03532 0.01652 0.00954 0.00656 0.00523 ( 1)  0.111
  48 S   0.00001 0.00368 0.02865 0.07978 0.14371 0.20511 0.25393 0.28512 ( 8)  0.780
  49 L   0.52370 0.25260 0.11066 0.05147 0.02680 0.01585 0.01067 0.00826 ( 1)  0.139
  50 F   0.62076 0.23265 0.07850 0.03152 0.01574 0.00937 0.00642 0.00504 ( 1)  0.103
  51 K   0.00028 0.02275 0.09705 0.16774 0.19463 0.18874 0.17170 0.15711 ( 5)  0.657
  52 W   0.44461 0.27577 0.14396 0.06956 0.03335 0.01685 0.00950 0.00639 ( 1)  0.158
  53 I   0.08553 0.22727 0.20857 0.15127 0.10912 0.08438 0.07054 0.06333 ( 2)  0.398
  54 T   0.17387 0.34895 0.21853 0.11192 0.06106 0.03778 0.02659 0.02131 ( 2)  0.259
  55 Q   0.00654 0.10137 0.17577 0.17701 0.15758 0.13911 0.12550 0.11712 ( 4)  0.553
  56 L   0.17795 0.28907 0.18404 0.11690 0.08119 0.06065 0.04845 0.04176 ( 2)  0.313
  57 E   0.00004 0.00537 0.03900 0.10246 0.16569 0.20955 0.23365 0.24424 ( 8)  0.751
  58 V   0.11754 0.29618 0.23674 0.14219 0.08381 0.05370 0.03854 0.03130 ( 2)  0.314
  59 Y   0.00036 0.02922 0.11631 0.18352 0.19622 0.17901 0.15614 0.13922 ( 5)  0.632
  60 T   0.00263 0.05317 0.12036 0.15451 0.16672 0.16916 0.16776 0.16568 ( 6)  0.636
  61 K   0.00001 0.00509 0.04180 0.10454 0.16341 0.20613 0.23264 0.24638 ( 8)  0.750
  62 K   0.00000 0.00179 0.01867 0.06287 0.12958 0.20341 0.26901 0.31466 ( 8)  0.803
  63 Y   0.00002 0.00235 0.01722 0.05481 0.11654 0.19474 0.27533 0.33900 ( 8)  0.814
  64 S   0.00000 0.00005 0.00203 0.01730 0.06796 0.16855 0.30683 0.43727 ( 8)  0.870
  65 Y   0.00037 0.00963 0.03840 0.08564 0.14255 0.19883 0.24622 0.27836 ( 8)  0.767
  66 S   0.00000 0.00151 0.01723 0.06223 0.13115 0.20565 0.26960 0.31263 ( 8)  0.803
  67 S   0.00139 0.02864 0.08462 0.13845 0.17293 0.18875 0.19295 0.19228 ( 7)  0.683
  68 Q   0.00000 0.00016 0.00480 0.02934 0.08846 0.18279 0.29686 0.39759 ( 8)  0.851
  69 Y   0.21573 0.34453 0.19278 0.10003 0.05808 0.03809 0.02790 0.02285 ( 2)  0.249
  70 T   0.13404 0.24295 0.18635 0.13580 0.10181 0.07904 0.06425 0.05575 ( 2)  0.368
  71 T   0.01080 0.12710 0.19538 0.18211 0.15144 0.12621 0.10872 0.09824 ( 3)  0.517
  72 L   0.00000 0.00091 0.01188 0.04785 0.11243 0.19613 0.28197 0.34883 ( 8)  0.824
  73 W   0.44461 0.27577 0.14396 0.06956 0.03335 0.01685 0.00950 0.00639 ( 1)  0.158
  74 T   0.12577 0.30489 0.23585 0.13952 0.08101 0.05051 0.03496 0.02748 ( 2)  0.303
  75 G   0.00921 0.12307 0.21472 0.20901 0.16317 0.11940 0.08919 0.07222 ( 3)  0.492
  76 L   0.00040 0.00851 0.03432 0.08150 0.14211 0.20217 0.25031 0.28068 ( 8)  0.772
  77 R   0.00197 0.06753 0.12904 0.15030 0.16107 0.16486 0.16384 0.16139 ( 6)  0.624
  78 V   0.13062 0.28709 0.21686 0.13529 0.08659 0.06001 0.04549 0.03805 ( 2)  0.324
  79 I   0.00034 0.02893 0.10918 0.16741 0.18459 0.18015 0.16935 0.16005 ( 5)  0.650
  80 A   0.00060 0.03797 0.12106 0.16967 0.17919 0.17273 0.16313 0.15565 ( 5)  0.636
  81 Q   0.00019 0.01732 0.08102 0.15079 0.18779 0.19499 0.18827 0.17962 ( 6)  0.682
  82 P   0.00000 0.00290 0.03438 0.10152 0.16831 0.21295 0.23566 0.24427 ( 8)  0.755
  83 T   0.02758 0.24582 0.27200 0.18151 0.11056 0.07115 0.05067 0.04071 ( 3)  0.380
  84 K   0.03063 0.21998 0.21955 0.16067 0.11967 0.09531 0.08099 0.07320 ( 2)  0.436
  85 D   0.00002 0.00694 0.05264 0.12394 0.17884 0.20662 0.21544 0.21557 ( 8)  0.725
  86 F   0.00002 0.00485 0.03163 0.08017 0.14087 0.20215 0.25329 0.28702 ( 8)  0.778
  87 T   0.00000 0.00105 0.01552 0.05862 0.12509 0.20103 0.27274 0.32596 ( 8)  0.810
  88 D   0.00100 0.05613 0.15862 0.19784 0.18422 0.15597 0.13111 0.11510 ( 4)  0.583
  89 T   0.00010 0.01357 0.07191 0.14028 0.18153 0.19710 0.19904 0.19647 ( 7)  0.699
  90 V   0.00001 0.00341 0.02713 0.07690 0.14112 0.20481 0.25660 0.29003 ( 8)  0.784
  91 Y   0.01612 0.16511 0.22445 0.18979 0.14263 0.10695 0.08391 0.07105 ( 3)  0.465
  92 D   0.32638 0.34006 0.15361 0.07540 0.04249 0.02710 0.01937 0.01559 ( 2)  0.198
  93 Y   0.01285 0.12666 0.17629 0.16650 0.14798 0.13275 0.12184 0.11513 ( 3)  0.537
  94 G   0.14693 0.33064 0.23823 0.12974 0.06904 0.03984 0.02596 0.01961 ( 2)  0.273
  95 S   0.01701 0.17747 0.23839 0.19290 0.13778 0.09896 0.07516 0.06232 ( 3)  0.447
  96 S   0.18594 0.35484 0.21994 0.10987 0.05692 0.03316 0.02216 0.01716 ( 2)  0.246
  97 S   0.00411 0.07612 0.17064 0.19755 0.17695 0.14638 0.12171 0.10654 ( 4)  0.560
  98 G   0.54626 0.26580 0.10875 0.04361 0.01856 0.00883 0.00489 0.00330 ( 1)  0.117
  99 S   0.21213 0.37067 0.21029 0.09848 0.04883 0.02762 0.01811 0.01387 ( 2)  0.225
 100 E   0.00000 0.00078 0.01298 0.05530 0.12632 0.20625 0.27579 0.32259 ( 8)  0.812
 101 N   0.00001 0.00300 0.02449 0.07087 0.13331 0.20070 0.26192 0.30570 ( 8)  0.793
 102 K   0.00011 0.01851 0.09728 0.17109 0.19492 0.18770 0.17176 0.15863 ( 5)  0.659
 103 D   0.01042 0.14141 0.24048 0.21297 0.15135 0.10468 0.07664 0.06205 ( 3)  0.464
 104 V   0.00020 0.01880 0.08463 0.15152 0.18505 0.19205 0.18722 0.18053 ( 6)  0.680
 105 F   0.74341 0.19601 0.04224 0.01094 0.00383 0.00178 0.00105 0.00076 ( 1)  0.062
 106 D   0.00149 0.07191 0.17036 0.18754 0.16779 0.14658 0.13155 0.12277 ( 4)  0.575
 107 L   0.10550 0.28026 0.24360 0.15531 0.09198 0.05641 0.03790 0.02904 ( 2)  0.323
 108 Y   0.00001 0.00452 0.03951 0.10769 0.17273 0.21264 0.22945 0.23345 ( 8)  0.745
 109 G   0.00034 0.02057 0.07092 0.12180 0.16273 0.19210 0.21079 0.22075 ( 8)  0.711
 110 N   0.01093 0.13197 0.20427 0.18833 0.15202 0.12186 0.10129 0.08932 ( 3)  0.505
 111 -   0.12864 0.12786 0.12680 0.12559 0.12435 0.12317 0.12216 0.12144 ( 1)  0.495
 112 -   0.13126 0.12990 0.12805 0.12597 0.12385 0.12186 0.12016 0.11896 ( 1)  0.490
 113 -   0.13085 0.12959 0.12786 0.12591 0.12393 0.12206 0.12047 0.11934 ( 1)  0.491
 114 -   0.12781 0.12721 0.12639 0.12546 0.12450 0.12359 0.12280 0.12225 ( 1)  0.496
 115 -   0.12768 0.12711 0.12633 0.12544 0.12452 0.12365 0.12290 0.12237 ( 1)  0.497
 116 -   0.13126 0.12990 0.12805 0.12597 0.12385 0.12186 0.12016 0.11896 ( 1)  0.490
 117 -   0.12900 0.12814 0.12697 0.12564 0.12428 0.12299 0.12188 0.12110 ( 1)  0.494
 118 -   0.12956 0.12858 0.12724 0.12572 0.12417 0.12271 0.12145 0.12057 ( 1)  0.493
 119 -   0.00592 0.03147 0.06652 0.10611 0.14662 0.18487 0.21765 0.24085 ( 8)  0.716
 120 -   0.12957 0.12859 0.12724 0.12573 0.12417 0.12270 0.12144 0.12055 ( 1)  0.493
 121 -   0.13085 0.12959 0.12786 0.12591 0.12393 0.12206 0.12047 0.11934 ( 1)  0.491
 122 -   0.12835 0.12763 0.12665 0.12554 0.12440 0.12332 0.12239 0.12172 ( 1)  0.495
 123 -   0.12653 0.12621 0.12576 0.12525 0.12473 0.12423 0.12380 0.12349 ( 1)  0.499
 124 -   0.12798 0.12734 0.12647 0.12549 0.12447 0.12350 0.12267 0.12208 ( 1)  0.496
 125 -   0.12995 0.12888 0.12743 0.12578 0.12410 0.12251 0.12115 0.12019 ( 1)  0.493
 126 -   0.12772 0.12715 0.12635 0.12545 0.12451 0.12363 0.12287 0.12232 ( 1)  0.497
 127 D   0.07118 0.39345 0.26740 0.12646 0.06285 0.03605 0.02402 0.01859 ( 2)  0.276
 128 V   0.01426 0.15861 0.22679 0.19242 0.14329 0.10738 0.08485 0.07241 ( 3)  0.469
 129 Y   0.73805 0.19233 0.04491 0.01338 0.00540 0.00281 0.00178 0.00135 ( 1)  0.066
 130 D   0.00076 0.02345 0.08396 0.14529 0.18018 0.19129 0.18991 0.18515 ( 6)  0.681
 131 T   0.00783 0.08370 0.13312 0.14722 0.15266 0.15631 0.15885 0.16034 ( 8)  0.609
 132 Q   0.00027 0.02045 0.08512 0.15129 0.18574 0.19256 0.18636 0.17821 ( 6)  0.678
 133 S   0.00299 0.05127 0.12209 0.16512 0.17735 0.17177 0.15991 0.14950 ( 5)  0.626
 134 V   0.00008 0.01475 0.07468 0.13824 0.17647 0.19396 0.20022 0.20160 ( 8)  0.700
 135 V   0.00000 0.00181 0.01947 0.06491 0.13089 0.20288 0.26732 0.31272 ( 8)  0.801
 136 S   0.00229 0.04652 0.11245 0.15131 0.16761 0.17301 0.17377 0.17305 ( 7)  0.647
 137 S   0.09248 0.21145 0.17896 0.13685 0.11200 0.09747 0.08820 0.08258 ( 2)  0.429
 138 Y   0.00005 0.01099 0.05678 0.11315 0.16124 0.19767 0.22275 0.23737 ( 8)  0.733
 139 K   0.00001 0.00378 0.03034 0.08172 0.14223 0.20121 0.25222 0.28848 ( 8)  0.779
 140 P   0.00041 0.01048 0.04085 0.08908 0.14528 0.19906 0.24294 0.27191 ( 8)  0.762
 141 T   0.00100 0.02133 0.06676 0.11808 0.16137 0.19284 0.21349 0.22513 ( 8)  0.715
 142 G   0.00007 0.00713 0.04109 0.09825 0.15694 0.20390 0.23661 0.25601 ( 8)  0.754
 143 G   0.00004 0.00444 0.02921 0.08013 0.14437 0.20546 0.25320 0.28315 ( 8)  0.778
 144 G   0.00001 0.00157 0.01380 0.04972 0.11354 0.19619 0.28025 0.34492 ( 8)  0.820
 145 H   0.03123 0.12283 0.17212 0.17434 0.15443 0.13126 0.11272 0.10107 ( 4)  0.520
 146 F   0.00038 0.01298 0.05613 0.11782 0.17136 0.20373 0.21731 0.22030 ( 8)  0.724
 147 G   0.01395 0.06464 0.11322 0.14626 0.16311 0.16821 0.16689 0.16371 ( 6)  0.626
 148 V   0.00116 0.02404 0.07239 0.12335 0.16334 0.19063 0.20779 0.21729 ( 8)  0.706
 149 P   0.41064 0.26652 0.14924 0.07919 0.04259 0.02449 0.01568 0.01165 ( 1)  0.183
 150 Q   0.01190 0.05259 0.09035 0.12145 0.14896 0.17362 0.19382 0.20731 ( 8)  0.671
 151 F   0.05250 0.17944 0.21179 0.18073 0.13637 0.10028 0.07620 0.06268 ( 3)  0.437
 152 R   0.00126 0.02624 0.07837 0.13016 0.16670 0.18865 0.20106 0.20757 ( 8)  0.696
 153 L   0.32753 0.24016 0.15923 0.10215 0.06634 0.04508 0.03291 0.02659 ( 1)  0.249
 154 F   0.00143 0.02784 0.07833 0.12663 0.16244 0.18692 0.20326 0.21315 ( 8)  0.698
 155 W   0.01414 0.06566 0.11461 0.14683 0.16243 0.16691 0.16591 0.16352 ( 6)  0.625
 156 I   0.45423 0.25938 0.12932 0.06571 0.03692 0.02355 0.01700 0.01388 ( 1)  0.171
 157 T   0.04188 0.13293 0.15942 0.15526 0.14348 0.13134 0.12124 0.11445 ( 3)  0.524
 158 K   0.00002 0.00271 0.02085 0.06556 0.13173 0.20367 0.26635 0.30910 ( 8)  0.798
 159 S   0.00000 0.00201 0.02448 0.07857 0.14635 0.20861 0.25565 0.28433 ( 8)  0.783
 160 N   0.00220 0.09100 0.18943 0.19245 0.16360 0.13679 0.11786 0.10665 ( 4)  0.547
 161 G   0.00000 0.00009 0.00338 0.02465 0.08270 0.18088 0.30131 0.40698 ( 8)  0.857
 162 L   0.00501 0.08354 0.17805 0.20207 0.17764 0.14269 0.11427 0.09673 ( 4)  0.547
 163 R   0.00000 0.00020 0.00547 0.03178 0.09288 0.18697 0.29565 0.38705 ( 8)  0.846
 164 E   0.00221 0.09276 0.19598 0.19911 0.16549 0.13381 0.11173 0.09891 ( 4)  0.537
 165 Q   0.00003 0.00962 0.06258 0.13481 0.18351 0.20296 0.20508 0.20141 ( 7)  0.709
 166 I   0.00213 0.05117 0.12998 0.17105 0.17704 0.16773 0.15526 0.14562 ( 5)  0.619
 167 F   0.65093 0.23888 0.07221 0.02270 0.00826 0.00365 0.00200 0.00137 ( 1)  0.083
 168 N   0.00168 0.03967 0.11958 0.17697 0.18917 0.17553 0.15608 0.14130 ( 5)  0.627
 169 Y   0.10073 0.27711 0.22892 0.14652 0.09402 0.06458 0.04827 0.03985 ( 2)  0.342
 170 A   0.06048 0.17802 0.18799 0.15759 0.12791 0.10715 0.09407 0.08679 ( 3)  0.461
 171 N   0.00003 0.00896 0.05504 0.11815 0.16858 0.20094 0.21952 0.22878 ( 8)  0.730
 172 N   0.34625 0.32600 0.13789 0.06959 0.04316 0.03098 0.02467 0.02146 ( 1)  0.204
 173 M   0.00052 0.03144 0.10266 0.15460 0.17627 0.18080 0.17855 0.17516 ( 6)  0.661
 174 G   0.01120 0.13461 0.20541 0.18350 0.14640 0.12024 0.10398 0.09466 ( 3)  0.506
 175 -   0.01599 0.17888 0.24759 0.19711 0.13592 0.09481 0.07099 0.05870 ( 3)  0.440
 176 S   0.00065 0.03681 0.11382 0.16625 0.18329 0.17857 0.16594 0.15467 ( 5)  0.641
 177 Y   0.00002 0.00560 0.03605 0.08649 0.14393 0.19994 0.24758 0.28040 ( 8)  0.771
 178 S   0.00116 0.06682 0.18482 0.21483 0.18270 0.14240 0.11242 0.09485 ( 4)  0.551
 179 A   0.00000 0.00053 0.00995 0.04550 0.11124 0.19625 0.28374 0.35280 ( 8)  0.827
 180 Y   0.00069 0.04014 0.12432 0.17539 0.18431 0.17284 0.15715 0.14515 ( 5)  0.627
 181 R   0.10233 0.21192 0.17412 0.13644 0.11316 0.09733 0.08597 0.07873 ( 2)  0.422
 182 F   0.01709 0.16312 0.20894 0.17511 0.13827 0.11278 0.09680 0.08789 ( 3)  0.484
 183 S   0.00012 0.01048 0.05439 0.11836 0.17164 0.20351 0.21827 0.22323 ( 8)  0.727
 184 K   0.00005 0.01347 0.07854 0.15287 0.19100 0.19701 0.18853 0.17852 ( 6)  0.685
 185 D   0.02097 0.18513 0.21720 0.16997 0.12926 0.10442 0.09023 0.08281 ( 3)  0.465
 186 E   0.00675 0.08947 0.16804 0.18981 0.17436 0.14635 0.12093 0.10428 ( 4)  0.554
 187 L   0.07721 0.23336 0.23699 0.17270 0.11281 0.07403 0.05200 0.04088 ( 3)  0.372
 188 P   0.00553 0.08735 0.18072 0.20240 0.17655 0.14088 0.11212 0.09444 ( 4)  0.542
 189 I   0.69269 0.20934 0.05738 0.01994 0.00913 0.00521 0.00353 0.00278 ( 1)  0.080
 190 E   0.28565 0.38991 0.17668 0.07270 0.03423 0.01903 0.01238 0.00943 ( 2)  0.185
 191 L   0.00271 0.05534 0.14481 0.19257 0.18872 0.16254 0.13578 0.11754 ( 4)  0.591
 192 L   0.08403 0.24359 0.23477 0.16592 0.10802 0.07176 0.05120 0.04071 ( 2)  0.364
 193 Q   0.00008 0.00883 0.04624 0.09880 0.14990 0.19612 0.23579 0.26424 ( 8)  0.754
 194 P   0.00001 0.00244 0.01999 0.05906 0.11800 0.19266 0.27185 0.33599 ( 8)  0.810
 195 P   0.68018 0.23274 0.06055 0.01630 0.00548 0.00242 0.00136 0.00096 ( 1)  0.074
 196 L   0.01493 0.13031 0.16982 0.16203 0.14812 0.13477 0.12373 0.11629 ( 3)  0.538
 197 F   0.01437 0.14770 0.20379 0.17952 0.14495 0.11851 0.10077 0.09040 ( 3)  0.497
 198 G   0.34274 0.24674 0.15905 0.09854 0.06159 0.04031 0.02851 0.02252 ( 1)  0.234
 199 D   0.51323 0.26250 0.11404 0.05086 0.02574 0.01517 0.01034 0.00812 ( 1)  0.139
 200 I   0.03925 0.14405 0.18664 0.17635 0.14759 0.11984 0.09932 0.08697 ( 3)  0.489
 201 E   0.00996 0.12285 0.19779 0.18993 0.15722 0.12675 0.10448 0.09102 ( 3)  0.514
 202 E   0.04712 0.32732 0.28060 0.15532 0.08333 0.04889 0.03248 0.02494 ( 2)  0.318
 203 Y   0.17204 0.31481 0.20281 0.11671 0.07281 0.05034 0.03831 0.03217 ( 2)  0.290
 204 S   0.17551 0.32993 0.20935 0.11617 0.06858 0.04417 0.03134 0.02497 ( 2)  0.273
 205 H   0.72850 0.20860 0.04610 0.01100 0.00332 0.00132 0.00069 0.00047 ( 1)  0.063
 206 R   0.51715 0.25456 0.10983 0.05062 0.02727 0.01735 0.01271 0.01052 ( 1)  0.143
 207 L   0.58899 0.25591 0.09184 0.03380 0.01433 0.00732 0.00450 0.00332 ( 1)  0.104
 208 S   0.80989 0.15574 0.02474 0.00568 0.00200 0.00096 0.00057 0.00042 ( 1)  0.049
 209 H   0.00069 0.04182 0.13063 0.18050 0.18448 0.16948 0.15235 0.14005 ( 5)  0.620
 210 V   0.26780 0.37867 0.18196 0.08037 0.04013 0.02328 0.01563 0.01215 ( 2)  0.200
 211 S   0.00921 0.11669 0.19838 0.19673 0.16223 0.12756 0.10215 0.08706 ( 3)  0.514
 212 E   0.34789 0.24377 0.15415 0.09557 0.06111 0.04159 0.03074 0.02518 ( 1)  0.237
 213 V   0.02002 0.17894 0.21887 0.17823 0.13576 0.10575 0.08661 0.07582 ( 3)  0.463
 214 I   0.03085 0.24068 0.24795 0.17183 0.11484 0.08092 0.06155 0.05138 ( 3)  0.399
 215 K   0.30875 0.38217 0.16482 0.06866 0.03345 0.01926 0.01289 0.01000 ( 2)  0.181
 216 D   0.00138 0.07727 0.20505 0.22566 0.18020 0.13180 0.09852 0.08011 ( 4)  0.526
 217 Y   0.01216 0.12071 0.17410 0.17170 0.15511 0.13653 0.12036 0.10931 ( 3)  0.538
 218 G   0.00800 0.10392 0.18487 0.19295 0.16653 0.13575 0.11152 0.09646 ( 4)  0.533
 219 E   0.00000 0.00060 0.01311 0.06081 0.13674 0.21257 0.27056 0.30561 ( 8)  0.804
 220 G   0.00674 0.10192 0.20041 0.21165 0.17294 0.12941 0.09760 0.07933 ( 4)  0.515
 221 I   0.00336 0.06444 0.14761 0.18044 0.17517 0.15782 0.14121 0.12996 ( 4)  0.593
 222 I   0.03189 0.26360 0.27282 0.17494 0.10459 0.06678 0.04738 0.03799 ( 3)  0.367
 223 P   0.16415 0.32480 0.21934 0.12386 0.07123 0.04388 0.02977 0.02297 ( 2)  0.276
 224 V   0.01585 0.17250 0.24191 0.19920 0.14065 0.09833 0.07259 0.05896 ( 3)  0.445
 225 L   0.17935 0.35117 0.22204 0.11229 0.05890 0.03474 0.02338 0.01813 ( 2)  0.251
 226 G   0.54626 0.26580 0.10875 0.04361 0.01856 0.00883 0.00489 0.00330 ( 1)  0.117
 227 W   0.00376 0.06684 0.15917 0.20042 0.18811 0.15481 0.12358 0.10331 ( 4)  0.569
 228 T   0.66751 0.21672 0.06414 0.02403 0.01175 0.00703 0.00490 0.00392 ( 1)  0.089
 229 H   0.78715 0.17312 0.02945 0.00642 0.00207 0.00092 0.00052 0.00037 ( 1)  0.052
 230 V   0.67489 0.21870 0.06182 0.02158 0.01003 0.00583 0.00399 0.00316 ( 1)  0.084
 231 S   0.65241 0.17113 0.05498 0.03210 0.02565 0.02274 0.02101 0.01998 ( 1)  0.134


lnL = -2854.944763

