Supplemental results for CODEML (seqf: algn  treef: tree)


dN/dS (w) for site classes (K=4)

site class             0        1       2a       2b
proportion       0.67492  0.32508  0.00000  0.00000
background w     0.12225  1.00000  0.12225  1.00000
foreground w     0.12225  1.00000  1.00000  1.00000

Naive Empirical Bayes (NEB) probabilities for 4 classes
(amino acids refer to 1st sequence: BT_Cry3Aa10)

   1 -   0.69967 0.30033 0.00000 0.00000 ( 1)
   2 -   0.35807 0.64193 0.00000 0.00000 ( 2)
   3 -   0.96386 0.03614 0.00000 0.00000 ( 1)
   4 K   0.95550 0.04450 0.00000 0.00000 ( 1)
   5 I   0.99583 0.00417 0.00000 0.00000 ( 1)
   6 T   0.70908 0.29092 0.00000 0.00000 ( 1)
   7 Q   0.98230 0.01770 0.00000 0.00000 ( 1)
   8 L   0.98469 0.01531 0.00000 0.00000 ( 1)
   9 P   0.98220 0.01780 0.00000 0.00000 ( 1)
  10 L   0.54396 0.45604 0.00000 0.00000 ( 1)
  11 V   0.99787 0.00213 0.00000 0.00000 ( 1)
  12 K   0.99393 0.00607 0.00000 0.00000 ( 1)
  13 A   0.19532 0.80468 0.00000 0.00000 ( 2)
  14 Y   0.91817 0.08183 0.00000 0.00000 ( 1)
  15 K   0.74238 0.25762 0.00000 0.00000 ( 1)
  16 L   0.99609 0.00391 0.00000 0.00000 ( 1)
  17 Q   0.17536 0.82464 0.00000 0.00000 ( 2)
  18 S   0.77831 0.22169 0.00000 0.00000 ( 1)
  19 G   0.99920 0.00080 0.00000 0.00000 ( 1)
  20 A   0.96291 0.03709 0.00000 0.00000 ( 1)
  21 S   0.97370 0.02630 0.00000 0.00000 ( 1)
  22 V   0.99799 0.00201 0.00000 0.00000 ( 1)
  23 V   0.63491 0.36509 0.00000 0.00000 ( 1)
  24 A   0.01987 0.98013 0.00000 0.00000 ( 2)
  25 G   0.99920 0.00080 0.00000 0.00000 ( 1)
  26 P   0.99906 0.00094 0.00000 0.00000 ( 1)
  27 R   0.98388 0.01612 0.00000 0.00000 ( 1)
  28 F   0.99937 0.00063 0.00000 0.00000 ( 1)
  29 T   0.99724 0.00276 0.00000 0.00000 ( 1)
  30 G   0.99746 0.00254 0.00000 0.00000 ( 1)
  31 G   0.99869 0.00131 0.00000 0.00000 ( 1)
  32 D   0.99545 0.00455 0.00000 0.00000 ( 1)
  33 I   0.96401 0.03599 0.00000 0.00000 ( 1)
  34 I   0.54760 0.45240 0.00000 0.00000 ( 1)
  35 Q   0.80824 0.19176 0.00000 0.00000 ( 1)
  36 C   0.91350 0.08650 0.00000 0.00000 ( 1)
  37 T   0.97455 0.02545 0.00000 0.00000 ( 1)
  38 E   0.22634 0.77366 0.00000 0.00000 ( 2)
  39 N   0.21737 0.78263 0.00000 0.00000 ( 2)
  40 G   0.96500 0.03500 0.00000 0.00000 ( 1)
  41 S   0.02550 0.97450 0.00000 0.00000 ( 2)
  42 A   0.67567 0.32433 0.00000 0.00000 ( 1)
  43 A   0.72455 0.27545 0.00000 0.00000 ( 1)
  44 T   0.21040 0.78960 0.00000 0.00000 ( 2)
  45 I   0.51790 0.48210 0.00000 0.00000 ( 1)
  46 Y   0.00851 0.99149 0.00000 0.00000 ( 2)
  47 V   0.96657 0.03343 0.00000 0.00000 ( 1)
  48 T   0.08464 0.91536 0.00000 0.00000 ( 2)
  49 P   0.49872 0.50128 0.00000 0.00000 ( 2)
  50 -   0.67492 0.32508 0.00000 0.00000 ( 1)
  51 D   0.38826 0.61174 0.00000 0.00000 ( 2)
  52 V   0.00545 0.99455 0.00000 0.00000 ( 2)
  53 S   0.01120 0.98880 0.00000 0.00000 ( 2)
  54 Y   0.54558 0.45442 0.00000 0.00000 ( 1)
  55 S   0.95693 0.04307 0.00000 0.00000 ( 1)
  56 Q   0.76790 0.23210 0.00000 0.00000 ( 1)
  57 K   0.50593 0.49407 0.00000 0.00000 ( 1)
  58 H   0.98834 0.01166 0.00000 0.00000 ( 1)
  59 R   0.99688 0.00312 0.00000 0.00000 ( 1)
  60 A   0.93990 0.06010 0.00000 0.00000 ( 1)
  61 R   0.99929 0.00071 0.00000 0.00000 ( 1)
  62 I   0.99758 0.00242 0.00000 0.00000 ( 1)
  63 H   0.96506 0.03494 0.00000 0.00000 ( 1)
  64 Y   0.99803 0.00197 0.00000 0.00000 ( 1)
  65 A   0.99849 0.00151 0.00000 0.00000 ( 1)
  66 S   0.99837 0.00163 0.00000 0.00000 ( 1)
  67 T   0.95214 0.04786 0.00000 0.00000 ( 1)
  68 S   0.70179 0.29821 0.00000 0.00000 ( 1)
  69 Q   0.05179 0.94821 0.00000 0.00000 ( 2)
  70 I   0.25025 0.74975 0.00000 0.00000 ( 2)
  71 T   0.28938 0.71062 0.00000 0.00000 ( 2)
  72 F   0.99799 0.00201 0.00000 0.00000 ( 1)
  73 T   0.03151 0.96849 0.00000 0.00000 ( 2)
  74 L   0.05904 0.94096 0.00000 0.00000 ( 2)
  75 S   0.32194 0.67806 0.00000 0.00000 ( 2)
  76 L   0.07895 0.92105 0.00000 0.00000 ( 2)
  77 D   0.11586 0.88414 0.00000 0.00000 ( 2)
  78 G   0.99642 0.00358 0.00000 0.00000 ( 1)
  79 A   0.10025 0.89975 0.00000 0.00000 ( 2)
  80 P   0.00953 0.99047 0.00000 0.00000 ( 2)
  81 F   0.48843 0.51157 0.00000 0.00000 ( 2)
  82 N   0.98778 0.01222 0.00000 0.00000 ( 1)
  83 Q   0.25004 0.74996 0.00000 0.00000 ( 2)
  84 Y   0.03545 0.96455 0.00000 0.00000 ( 2)
  85 Y   0.01991 0.98009 0.00000 0.00000 ( 2)
  86 F   0.90453 0.09547 0.00000 0.00000 ( 1)
  87 D   0.56519 0.43481 0.00000 0.00000 ( 1)
  88 K   0.98906 0.01094 0.00000 0.00000 ( 1)
  89 T   0.99703 0.00297 0.00000 0.00000 ( 1)
  90 I   0.99703 0.00297 0.00000 0.00000 ( 1)
  91 N   0.88918 0.11082 0.00000 0.00000 ( 1)
  92 K   0.76571 0.23429 0.00000 0.00000 ( 1)
  93 G   0.99869 0.00131 0.00000 0.00000 ( 1)
  94 D   0.36536 0.63464 0.00000 0.00000 ( 2)
  95 T   0.19714 0.80286 0.00000 0.00000 ( 2)
  96 L   0.99609 0.00391 0.00000 0.00000 ( 1)
  97 T   0.99195 0.00805 0.00000 0.00000 ( 1)
  98 Y   0.98684 0.01316 0.00000 0.00000 ( 1)
  99 N   0.27043 0.72957 0.00000 0.00000 ( 2)
 100 S   0.50930 0.49070 0.00000 0.00000 ( 1)
 101 F   0.99937 0.00063 0.00000 0.00000 ( 1)
 102 N   0.80041 0.19959 0.00000 0.00000 ( 1)
 103 L   0.92353 0.07647 0.00000 0.00000 ( 1)
 104 A   0.99827 0.00173 0.00000 0.00000 ( 1)
 105 S   0.96411 0.03589 0.00000 0.00000 ( 1)
 106 F   0.98747 0.01253 0.00000 0.00000 ( 1)
 107 S   0.07847 0.92153 0.00000 0.00000 ( 2)
 108 T   0.95905 0.04095 0.00000 0.00000 ( 1)
 109 P   0.98396 0.01604 0.00000 0.00000 ( 1)
 110 F   0.99036 0.00964 0.00000 0.00000 ( 1)
 111 E   0.05034 0.94966 0.00000 0.00000 ( 2)
 112 L   0.99366 0.00634 0.00000 0.00000 ( 1)
 113 S   0.01856 0.98144 0.00000 0.00000 ( 2)
 114 G   0.46078 0.53922 0.00000 0.00000 ( 2)
 115 N   0.07838 0.92162 0.00000 0.00000 ( 2)
 116 N   0.05739 0.94261 0.00000 0.00000 ( 2)
 117 -   0.68493 0.31507 0.00000 0.00000 ( 1)
 118 -   0.37788 0.62212 0.00000 0.00000 ( 2)
 119 L   0.92487 0.07513 0.00000 0.00000 ( 1)
 120 Q   0.06639 0.93361 0.00000 0.00000 ( 2)
 121 I   0.99743 0.00257 0.00000 0.00000 ( 1)
 122 G   0.92591 0.07409 0.00000 0.00000 ( 1)
 123 V   0.96248 0.03752 0.00000 0.00000 ( 1)
 124 T   0.04439 0.95561 0.00000 0.00000 ( 2)
 125 G   0.01776 0.98224 0.00000 0.00000 ( 2)
 126 L   0.93821 0.06179 0.00000 0.00000 ( 1)
 127 S   0.02175 0.97825 0.00000 0.00000 ( 2)
 128 A   0.22795 0.77205 0.00000 0.00000 ( 2)
 129 G   0.97955 0.02045 0.00000 0.00000 ( 1)
 130 D   0.85291 0.14709 0.00000 0.00000 ( 1)
 131 K   0.93060 0.06940 0.00000 0.00000 ( 1)
 132 V   0.99722 0.00278 0.00000 0.00000 ( 1)
 133 Y   0.99856 0.00144 0.00000 0.00000 ( 1)
 134 I   0.89097 0.10903 0.00000 0.00000 ( 1)
 135 D   0.99452 0.00548 0.00000 0.00000 ( 1)
 136 K   0.87901 0.12099 0.00000 0.00000 ( 1)
 137 I   0.69841 0.30159 0.00000 0.00000 ( 1)
 138 E   0.99909 0.00091 0.00000 0.00000 ( 1)
 139 F   0.70969 0.29031 0.00000 0.00000 ( 1)
 140 I   0.98036 0.01964 0.00000 0.00000 ( 1)
 141 P   0.95829 0.04171 0.00000 0.00000 ( 1)


lnL = -1867.475500

