Supplemental results for CODEML (seqf: algn  treef: tree)


dN/dS (w) for site classes (K=9)

p:   0.10895  0.10895  0.10895  0.10895  0.10895  0.10895  0.10895  0.10895  0.12839
w:   0.02091  0.07505  0.13907  0.21292  0.29868  0.40094  0.53030  0.72395  4.36103

Naive Empirical Bayes (NEB) probabilities for 9 classes & postmean_w & P(w>1)
(amino acids refer to 1st sequence: BT_Cry1Ia11)

   1 S   0.10114 0.21103 0.21542 0.17567 0.12754 0.08567 0.05353 0.02930 0.00069 ( 3)  0.210  0.001
   2 I   0.46480 0.24047 0.12621 0.07056 0.04239 0.02690 0.01744 0.01070 0.00053 ( 1)  0.103  0.001
   3 T   0.44985 0.24744 0.13377 0.07412 0.04292 0.02600 0.01609 0.00941 0.00040 ( 1)  0.103  0.000
   4 Q   0.37083 0.25352 0.16364 0.10040 0.05830 0.03160 0.01550 0.00616 0.00003 ( 1)  0.114  0.000
   5 I   0.04503 0.10130 0.12254 0.13113 0.13662 0.14131 0.14490 0.14551 0.03166 ( 8)  0.471  0.032
   6 P   0.41335 0.25810 0.15193 0.08583 0.04693 0.02496 0.01284 0.00599 0.00007 ( 1)  0.103  0.000
   7 L   0.00581 0.05075 0.11182 0.16089 0.18568 0.18554 0.16494 0.12678 0.00780 ( 5)  0.397  0.008
   8 V   0.44794 0.24805 0.13471 0.07469 0.04311 0.02595 0.01594 0.00924 0.00038 ( 1)  0.103  0.000
   9 K   0.11980 0.22699 0.21168 0.16118 0.11334 0.07751 0.05244 0.03386 0.00319 ( 2)  0.214  0.003
  10 A   0.06246 0.14962 0.17818 0.17184 0.14974 0.12270 0.09537 0.06744 0.00264 ( 3)  0.279  0.003
  11 F   0.00084 0.00875 0.02415 0.04521 0.07055 0.09949 0.13251 0.17402 0.44448 ( 9)  2.209  0.444
  12 N   0.00687 0.05503 0.11273 0.15423 0.17412 0.17593 0.16449 0.14103 0.01556 ( 6)  0.433  0.016
  13 -   0.13633 0.13300 0.12919 0.12495 0.12025 0.11492 0.10858 0.09989 0.03290 ( 1)  0.413  0.033
  14 -   0.13379 0.13069 0.12714 0.12321 0.11884 0.11389 0.10803 0.09999 0.04442 ( 1)  0.461  0.044
  15 -   0.13379 0.13069 0.12714 0.12321 0.11884 0.11389 0.10803 0.09999 0.04442 ( 1)  0.461  0.044
  16 -   0.00911 0.03137 0.05540 0.08030 0.10577 0.13187 0.15913 0.19008 0.23697 ( 9)  1.367  0.237
  17 L   0.00026 0.00849 0.03655 0.08476 0.14375 0.20012 0.24056 0.25066 0.03486 ( 8)  0.608  0.035
  18 S   0.00170 0.01583 0.03894 0.06577 0.09425 0.12472 0.15961 0.20668 0.29251 ( 9)  1.609  0.293
  19 S   0.07807 0.17495 0.19438 0.17467 0.14142 0.10717 0.07642 0.04883 0.00410 ( 3)  0.258  0.004
  20 G   0.00019 0.00597 0.02510 0.05990 0.10966 0.17158 0.24054 0.30875 0.07829 ( 8)  0.811  0.078
  21 A   0.00172 0.01640 0.04153 0.07272 0.10867 0.14971 0.19672 0.25230 0.16023 ( 8)  1.101  0.160
  22 A   0.00424 0.03663 0.08241 0.12594 0.16099 0.18546 0.19747 0.19158 0.01527 ( 7)  0.474  0.015
  23 V   0.06095 0.14251 0.16646 0.16071 0.14442 0.12584 0.10676 0.08493 0.00743 ( 3)  0.313  0.007
  24 V   0.06580 0.15018 0.17227 0.16310 0.14280 0.12049 0.09887 0.07644 0.01005 ( 3)  0.314  0.010
  25 R   0.00772 0.06035 0.12027 0.15980 0.17527 0.17239 0.15737 0.13208 0.01474 ( 5)  0.420  0.015
  26 G   0.35374 0.23938 0.15662 0.10093 0.06466 0.04139 0.02642 0.01620 0.00067 ( 1)  0.133  0.001
  27 P   0.43250 0.25979 0.14704 0.08005 0.04236 0.02194 0.01109 0.00516 0.00007 ( 1)  0.097  0.000
  28 G   0.45077 0.25723 0.13968 0.07435 0.03949 0.02116 0.01140 0.00577 0.00014 ( 1)  0.095  0.000
  29 F   0.00796 0.06464 0.13212 0.17647 0.18944 0.17643 0.14627 0.10403 0.00265 ( 5)  0.353  0.003
  30 T   0.47355 0.24925 0.12866 0.06808 0.03772 0.02192 0.01306 0.00739 0.00036 ( 1)  0.095  0.000
  31 G   0.43088 0.25413 0.14338 0.07967 0.04439 0.02511 0.01439 0.00787 0.00017 ( 1)  0.102  0.000
  32 G   0.38051 0.24846 0.15580 0.09539 0.05729 0.03366 0.01903 0.00963 0.00023 ( 1)  0.117  0.000
  33 D   0.00028 0.00818 0.03193 0.06861 0.11159 0.15616 0.20087 0.24803 0.17435 ( 8)  1.162  0.174
  34 I   0.04131 0.10971 0.14677 0.15998 0.15770 0.14596 0.12815 0.10407 0.00635 ( 4)  0.340  0.006
  35 L   0.00782 0.06113 0.12152 0.16088 0.17577 0.17226 0.15659 0.13023 0.01378 ( 5)  0.415  0.014
  36 R   0.00028 0.00886 0.03707 0.08395 0.14005 0.19360 0.23400 0.25057 0.05162 ( 8)  0.674  0.052
  37 R   0.00196 0.02271 0.06326 0.11202 0.15777 0.19363 0.21590 0.21914 0.01361 ( 8)  0.492  0.014
  38 T   0.00009 0.00298 0.01309 0.03276 0.06376 0.10850 0.17120 0.26384 0.34377 ( 9)  1.853  0.344
  39 N   0.00048 0.01415 0.05392 0.11025 0.16500 0.20373 0.21907 0.20628 0.02712 ( 7)  0.547  0.027
  40 T   0.00000 0.00002 0.00031 0.00170 0.00572 0.01463 0.03198 0.06718 0.87846 ( 9)  3.905  0.878
  41 G   0.08635 0.18634 0.19757 0.16971 0.13323 0.10043 0.07369 0.05043 0.00224 ( 3)  0.245  0.002
  42 T   0.00000 0.00000 0.00000 0.00002 0.00008 0.00032 0.00110 0.00408 0.99440 ( 9)  4.340  0.994
  43 F   0.00478 0.03654 0.07404 0.10534 0.13069 0.15309 0.17521 0.20035 0.11996 ( 8)  0.897  0.120
  44 G   0.11271 0.11244 0.11212 0.11175 0.11132 0.11081 0.11017 0.10922 0.10947 ( 1)  0.743  0.109
  45 D   0.00440 0.01564 0.02867 0.04336 0.05997 0.07914 0.10245 0.13545 0.53092 ( 9)  2.532  0.531
  46 I   0.12357 0.12225 0.12071 0.11895 0.11695 0.11460 0.11171 0.10754 0.06372 ( 1)  0.550  0.064
  47 R   0.00351 0.03216 0.07596 0.11962 0.15451 0.17724 0.18730 0.18408 0.06562 ( 7)  0.674  0.066
  48 V   0.00415 0.04467 0.10923 0.16382 0.19055 0.18914 0.16676 0.12736 0.00432 ( 5)  0.386  0.004
  49 N   0.00004 0.00142 0.00728 0.02161 0.04934 0.09645 0.17184 0.29922 0.35280 ( 9)  1.905  0.353
  50 I   0.07630 0.14750 0.15303 0.14243 0.13147 0.12219 0.11306 0.10071 0.01331 ( 3)  0.343  0.013
  51 N   0.48291 0.25014 0.12678 0.06571 0.03557 0.02020 0.01183 0.00664 0.00022 ( 1)  0.091  0.000
  52 -   0.10895 0.10895 0.10895 0.10895 0.10895 0.10895 0.10895 0.10895 0.12839 ( 9)  0.822  0.128
  53 -   0.10895 0.10895 0.10895 0.10895 0.10895 0.10895 0.10895 0.10895 0.12839 ( 9)  0.822  0.128
  54 -   0.10895 0.10895 0.10895 0.10895 0.10895 0.10895 0.10895 0.10895 0.12839 ( 9)  0.822  0.128
  55 -   0.10895 0.10895 0.10895 0.10895 0.10895 0.10895 0.10895 0.10895 0.12839 ( 9)  0.822  0.128
  56 -   0.10895 0.10895 0.10895 0.10895 0.10895 0.10895 0.10895 0.10895 0.12839 ( 9)  0.822  0.128
  57 P   0.08977 0.19838 0.21298 0.18063 0.13476 0.09208 0.05819 0.03234 0.00087 ( 3)  0.220  0.001
  58 P   0.41335 0.25810 0.15193 0.08583 0.04693 0.02496 0.01284 0.00599 0.00007 ( 1)  0.103  0.000
  59 F   0.11208 0.22272 0.21655 0.16960 0.12002 0.08001 0.05042 0.02808 0.00053 ( 2)  0.203  0.001
  60 A   0.00140 0.01363 0.03594 0.06641 0.10497 0.15202 0.20781 0.27470 0.14310 ( 8)  1.046  0.143
  61 Q   0.37083 0.25352 0.16364 0.10040 0.05830 0.03160 0.01550 0.00616 0.00003 ( 1)  0.114  0.000
  62 R   0.10228 0.20591 0.20463 0.16568 0.12321 0.08858 0.06279 0.04271 0.00421 ( 2)  0.236  0.004
  63 Y   0.44236 0.25960 0.14426 0.07758 0.04068 0.02079 0.01022 0.00447 0.00005 ( 1)  0.095  0.000
  64 R   0.06231 0.15441 0.18836 0.18258 0.15551 0.12014 0.08413 0.05021 0.00235 ( 3)  0.264  0.002
  65 V   0.00386 0.03452 0.08004 0.12431 0.15885 0.18065 0.18932 0.18343 0.04502 ( 7)  0.590  0.045
  66 R   0.32116 0.22175 0.15328 0.10767 0.07678 0.05505 0.03883 0.02508 0.00040 ( 1)  0.153  0.000
  67 I   0.10540 0.18989 0.17798 0.14652 0.11892 0.09769 0.08068 0.06483 0.01810 ( 2)  0.316  0.018
  68 R   0.00504 0.04475 0.10094 0.14938 0.17785 0.18359 0.16896 0.13620 0.03329 ( 6)  0.509  0.033
  69 Y   0.10566 0.21737 0.21789 0.17422 0.12418 0.08216 0.05068 0.02726 0.00058 ( 3)  0.205  0.001
  70 A   0.08018 0.17316 0.18746 0.16710 0.13735 0.10855 0.08328 0.05981 0.00310 ( 3)  0.262  0.003
  71 S   0.00032 0.01018 0.04178 0.09285 0.15181 0.20491 0.23961 0.24185 0.01668 ( 8)  0.529  0.017
  72 T   0.00478 0.04265 0.09717 0.14624 0.17850 0.19050 0.18255 0.15309 0.00451 ( 6)  0.405  0.005
  73 -   0.24055 0.20160 0.16431 0.13057 0.10088 0.07513 0.05286 0.03271 0.00141 ( 1)  0.189  0.001
  74 T   0.00464 0.04253 0.09848 0.14907 0.18120 0.19090 0.17908 0.14564 0.00846 ( 6)  0.417  0.008
  75 D   0.48362 0.25533 0.12955 0.06558 0.03378 0.01783 0.00951 0.00473 0.00007 ( 1)  0.087  0.000
  76 L   0.00377 0.03629 0.08790 0.13854 0.17489 0.19136 0.18738 0.16191 0.01795 ( 6)  0.468  0.018
  77 Q   0.00763 0.06286 0.12991 0.17461 0.18779 0.17497 0.14608 0.10781 0.00835 ( 5)  0.378  0.008
  78 F   0.00491 0.03993 0.08482 0.12321 0.15111 0.16943 0.17993 0.18329 0.06337 ( 8)  0.659  0.063
  79 H   0.00000 0.00004 0.00034 0.00150 0.00477 0.01238 0.02839 0.06427 0.88830 ( 9)  3.942  0.888
  80 T   0.00250 0.02671 0.07041 0.11925 0.16101 0.18892 0.20047 0.19313 0.03761 ( 7)  0.571  0.038
  81 S   0.00012 0.00348 0.01378 0.03025 0.05065 0.07386 0.10129 0.14082 0.58576 ( 9)  2.764  0.586
  82 I   0.00274 0.02311 0.05377 0.08920 0.12789 0.16889 0.21076 0.25147 0.07217 ( 8)  0.743  0.072
  83 N   0.00000 0.00000 0.00001 0.00010 0.00046 0.00169 0.00526 0.01644 0.97604 ( 9)  4.272  0.976
  84 G   0.00009 0.00304 0.01353 0.03332 0.06220 0.09990 0.14795 0.21519 0.42477 ( 9)  2.155  0.425
  85 K   0.00020 0.00698 0.03123 0.07519 0.13242 0.19208 0.24262 0.27125 0.04805 ( 8)  0.672  0.048
  86 A   0.00007 0.00229 0.01008 0.02518 0.04873 0.08246 0.13027 0.20582 0.49509 ( 9)  2.432  0.495
  87 I   0.06793 0.13518 0.14577 0.14101 0.13427 0.12764 0.12005 0.10847 0.01969 ( 3)  0.381  0.020
  88 N   0.08750 0.17193 0.17756 0.15822 0.13411 0.11089 0.08926 0.06694 0.00359 ( 3)  0.269  0.004
  89 Q   0.00001 0.00052 0.00279 0.00820 0.01792 0.03304 0.05532 0.09194 0.79026 ( 9)  3.563  0.790
  90 G   0.04311 0.10837 0.13826 0.14622 0.14340 0.13628 0.12771 0.11752 0.03913 ( 4)  0.480  0.039
  91 N   0.01015 0.06318 0.10236 0.11660 0.11819 0.11715 0.11822 0.12405 0.23011 ( 9)  1.282  0.230
  92 F   0.08127 0.16746 0.17453 0.15335 0.12880 0.10854 0.09286 0.07895 0.01426 ( 3)  0.322  0.014
  93 S   0.00880 0.07050 0.14130 0.18385 0.19100 0.17106 0.13560 0.09189 0.00599 ( 5)  0.354  0.006
  94 A   0.00026 0.00918 0.04028 0.09266 0.15335 0.20679 0.24057 0.24338 0.01353 ( 8)  0.518  0.014
  95 T   0.06703 0.15659 0.18216 0.17204 0.14714 0.11858 0.09070 0.06294 0.00281 ( 3)  0.273  0.003
  96 M   0.00234 0.02972 0.08400 0.14355 0.18703 0.20344 0.19143 0.15198 0.00650 ( 6)  0.422  0.006
  97 N   0.15637 0.26793 0.22339 0.15129 0.09430 0.05667 0.03284 0.01693 0.00031 ( 2)  0.169  0.000
  98 R   0.42717 0.25438 0.14532 0.08158 0.04548 0.02524 0.01378 0.00692 0.00012 ( 1)  0.102  0.000
  99 G   0.00457 0.04114 0.09437 0.14281 0.17512 0.18794 0.18192 0.15645 0.01567 ( 6)  0.452  0.016
 100 E   0.00169 0.01839 0.05161 0.09566 0.14345 0.18801 0.22280 0.23950 0.03889 ( 8)  0.608  0.039
 101 -   0.19468 0.17369 0.15245 0.13194 0.11243 0.09388 0.07592 0.05696 0.00805 ( 1)  0.254  0.008
 102 -   0.20777 0.18211 0.15655 0.13231 0.10974 0.08882 0.06915 0.04920 0.00435 ( 1)  0.228  0.004
 103 -   0.18095 0.16604 0.15017 0.13396 0.11758 0.10096 0.08365 0.06376 0.00292 ( 1)  0.245  0.003
 104 D   0.13296 0.24667 0.22315 0.16260 0.10721 0.06674 0.03939 0.02060 0.00068 ( 2)  0.184  0.001
 105 L   0.37728 0.24812 0.15650 0.09622 0.05797 0.03419 0.01949 0.01004 0.00020 ( 1)  0.118  0.000
 106 D   0.00292 0.02877 0.07288 0.12210 0.16560 0.19584 0.20747 0.19325 0.01116 ( 7)  0.465  0.011
 107 Y   0.00418 0.03624 0.08136 0.12316 0.15536 0.17726 0.18985 0.19241 0.04018 ( 8)  0.573  0.040
 108 K   0.03976 0.09894 0.13419 0.15578 0.16482 0.15985 0.14037 0.10496 0.00133 ( 5)  0.330  0.001
 109 T   0.01043 0.07996 0.15343 0.19168 0.19166 0.16524 0.12540 0.07956 0.00263 ( 4)  0.327  0.003
 110 F   0.13300 0.23997 0.21228 0.15433 0.10533 0.07140 0.04864 0.03176 0.00328 ( 2)  0.206  0.003
 111 R   0.28393 0.20959 0.15332 0.11302 0.08461 0.06453 0.04998 0.03825 0.00276 ( 1)  0.184  0.003
 112 T   0.00640 0.05525 0.12017 0.17008 0.19202 0.18594 0.15752 0.11096 0.00167 ( 5)  0.360  0.002
 113 V   0.44794 0.24805 0.13471 0.07469 0.04311 0.02595 0.01594 0.00924 0.00038 ( 1)  0.103  0.000
 114 G   0.00039 0.01123 0.04226 0.08669 0.13264 0.17135 0.19870 0.21330 0.14344 ( 8)  1.019  0.143
 115 F   0.09918 0.20360 0.20632 0.17003 0.12784 0.09131 0.06212 0.03797 0.00164 ( 3)  0.225  0.002
 116 T   0.06656 0.15800 0.18590 0.17616 0.14954 0.11801 0.08694 0.05656 0.00233 ( 3)  0.266  0.002
 117 T   0.00819 0.06635 0.13497 0.17891 0.19011 0.17478 0.14254 0.09919 0.00497 ( 5)  0.358  0.005
 118 P   0.00000 0.00000 0.00004 0.00023 0.00095 0.00309 0.00891 0.02644 0.96035 ( 9)  4.214  0.960
 119 F   0.50989 0.25630 0.12233 0.05807 0.02825 0.01426 0.00734 0.00351 0.00006 ( 1)  0.080  0.000
 120 S   0.00153 0.02117 0.06486 0.12048 0.17162 0.20559 0.21510 0.19365 0.00600 ( 7)  0.450  0.006
 121 F   0.00008 0.00307 0.01467 0.03800 0.07308 0.11858 0.17452 0.24901 0.32899 ( 9)  1.787  0.329
 122 L   0.00002 0.00068 0.00388 0.01213 0.02830 0.05579 0.10008 0.17740 0.62173 ( 9)  2.927  0.622
 123 D   0.00023 0.00662 0.02616 0.05908 0.10362 0.15762 0.21828 0.28310 0.14529 ( 8)  1.065  0.145
 124 V   0.00063 0.01733 0.06143 0.11772 0.16645 0.19580 0.20232 0.18525 0.05308 ( 7)  0.636  0.053
 125 Q   0.00000 0.00011 0.00099 0.00401 0.01106 0.02434 0.04702 0.08803 0.82445 ( 9)  3.698  0.824
 126 -   0.10895 0.10895 0.10895 0.10895 0.10895 0.10895 0.10895 0.10895 0.12839 ( 9)  0.822  0.128
 127 S   0.01030 0.07821 0.14914 0.18619 0.18752 0.16471 0.12955 0.08799 0.00638 ( 5)  0.349  0.006
 128 T   0.00000 0.00003 0.00023 0.00094 0.00282 0.00716 0.01690 0.04195 0.92997 ( 9)  4.099  0.930
 129 F   0.00000 0.00041 0.00284 0.00895 0.01976 0.03614 0.06023 0.10037 0.77129 ( 9)  3.491  0.771
 130 T   0.00005 0.00174 0.00773 0.01909 0.03606 0.05922 0.09067 0.13881 0.64664 ( 9)  3.008  0.647
 131 I   0.00159 0.01592 0.04069 0.06951 0.09882 0.12800 0.15854 0.19562 0.29133 ( 9)  1.599  0.291
 132 G   0.00002 0.00050 0.00218 0.00540 0.01058 0.01872 0.03237 0.06031 0.86993 ( 9)  3.867  0.870
 133 A   0.00247 0.02140 0.04965 0.08098 0.11463 0.15186 0.19434 0.24536 0.13933 ( 8)  1.009  0.139
 134 W   0.00000 0.00000 0.00000 0.00001 0.00005 0.00019 0.00067 0.00262 0.99646 ( 9)  4.348  0.996
 135 N   0.06080 0.14467 0.17228 0.16738 0.14794 0.12374 0.09891 0.07317 0.01111 ( 3)  0.319  0.011
 136 F   0.00545 0.04697 0.10321 0.15000 0.17729 0.18423 0.17368 0.14688 0.01230 ( 6)  0.429  0.012
 137 S   0.00263 0.02284 0.05282 0.08519 0.11810 0.15222 0.18899 0.23124 0.14596 ( 8)  1.028  0.146
 138 S   0.00012 0.00430 0.01966 0.04917 0.09172 0.14415 0.20331 0.26911 0.21846 ( 8)  1.354  0.218
 139 G   0.00033 0.01002 0.04043 0.08875 0.14435 0.19585 0.23392 0.24903 0.03732 ( 8)  0.614  0.037
 140 N   0.00567 0.05076 0.11390 0.16539 0.19072 0.18821 0.16279 0.11869 0.00387 ( 5)  0.377  0.004
 141 E   0.00879 0.07018 0.14046 0.18294 0.19071 0.17177 0.13714 0.09357 0.00444 ( 5)  0.350  0.004
 142 V   0.00468 0.04259 0.09853 0.14951 0.18246 0.19287 0.18090 0.14553 0.00293 ( 6)  0.395  0.003
 143 Y   0.00621 0.05238 0.11218 0.15836 0.18137 0.18220 0.16526 0.13213 0.00990 ( 6)  0.407  0.010
 144 I   0.46229 0.24267 0.12812 0.07134 0.04234 0.02638 0.01666 0.00982 0.00039 ( 1)  0.102  0.000
 145 D   0.08551 0.18037 0.18967 0.16391 0.13120 0.10243 0.07983 0.06142 0.00565 ( 3)  0.268  0.006
 146 R   0.11911 0.23339 0.22247 0.16941 0.11536 0.07326 0.04364 0.02285 0.00053 ( 2)  0.193  0.001
 147 I   0.47441 0.24117 0.12407 0.06804 0.04022 0.02521 0.01620 0.00993 0.00075 ( 1)  0.101  0.001
 148 E   0.47521 0.26001 0.13443 0.06767 0.03372 0.01680 0.00831 0.00379 0.00005 ( 1)  0.087  0.000
 149 F   0.50989 0.25630 0.12233 0.05807 0.02825 0.01426 0.00734 0.00351 0.00006 ( 1)  0.080  0.000
 150 V   0.08445 0.17700 0.18714 0.16465 0.13498 0.10713 0.08261 0.05923 0.00282 ( 3)  0.258  0.003
 151 P   0.35819 0.24635 0.16180 0.10263 0.06294 0.03708 0.02057 0.00990 0.00055 ( 1)  0.124  0.001

Positively selected sites

	Prob(w>1)  mean w

    40 T      0.878         3.905
    42 T      0.994**       4.340
    45 D      0.531         2.532
    79 H      0.888         3.942
    81 S      0.586         2.764
    83 N      0.976*        4.272
    89 Q      0.790         3.563
   118 P      0.960*        4.214
   122 L      0.622         2.927
   125 Q      0.824         3.698
   128 T      0.930         4.099
   129 F      0.771         3.491
   130 T      0.647         3.008
   132 G      0.870         3.867
   134 W      0.996**       4.348


lnL = -1773.109452

Bayes Empirical Bayes (BEB) probabilities for 11 classes (class) & postmean_w
(amino acids refer to 1st sequence: BT_Cry1Ia11)

   1 S   0.39432 0.25015 0.14687 0.08444 0.04969 0.03017 0.01883 0.01193 0.00756 0.00522 0.00082 ( 1)  0.198 +-  0.211
   2 I   0.72493 0.14437 0.05676 0.02881 0.01684 0.01065 0.00702 0.00471 0.00313 0.00217 0.00062 ( 1)  0.111 +-  0.164
   3 T   0.72125 0.15166 0.05819 0.02819 0.01580 0.00967 0.00622 0.00408 0.00266 0.00182 0.00047 ( 1)  0.109 +-  0.152
   4 Q   0.66433 0.18594 0.07836 0.03589 0.01736 0.00878 0.00461 0.00250 0.00137 0.00082 0.00005 ( 1)  0.113 +-  0.120
   5 I   0.17993 0.14523 0.12528 0.11003 0.09707 0.08488 0.07293 0.06103 0.04912 0.04088 0.03361 ( 1)  0.496 +-  0.722
   6 P   0.70455 0.17100 0.06530 0.02858 0.01392 0.00740 0.00421 0.00250 0.00150 0.00096 0.00009 ( 1)  0.105 +-  0.118
   7 L   0.06465 0.15289 0.17737 0.16077 0.13128 0.10169 0.07630 0.05578 0.03959 0.03012 0.00956 ( 3)  0.434 +-  0.439
   8 V   0.72043 0.15264 0.05853 0.02820 0.01571 0.00956 0.00612 0.00400 0.00260 0.00177 0.00044 ( 1)  0.108 +-  0.150
   9 K   0.43112 0.23759 0.12942 0.07372 0.04515 0.02941 0.01995 0.01379 0.00951 0.00705 0.00331 ( 1)  0.204 +-  0.304
  10 A   0.27077 0.21676 0.15860 0.11168 0.07886 0.05619 0.04021 0.02862 0.02001 0.01502 0.00328 ( 1)  0.282 +-  0.308
  11 F   0.00926 0.03172 0.05274 0.06765 0.07662 0.08045 0.07990 0.07553 0.06767 0.06193 0.39654 (11)  2.209 +-  2.227
  12 N   0.07102 0.14966 0.16447 0.14805 0.12393 0.10034 0.07949 0.06159 0.04628 0.03684 0.01833 ( 3)  0.475 +-  0.558
  13 -   0.29781 0.15387 0.11824 0.09562 0.07866 0.06491 0.05322 0.04293 0.03359 0.02746 0.03368 ( 1)  0.436 +-  0.791
  14 -   0.29197 0.15120 0.11649 0.09445 0.07793 0.06450 0.05305 0.04294 0.03372 0.02767 0.04607 ( 1)  0.498 +-  0.967
  15 -   0.29197 0.15120 0.11649 0.09445 0.07793 0.06450 0.05305 0.04294 0.03372 0.02767 0.04607 ( 1)  0.498 +-  0.967
  16 -   0.04561 0.06813 0.08451 0.09280 0.09530 0.09339 0.08797 0.07960 0.06860 0.06031 0.22378 (11)  1.424 +-  1.859
  17 L   0.00650 0.05058 0.10425 0.13815 0.14863 0.14181 0.12490 0.10330 0.08033 0.06310 0.03844 ( 5)  0.670 +-  0.757
  18 S   0.01740 0.04958 0.07255 0.08577 0.09261 0.09481 0.09311 0.08769 0.07844 0.07104 0.25699 (11)  1.538 +-  1.812
  19 S   0.32261 0.23222 0.15509 0.10078 0.06625 0.04431 0.03003 0.02044 0.01379 0.01009 0.00440 ( 1)  0.254 +-  0.346
  20 G   0.00438 0.03276 0.07152 0.10518 0.12729 0.13639 0.13377 0.12182 0.10287 0.08500 0.07901 ( 6)  0.857 +-  1.016
  21 A   0.01738 0.05172 0.07938 0.09804 0.10907 0.11306 0.11060 0.10232 0.08888 0.07679 0.15276 (11)  1.137 +-  1.486
  22 A   0.04433 0.10831 0.13808 0.14256 0.13392 0.11867 0.10049 0.08153 0.06300 0.05015 0.01895 ( 4)  0.527 +-  0.528
  23 V   0.25759 0.19995 0.14812 0.10955 0.08258 0.06290 0.04788 0.03601 0.02641 0.02057 0.00844 ( 1)  0.323 +-  0.425
  24 V   0.27363 0.20625 0.14868 0.10659 0.07801 0.05806 0.04348 0.03239 0.02365 0.01842 0.01084 ( 1)  0.321 +-  0.485
  25 R   0.07905 0.15950 0.16880 0.14747 0.12072 0.09617 0.07532 0.05789 0.04328 0.03443 0.01738 ( 3)  0.460 +-  0.553
  26 G   0.63006 0.17877 0.08166 0.04293 0.02493 0.01558 0.01025 0.00693 0.00469 0.00337 0.00084 ( 1)  0.136 +-  0.186
  27 P   0.72264 0.16506 0.06019 0.02551 0.01218 0.00641 0.00364 0.00216 0.00130 0.00083 0.00009 ( 1)  0.100 +-  0.112
  28 G   0.73476 0.15693 0.05613 0.02427 0.01210 0.00670 0.00397 0.00245 0.00152 0.00100 0.00017 ( 1)  0.099 +-  0.120
  29 F   0.08599 0.18033 0.19022 0.15978 0.12274 0.09050 0.06521 0.04607 0.03176 0.02370 0.00369 ( 3)  0.380 +-  0.312
  30 T   0.74402 0.14570 0.05273 0.02439 0.01320 0.00787 0.00496 0.00321 0.00208 0.00141 0.00042 ( 1)  0.101 +-  0.142
  31 G   0.71379 0.16154 0.06118 0.02792 0.01464 0.00849 0.00525 0.00336 0.00215 0.00145 0.00021 ( 1)  0.106 +-  0.131
  32 G   0.66520 0.17716 0.07544 0.03666 0.01948 0.01107 0.00659 0.00403 0.00248 0.00162 0.00027 ( 1)  0.118 +-  0.145
  33 D   0.00626 0.04198 0.07952 0.10323 0.11433 0.11622 0.11140 0.10139 0.08706 0.07491 0.16369 (11)  1.184 +-  1.518
  34 I   0.19064 0.18243 0.15626 0.12536 0.09843 0.07650 0.05888 0.04462 0.03294 0.02584 0.00809 ( 1)  0.360 +-  0.400
  35 L   0.08030 0.16139 0.16997 0.14789 0.12068 0.09583 0.07473 0.05713 0.04243 0.03354 0.01611 ( 3)  0.453 +-  0.534
  36 R   0.00682 0.05073 0.10170 0.13305 0.14293 0.13732 0.12252 0.10306 0.08170 0.06539 0.05478 ( 5)  0.735 +-  0.904
  37 R   0.02412 0.08445 0.12745 0.14307 0.14077 0.12859 0.11143 0.09208 0.07216 0.05763 0.01824 ( 4)  0.554 +-  0.503
  38 T   0.00209 0.01691 0.03956 0.06296 0.08329 0.09814 0.10604 0.10627 0.09855 0.08926 0.29694 (11)  1.771 +-  1.920
  39 N   0.01180 0.07540 0.13203 0.15340 0.14901 0.13172 0.10983 0.08753 0.06659 0.05237 0.03031 ( 4)  0.603 +-  0.680
  40 T   0.00001 0.00055 0.00323 0.00859 0.01577 0.02343 0.03029 0.03531 0.03773 0.04106 0.80404 (11)  4.143 +-  2.243
  41 G   0.34499 0.23161 0.14662 0.09330 0.06187 0.04254 0.02986 0.02104 0.01462 0.01089 0.00264 ( 1)  0.241 +-  0.287
  42 T   0.00000 0.00000 0.00004 0.00017 0.00046 0.00095 0.00167 0.00258 0.00356 0.00504 0.98551 (11)  5.032 +-  1.790
  43 F   0.04460 0.09264 0.10958 0.11230 0.10943 0.10341 0.09501 0.08446 0.07181 0.06235 0.11440 (11)  0.907 +-  1.251
  44 G   0.24722 0.13296 0.10637 0.08952 0.07662 0.06575 0.05604 0.04696 0.03817 0.03239 0.10799 ( 1)  0.797 +-  1.445
  45 D   0.02286 0.03632 0.04783 0.05568 0.06055 0.06278 0.06254 0.05983 0.05460 0.05146 0.48556 (11)  2.635 +-  2.416
  46 I   0.27100 0.14358 0.11312 0.09376 0.07902 0.06679 0.05606 0.04626 0.03703 0.03092 0.06246 ( 1)  0.574 +-  1.070
  47 R   0.03776 0.10010 0.13171 0.13637 0.12729 0.11237 0.09557 0.07865 0.06225 0.05122 0.06670 ( 4)  0.718 +-  1.007
  48 V   0.05320 0.15181 0.18290 0.16555 0.13414 0.10335 0.07731 0.05634 0.03976 0.03002 0.00561 ( 3)  0.423 +-  0.356
  49 N   0.00092 0.00948 0.02763 0.05163 0.07655 0.09809 0.11305 0.11928 0.11520 0.10656 0.28163 (11)  1.649 +-  1.699
  50 I   0.27936 0.17728 0.12881 0.10031 0.08086 0.06573 0.05307 0.04204 0.03223 0.02583 0.01447 ( 1)  0.356 +-  0.527
  51 N   0.75326 0.14345 0.05050 0.02278 0.01210 0.00714 0.00448 0.00289 0.00187 0.00126 0.00027 ( 1)  0.098 +-  0.128
  52 -   0.23868 0.12892 0.10360 0.08759 0.07530 0.06491 0.05557 0.04678 0.03820 0.03257 0.12787 ( 1)  0.897 +-  1.587
  53 -   0.23868 0.12892 0.10360 0.08759 0.07530 0.06491 0.05557 0.04678 0.03820 0.03257 0.12787 ( 1)  0.897 +-  1.587
  54 -   0.23868 0.12892 0.10360 0.08759 0.07530 0.06491 0.05557 0.04678 0.03820 0.03257 0.12787 ( 1)  0.897 +-  1.587
  55 -   0.23868 0.12892 0.10360 0.08759 0.07530 0.06491 0.05557 0.04678 0.03820 0.03257 0.12787 ( 1)  0.897 +-  1.587
  56 -   0.23868 0.12892 0.10360 0.08759 0.07530 0.06491 0.05557 0.04678 0.03820 0.03257 0.12787 ( 1)  0.897 +-  1.587
  57 P   0.36616 0.25146 0.15450 0.09092 0.05414 0.03314 0.02083 0.01332 0.00853 0.00596 0.00103 ( 1)  0.209 +-  0.222
  58 P   0.70455 0.17100 0.06530 0.02858 0.01392 0.00740 0.00421 0.00250 0.00150 0.00096 0.00009 ( 1)  0.105 +-  0.118
  59 F   0.41992 0.24715 0.13852 0.07823 0.04606 0.02821 0.01777 0.01134 0.00721 0.00495 0.00065 ( 1)  0.190 +-  0.201
  60 A   0.01408 0.04454 0.07341 0.09605 0.11117 0.11822 0.11752 0.10983 0.09598 0.08279 0.13642 (11)  1.064 +-  1.345
  61 Q   0.66433 0.18594 0.07836 0.03589 0.01736 0.00878 0.00461 0.00250 0.00137 0.00082 0.00005 ( 1)  0.113 +-  0.120
  62 R   0.38642 0.23464 0.13799 0.08315 0.05311 0.03576 0.02494 0.01767 0.01245 0.00943 0.00443 ( 1)  0.229 +-  0.334
  63 Y   0.73092 0.16207 0.05828 0.02444 0.01148 0.00589 0.00324 0.00186 0.00109 0.00068 0.00006 ( 1)  0.098 +-  0.107
  64 R   0.27914 0.23242 0.16948 0.11442 0.07539 0.04938 0.03237 0.02120 0.01377 0.00979 0.00265 ( 1)  0.261 +-  0.294
  65 V   0.04106 0.10547 0.13644 0.13981 0.12954 0.11363 0.09597 0.07831 0.06133 0.04985 0.04859 ( 4)  0.649 +-  0.900
  66 R   0.58013 0.17740 0.09136 0.05415 0.03465 0.02313 0.01575 0.01072 0.00716 0.00500 0.00054 ( 1)  0.157 +-  0.194
  67 I   0.36719 0.20078 0.12423 0.08452 0.06137 0.04614 0.03519 0.02681 0.02005 0.01591 0.01781 ( 1)  0.314 +-  0.611
  68 R   0.05585 0.13709 0.16519 0.15495 0.13027 0.10350 0.07952 0.05958 0.04344 0.03393 0.03669 ( 3)  0.565 +-  0.852
  69 Y   0.40693 0.25130 0.14391 0.08126 0.04725 0.02843 0.01758 0.01103 0.00692 0.00471 0.00068 ( 1)  0.192 +-  0.202
  70 A   0.32085 0.22128 0.14751 0.09875 0.06819 0.04836 0.03482 0.02510 0.01783 0.01356 0.00375 ( 1)  0.262 +-  0.316
  71 S   0.00807 0.05806 0.11349 0.14505 0.15212 0.14236 0.12336 0.10050 0.07699 0.05973 0.02026 ( 5)  0.591 +-  0.551
  72 T   0.05290 0.13177 0.16270 0.15737 0.13664 0.11178 0.08781 0.06660 0.04855 0.03728 0.00661 ( 3)  0.449 +-  0.360
  73 -   0.48855 0.19390 0.11495 0.07255 0.04718 0.03121 0.02081 0.01384 0.00907 0.00632 0.00161 ( 1)  0.190 +-  0.252
  74 T   0.05251 0.13447 0.16662 0.15971 0.13665 0.10995 0.08501 0.06359 0.04587 0.03509 0.01052 ( 3)  0.459 +-  0.443
  75 D   0.76069 0.14581 0.04928 0.02081 0.01027 0.00565 0.00332 0.00203 0.00124 0.00080 0.00009 ( 1)  0.093 +-  0.107
  76 L   0.04327 0.11938 0.15566 0.15528 0.13752 0.11424 0.09107 0.07016 0.05206 0.04066 0.02071 ( 3)  0.517 +-  0.595
  77 Q   0.08260 0.17664 0.18750 0.15760 0.12125 0.09009 0.06598 0.04781 0.03406 0.02634 0.01014 ( 3)  0.410 +-  0.449
  78 F   0.04887 0.10925 0.13098 0.13030 0.12058 0.10738 0.09294 0.07810 0.06313 0.05284 0.06563 ( 3)  0.705 +-  0.997
  79 H   0.00003 0.00057 0.00270 0.00707 0.01337 0.02065 0.02777 0.03360 0.03710 0.04151 0.81564 (11)  4.201 +-  2.227
  80 T   0.02963 0.09439 0.13474 0.14449 0.13647 0.12034 0.10142 0.08222 0.06381 0.05127 0.04123 ( 4)  0.631 +-  0.821
  81 S   0.00279 0.01928 0.03782 0.05115 0.05947 0.06400 0.06551 0.06418 0.05988 0.05758 0.51834 (11)  2.760 +-  2.352
  82 I   0.02627 0.06742 0.09703 0.11468 0.12247 0.12202 0.11492 0.10261 0.08626 0.07248 0.07383 ( 5)  0.785 +-  0.984
  83 N   0.00000 0.00002 0.00021 0.00081 0.00203 0.00390 0.00624 0.00871 0.01082 0.01345 0.95380 (11)  4.896 +-  1.914
  84 G   0.00220 0.01824 0.04137 0.06242 0.07829 0.08834 0.09259 0.09116 0.08407 0.07744 0.36389 (11)  2.045 +-  2.073
  85 K   0.00513 0.04262 0.09222 0.12742 0.14250 0.14112 0.12882 0.11018 0.08830 0.07072 0.05098 ( 5)  0.730 +-  0.845
  86 A   0.00172 0.01399 0.03268 0.05176 0.06841 0.08109 0.08887 0.09106 0.08701 0.08265 0.40076 (11)  2.157 +-  2.033
  87 I   0.25372 0.17057 0.12990 0.10408 0.08531 0.07010 0.05703 0.04545 0.03503 0.02822 0.02059 ( 1)  0.396 +-  0.621
  88 N   0.32728 0.20727 0.14008 0.09783 0.07046 0.05169 0.03813 0.02791 0.01997 0.01517 0.00420 ( 1)  0.270 +-  0.334
  89 Q   0.00040 0.00441 0.01252 0.02226 0.03148 0.03897 0.04417 0.04684 0.04674 0.04835 0.70386 (11)  3.625 +-  2.333
  90 G   0.18843 0.16753 0.13933 0.11294 0.09215 0.07565 0.06201 0.05019 0.03953 0.03278 0.03946 ( 1)  0.498 +-  0.816
  91 N   0.08770 0.12801 0.11447 0.09624 0.08246 0.07200 0.06317 0.05487 0.04642 0.04148 0.21317 (11)  1.298 +-  1.833
  92 F   0.31082 0.20179 0.13379 0.09366 0.06970 0.05390 0.04234 0.03316 0.02540 0.02056 0.01489 ( 1)  0.326 +-  0.528
  93 S   0.09484 0.19302 0.19636 0.15876 0.11755 0.08389 0.05887 0.04082 0.02786 0.02084 0.00718 ( 3)  0.379 +-  0.399
  94 A   0.00697 0.05625 0.11383 0.14622 0.15277 0.14246 0.12344 0.10096 0.07793 0.06102 0.01814 ( 5)  0.581 +-  0.493
  95 T   0.28544 0.22029 0.15707 0.10854 0.07557 0.05323 0.03772 0.02661 0.01845 0.01375 0.00332 ( 1)  0.274 +-  0.311
  96 M   0.03272 0.11816 0.16741 0.16922 0.14702 0.11794 0.09013 0.06640 0.04713 0.03551 0.00836 ( 4)  0.466 +-  0.399
  97 N   0.51741 0.24090 0.11282 0.05633 0.03054 0.01767 0.01066 0.00657 0.00405 0.00269 0.00035 ( 1)  0.153 +-  0.168
  98 R   0.71139 0.16405 0.06277 0.02841 0.01448 0.00806 0.00477 0.00292 0.00180 0.00118 0.00015 ( 1)  0.105 +-  0.125
  99 G   0.05048 0.12736 0.15833 0.15393 0.13449 0.11098 0.08822 0.06792 0.05043 0.03947 0.01839 ( 3)  0.499 +-  0.561
 100 E   0.01943 0.06799 0.10979 0.13222 0.13765 0.13110 0.11713 0.09907 0.07906 0.06376 0.04279 ( 5)  0.669 +-  0.788
 101 -   0.40911 0.18128 0.12039 0.08500 0.06168 0.04533 0.03341 0.02445 0.01751 0.01327 0.00857 ( 1)  0.264 +-  0.451
 102 -   0.43275 0.18589 0.11963 0.08191 0.05769 0.04120 0.02954 0.02106 0.01471 0.01088 0.00474 ( 1)  0.234 +-  0.354
 103 -   0.38702 0.17946 0.12386 0.09018 0.06697 0.05003 0.03724 0.02734 0.01955 0.01471 0.00365 ( 1)  0.256 +-  0.324
 104 D   0.46991 0.24790 0.12675 0.06646 0.03688 0.02157 0.01311 0.00815 0.00509 0.00345 0.00073 ( 1)  0.169 +-  0.196
 105 L   0.66197 0.17796 0.07615 0.03713 0.01983 0.01134 0.00681 0.00421 0.00262 0.00174 0.00025 ( 1)  0.119 +-  0.144
 106 D   0.03324 0.09824 0.13923 0.15049 0.14279 0.12531 0.10404 0.08237 0.06201 0.04819 0.01410 ( 4)  0.518 +-  0.478
 107 Y   0.04325 0.10569 0.13289 0.13539 0.12672 0.11329 0.09787 0.08171 0.06535 0.05387 0.04396 ( 4)  0.625 +-  0.803
 108 K   0.17773 0.17002 0.15901 0.13633 0.10971 0.08430 0.06249 0.04480 0.03094 0.02265 0.00202 ( 1)  0.347 +-  0.283
 109 T   0.11025 0.20922 0.20221 0.15703 0.11231 0.07757 0.05266 0.03530 0.02326 0.01686 0.00334 ( 2)  0.345 +-  0.310
 110 F   0.45981 0.23384 0.12072 0.06735 0.04125 0.02705 0.01846 0.01281 0.00883 0.00653 0.00334 ( 1)  0.195 +-  0.305
 111 R   0.52988 0.17719 0.09695 0.06081 0.04151 0.02990 0.02217 0.01656 0.01219 0.00942 0.00343 ( 1)  0.192 +-  0.291
 112 T   0.07182 0.16606 0.18824 0.16597 0.13111 0.09774 0.07025 0.04902 0.03315 0.02417 0.00248 ( 3)  0.389 +-  0.281
 113 V   0.72043 0.15264 0.05853 0.02820 0.01571 0.00956 0.00612 0.00400 0.00260 0.00177 0.00044 ( 1)  0.108 +-  0.150
 114 G   0.00908 0.05717 0.10139 0.12213 0.12493 0.11742 0.10465 0.08935 0.07281 0.06086 0.14022 (11)  1.079 +-  1.481
 115 F   0.38217 0.23905 0.14355 0.08688 0.05453 0.03533 0.02338 0.01559 0.01032 0.00738 0.00184 ( 1)  0.215 +-  0.256
 116 T   0.28777 0.22623 0.16136 0.10989 0.07463 0.05100 0.03497 0.02387 0.01602 0.01161 0.00265 ( 1)  0.265 +-  0.297
 117 T   0.08858 0.18443 0.19246 0.15971 0.12114 0.08822 0.06284 0.04398 0.03012 0.02245 0.00607 ( 3)  0.384 +-  0.367
 118 P   0.00000 0.00008 0.00054 0.00183 0.00424 0.00778 0.01216 0.01679 0.02092 0.02676 0.90891 (11)  4.634 +-  2.012
 119 F   0.78487 0.13717 0.04276 0.01709 0.00815 0.00437 0.00252 0.00151 0.00091 0.00057 0.00007 ( 1)  0.087 +-  0.098
 120 S   0.02180 0.08993 0.14220 0.15866 0.15052 0.13038 0.10637 0.08274 0.06129 0.04708 0.00904 ( 4)  0.505 +-  0.382
 121 F   0.00210 0.01957 0.04697 0.07231 0.09076 0.10154 0.10518 0.10230 0.09318 0.08417 0.28192 (11)  1.675 +-  1.840
 122 L   0.00045 0.00556 0.01714 0.03261 0.04882 0.06320 0.07391 0.07958 0.07914 0.07798 0.52161 (11)  2.756 +-  2.262
 123 D   0.00501 0.03401 0.06953 0.09848 0.11709 0.12491 0.12311 0.11343 0.09747 0.08264 0.13431 (11)  1.062 +-  1.312
 124 V   0.01506 0.08566 0.13841 0.15205 0.14207 0.12237 0.10046 0.07952 0.06059 0.04834 0.05545 ( 4)  0.691 +-  0.942
 125 Q   0.00006 0.00160 0.00666 0.01469 0.02391 0.03259 0.03948 0.04376 0.04487 0.04689 0.74550 (11)  3.863 +-  2.323
 126 -   0.23868 0.12892 0.10360 0.08759 0.07530 0.06491 0.05557 0.04678 0.03820 0.03257 0.12787 ( 1)  0.897 +-  1.587
 127 S   0.10735 0.20180 0.19541 0.15376 0.11247 0.08001 0.05620 0.03905 0.02668 0.01993 0.00733 ( 2)  0.371 +-  0.408
 128 T   0.00002 0.00043 0.00191 0.00478 0.00907 0.01450 0.02052 0.02631 0.03092 0.03745 0.85410 (11)  4.339 +-  2.114
 129 F   0.00023 0.00440 0.01331 0.02356 0.03305 0.04080 0.04626 0.04903 0.04873 0.04974 0.69088 (11)  3.590 +-  2.365
 130 T   0.00134 0.01102 0.02525 0.03888 0.05009 0.05821 0.06292 0.06396 0.06111 0.05953 0.56770 (11)  2.998 +-  2.364
 131 I   0.01721 0.05251 0.07728 0.08991 0.09482 0.09465 0.09067 0.08345 0.07317 0.06544 0.26089 (11)  1.571 +-  1.877
 132 G   0.00045 0.00358 0.00837 0.01371 0.01930 0.02486 0.02994 0.03396 0.03624 0.04034 0.78925 (11)  4.028 +-  2.240
 133 A   0.02388 0.06165 0.08689 0.10210 0.11034 0.11251 0.10907 0.10048 0.08719 0.07552 0.13036 (11)  1.012 +-  1.310
 134 W   0.00000 0.00000 0.00002 0.00009 0.00025 0.00054 0.00096 0.00150 0.00206 0.00280 0.99178 (11)  5.066 +-  1.768
 135 N   0.26156 0.20911 0.15488 0.11109 0.08009 0.05832 0.04269 0.03113 0.02232 0.01720 0.01161 ( 1)  0.325 +-  0.500
 136 F   0.05893 0.13879 0.16399 0.15365 0.13077 0.10607 0.08350 0.06405 0.04760 0.03751 0.01515 ( 3)  0.472 +-  0.503
 137 S   0.02573 0.06608 0.09142 0.10465 0.11024 0.11003 0.10490 0.09545 0.08213 0.07102 0.13833 (11)  1.048 +-  1.397
 138 S   0.00302 0.02607 0.05983 0.08907 0.10824 0.11692 0.11650 0.10863 0.09465 0.08166 0.19542 (11)  1.325 +-  1.603
 139 G   0.00787 0.05522 0.10653 0.13609 0.14420 0.13754 0.12230 0.10271 0.08135 0.06507 0.04113 ( 5)  0.673 +-  0.755
 140 N   0.06467 0.15740 0.18407 0.16573 0.13311 0.10080 0.07367 0.05238 0.03616 0.02690 0.00510 ( 3)  0.409 +-  0.343
 141 E   0.09447 0.19174 0.19550 0.15882 0.11827 0.08485 0.05978 0.04154 0.02835 0.02114 0.00554 ( 3)  0.374 +-  0.357
 142 V   0.05287 0.13490 0.16780 0.16152 0.13845 0.11127 0.08563 0.06353 0.04532 0.03419 0.00453 ( 3)  0.435 +-  0.322
 143 Y   0.06719 0.15183 0.17262 0.15621 0.12889 0.10159 0.07776 0.05799 0.04190 0.03226 0.01176 ( 3)  0.446 +-  0.479
 144 I   0.72592 0.14623 0.05700 0.02846 0.01632 0.01011 0.00653 0.00429 0.00279 0.00190 0.00046 ( 1)  0.109 +-  0.154
 145 D   0.33401 0.22068 0.14152 0.09265 0.06390 0.04617 0.03435 0.02581 0.01917 0.01521 0.00652 ( 1)  0.269 +-  0.377
 146 R   0.44021 0.25182 0.13562 0.07311 0.04109 0.02415 0.01470 0.00914 0.00569 0.00386 0.00061 ( 1)  0.178 +-  0.194
 147 I   0.73413 0.14181 0.05446 0.02722 0.01576 0.00991 0.00653 0.00438 0.00293 0.00205 0.00084 ( 1)  0.109 +-  0.175
 148 E   0.75927 0.15054 0.04997 0.02009 0.00934 0.00485 0.00272 0.00160 0.00095 0.00060 0.00006 ( 1)  0.092 +-  0.101
 149 F   0.78487 0.13717 0.04276 0.01709 0.00815 0.00437 0.00252 0.00151 0.00091 0.00057 0.00007 ( 1)  0.087 +-  0.098
 150 V   0.33071 0.21953 0.14454 0.09691 0.06725 0.04784 0.03444 0.02475 0.01748 0.01319 0.00336 ( 1)  0.257 +-  0.307
 151 P   0.64444 0.18464 0.08184 0.04029 0.02128 0.01187 0.00689 0.00411 0.00247 0.00159 0.00058 ( 1)  0.124 +-  0.171

Positively selected sites

	Prob(w>1)  mean w

    40 T      0.804         4.143 +- 2.243
    42 T      0.986*        5.032 +- 1.790
    79 H      0.816         4.201 +- 2.227
    81 S      0.518         2.760 +- 2.352
    83 N      0.954*        4.896 +- 1.914
    89 Q      0.704         3.625 +- 2.333
   118 P      0.909         4.634 +- 2.012
   122 L      0.522         2.756 +- 2.262
   125 Q      0.745         3.863 +- 2.323
   128 T      0.854         4.339 +- 2.114
   129 F      0.691         3.590 +- 2.365
   130 T      0.568         2.998 +- 2.364
   132 G      0.789         4.028 +- 2.240
   134 W      0.992**       5.066 +- 1.768

