Supplemental results for CODEML (seqf: algn  treef: tree)


dN/dS (w) for site classes (K=9)

p:   0.09644  0.09644  0.09644  0.09644  0.09644  0.09644  0.09644  0.09644  0.22845
w:   0.00001  0.00153  0.02117  0.11365  0.35058  0.68827  0.92993  0.99799  2.82041

Naive Empirical Bayes (NEB) probabilities for 9 classes & postmean_w & P(w>1)
(amino acids refer to 1st sequence: BT_Cry30Aa1)

   1 -   0.17212 0.17177 0.16735 0.14826 0.11016 0.07480 0.05834 0.05463 0.04257 ( 1)  0.340  0.043
   2 -   0.17866 0.17821 0.17257 0.14881 0.10465 0.06806 0.05269 0.04939 0.04697 ( 1)  0.335  0.047
   3 Q   0.00000 0.00000 0.00000 0.00000 0.00000 0.00027 0.00182 0.00280 0.99511 ( 9)  2.811  0.995
   4 T   0.24635 0.24501 0.22842 0.16454 0.07228 0.02347 0.01089 0.00882 0.00021 ( 1)  0.085  0.000
   5 R   0.00000 0.00001 0.00213 0.04515 0.19806 0.26397 0.23239 0.21897 0.03931 ( 6)  0.802  0.039
   6 T   0.24635 0.24501 0.22842 0.16454 0.07228 0.02347 0.01089 0.00882 0.00021 ( 1)  0.085  0.000
   7 E   0.23800 0.23685 0.22266 0.16665 0.08022 0.02911 0.01439 0.01184 0.00027 ( 1)  0.098  0.000
   8 L   0.23167 0.23066 0.21808 0.16758 0.08591 0.03371 0.01748 0.01455 0.00036 ( 1)  0.109  0.000
   9 T   0.24450 0.24320 0.22715 0.16504 0.07404 0.02470 0.01165 0.00948 0.00023 ( 1)  0.088  0.000
  10 R   0.24325 0.24201 0.22653 0.16613 0.07567 0.02521 0.01167 0.00941 0.00012 ( 1)  0.088  0.000
  11 K   0.24923 0.24781 0.23033 0.16363 0.06951 0.02164 0.00979 0.00788 0.00017 ( 1)  0.081  0.000
  12 V   0.00000 0.00001 0.00171 0.03748 0.17893 0.26277 0.24383 0.23260 0.04266 ( 6)  0.827  0.043
  13 Y   0.23752 0.23638 0.22225 0.16651 0.08048 0.02953 0.01478 0.01221 0.00035 ( 1)  0.099  0.000
  14 M   0.22198 0.22114 0.21071 0.16785 0.09393 0.04127 0.02299 0.01951 0.00062 ( 1)  0.128  0.001
  15 P   0.00000 0.00001 0.00147 0.03264 0.16148 0.25143 0.24469 0.23679 0.07149 ( 6)  0.899  0.071
  16 S   0.22209 0.22124 0.21050 0.16677 0.09280 0.04135 0.02366 0.02028 0.00131 ( 1)  0.131  0.001
  17 F   0.17936 0.17901 0.17461 0.15534 0.11526 0.07555 0.05595 0.05143 0.01348 ( 1)  0.255  0.013
  18 Y   0.00000 0.00001 0.00164 0.03595 0.17124 0.25416 0.24020 0.23071 0.06609 ( 6)  0.879  0.066
  19 L   0.00001 0.00216 0.02857 0.12535 0.23188 0.22292 0.18264 0.17054 0.03594 ( 5)  0.691  0.036
  20 Q   0.00001 0.00232 0.03063 0.13332 0.24113 0.22348 0.17785 0.16463 0.02664 ( 5)  0.659  0.027
  21 A   0.00000 0.00000 0.00000 0.00036 0.01721 0.10616 0.19101 0.21342 0.47184 ( 9)  1.801  0.472
  22 L   0.00000 0.00009 0.00225 0.03168 0.15021 0.24525 0.24778 0.24218 0.08058 ( 7)  0.924  0.081
  23 Q   0.00000 0.00000 0.00000 0.00001 0.00094 0.01429 0.04073 0.05104 0.89301 ( 9)  2.618  0.893
  24 Q   0.00000 0.00000 0.00000 0.00000 0.00073 0.01129 0.03261 0.04105 0.91430 ( 9)  2.658  0.914
  25 -   0.00000 0.00000 0.00000 0.00001 0.00066 0.00715 0.01924 0.02407 0.94888 ( 9)  2.723  0.949
  26 R   0.00000 0.00000 0.00000 0.00000 0.00002 0.00090 0.00444 0.00636 0.98828 ( 9)  2.798  0.988
  27 D   0.00000 0.00000 0.00004 0.00497 0.07137 0.20356 0.25743 0.26480 0.19783 ( 8)  1.227  0.198
  28 I   0.00000 0.00000 0.00002 0.00217 0.03763 0.13776 0.20520 0.22054 0.39669 ( 9)  1.638  0.397
  29 E   0.24293 0.24168 0.22622 0.16593 0.07583 0.02555 0.01198 0.00971 0.00015 ( 1)  0.089  0.000
  30 T   0.00000 0.00000 0.00000 0.00000 0.00070 0.01038 0.02965 0.03727 0.92200 ( 9)  2.673  0.922
  31 V   0.00000 0.00000 0.00015 0.00394 0.03056 0.08824 0.13123 0.14270 0.60319 ( 9)  2.038  0.603
  32 E   0.24293 0.24168 0.22622 0.16593 0.07583 0.02555 0.01198 0.00971 0.00015 ( 1)  0.089  0.000
  33 N   0.19451 0.19402 0.18789 0.16158 0.10999 0.06389 0.04347 0.03902 0.00564 ( 1)  0.200  0.006
  34 Q   0.00000 0.00000 0.00000 0.00001 0.00158 0.02172 0.05788 0.07122 0.84759 ( 9)  2.531  0.848
  35 -   0.09644 0.09644 0.09644 0.09644 0.09644 0.09644 0.09644 0.09644 0.22845 ( 9)  0.944  0.228
  36 L   0.20523 0.20441 0.19422 0.15497 0.09625 0.05766 0.04189 0.03835 0.00702 ( 1)  0.193  0.007
  37 T   0.00001 0.00410 0.05294 0.20754 0.29128 0.19538 0.12711 0.11171 0.00994 ( 5)  0.519  0.010
  38 H   0.24621 0.24489 0.22853 0.16524 0.07277 0.02327 0.01053 0.00845 0.00011 ( 1)  0.084  0.000
  39 P   0.00000 0.00075 0.01021 0.05014 0.12331 0.17608 0.19006 0.19156 0.25789 ( 9)  1.266  0.258
  40 P   0.23671 0.23560 0.22179 0.16705 0.08149 0.02995 0.01488 0.01226 0.00028 ( 1)  0.100  0.000
  41 S   0.21691 0.21613 0.20639 0.16628 0.09649 0.04549 0.02704 0.02342 0.00186 ( 1)  0.142  0.002
  42 L   0.21398 0.21326 0.20410 0.16615 0.09876 0.04787 0.02888 0.02509 0.00191 ( 1)  0.148  0.002
  43 F   0.24615 0.24483 0.22849 0.16528 0.07285 0.02330 0.01053 0.00845 0.00011 ( 1)  0.084  0.000
  44 T   0.21703 0.21625 0.20648 0.16630 0.09644 0.04544 0.02697 0.02335 0.00173 ( 1)  0.142  0.002
  45 W   0.13979 0.13967 0.13820 0.13145 0.11565 0.09637 0.08460 0.08156 0.07271 ( 1)  0.490  0.073
  46 L   0.21398 0.21326 0.20410 0.16615 0.09876 0.04787 0.02888 0.02509 0.00191 ( 1)  0.148  0.002
  47 N   0.00001 0.00224 0.02955 0.12777 0.22979 0.21713 0.17848 0.16716 0.04787 ( 5)  0.713  0.048
  48 E   0.00000 0.00000 0.00004 0.00438 0.06615 0.19927 0.25918 0.26831 0.20268 ( 8)  1.241  0.203
  49 L   0.21398 0.21326 0.20410 0.16615 0.09876 0.04787 0.02888 0.02509 0.00191 ( 1)  0.148  0.002
  50 N   0.00000 0.00000 0.00062 0.01504 0.09200 0.19194 0.22844 0.23364 0.23831 ( 9)  1.284  0.238
  51 L   0.00001 0.00315 0.04120 0.17076 0.27323 0.21395 0.15158 0.13589 0.01024 ( 5)  0.569  0.010
  52 Y   0.23752 0.23638 0.22225 0.16651 0.08048 0.02953 0.01478 0.01221 0.00035 ( 1)  0.099  0.000
  53 T   0.24635 0.24501 0.22842 0.16454 0.07228 0.02347 0.01089 0.00882 0.00021 ( 1)  0.085  0.000
  54 I   0.00000 0.00001 0.00226 0.04741 0.20357 0.26387 0.22840 0.21431 0.04017 ( 6)  0.798  0.040
  55 R   0.00000 0.00001 0.00148 0.03292 0.16289 0.25313 0.24555 0.23734 0.06669 ( 6)  0.888  0.067
  56 E   0.24293 0.24168 0.22622 0.16593 0.07583 0.02555 0.01198 0.00971 0.00015 ( 1)  0.089  0.000
  57 R   0.00000 0.00000 0.00000 0.00007 0.00863 0.08313 0.17368 0.19992 0.53457 ( 9)  1.929  0.535
  58 F   0.00000 0.00100 0.01344 0.06463 0.15041 0.19824 0.20187 0.20013 0.17028 ( 7)  1.065  0.170
  59 N   0.00002 0.00487 0.06246 0.23690 0.30603 0.18280 0.10936 0.09382 0.00373 ( 5)  0.467  0.004
  60 P   0.00000 0.00000 0.00004 0.00421 0.06426 0.19591 0.25670 0.26626 0.21262 ( 8)  1.262  0.213
  61 V   0.00000 0.00001 0.00156 0.03454 0.16791 0.25511 0.24395 0.23490 0.06201 ( 6)  0.875  0.062
  62 L   0.21036 0.20968 0.20112 0.16543 0.10097 0.05082 0.03149 0.02757 0.00256 ( 1)  0.158  0.003
  63 Q   0.00000 0.00000 0.00000 0.00014 0.00349 0.02118 0.04463 0.05278 0.87779 ( 9)  2.586  0.878
  64 V   0.23300 0.23196 0.21906 0.16746 0.08476 0.03271 0.01678 0.01394 0.00034 ( 1)  0.107  0.000
  65 A   0.00000 0.00001 0.00122 0.02763 0.14378 0.24038 0.24588 0.24124 0.09987 ( 7)  0.970  0.100
  66 S   0.21833 0.21753 0.20749 0.16633 0.09538 0.04434 0.02615 0.02261 0.00183 ( 1)  0.140  0.002
  67 L   0.15364 0.15346 0.15118 0.14086 0.11760 0.09104 0.07587 0.07208 0.04426 ( 1)  0.391  0.044
  68 S   0.00001 0.00253 0.03326 0.14212 0.24638 0.21795 0.16966 0.15637 0.03173 ( 5)  0.657  0.032
  69 G   0.21650 0.21574 0.20629 0.16709 0.09769 0.04579 0.02677 0.02303 0.00111 ( 1)  0.140  0.001
  70 L   0.22797 0.22702 0.21524 0.16761 0.08888 0.03660 0.01964 0.01651 0.00053 ( 1)  0.117  0.001
  71 Q   0.00000 0.00000 0.00002 0.00229 0.03975 0.14442 0.21327 0.22857 0.37167 ( 9)  1.588  0.372
  72 A   0.23481 0.23374 0.22039 0.16723 0.08314 0.03137 0.01587 0.01313 0.00031 ( 1)  0.104  0.000
  73 T   0.00000 0.00000 0.00000 0.00001 0.00195 0.02539 0.06529 0.07959 0.82778 ( 9)  2.493  0.828
  74 S   0.00000 0.00000 0.00000 0.00031 0.01519 0.09496 0.17332 0.19456 0.52165 ( 9)  1.897  0.522
  75 R   0.00001 0.00288 0.03778 0.15843 0.26181 0.21610 0.15985 0.14517 0.01796 ( 5)  0.604  0.018
  76 Y   0.00001 0.00313 0.04091 0.16915 0.26996 0.21278 0.15260 0.13743 0.01403 ( 5)  0.580  0.014
  77 T   0.16007 0.15985 0.15709 0.14473 0.11748 0.08753 0.07106 0.06703 0.03517 ( 1)  0.354  0.035
  78 -   0.00000 0.00021 0.00293 0.01622 0.05169 0.09936 0.12880 0.13628 0.56450 ( 9)  1.936  0.564
  79 Q   0.21485 0.21412 0.20487 0.16655 0.09845 0.04714 0.02810 0.02432 0.00160 ( 1)  0.145  0.002
  80 N   0.00000 0.00001 0.00170 0.03649 0.16762 0.24379 0.23197 0.22389 0.09455 ( 6)  0.937  0.095
  81 T   0.00000 0.00000 0.00000 0.00001 0.00096 0.01450 0.04103 0.05132 0.89218 ( 9)  2.616  0.892
  82 T   0.00000 0.00000 0.00003 0.00407 0.06192 0.18915 0.24919 0.25902 0.23660 ( 8)  1.310  0.237
  83 T   0.00000 0.00000 0.00000 0.00002 0.00304 0.03612 0.08742 0.10484 0.76856 ( 9)  2.380  0.769
  84 I   0.00000 0.00000 0.00000 0.00027 0.01329 0.08465 0.15718 0.17739 0.56722 ( 9)  1.986  0.567
  85 S   0.00000 0.00000 0.00000 0.00000 0.00002 0.00096 0.00497 0.00716 0.98689 ( 9)  2.796  0.987
  86 N   0.00000 0.00000 0.00004 0.00489 0.07314 0.21490 0.27276 0.28017 0.15409 ( 8)  1.142  0.154
  87 -   0.09644 0.09644 0.09644 0.09644 0.09644 0.09644 0.09644 0.09644 0.22845 ( 9)  0.944  0.228
  88 P   0.19221 0.19173 0.18570 0.15989 0.10965 0.06511 0.04539 0.04108 0.00925 ( 1)  0.215  0.009
  89 V   0.00000 0.00000 0.00000 0.00001 0.00116 0.01914 0.05532 0.06928 0.85510 ( 9)  2.546  0.855
  90 Q   0.21847 0.21768 0.20780 0.16708 0.09604 0.04418 0.02560 0.02198 0.00117 ( 1)  0.137  0.001
  91 G   0.21015 0.20948 0.20109 0.16593 0.10174 0.05105 0.03133 0.02733 0.00190 ( 1)  0.156  0.002
  92 P   0.09644 0.09644 0.09644 0.09644 0.09644 0.09644 0.09644 0.09644 0.22845 ( 9)  0.944  0.228
  93 V   0.00000 0.00000 0.00001 0.00068 0.01395 0.06410 0.11205 0.12593 0.68327 ( 9)  2.206  0.683
  94 R   0.00000 0.00000 0.00000 0.00000 0.00061 0.01017 0.03052 0.03875 0.91995 ( 9)  2.669  0.920
  95 E   0.00000 0.00000 0.00000 0.00000 0.00031 0.00842 0.02984 0.03916 0.92227 ( 9)  2.674  0.922
  96 G   0.00000 0.00000 0.00066 0.01583 0.09647 0.20043 0.23745 0.24242 0.20675 ( 8)  1.219  0.207
  97 T   0.00000 0.00000 0.00000 0.00015 0.00837 0.06183 0.12462 0.14355 0.66149 ( 9)  2.170  0.661
  98 P   0.00000 0.00001 0.00153 0.03385 0.16572 0.25398 0.24423 0.23553 0.06515 ( 6)  0.883  0.065
  99 T   0.00000 0.00000 0.00003 0.00331 0.05021 0.15665 0.21342 0.22453 0.35186 ( 9)  1.541  0.352
 100 K   0.00000 0.00000 0.00000 0.00001 0.00158 0.02143 0.05668 0.06963 0.85067 ( 9)  2.537  0.851
 101 -   0.00000 0.00058 0.00788 0.03856 0.09496 0.13928 0.15589 0.15912 0.40372 ( 9)  1.576  0.404
 102 I   0.25100 0.24954 0.23161 0.16338 0.06796 0.02037 0.00892 0.00711 0.00011 ( 1)  0.077  0.000
 103 S   0.00000 0.00000 0.00003 0.00134 0.01699 0.06692 0.11213 0.12506 0.67753 ( 9)  2.192  0.678
 104 L   0.00001 0.00287 0.03762 0.15770 0.26076 0.21601 0.16044 0.14591 0.01869 ( 5)  0.606  0.019
 105 A   0.00000 0.00001 0.00188 0.04065 0.18800 0.26498 0.23939 0.22675 0.03834 ( 6)  0.810  0.038
 106 N   0.00000 0.00000 0.00013 0.00359 0.02870 0.08548 0.12924 0.14110 0.61175 ( 9)  2.056  0.612
 107 Y   0.00000 0.00000 0.00000 0.00009 0.00225 0.01448 0.03189 0.03820 0.91309 ( 9)  2.654  0.913
 108 Y   0.00001 0.00409 0.05298 0.20915 0.29648 0.19735 0.12553 0.10932 0.00509 ( 5)  0.505  0.005
 109 I   0.00000 0.00001 0.00168 0.03692 0.17677 0.26106 0.24364 0.23286 0.04706 ( 6)  0.838  0.047
 110 Y   0.23752 0.23638 0.22225 0.16651 0.08048 0.02953 0.01478 0.01221 0.00035 ( 1)  0.099  0.000
 111 K   0.00002 0.00441 0.05681 0.22002 0.29911 0.19100 0.11944 0.10371 0.00549 ( 5)  0.493  0.005
 112 L   0.21364 0.21291 0.20380 0.16601 0.09889 0.04815 0.02916 0.02538 0.00205 ( 1)  0.150  0.002
 113 F   0.00001 0.00270 0.03545 0.14895 0.24945 0.21413 0.16507 0.15194 0.03229 ( 5)  0.649  0.032
 114 M   0.00000 0.00001 0.00094 0.02221 0.12598 0.23370 0.25394 0.25288 0.11034 ( 7)  1.007  0.110
 115 S   0.00001 0.00246 0.03245 0.13903 0.24323 0.21868 0.17238 0.15943 0.03233 ( 5)  0.663  0.032
 116 Q   0.21847 0.21768 0.20780 0.16708 0.09604 0.04418 0.02560 0.02198 0.00117 ( 1)  0.137  0.001
 117 Y   0.00001 0.00343 0.04466 0.18129 0.27715 0.20750 0.14446 0.12915 0.01234 ( 5)  0.560  0.012
 118 R   0.00000 0.00000 0.00000 0.00014 0.00837 0.06643 0.13776 0.15954 0.62777 ( 9)  2.107  0.628
 119 H   0.00000 0.00000 0.00000 0.00022 0.01074 0.06814 0.12752 0.14449 0.64888 ( 9)  2.144  0.649
 120 P   0.23124 0.23023 0.21770 0.16744 0.08613 0.03408 0.01783 0.01490 0.00046 ( 1)  0.110  0.000
 121 N   0.24844 0.24704 0.22977 0.16376 0.07023 0.02221 0.01016 0.00821 0.00018 ( 1)  0.082  0.000
 122 D   0.00000 0.00000 0.00000 0.00000 0.00095 0.01756 0.05310 0.06714 0.86124 ( 9)  2.558  0.861
 123 C   0.22608 0.22518 0.21384 0.16774 0.09051 0.03804 0.02065 0.01741 0.00055 ( 1)  0.120  0.001
 124 L   0.00000 0.00000 0.00000 0.00000 0.00009 0.00299 0.01188 0.01609 0.96896 ( 9)  2.762  0.969
 125 P   0.00000 0.00000 0.00003 0.00334 0.05388 0.17716 0.24411 0.25665 0.26483 ( 9)  1.371  0.265
 126 I   0.25100 0.24954 0.23161 0.16338 0.06796 0.02037 0.00892 0.00711 0.00011 ( 1)  0.077  0.000
 127 S   0.00000 0.00000 0.00002 0.00261 0.04400 0.15436 0.22291 0.23749 0.33860 ( 9)  1.521  0.339
 128 G   0.21597 0.21523 0.20586 0.16701 0.09803 0.04622 0.02714 0.02338 0.00116 ( 1)  0.142  0.001
 129 I   0.00001 0.00242 0.03215 0.14179 0.25568 0.22459 0.16950 0.15447 0.01940 ( 5)  0.628  0.019
 130 N   0.00000 0.00000 0.00001 0.00082 0.01654 0.07421 0.12712 0.14200 0.63931 ( 9)  2.120  0.639
 131 E   0.00000 0.00000 0.00003 0.00369 0.05735 0.18267 0.24839 0.26042 0.24745 ( 8)  1.335  0.247
 132 M   0.00001 0.00281 0.03691 0.15629 0.26321 0.21982 0.16204 0.14675 0.01215 ( 5)  0.594  0.012
 133 S   0.00000 0.00000 0.00015 0.00405 0.03127 0.08982 0.13308 0.14456 0.59707 ( 9)  2.025  0.597
 134 F   0.24162 0.24040 0.22529 0.16618 0.07702 0.02647 0.01259 0.01025 0.00018 ( 1)  0.092  0.000
 135 Y   0.23752 0.23638 0.22225 0.16651 0.08048 0.02953 0.01478 0.01221 0.00035 ( 1)  0.099  0.000
 136 R   0.00000 0.00001 0.00216 0.04540 0.19729 0.26195 0.23137 0.21838 0.04344 ( 6)  0.810  0.043
 137 S   0.24842 0.24705 0.23013 0.16492 0.07081 0.02168 0.00944 0.00749 0.00006 ( 1)  0.080  0.000
 138 D   0.19048 0.19003 0.18440 0.16010 0.11166 0.06711 0.04676 0.04226 0.00721 ( 1)  0.214  0.007
 139 Y   0.23752 0.23638 0.22225 0.16651 0.08048 0.02953 0.01478 0.01221 0.00035 ( 1)  0.099  0.000
 140 Y   0.00000 0.00001 0.00151 0.03322 0.16041 0.24618 0.24023 0.23304 0.08539 ( 6)  0.926  0.085
 141 G   0.21771 0.21694 0.20727 0.16726 0.09685 0.04479 0.02593 0.02225 0.00100 ( 1)  0.138  0.001
 142 A   0.09644 0.09644 0.09644 0.09644 0.09644 0.09644 0.09644 0.09644 0.22845 ( 9)  0.944  0.228
 143 G   0.00000 0.00000 0.00000 0.00012 0.00942 0.07905 0.16120 0.18513 0.56508 ( 9)  1.986  0.565
 144 G   0.00000 0.00000 0.00000 0.00000 0.00011 0.00232 0.00837 0.01120 0.97799 ( 9)  2.779  0.978
 145 P   0.00000 0.00000 0.00000 0.00045 0.00961 0.04754 0.08736 0.09954 0.75549 ( 9)  2.348  0.755
 146 A   0.00000 0.00000 0.00004 0.00422 0.06366 0.19254 0.25215 0.26168 0.22572 ( 8)  1.288  0.226
 147 P   0.00000 0.00001 0.00184 0.03930 0.17772 0.25179 0.23428 0.22455 0.07052 ( 6)  0.881  0.071
 148 V   0.00000 0.00000 0.00003 0.00325 0.05061 0.16223 0.22341 0.23543 0.32504 ( 9)  1.489  0.325
 149 H   0.00000 0.00000 0.00000 0.00002 0.00252 0.03058 0.07531 0.09080 0.80078 ( 9)  2.441  0.801
 150 Y   0.23752 0.23638 0.22225 0.16651 0.08048 0.02953 0.01478 0.01221 0.00035 ( 1)  0.099  0.000
 151 S   0.00000 0.00000 0.00000 0.00001 0.00072 0.01140 0.03396 0.04308 0.91083 ( 9)  2.652  0.911
 152 A   0.00001 0.00281 0.03683 0.15469 0.25760 0.21654 0.16279 0.14856 0.02018 ( 5)  0.614  0.020
 153 G   0.00000 0.00000 0.00003 0.00362 0.05826 0.18973 0.25850 0.27074 0.21912 ( 8)  1.280  0.219
 154 E   0.00000 0.00000 0.00000 0.00027 0.01363 0.08838 0.16509 0.18645 0.54618 ( 9)  1.946  0.546
 155 S   0.00000 0.00000 0.00000 0.00000 0.00008 0.00213 0.00838 0.01140 0.97802 ( 9)  2.779  0.978
 156 P   0.00000 0.00000 0.00000 0.00000 0.00039 0.00708 0.02262 0.02921 0.94071 ( 9)  2.708  0.941
 157 T   0.00000 0.00000 0.00000 0.00000 0.00079 0.01527 0.04573 0.05760 0.88062 ( 9)  2.594  0.881
 158 N   0.00000 0.00001 0.00190 0.04082 0.18489 0.25859 0.23597 0.22463 0.05319 ( 6)  0.841  0.053
 159 V   0.00000 0.00000 0.00000 0.00003 0.00198 0.01811 0.04314 0.05216 0.88458 ( 9)  2.600  0.885
 160 -   0.09644 0.09644 0.09644 0.09644 0.09644 0.09644 0.09644 0.09644 0.22845 ( 9)  0.944  0.228
 161 I   0.25100 0.24954 0.23161 0.16338 0.06796 0.02037 0.00892 0.00711 0.00011 ( 1)  0.077  0.000
 162 K   0.00000 0.00000 0.00001 0.00095 0.02164 0.10144 0.17103 0.18935 0.51557 ( 9)  1.880  0.516
 163 T   0.00001 0.00310 0.04052 0.16702 0.26583 0.21136 0.15388 0.13934 0.01892 ( 5)  0.594  0.019
 164 Y   0.00001 0.00319 0.04168 0.17078 0.26805 0.20981 0.15153 0.13697 0.01799 ( 5)  0.587  0.018
 165 M   0.22198 0.22114 0.21071 0.16785 0.09393 0.04127 0.02299 0.01951 0.00062 ( 1)  0.128  0.001
 166 N   0.25645 0.25485 0.23508 0.16115 0.06253 0.01716 0.00711 0.00559 0.00007 ( 1)  0.070  0.000
 167 G   0.19466 0.19417 0.18799 0.16146 0.10969 0.06370 0.04340 0.03899 0.00595 ( 1)  0.201  0.006
 168 P   0.23671 0.23560 0.22179 0.16705 0.08149 0.02995 0.01488 0.01226 0.00028 ( 1)  0.100  0.000
 169 Q   0.21847 0.21768 0.20780 0.16708 0.09604 0.04418 0.02560 0.02198 0.00117 ( 1)  0.137  0.001
 170 N   0.00000 0.00002 0.00315 0.06301 0.24090 0.26743 0.20927 0.19121 0.02501 ( 6)  0.732  0.025
 171 A   0.23940 0.23824 0.22375 0.16670 0.07913 0.02799 0.01354 0.01106 0.00020 ( 1)  0.095  0.000
 172 L   0.00000 0.00001 0.00105 0.02424 0.13055 0.22963 0.24378 0.24172 0.12901 ( 7)  1.038  0.129
 173 I   0.00000 0.00000 0.00000 0.00019 0.00520 0.03502 0.07515 0.08864 0.79580 ( 9)  2.429  0.796
 174 S   0.22209 0.22124 0.21050 0.16677 0.09280 0.04135 0.02366 0.02028 0.00131 ( 1)  0.131  0.001
 175 N   0.25645 0.25485 0.23508 0.16115 0.06253 0.01716 0.00711 0.00559 0.00007 ( 1)  0.070  0.000
 176 D   0.00002 0.00542 0.06923 0.25681 0.31315 0.17241 0.09764 0.08256 0.00277 ( 5)  0.440  0.003
 177 I   0.24648 0.24514 0.22859 0.16479 0.07232 0.02327 0.01066 0.00860 0.00016 ( 1)  0.084  0.000
 178 S   0.17942 0.17907 0.17457 0.15492 0.11449 0.07505 0.05581 0.05138 0.01529 ( 1)  0.260  0.015
 179 I   0.24648 0.24514 0.22859 0.16479 0.07232 0.02327 0.01066 0.00860 0.00016 ( 1)  0.084  0.000
 180 N   0.00000 0.00000 0.00005 0.00548 0.07743 0.21470 0.26534 0.27107 0.16592 ( 8)  1.161  0.166
 181 E   0.00000 0.00000 0.00002 0.00267 0.04538 0.16021 0.23142 0.24641 0.31390 ( 9)  1.473  0.314
 182 T   0.24635 0.24501 0.22842 0.16454 0.07228 0.02347 0.01089 0.00882 0.00021 ( 1)  0.085  0.000
 183 S   0.00000 0.00000 0.00000 0.00015 0.00752 0.05183 0.10255 0.11795 0.72001 ( 9)  2.282  0.720
 184 H   0.24725 0.24591 0.22926 0.16500 0.07180 0.02256 0.01007 0.00805 0.00009 ( 1)  0.082  0.000
 185 I   0.25100 0.24954 0.23161 0.16338 0.06796 0.02037 0.00892 0.00711 0.00011 ( 1)  0.077  0.000
 186 L   0.20694 0.20630 0.19829 0.16469 0.10298 0.05359 0.03398 0.02995 0.00328 ( 1)  0.167  0.003
 187 S   0.23792 0.23678 0.22259 0.16660 0.08023 0.02918 0.01448 0.01192 0.00030 ( 1)  0.098  0.000
 188 D   0.25101 0.24957 0.23179 0.16388 0.06818 0.02012 0.00860 0.00679 0.00006 ( 1)  0.077  0.000
 189 I   0.24648 0.24514 0.22859 0.16479 0.07232 0.02327 0.01066 0.00860 0.00016 ( 1)  0.084  0.000
 190 K   0.24923 0.24781 0.23033 0.16363 0.06951 0.02164 0.00979 0.00788 0.00017 ( 1)  0.081  0.000
 191 M   0.22198 0.22114 0.21071 0.16785 0.09393 0.04127 0.02299 0.01951 0.00062 ( 1)  0.128  0.001
 192 N   0.00000 0.00000 0.00000 0.00000 0.00005 0.00170 0.00753 0.01049 0.98023 ( 9)  2.783  0.980
 193 Y   0.16173 0.16150 0.15863 0.14578 0.11754 0.08672 0.06989 0.06580 0.03242 ( 1)  0.343  0.032
 194 S   0.00000 0.00000 0.00003 0.00391 0.05980 0.18446 0.24485 0.25507 0.25188 ( 8)  1.341  0.252
 195 R   0.00000 0.00000 0.00051 0.01257 0.08079 0.17963 0.22264 0.23013 0.27372 ( 9)  1.362  0.274
 196 T   0.00000 0.00001 0.00194 0.04164 0.18796 0.26004 0.23470 0.22268 0.05103 ( 6)  0.834  0.051
 197 G   0.15404 0.15386 0.15151 0.14095 0.11725 0.09041 0.07522 0.07144 0.04531 ( 1)  0.392  0.045
 198 G   0.20355 0.20297 0.19557 0.16429 0.10545 0.05649 0.03634 0.03212 0.00321 ( 1)  0.174  0.003
 199 V   0.00000 0.00000 0.00000 0.00002 0.00173 0.01665 0.04010 0.04855 0.89296 ( 9)  2.616  0.893
 200 Y   0.16149 0.16126 0.15833 0.14528 0.11685 0.08623 0.06970 0.06568 0.03517 ( 1)  0.350  0.035
 201 P   0.00001 0.00285 0.03733 0.15687 0.26047 0.21621 0.16051 0.14592 0.01984 ( 5)  0.610  0.020
 202 L   0.00000 0.00000 0.00000 0.00001 0.00087 0.01311 0.03726 0.04669 0.90206 ( 9)  2.635  0.902
 203 Y   0.00001 0.00341 0.04451 0.18153 0.27955 0.20897 0.14409 0.12832 0.00961 ( 5)  0.553  0.010
 204 D   0.00000 0.00000 0.00000 0.00000 0.00008 0.00374 0.01617 0.02216 0.95785 ( 9)  2.741  0.958
 205 F   0.00002 0.00437 0.05648 0.22014 0.30208 0.19220 0.11848 0.10229 0.00395 ( 5)  0.488  0.004
 206 G   0.21597 0.21523 0.20586 0.16701 0.09803 0.04622 0.02714 0.02338 0.00116 ( 1)  0.142  0.001
 207 Y   0.23752 0.23638 0.22225 0.16651 0.08048 0.02953 0.01478 0.01221 0.00035 ( 1)  0.099  0.000
 208 S   0.22209 0.22124 0.21050 0.16677 0.09280 0.04135 0.02366 0.02028 0.00131 ( 1)  0.131  0.001
 209 F   0.24615 0.24483 0.22849 0.16528 0.07285 0.02330 0.01053 0.00845 0.00011 ( 1)  0.084  0.000
 210 A   0.22711 0.22617 0.21441 0.16698 0.08899 0.03739 0.02056 0.01744 0.00094 ( 1)  0.120  0.001
 211 W   0.13979 0.13967 0.13820 0.13145 0.11565 0.09637 0.08460 0.08156 0.07271 ( 1)  0.490  0.073
 212 T   0.24475 0.24345 0.22730 0.16489 0.07375 0.02456 0.01160 0.00944 0.00025 ( 1)  0.088  0.000
 213 H   0.00000 0.00001 0.00240 0.05030 0.21423 0.27020 0.22681 0.21064 0.02541 ( 6)  0.760  0.025
 214 T   0.24450 0.24320 0.22715 0.16504 0.07404 0.02470 0.01165 0.00948 0.00023 ( 1)  0.088  0.000
 215 S   0.22807 0.22713 0.21530 0.16751 0.08871 0.03653 0.01964 0.01653 0.00059 ( 1)  0.117  0.001
 216 -   0.09644 0.09644 0.09644 0.09644 0.09644 0.09644 0.09644 0.09644 0.22845 ( 9)  0.944  0.228
 217 -   0.09644 0.09644 0.09644 0.09644 0.09644 0.09644 0.09644 0.09644 0.22845 ( 9)  0.944  0.228

Positively selected sites

	Prob(w>1)  mean w

     3 Q      0.995**       2.811
    23 Q      0.893         2.618
    24 Q      0.914         2.658
    25 -      0.949         2.723
    26 R      0.988*        2.798
    30 T      0.922         2.673
    31 V      0.603         2.038
    34 Q      0.848         2.531
    57 R      0.535         1.929
    63 Q      0.878         2.586
    73 T      0.828         2.493
    74 S      0.522         1.897
    78 -      0.564         1.936
    81 T      0.892         2.616
    83 T      0.769         2.380
    84 I      0.567         1.986
    85 S      0.987*        2.796
    89 V      0.855         2.546
    93 V      0.683         2.206
    94 R      0.920         2.669
    95 E      0.922         2.674
    97 T      0.661         2.170
   100 K      0.851         2.537
   103 S      0.678         2.192
   106 N      0.612         2.056
   107 Y      0.913         2.654
   118 R      0.628         2.107
   119 H      0.649         2.144
   122 D      0.861         2.558
   124 L      0.969*        2.762
   130 N      0.639         2.120
   133 S      0.597         2.025
   143 G      0.565         1.986
   144 G      0.978*        2.779
   145 P      0.755         2.348
   149 H      0.801         2.441
   151 S      0.911         2.652
   154 E      0.546         1.946
   155 S      0.978*        2.779
   156 P      0.941         2.708
   157 T      0.881         2.594
   159 V      0.885         2.600
   162 K      0.516         1.880
   173 I      0.796         2.429
   183 S      0.720         2.282
   192 N      0.980*        2.783
   199 V      0.893         2.616
   202 L      0.902         2.635
   204 D      0.958*        2.741


lnL = -2853.453111

Bayes Empirical Bayes (BEB) probabilities for 11 classes (class) & postmean_w
(amino acids refer to 1st sequence: BT_Cry30Aa1)

   1 -   0.50137 0.12281 0.07890 0.05656 0.04273 0.03337 0.02679 0.02217 0.01946 0.03649 0.05935 ( 1)  0.356 +-  0.602
   2 -   0.51515 0.12290 0.07707 0.05413 0.04020 0.03099 0.02462 0.02025 0.01771 0.03323 0.06373 ( 1)  0.357 +-  0.620
   3 Q   0.00000 0.00000 0.00000 0.00000 0.00001 0.00003 0.00008 0.00018 0.00040 0.00147 0.99783 (11)  2.577 +-  0.297
   4 T   0.68421 0.13622 0.07027 0.04045 0.02455 0.01541 0.00995 0.00663 0.00469 0.00710 0.00053 ( 1)  0.129 +-  0.167
   5 R   0.03726 0.06483 0.09382 0.10720 0.10903 0.10369 0.09478 0.08516 0.07814 0.14104 0.08506 (10)  0.718 +-  0.605
   6 T   0.68421 0.13622 0.07027 0.04045 0.02455 0.01541 0.00995 0.00663 0.00469 0.00710 0.00053 ( 1)  0.129 +-  0.167
   7 E   0.66365 0.13718 0.07356 0.04395 0.02763 0.01794 0.01195 0.00820 0.00596 0.00928 0.00071 ( 1)  0.139 +-  0.182
   8 L   0.64835 0.13751 0.07573 0.04642 0.02991 0.01988 0.01354 0.00949 0.00704 0.01119 0.00096 ( 1)  0.148 +-  0.194
   9 T   0.67960 0.13645 0.07101 0.04123 0.02523 0.01597 0.01039 0.00698 0.00497 0.00758 0.00059 ( 1)  0.132 +-  0.171
  10 R   0.67672 0.13704 0.07183 0.04191 0.02571 0.01628 0.01057 0.00706 0.00499 0.00755 0.00035 ( 1)  0.132 +-  0.168
  11 K   0.69138 0.13578 0.06906 0.03921 0.02348 0.01456 0.00929 0.00612 0.00428 0.00641 0.00044 ( 1)  0.126 +-  0.162
  12 V   0.03115 0.05676 0.08520 0.10070 0.10563 0.10333 0.09687 0.08899 0.08316 0.15010 0.09810 (10)  0.760 +-  0.631
  13 Y   0.66244 0.13707 0.07362 0.04407 0.02778 0.01809 0.01210 0.00834 0.00609 0.00954 0.00087 ( 1)  0.140 +-  0.185
  14 M   0.62520 0.13739 0.07851 0.04988 0.03328 0.02288 0.01610 0.01165 0.00890 0.01458 0.00162 ( 1)  0.161 +-  0.215
  15 P   0.02684 0.04990 0.07608 0.09135 0.09741 0.09694 0.09250 0.08653 0.08239 0.15109 0.14896 (10)  0.869 +-  0.731
  16 S   0.62517 0.13674 0.07790 0.04945 0.03304 0.02279 0.01614 0.01177 0.00909 0.01507 0.00285 ( 1)  0.164 +-  0.232
  17 F   0.52369 0.12872 0.08273 0.05914 0.04440 0.03434 0.02720 0.02213 0.01902 0.03481 0.02384 ( 1)  0.269 +-  0.429
  18 Y   0.02957 0.05385 0.08077 0.09549 0.10034 0.09847 0.09274 0.08572 0.08074 0.14753 0.13479 (10)  0.834 +-  0.709
  19 L   0.17581 0.11390 0.11083 0.10114 0.08923 0.07728 0.06640 0.05736 0.05154 0.09656 0.05995 ( 1)  0.544 +-  0.575
  20 Q   0.18520 0.11867 0.11439 0.10337 0.09029 0.07738 0.06577 0.05619 0.04993 0.09297 0.04584 ( 1)  0.506 +-  0.526
  21 A   0.00005 0.00088 0.00379 0.00905 0.01617 0.02432 0.03276 0.04120 0.05087 0.12226 0.69866 (11)  2.003 +-  0.820
  22 L   0.03025 0.04747 0.07092 0.08548 0.09220 0.09306 0.09016 0.08563 0.08270 0.15299 0.16914 (11)  0.912 +-  0.763
  23 Q   0.00000 0.00002 0.00013 0.00045 0.00111 0.00221 0.00378 0.00594 0.00904 0.02915 0.94818 (11)  2.481 +-  0.463
  24 Q   0.00000 0.00001 0.00010 0.00036 0.00090 0.00179 0.00308 0.00484 0.00739 0.02318 0.95833 (11)  2.502 +-  0.438
  25 -   0.00000 0.00003 0.00013 0.00036 0.00077 0.00137 0.00219 0.00327 0.00481 0.01363 0.97345 (11)  2.532 +-  0.396
  26 R   0.00000 0.00000 0.00000 0.00001 0.00004 0.00011 0.00026 0.00052 0.00098 0.00340 0.99468 (11)  2.571 +-  0.311
  27 D   0.00190 0.01061 0.02635 0.04328 0.05800 0.06900 0.07613 0.08036 0.08462 0.16445 0.38530 (11)  1.394 +-  0.909
  28 I   0.00070 0.00427 0.01154 0.02056 0.02983 0.03837 0.04570 0.05206 0.05923 0.13040 0.60733 (11)  1.823 +-  0.896
  29 E   0.67585 0.13692 0.07185 0.04199 0.02583 0.01640 0.01069 0.00718 0.00510 0.00776 0.00043 ( 1)  0.133 +-  0.170
  30 T   0.00000 0.00001 0.00010 0.00035 0.00086 0.00169 0.00289 0.00452 0.00685 0.02098 0.96174 (11)  2.509 +-  0.429
  31 V   0.00252 0.00578 0.01073 0.01564 0.02019 0.02426 0.02791 0.03144 0.03607 0.08508 0.74037 (11)  2.072 +-  0.838
  32 E   0.67585 0.13692 0.07185 0.04199 0.02583 0.01640 0.01069 0.00718 0.00510 0.00776 0.00043 ( 1)  0.133 +-  0.170
  33 N   0.56021 0.13299 0.08246 0.05687 0.04120 0.03075 0.02351 0.01847 0.01533 0.02719 0.01103 ( 1)  0.220 +-  0.334
  34 Q   0.00000 0.00003 0.00021 0.00075 0.00179 0.00343 0.00572 0.00871 0.01290 0.04098 0.92548 (11)  2.436 +-  0.515
  35 -   0.29795 0.08274 0.06027 0.04883 0.04154 0.03640 0.03265 0.03008 0.02924 0.05988 0.28042 ( 1)  0.939 +-  1.047
  36 L   0.58186 0.12927 0.07661 0.05164 0.03723 0.02802 0.02180 0.01753 0.01493 0.02701 0.01410 ( 1)  0.219 +-  0.356
  37 T   0.26525 0.15043 0.13022 0.10614 0.08399 0.06552 0.05094 0.04005 0.03299 0.05987 0.01460 ( 1)  0.364 +-  0.379
  38 H   0.68404 0.13662 0.07059 0.04063 0.02460 0.01538 0.00987 0.00653 0.00457 0.00684 0.00032 ( 1)  0.129 +-  0.163
  39 P   0.07199 0.05387 0.05926 0.06097 0.06055 0.05891 0.05674 0.05482 0.05489 0.11190 0.35611 (11)  1.239 +-  0.996
  40 P   0.66057 0.13736 0.07408 0.04448 0.02809 0.01831 0.01224 0.00842 0.00613 0.00958 0.00073 ( 1)  0.141 +-  0.184
  41 S   0.61283 0.13630 0.07902 0.05104 0.03469 0.02434 0.01752 0.01298 0.01019 0.01716 0.00392 ( 1)  0.174 +-  0.250
  42 L   0.60603 0.13616 0.07975 0.05201 0.03567 0.02524 0.01831 0.01366 0.01079 0.01828 0.00411 ( 1)  0.178 +-  0.254
  43 F   0.68389 0.13665 0.07063 0.04066 0.02463 0.01540 0.00988 0.00653 0.00457 0.00684 0.00031 ( 1)  0.129 +-  0.163
  44 T   0.61315 0.13632 0.07902 0.05103 0.03467 0.02432 0.01750 0.01297 0.01017 0.01712 0.00372 ( 1)  0.173 +-  0.247
  45 W   0.42087 0.11087 0.07652 0.05873 0.04734 0.03930 0.03339 0.02914 0.02685 0.05228 0.10473 ( 1)  0.501 +-  0.746
  46 L   0.60603 0.13616 0.07975 0.05201 0.03567 0.02524 0.01831 0.01366 0.01079 0.01828 0.00411 ( 1)  0.178 +-  0.254
  47 N   0.17886 0.11418 0.10973 0.09913 0.08679 0.07477 0.06405 0.05529 0.04977 0.09394 0.07349 ( 1)  0.568 +-  0.620
  48 E   0.00165 0.00945 0.02399 0.04019 0.05486 0.06633 0.07427 0.07942 0.08458 0.16572 0.39955 (11)  1.424 +-  0.910
  49 L   0.60603 0.13616 0.07975 0.05201 0.03567 0.02524 0.01831 0.01366 0.01079 0.01828 0.00411 ( 1)  0.178 +-  0.254
  50 N   0.01124 0.02332 0.03901 0.05130 0.05982 0.06499 0.06761 0.06885 0.07123 0.14249 0.40013 (11)  1.394 +-  0.946
  51 L   0.22653 0.13672 0.12515 0.10751 0.08935 0.07294 0.05912 0.04824 0.04105 0.07510 0.01829 ( 1)  0.408 +-  0.403
  52 Y   0.66244 0.13707 0.07362 0.04407 0.02778 0.01809 0.01210 0.00834 0.00609 0.00954 0.00087 ( 1)  0.140 +-  0.185
  53 T   0.68421 0.13622 0.07027 0.04045 0.02455 0.01541 0.00995 0.00663 0.00469 0.00710 0.00053 ( 1)  0.129 +-  0.167
  54 I   0.03897 0.06702 0.09611 0.10886 0.10979 0.10358 0.09398 0.08385 0.07649 0.13803 0.08332 (10)  0.709 +-  0.602
  55 R   0.02712 0.05043 0.07689 0.09232 0.09842 0.09788 0.09332 0.08720 0.08290 0.15168 0.14184 (10)  0.855 +-  0.718
  56 E   0.67585 0.13692 0.07185 0.04199 0.02583 0.01640 0.01069 0.00718 0.00510 0.00776 0.00043 ( 1)  0.133 +-  0.170
  57 R   0.00000 0.00021 0.00140 0.00436 0.00935 0.01609 0.02401 0.03275 0.04321 0.11225 0.75637 (11)  2.113 +-  0.758
  58 F   0.09368 0.06821 0.07325 0.07358 0.07133 0.06775 0.06370 0.06006 0.05869 0.11628 0.25347 (11)  1.014 +-  0.920
  59 N   0.29381 0.16046 0.13415 0.10566 0.08083 0.06097 0.04585 0.03487 0.02781 0.04949 0.00611 ( 1)  0.321 +-  0.315
  60 P   0.00157 0.00906 0.02310 0.03886 0.05326 0.06464 0.07264 0.07795 0.08330 0.16405 0.41157 (11)  1.448 +-  0.913
  61 V   0.02851 0.05249 0.07942 0.09465 0.10021 0.09900 0.09380 0.08714 0.08241 0.15038 0.13199 (10)  0.832 +-  0.701
  62 L   0.59741 0.13563 0.08033 0.05297 0.03673 0.02628 0.01928 0.01455 0.01162 0.01989 0.00531 ( 1)  0.185 +-  0.271
  63 Q   0.00004 0.00027 0.00086 0.00180 0.00306 0.00459 0.00639 0.00849 0.01132 0.03072 0.93245 (11)  2.453 +-  0.519
  64 V   0.65154 0.13748 0.07531 0.04592 0.02944 0.01947 0.01320 0.00921 0.00680 0.01076 0.00089 ( 1)  0.146 +-  0.191
  65 A   0.02243 0.04286 0.06680 0.08196 0.08928 0.09073 0.08838 0.08436 0.08189 0.15247 0.19884 (11)  0.978 +-  0.802
  66 S   0.61616 0.13636 0.07866 0.05056 0.03421 0.02390 0.01714 0.01266 0.00990 0.01663 0.00382 ( 1)  0.172 +-  0.247
  67 L   0.45815 0.11813 0.07976 0.05989 0.04723 0.03837 0.03190 0.02725 0.02457 0.04693 0.06781 ( 1)  0.402 +-  0.631
  68 S   0.19528 0.12252 0.11598 0.10307 0.08866 0.07495 0.06295 0.05324 0.04694 0.08752 0.04890 ( 1)  0.501 +-  0.540
  69 G   0.61217 0.13681 0.07961 0.05152 0.03503 0.02454 0.01761 0.01299 0.01013 0.01693 0.00265 ( 1)  0.171 +-  0.235
  70 L   0.63940 0.13741 0.07675 0.04772 0.03119 0.02103 0.01453 0.01033 0.00777 0.01254 0.00134 ( 1)  0.153 +-  0.204
  71 Q   0.00075 0.00458 0.01235 0.02198 0.03183 0.04083 0.04848 0.05500 0.06227 0.13539 0.58654 (11)  1.784 +-  0.903
  72 A   0.65593 0.13741 0.07470 0.04521 0.02878 0.01891 0.01274 0.00883 0.00648 0.01019 0.00082 ( 1)  0.143 +-  0.188
  73 T   0.00000 0.00004 0.00027 0.00093 0.00218 0.00412 0.00675 0.01013 0.01475 0.04558 0.91526 (11)  2.417 +-  0.538
  74 S   0.00004 0.00076 0.00327 0.00784 0.01405 0.02124 0.02877 0.03644 0.04537 0.11169 0.73053 (11)  2.063 +-  0.797
  75 R   0.21361 0.13091 0.12144 0.10578 0.08919 0.07391 0.06085 0.05046 0.04364 0.08058 0.02963 ( 1)  0.444 +-  0.461
  76 Y   0.22524 0.13572 0.12407 0.10654 0.08860 0.07245 0.05889 0.04823 0.04123 0.07577 0.02326 ( 1)  0.419 +-  0.430
  77 T   0.47478 0.12100 0.08074 0.05993 0.04672 0.03752 0.03085 0.02607 0.02326 0.04401 0.05512 ( 1)  0.365 +-  0.583
  78 -   0.02189 0.01872 0.02310 0.02638 0.02885 0.03072 0.03222 0.03376 0.03655 0.08110 0.66670 (11)  1.907 +-  0.953
  79 Q   0.60816 0.13643 0.07974 0.05187 0.03546 0.02500 0.01806 0.01342 0.01055 0.01778 0.00354 ( 1)  0.175 +-  0.247
  80 N   0.02972 0.05307 0.07835 0.09147 0.09523 0.09290 0.08726 0.08071 0.07635 0.14164 0.17330 (11)  0.907 +-  0.778
  81 T   0.00000 0.00002 0.00013 0.00046 0.00114 0.00225 0.00385 0.00602 0.00914 0.02934 0.94763 (11)  2.480 +-  0.464
  82 T   0.00150 0.00862 0.02195 0.03691 0.05059 0.06147 0.06918 0.07444 0.07983 0.15889 0.43663 (11)  1.495 +-  0.921
  83 T   0.00000 0.00006 0.00043 0.00144 0.00330 0.00606 0.00966 0.01411 0.02002 0.06004 0.88487 (11)  2.357 +-  0.595
  84 I   0.00004 0.00065 0.00280 0.00674 0.01216 0.01848 0.02521 0.03219 0.04047 0.10211 0.75915 (11)  2.117 +-  0.771
  85 S   0.00000 0.00000 0.00000 0.00001 0.00004 0.00011 0.00026 0.00055 0.00106 0.00381 0.99416 (11)  2.570 +-  0.313
  86 N   0.00191 0.01094 0.02763 0.04602 0.06237 0.07479 0.08294 0.08772 0.09221 0.17579 0.33768 (11)  1.307 +-  0.882
  87 -   0.29795 0.08274 0.06027 0.04883 0.04154 0.03640 0.03265 0.03008 0.02924 0.05988 0.28042 ( 1)  0.939 +-  1.047
  88 P   0.55397 0.13173 0.08190 0.05670 0.04128 0.03101 0.02388 0.01892 0.01586 0.02843 0.01632 ( 1)  0.235 +-  0.375
  89 V   0.00000 0.00002 0.00014 0.00053 0.00136 0.00277 0.00484 0.00770 0.01184 0.04003 0.93076 (11)  2.445 +-  0.498
  90 Q   0.61675 0.13684 0.07905 0.05082 0.03434 0.02392 0.01708 0.01254 0.00974 0.01623 0.00269 ( 1)  0.168 +-  0.233
  91 G   0.59718 0.13597 0.08070 0.05328 0.03696 0.02642 0.01935 0.01456 0.01158 0.01975 0.00424 ( 1)  0.183 +-  0.259
  92 P   0.29795 0.08274 0.06027 0.04883 0.04154 0.03640 0.03265 0.03008 0.02924 0.05988 0.28042 ( 1)  0.939 +-  1.047
  93 V   0.00020 0.00127 0.00368 0.00703 0.01095 0.01512 0.01936 0.02375 0.02922 0.07407 0.81534 (11)  2.224 +-  0.728
  94 R   0.00000 0.00001 0.00008 0.00030 0.00076 0.00155 0.00274 0.00439 0.00681 0.02190 0.96146 (11)  2.507 +-  0.427
  95 E   0.00000 0.00000 0.00003 0.00015 0.00045 0.00106 0.00208 0.00366 0.00612 0.02229 0.96416 (11)  2.511 +-  0.413
  96 G   0.01197 0.02479 0.04140 0.05435 0.06328 0.06864 0.07128 0.07242 0.07470 0.14803 0.36911 (11)  1.333 +-  0.931
  97 T   0.00002 0.00035 0.00162 0.00412 0.00782 0.01244 0.01771 0.02353 0.03074 0.08250 0.81913 (11)  2.232 +-  0.702
  98 P   0.02790 0.05158 0.07828 0.09356 0.09932 0.09838 0.09344 0.08700 0.08245 0.15066 0.13742 (10)  0.844 +-  0.711
  99 T   0.00115 0.00656 0.01668 0.02811 0.03872 0.04742 0.05398 0.05897 0.06451 0.13548 0.54841 (11)  1.707 +-  0.925
 100 K   0.00000 0.00003 0.00022 0.00075 0.00179 0.00343 0.00569 0.00863 0.01274 0.04005 0.92667 (11)  2.439 +-  0.514
 101 -   0.05544 0.04147 0.04566 0.04713 0.04708 0.04619 0.04499 0.04407 0.04486 0.09381 0.48930 (11)  1.520 +-  1.042
 102 I   0.69593 0.13569 0.06842 0.03849 0.02282 0.01399 0.00882 0.00574 0.00396 0.00584 0.00030 ( 1)  0.123 +-  0.156
 103 S   0.00067 0.00217 0.00503 0.00861 0.01253 0.01654 0.02051 0.02457 0.02968 0.07387 0.80583 (11)  2.205 +-  0.749
 104 L   0.21295 0.13052 0.12110 0.10553 0.08905 0.07387 0.06089 0.05056 0.04380 0.08096 0.03076 ( 1)  0.447 +-  0.466
 105 A   0.03371 0.06037 0.08939 0.10428 0.10805 0.10446 0.09683 0.08800 0.08146 0.14659 0.08686 (10)  0.731 +-  0.606
 106 N   0.00227 0.00527 0.00991 0.01462 0.01907 0.02313 0.02684 0.03048 0.03523 0.08402 0.74914 (11)  2.090 +-  0.827
 107 Y   0.00002 0.00018 0.00057 0.00121 0.00208 0.00318 0.00450 0.00608 0.00824 0.02208 0.95186 (11)  2.491 +-  0.469
 108 Y   0.26553 0.15143 0.13172 0.10766 0.08524 0.06638 0.05141 0.04015 0.03279 0.05897 0.00872 ( 1)  0.351 +-  0.340
 109 I   0.03061 0.05589 0.08401 0.09942 0.10445 0.10234 0.09612 0.08848 0.08288 0.14997 0.10583 (10)  0.776 +-  0.648
 110 Y   0.66244 0.13707 0.07362 0.04407 0.02778 0.01809 0.01210 0.00834 0.00609 0.00954 0.00087 ( 1)  0.140 +-  0.185
 111 K   0.27728 0.15499 0.13240 0.10647 0.08311 0.06392 0.04898 0.03793 0.03078 0.05530 0.00885 ( 1)  0.341 +-  0.339
 112 L   0.60517 0.13607 0.07977 0.05207 0.03575 0.02533 0.01840 0.01375 0.01088 0.01846 0.00435 ( 1)  0.179 +-  0.257
 113 F   0.20371 0.12554 0.11705 0.10268 0.08736 0.07320 0.06104 0.05135 0.04512 0.08431 0.04866 ( 1)  0.493 +-  0.540
 114 M   0.01785 0.03571 0.05777 0.07341 0.08264 0.08658 0.08676 0.08497 0.08438 0.15873 0.23122 (11)  1.054 +-  0.832
 115 S   0.19199 0.12095 0.11492 0.10254 0.08860 0.07525 0.06350 0.05396 0.04780 0.08932 0.05116 ( 1)  0.509 +-  0.547
 116 Q   0.61675 0.13684 0.07905 0.05082 0.03434 0.02392 0.01708 0.01254 0.00974 0.01623 0.00269 ( 1)  0.168 +-  0.233
 117 Y   0.23834 0.14066 0.12624 0.10656 0.08720 0.07024 0.05630 0.04553 0.03849 0.07053 0.01991 ( 1)  0.400 +-  0.412
 118 R   0.00002 0.00032 0.00155 0.00407 0.00791 0.01287 0.01865 0.02515 0.03328 0.09090 0.80528 (11)  2.203 +-  0.712
 119 H   0.00003 0.00052 0.00226 0.00542 0.00975 0.01481 0.02022 0.02590 0.03274 0.08402 0.80433 (11)  2.205 +-  0.729
 120 P   0.64725 0.13741 0.07577 0.04652 0.03003 0.02001 0.01367 0.00961 0.00715 0.01142 0.00115 ( 1)  0.149 +-  0.198
 121 N   0.68935 0.13583 0.06935 0.03954 0.02379 0.01482 0.00950 0.00629 0.00442 0.00665 0.00047 ( 1)  0.127 +-  0.164
 122 D   0.00000 0.00001 0.00011 0.00043 0.00115 0.00243 0.00436 0.00710 0.01114 0.03892 0.93435 (11)  2.451 +-  0.488
 123 C   0.63492 0.13744 0.07733 0.04841 0.03185 0.02161 0.01502 0.01074 0.00811 0.01315 0.00141 ( 1)  0.156 +-  0.208
 124 L   0.00000 0.00000 0.00001 0.00005 0.00016 0.00040 0.00082 0.00150 0.00261 0.00869 0.98577 (11)  2.555 +-  0.347
 125 P   0.00118 0.00700 0.01830 0.03156 0.04429 0.05504 0.06330 0.06952 0.07606 0.15525 0.47849 (11)  1.577 +-  0.921
 126 I   0.69593 0.13569 0.06842 0.03849 0.02282 0.01399 0.00882 0.00574 0.00396 0.00584 0.00030 ( 1)  0.123 +-  0.156
 127 S   0.00088 0.00527 0.01404 0.02469 0.03536 0.04486 0.05270 0.05916 0.06625 0.14140 0.55539 (11)  1.724 +-  0.912
 128 G   0.61093 0.13674 0.07970 0.05167 0.03519 0.02470 0.01776 0.01312 0.01025 0.01716 0.00277 ( 1)  0.172 +-  0.237
 129 I   0.19169 0.12359 0.11922 0.10707 0.09246 0.07804 0.06516 0.05459 0.04755 0.08756 0.03306 ( 1)  0.470 +-  0.475
 130 N   0.00024 0.00153 0.00440 0.00837 0.01295 0.01775 0.02255 0.02741 0.03340 0.08336 0.78805 (11)  2.171 +-  0.760
 131 E   0.00133 0.00772 0.01984 0.03373 0.04679 0.05758 0.06567 0.07163 0.07789 0.15784 0.45999 (11)  1.541 +-  0.920
 132 M   0.21092 0.13051 0.12208 0.10707 0.09076 0.07549 0.06228 0.05166 0.04461 0.08196 0.02264 ( 1)  0.432 +-  0.427
 133 S   0.00259 0.00594 0.01101 0.01602 0.02064 0.02477 0.02844 0.03199 0.03664 0.08619 0.73578 (11)  2.063 +-  0.842
 134 F   0.67259 0.13702 0.07232 0.04252 0.02631 0.01681 0.01102 0.00744 0.00532 0.00815 0.00051 ( 1)  0.134 +-  0.173
 135 Y   0.66244 0.13707 0.07362 0.04407 0.02778 0.01809 0.01210 0.00834 0.00609 0.00954 0.00087 ( 1)  0.140 +-  0.185
 136 R   0.03745 0.06482 0.09341 0.10640 0.10798 0.10257 0.09374 0.08427 0.07744 0.14026 0.09164 (10)  0.730 +-  0.622
 137 S   0.68966 0.13651 0.06981 0.03973 0.02377 0.01468 0.00929 0.00605 0.00417 0.00614 0.00019 ( 1)  0.126 +-  0.157
 138 D   0.55060 0.13199 0.08267 0.05759 0.04214 0.03178 0.02453 0.01946 0.01632 0.02921 0.01371 ( 1)  0.231 +-  0.357
 139 Y   0.66244 0.13707 0.07362 0.04407 0.02778 0.01809 0.01210 0.00834 0.00609 0.00954 0.00087 ( 1)  0.140 +-  0.185
 140 Y   0.02717 0.04984 0.07518 0.08951 0.09485 0.09398 0.08949 0.08370 0.07985 0.14772 0.16869 (11)  0.906 +-  0.765
 141 G   0.61505 0.13694 0.07936 0.05116 0.03464 0.02418 0.01728 0.01270 0.00986 0.01641 0.00242 ( 1)  0.169 +-  0.231
 142 A   0.29795 0.08274 0.06027 0.04883 0.04154 0.03640 0.03265 0.03008 0.02924 0.05988 0.28042 ( 1)  0.939 +-  1.047
 143 G   0.00001 0.00032 0.00169 0.00472 0.00948 0.01567 0.02280 0.03062 0.04006 0.10475 0.76987 (11)  2.138 +-  0.750
 144 G   0.00000 0.00000 0.00002 0.00006 0.00017 0.00037 0.00070 0.00121 0.00201 0.00620 0.98926 (11)  2.561 +-  0.335
 145 P   0.00013 0.00084 0.00248 0.00484 0.00772 0.01090 0.01428 0.01790 0.02251 0.05846 0.85995 (11)  2.312 +-  0.664
 146 A   0.00156 0.00896 0.02274 0.03811 0.05206 0.06305 0.07076 0.07591 0.08118 0.16081 0.42485 (11)  1.472 +-  0.918
 147 P   0.03227 0.05711 0.08373 0.09706 0.10031 0.09709 0.09046 0.08295 0.07776 0.14286 0.13840 (10)  0.834 +-  0.719
 148 V   0.00113 0.00653 0.01681 0.02861 0.03977 0.04909 0.05625 0.06174 0.06777 0.14171 0.53060 (11)  1.674 +-  0.923
 149 H   0.00000 0.00005 0.00036 0.00120 0.00277 0.00512 0.00822 0.01209 0.01727 0.05204 0.90088 (11)  2.389 +-  0.568
 150 Y   0.66244 0.13707 0.07362 0.04407 0.02778 0.01809 0.01210 0.00834 0.00609 0.00954 0.00087 ( 1)  0.140 +-  0.185
 151 S   0.00000 0.00001 0.00010 0.00035 0.00086 0.00173 0.00301 0.00481 0.00746 0.02461 0.95707 (11)  2.498 +-  0.438
 152 A   0.20995 0.12906 0.12009 0.10500 0.08894 0.07409 0.06134 0.05117 0.04453 0.08250 0.03333 ( 1)  0.455 +-  0.477
 153 G   0.00132 0.00780 0.02036 0.03502 0.04901 0.06068 0.06947 0.07588 0.08241 0.16488 0.43317 (11)  1.492 +-  0.913
 154 E   0.00004 0.00065 0.00285 0.00692 0.01256 0.01921 0.02632 0.03370 0.04245 0.10685 0.74844 (11)  2.097 +-  0.779
 155 S   0.00000 0.00000 0.00001 0.00004 0.00013 0.00031 0.00062 0.00111 0.00192 0.00623 0.98964 (11)  2.562 +-  0.333
 156 P   0.00000 0.00001 0.00005 0.00020 0.00051 0.00106 0.00192 0.00316 0.00503 0.01637 0.97169 (11)  2.527 +-  0.396
 157 T   0.00000 0.00001 0.00009 0.00038 0.00103 0.00219 0.00395 0.00640 0.00995 0.03245 0.94355 (11)  2.472 +-  0.472
 158 N   0.03367 0.05964 0.08750 0.10137 0.10454 0.10082 0.09345 0.08513 0.07916 0.14396 0.11077 (10)  0.777 +-  0.663
 159 V   0.00000 0.00008 0.00037 0.00100 0.00202 0.00343 0.00522 0.00743 0.01044 0.02992 0.94007 (11)  2.467 +-  0.493
 160 -   0.29795 0.08274 0.06027 0.04883 0.04154 0.03640 0.03265 0.03008 0.02924 0.05988 0.28042 ( 1)  0.939 +-  1.047
 161 I   0.69593 0.13569 0.06842 0.03849 0.02282 0.01399 0.00882 0.00574 0.00396 0.00584 0.00030 ( 1)  0.123 +-  0.156
 162 K   0.00027 0.00187 0.00569 0.01121 0.01775 0.02464 0.03141 0.03804 0.04583 0.11004 0.71326 (11)  2.028 +-  0.823
 163 T   0.22349 0.13441 0.12268 0.10532 0.08768 0.07186 0.05861 0.04823 0.04147 0.07663 0.02962 ( 1)  0.434 +-  0.461
 164 Y   0.22766 0.13600 0.12340 0.10535 0.08726 0.07118 0.05782 0.04741 0.04064 0.07507 0.02821 ( 1)  0.428 +-  0.454
 165 M   0.62520 0.13739 0.07851 0.04988 0.03328 0.02288 0.01610 0.01165 0.00890 0.01458 0.00162 ( 1)  0.161 +-  0.215
 166 N   0.70975 0.13455 0.06589 0.03602 0.02077 0.01240 0.00762 0.00484 0.00326 0.00470 0.00021 ( 1)  0.117 +-  0.146
 167 G   0.56047 0.13290 0.08233 0.05674 0.04109 0.03066 0.02344 0.01842 0.01530 0.02717 0.01148 ( 1)  0.220 +-  0.337
 168 P   0.66057 0.13736 0.07408 0.04448 0.02809 0.01831 0.01224 0.00842 0.00613 0.00958 0.00073 ( 1)  0.141 +-  0.184
 169 Q   0.61675 0.13684 0.07905 0.05082 0.03434 0.02392 0.01708 0.01254 0.00974 0.01623 0.00269 ( 1)  0.168 +-  0.233
 170 N   0.05091 0.08213 0.11206 0.12098 0.11649 0.10512 0.09140 0.07837 0.06896 0.12359 0.05000 (10)  0.615 +-  0.510
 171 A   0.66716 0.13725 0.07318 0.04345 0.02713 0.01748 0.01155 0.00786 0.00566 0.00873 0.00055 ( 1)  0.137 +-  0.177
 172 L   0.01937 0.03769 0.05962 0.07426 0.08212 0.08472 0.08380 0.08122 0.08005 0.15137 0.24580 (11)  1.076 +-  0.855
 173 I   0.00005 0.00035 0.00116 0.00253 0.00446 0.00693 0.00989 0.01338 0.01803 0.05139 0.89182 (11)  2.372 +-  0.596
 174 S   0.62517 0.13674 0.07790 0.04945 0.03304 0.02279 0.01614 0.01177 0.00909 0.01507 0.00285 ( 1)  0.164 +-  0.232
 175 N   0.70975 0.13455 0.06589 0.03602 0.02077 0.01240 0.00762 0.00484 0.00326 0.00470 0.00021 ( 1)  0.117 +-  0.146
 176 D   0.31239 0.16644 0.13584 0.10444 0.07799 0.05744 0.04220 0.03137 0.02449 0.04303 0.00437 ( 1)  0.301 +-  0.296
 177 I   0.68460 0.13637 0.07034 0.04045 0.02450 0.01535 0.00987 0.00655 0.00461 0.00694 0.00042 ( 1)  0.129 +-  0.165
 178 S   0.52336 0.12834 0.08233 0.05879 0.04410 0.03411 0.02703 0.02201 0.01895 0.03476 0.02623 ( 1)  0.274 +-  0.443
 179 I   0.68460 0.13637 0.07034 0.04045 0.02450 0.01535 0.00987 0.00655 0.00461 0.00694 0.00042 ( 1)  0.129 +-  0.165
 180 N   0.00215 0.01194 0.02942 0.04794 0.06371 0.07511 0.08208 0.08577 0.08931 0.17026 0.34229 (11)  1.311 +-  0.890
 181 E   0.00090 0.00546 0.01460 0.02576 0.03697 0.04697 0.05522 0.06199 0.06934 0.14672 0.53607 (11)  1.688 +-  0.914
 182 T   0.68421 0.13622 0.07027 0.04045 0.02455 0.01541 0.00995 0.00663 0.00469 0.00710 0.00053 ( 1)  0.129 +-  0.167
 183 S   0.00002 0.00034 0.00152 0.00374 0.00690 0.01076 0.01507 0.01979 0.02568 0.06859 0.84759 (11)  2.288 +-  0.670
 184 H   0.68667 0.13652 0.07019 0.04019 0.02421 0.01506 0.00961 0.00632 0.00440 0.00655 0.00028 ( 1)  0.127 +-  0.161
 185 I   0.69593 0.13569 0.06842 0.03849 0.02282 0.01399 0.00882 0.00574 0.00396 0.00584 0.00030 ( 1)  0.123 +-  0.156
 186 L   0.58933 0.13510 0.08082 0.05384 0.03770 0.02724 0.02018 0.01538 0.01240 0.02142 0.00659 ( 1)  0.193 +-  0.286
 187 S   0.66346 0.13714 0.07355 0.04395 0.02764 0.01796 0.01197 0.00823 0.00598 0.00934 0.00077 ( 1)  0.140 +-  0.183
 188 D   0.69613 0.13599 0.06861 0.03856 0.02280 0.01392 0.00872 0.00563 0.00385 0.00561 0.00018 ( 1)  0.123 +-  0.153
 189 I   0.68460 0.13637 0.07034 0.04045 0.02450 0.01535 0.00987 0.00655 0.00461 0.00694 0.00042 ( 1)  0.129 +-  0.165
 190 K   0.69138 0.13578 0.06906 0.03921 0.02348 0.01456 0.00929 0.00612 0.00428 0.00641 0.00044 ( 1)  0.126 +-  0.162
 191 M   0.62520 0.13739 0.07851 0.04988 0.03328 0.02288 0.01610 0.01165 0.00890 0.01458 0.00162 ( 1)  0.161 +-  0.215
 192 N   0.00000 0.00000 0.00001 0.00003 0.00009 0.00022 0.00047 0.00090 0.00163 0.00564 0.99102 (11)  2.564 +-  0.326
 193 Y   0.47915 0.12179 0.08104 0.05998 0.04663 0.03734 0.03062 0.02579 0.02295 0.04330 0.05142 ( 1)  0.355 +-  0.568
 194 S   0.00142 0.00820 0.02095 0.03534 0.04859 0.05922 0.06688 0.07221 0.07775 0.15596 0.45347 (11)  1.528 +-  0.924
 195 R   0.00914 0.01942 0.03319 0.04457 0.05303 0.05874 0.06227 0.06457 0.06799 0.13908 0.44800 (11)  1.492 +-  0.952
 196 T   0.03431 0.06066 0.08889 0.10278 0.10572 0.10164 0.09388 0.08518 0.07889 0.14305 0.10500 (10)  0.764 +-  0.651
 197 G   0.45895 0.11814 0.07964 0.05972 0.04703 0.03816 0.03170 0.02705 0.02438 0.04655 0.06867 ( 1)  0.403 +-  0.635
 198 G   0.58158 0.13483 0.08157 0.05490 0.03882 0.02829 0.02112 0.01621 0.01315 0.02284 0.00669 ( 1)  0.197 +-  0.290
 199 V   0.00000 0.00006 0.00032 0.00089 0.00184 0.00317 0.00487 0.00698 0.00983 0.02770 0.94435 (11)  2.476 +-  0.483
 200 Y   0.47804 0.12133 0.08064 0.05964 0.04635 0.03712 0.03045 0.02567 0.02286 0.04321 0.05470 ( 1)  0.362 +-  0.582
 201 P   0.21179 0.13011 0.12095 0.10555 0.08916 0.07401 0.06102 0.05067 0.04389 0.08109 0.03177 ( 1)  0.450 +-  0.471
 202 L   0.00000 0.00002 0.00012 0.00043 0.00105 0.00206 0.00353 0.00552 0.00838 0.02649 0.95240 (11)  2.490 +-  0.453
 203 Y   0.23798 0.14101 0.12700 0.10743 0.08800 0.07087 0.05672 0.04576 0.03854 0.07032 0.01637 ( 1)  0.393 +-  0.392
 204 D   0.00000 0.00000 0.00001 0.00004 0.00015 0.00042 0.00093 0.00180 0.00327 0.01201 0.98137 (11)  2.545 +-  0.360
 205 F   0.27619 0.15520 0.13318 0.10739 0.08391 0.06449 0.04930 0.03803 0.03069 0.05483 0.00679 ( 1)  0.337 +-  0.324
 206 G   0.61093 0.13674 0.07970 0.05167 0.03519 0.02470 0.01776 0.01312 0.01025 0.01716 0.00277 ( 1)  0.172 +-  0.237
 207 Y   0.66244 0.13707 0.07362 0.04407 0.02778 0.01809 0.01210 0.00834 0.00609 0.00954 0.00087 ( 1)  0.140 +-  0.185
 208 S   0.62517 0.13674 0.07790 0.04945 0.03304 0.02279 0.01614 0.01177 0.00909 0.01507 0.00285 ( 1)  0.164 +-  0.232
 209 F   0.68389 0.13665 0.07063 0.04066 0.02463 0.01540 0.00988 0.00653 0.00457 0.00684 0.00031 ( 1)  0.129 +-  0.163
 210 A   0.63718 0.13700 0.07665 0.04779 0.03137 0.02127 0.01480 0.01061 0.00806 0.01315 0.00210 ( 1)  0.156 +-  0.216
 211 W   0.42087 0.11087 0.07652 0.05873 0.04734 0.03930 0.03339 0.02914 0.02685 0.05228 0.10473 ( 1)  0.501 +-  0.746
 212 T   0.68021 0.13637 0.07088 0.04111 0.02513 0.01590 0.01034 0.00694 0.00495 0.00755 0.00062 ( 1)  0.131 +-  0.171
 213 H   0.04134 0.07073 0.10109 0.11397 0.11423 0.10696 0.09615 0.08490 0.07654 0.13674 0.05736 (10)  0.653 +-  0.528
 214 T   0.67960 0.13645 0.07101 0.04123 0.02523 0.01597 0.01039 0.00698 0.00497 0.00758 0.00059 ( 1)  0.132 +-  0.171
 215 S   0.63963 0.13736 0.07667 0.04764 0.03113 0.02099 0.01451 0.01032 0.00777 0.01255 0.00144 ( 1)  0.153 +-  0.206
 216 -   0.29795 0.08274 0.06027 0.04883 0.04154 0.03640 0.03265 0.03008 0.02924 0.05988 0.28042 ( 1)  0.939 +-  1.047
 217 -   0.29795 0.08274 0.06027 0.04883 0.04154 0.03640 0.03265 0.03008 0.02924 0.05988 0.28042 ( 1)  0.939 +-  1.047

Positively selected sites

	Prob(w>1)  mean w

     3 Q      0.998**       2.577 +- 0.297
    21 A      0.699         2.003 +- 0.820
    23 Q      0.948         2.481 +- 0.463
    24 Q      0.958*        2.502 +- 0.438
    25 -      0.973*        2.532 +- 0.396
    26 R      0.995**       2.571 +- 0.311
    28 I      0.607         1.823 +- 0.896
    30 T      0.962*        2.509 +- 0.429
    31 V      0.740         2.072 +- 0.838
    34 Q      0.925         2.436 +- 0.515
    57 R      0.756         2.113 +- 0.758
    63 Q      0.932         2.453 +- 0.519
    71 Q      0.587         1.784 +- 0.903
    73 T      0.915         2.417 +- 0.538
    74 S      0.731         2.063 +- 0.797
    78 -      0.667         1.907 +- 0.953
    81 T      0.948         2.480 +- 0.464
    83 T      0.885         2.357 +- 0.595
    84 I      0.759         2.117 +- 0.771
    85 S      0.994**       2.570 +- 0.313
    89 V      0.931         2.445 +- 0.498
    93 V      0.815         2.224 +- 0.728
    94 R      0.961*        2.507 +- 0.427
    95 E      0.964*        2.511 +- 0.413
    97 T      0.819         2.232 +- 0.702
    99 T      0.548         1.707 +- 0.925
   100 K      0.927         2.439 +- 0.514
   103 S      0.806         2.205 +- 0.749
   106 N      0.749         2.090 +- 0.827
   107 Y      0.952*        2.491 +- 0.469
   118 R      0.805         2.203 +- 0.712
   119 H      0.804         2.205 +- 0.729
   122 D      0.934         2.451 +- 0.488
   124 L      0.986*        2.555 +- 0.347
   127 S      0.555         1.724 +- 0.912
   130 N      0.788         2.171 +- 0.760
   133 S      0.736         2.063 +- 0.842
   143 G      0.770         2.138 +- 0.750
   144 G      0.989*        2.561 +- 0.335
   145 P      0.860         2.312 +- 0.664
   148 V      0.531         1.674 +- 0.923
   149 H      0.901         2.389 +- 0.568
   151 S      0.957*        2.498 +- 0.438
   154 E      0.748         2.097 +- 0.779
   155 S      0.990*        2.562 +- 0.333
   156 P      0.972*        2.527 +- 0.396
   157 T      0.944         2.472 +- 0.472
   159 V      0.940         2.467 +- 0.493
   162 K      0.713         2.028 +- 0.823
   173 I      0.892         2.372 +- 0.596
   181 E      0.536         1.688 +- 0.914
   183 S      0.848         2.288 +- 0.670
   192 N      0.991**       2.564 +- 0.326
   199 V      0.944         2.476 +- 0.483
   202 L      0.952*        2.490 +- 0.453
   204 D      0.981*        2.545 +- 0.360

