Supplemental results for CODEML (seqf: algn  treef: tree)


dN/dS (w) for site classes (K=3)

p:   0.76686  0.11074  0.12240
w:   0.12101  1.00000  1.00000

Naive Empirical Bayes (NEB) probabilities for 3 classes & postmean_w
(amino acids refer to 1st sequence: BT_Cry18Aa1)

   1 N   0.93751 0.02968 0.03281 ( 1)  0.176
   2 Q   0.93840 0.02926 0.03234 ( 1)  0.175
   3 N   0.93751 0.02968 0.03281 ( 1)  0.176
   4 G   0.96995 0.01428 0.01578 ( 1)  0.147
   5 T   0.93025 0.03313 0.03662 ( 1)  0.182
   6 M   0.98390 0.00765 0.00845 ( 1)  0.135
   7 I   0.99983 0.00008 0.00009 ( 1)  0.121
   8 H   1.00000 0.00000 0.00000 ( 1)  0.121
   9 Q   0.70144 0.14181 0.15674 ( 1)  0.383
  10 A   0.97462 0.01206 0.01333 ( 1)  0.143
  11 P   0.99988 0.00006 0.00006 ( 1)  0.121
  12 P   0.00000 0.47500 0.52500 ( 3)  1.000
  13 D   0.99983 0.00008 0.00009 ( 1)  0.121
  14 G   0.98982 0.00484 0.00535 ( 1)  0.130
  15 T   0.99780 0.00104 0.00115 ( 1)  0.123
  16 G   0.99998 0.00001 0.00001 ( 1)  0.121
  17 F   0.99998 0.00001 0.00001 ( 1)  0.121
  18 T   0.99988 0.00006 0.00006 ( 1)  0.121
  19 V   0.75511 0.11632 0.12857 ( 1)  0.336
  20 S   0.98749 0.00594 0.00657 ( 1)  0.132
  21 P   0.99983 0.00008 0.00009 ( 1)  0.121
  22 L   0.99838 0.00077 0.00085 ( 1)  0.122
  23 H   0.99996 0.00002 0.00002 ( 1)  0.121
  24 P   0.79238 0.09862 0.10900 ( 1)  0.304
  25 S   0.97494 0.01190 0.01316 ( 1)  0.143
  26 A   0.06110 0.44598 0.49292 ( 3)  0.946
  27 -   0.80846 0.09098 0.10056 ( 1)  0.289
  28 -   0.99800 0.00095 0.00105 ( 1)  0.123
  29 N   0.99875 0.00060 0.00066 ( 1)  0.122
  30 T   0.35512 0.30632 0.33856 ( 1)  0.688
  31 I   0.07618 0.43881 0.48501 ( 3)  0.933
  32 T   0.03078 0.46038 0.50884 ( 3)  0.973
  33 S   0.78930 0.10008 0.11062 ( 1)  0.306
  34 Y   0.99925 0.00036 0.00039 ( 1)  0.122
  35 I   0.99997 0.00001 0.00001 ( 1)  0.121
  36 K   0.91205 0.04177 0.04617 ( 1)  0.198
  37 E   0.99972 0.00013 0.00015 ( 1)  0.121
  38 N   0.99985 0.00007 0.00008 ( 1)  0.121
  39 Y   0.99167 0.00396 0.00437 ( 1)  0.128
  40 G   0.99994 0.00003 0.00003 ( 1)  0.121
  41 N   0.99998 0.00001 0.00001 ( 1)  0.121
  42 S   0.97261 0.01301 0.01438 ( 1)  0.145
  43 G   1.00000 0.00000 0.00000 ( 1)  0.121
  44 D   0.99999 0.00000 0.00000 ( 1)  0.121
  45 S   0.99906 0.00045 0.00049 ( 1)  0.122
  46 L   0.99515 0.00230 0.00254 ( 1)  0.125
  47 H   0.98098 0.00904 0.00999 ( 1)  0.138
  48 L   0.97328 0.01269 0.01403 ( 1)  0.144
  49 K   0.83226 0.07967 0.08806 ( 1)  0.268
  50 G   0.45405 0.25933 0.28663 ( 1)  0.601
  51 -   0.03944 0.45627 0.50430 ( 3)  0.965
  52 Q   0.05281 0.44991 0.49727 ( 3)  0.954
  53 G   0.70616 0.13957 0.15426 ( 1)  0.379
  54 Y   0.32288 0.32163 0.35549 ( 3)  0.716
  55 L   0.99550 0.00214 0.00236 ( 1)  0.125
  56 H   0.19438 0.38267 0.42295 ( 3)  0.829
  57 Y   0.98605 0.00663 0.00732 ( 1)  0.133
  58 M   0.99201 0.00379 0.00419 ( 1)  0.128
  59 L   0.99907 0.00044 0.00049 ( 1)  0.122
  60 S   0.65193 0.16533 0.18274 ( 1)  0.427
  61 G   0.96381 0.01719 0.01900 ( 1)  0.153
  62 N   0.99941 0.00028 0.00031 ( 1)  0.122
  63 G   0.99788 0.00101 0.00111 ( 1)  0.123
  64 Q   0.81390 0.08840 0.09770 ( 1)  0.285
  65 D   0.92771 0.03434 0.03795 ( 1)  0.185
  66 R   0.15277 0.40243 0.44480 ( 3)  0.866
  67 Y   0.99397 0.00286 0.00317 ( 1)  0.126
  68 R   0.99979 0.00010 0.00011 ( 1)  0.121
  69 L   0.99987 0.00006 0.00007 ( 1)  0.121
  70 V   0.99894 0.00051 0.00056 ( 1)  0.122
  71 L   0.99904 0.00046 0.00050 ( 1)  0.122
  72 R   0.99998 0.00001 0.00001 ( 1)  0.121
  73 L   0.98608 0.00661 0.00731 ( 1)  0.133
  74 S   0.99998 0.00001 0.00001 ( 1)  0.121
  75 G   0.98964 0.00492 0.00544 ( 1)  0.130
  76 A   0.00484 0.47270 0.52246 ( 3)  0.996
  77 A   0.92933 0.03357 0.03710 ( 1)  0.183
  78 N   0.97910 0.00993 0.01097 ( 1)  0.139
  79 Q   0.04050 0.45576 0.50374 ( 3)  0.964
  80 I   0.99992 0.00004 0.00004 ( 1)  0.121
  81 K   0.90639 0.04446 0.04914 ( 1)  0.203
  82 L   0.31726 0.32430 0.35844 ( 3)  0.721
  83 Q   0.91210 0.04175 0.04615 ( 1)  0.198
  84 S   0.91899 0.03848 0.04253 ( 1)  0.192
  85 P   0.43702 0.26741 0.29556 ( 1)  0.616
  86 T   0.64299 0.16958 0.18743 ( 1)  0.435
  87 T   0.98510 0.00708 0.00782 ( 1)  0.134
  88 S   0.41662 0.27711 0.30628 ( 1)  0.634
  89 I   0.99658 0.00162 0.00179 ( 1)  0.124
  90 Y   0.96923 0.01462 0.01616 ( 1)  0.148
  91 -   0.99509 0.00233 0.00258 ( 1)  0.125
  92 -   0.05994 0.44653 0.49353 ( 3)  0.947
  93 -   0.00133 0.47437 0.52430 ( 3)  0.999
  94 A   0.36903 0.29971 0.33126 ( 1)  0.676
  95 F   0.99696 0.00144 0.00160 ( 1)  0.124
  96 D   0.99993 0.00003 0.00004 ( 1)  0.121
  97 T   0.99996 0.00002 0.00002 ( 1)  0.121
  98 S   0.24330 0.35943 0.39727 ( 3)  0.786
  99 T   0.89229 0.05116 0.05655 ( 1)  0.216
 100 N   0.99996 0.00002 0.00002 ( 1)  0.121
 101 N   0.99962 0.00018 0.00020 ( 1)  0.121
 102 E   0.99958 0.00020 0.00022 ( 1)  0.121
 103 G   0.99996 0.00002 0.00002 ( 1)  0.121
 104 I   0.99971 0.00014 0.00015 ( 1)  0.121
 105 T   0.03184 0.45987 0.50828 ( 3)  0.972
 106 D   0.99999 0.00001 0.00001 ( 1)  0.121
 107 N   0.99999 0.00001 0.00001 ( 1)  0.121
 108 G   0.99974 0.00012 0.00013 ( 1)  0.121
 109 S   0.99942 0.00028 0.00031 ( 1)  0.122
 110 K   0.97624 0.01129 0.01247 ( 1)  0.142
 111 F   0.99995 0.00002 0.00003 ( 1)  0.121
 112 K   0.04317 0.45449 0.50234 ( 3)  0.962
 113 D   0.99996 0.00002 0.00002 ( 1)  0.121
 114 F   0.99890 0.00052 0.00058 ( 1)  0.122
 115 A   0.74027 0.12337 0.13636 ( 1)  0.349
 116 F   0.99355 0.00306 0.00338 ( 1)  0.127
 117 S   0.46377 0.25471 0.28152 ( 1)  0.592
 118 T   0.99784 0.00102 0.00113 ( 1)  0.123
 119 P   0.67781 0.15304 0.16915 ( 1)  0.404
 120 F   0.99206 0.00377 0.00417 ( 1)  0.128
 121 V   0.95846 0.01973 0.02181 ( 1)  0.158
 122 I   0.99762 0.00113 0.00125 ( 1)  0.123
 123 P   0.00015 0.47493 0.52492 ( 3)  1.000
 124 E   0.99730 0.00128 0.00141 ( 1)  0.123
 125 Q   0.00103 0.47451 0.52446 ( 3)  0.999
 126 K   0.71836 0.13378 0.14786 ( 1)  0.369
 127 -   0.76686 0.11074 0.12240 ( 1)  0.326
 128 -   0.06600 0.44365 0.49035 ( 3)  0.942
 129 -   0.00130 0.47438 0.52432 ( 3)  0.999
 130 -   0.99420 0.00276 0.00305 ( 1)  0.126
 131 E   0.98884 0.00530 0.00586 ( 1)  0.131
 132 I   0.99271 0.00346 0.00383 ( 1)  0.127
 133 V   0.42132 0.27487 0.30381 ( 1)  0.630
 134 L   0.70005 0.14247 0.15747 ( 1)  0.385
 135 Y   0.00499 0.47263 0.52238 ( 3)  0.996
 136 -   0.76686 0.11074 0.12240 ( 1)  0.326
 137 F   0.04560 0.45334 0.50106 ( 3)  0.960
 138 E   0.02771 0.46184 0.51045 ( 3)  0.976
 139 G   0.00369 0.47325 0.52307 ( 3)  0.997
 140 V   0.01410 0.46830 0.51760 ( 3)  0.988
 141 G   0.80191 0.09409 0.10400 ( 1)  0.295
 142 S   0.00901 0.47072 0.52027 ( 3)  0.992
 143 L   0.99804 0.00093 0.00103 ( 1)  0.123
 144 D   0.99659 0.00162 0.00179 ( 1)  0.124
 145 L   0.99895 0.00050 0.00055 ( 1)  0.122
 146 M   1.00000 0.00000 0.00000 ( 1)  0.121
 147 N   0.99999 0.00001 0.00001 ( 1)  0.121
 148 L   0.99222 0.00369 0.00408 ( 1)  0.128
 149 I   0.99723 0.00132 0.00146 ( 1)  0.123
 150 F   0.99906 0.00044 0.00049 ( 1)  0.122
 151 L   0.75078 0.11838 0.13084 ( 1)  0.340
 152 -   0.76686 0.11074 0.12240 ( 1)  0.326

Positively selected sites

	Prob(w>1)  mean w



lnL = -3309.349186

Bayes Empirical Bayes (BEB) probabilities for 3 classes (class) & postmean_w
(amino acids refer to 1st sequence: BT_Cry18Aa1)

   1 N   0.93926 0.05145 0.00929 ( 1)  0.216 +-  0.358
   2 Q   0.94827 0.04767 0.00406 ( 1)  0.197 +-  0.224
   3 N   0.93926 0.05145 0.00929 ( 1)  0.216 +-  0.358
   4 G   0.97205 0.02452 0.00342 ( 1)  0.179 +-  0.222
   5 T   0.93536 0.05555 0.00908 ( 1)  0.218 +-  0.352
   6 M   0.98709 0.01199 0.00092 ( 1)  0.162 +-  0.122
   7 I   0.99983 0.00017 0.00000 ( 1)  0.150 +-  0.011
   8 H   0.99999 0.00001 0.00000 ( 1)  0.150 +-  0.002
   9 Q   0.82265 0.16973 0.00762 ( 1)  0.305 +-  0.337
  10 A   0.98100 0.01752 0.00148 ( 1)  0.167 +-  0.126
  11 P   0.99987 0.00013 0.00000 ( 1)  0.150 +-  0.010
  12 P   0.00001 0.73296 0.26703 ( 2)  1.174 +-  0.360
  13 D   0.99980 0.00020 0.00000 ( 1)  0.150 +-  0.012
  14 G   0.99438 0.00552 0.00010 ( 1)  0.155 +-  0.064
  15 T   0.99803 0.00194 0.00004 ( 1)  0.152 +-  0.038
  16 G   0.99998 0.00002 0.00000 ( 1)  0.150 +-  0.004
  17 F   0.99998 0.00002 0.00000 ( 1)  0.150 +-  0.004
  18 T   0.99984 0.00015 0.00000 ( 1)  0.150 +-  0.011
  19 V   0.87576 0.12013 0.00410 ( 1)  0.258 +-  0.288
  20 S   0.99094 0.00859 0.00048 ( 1)  0.158 +-  0.085
  21 P   0.99983 0.00017 0.00000 ( 1)  0.150 +-  0.011
  22 L   0.99873 0.00126 0.00001 ( 1)  0.151 +-  0.030
  23 H   0.99996 0.00004 0.00000 ( 1)  0.150 +-  0.005
  24 P   0.87181 0.12376 0.00442 ( 1)  0.261 +-  0.292
  25 S   0.98662 0.01323 0.00014 ( 1)  0.161 +-  0.098
  26 A   0.16701 0.77153 0.06146 ( 2)  0.891 +-  0.358
  27 -   0.86486 0.12555 0.00960 ( 1)  0.270 +-  0.310
  28 -   0.99840 0.00159 0.00001 ( 1)  0.151 +-  0.034
  29 N   0.99895 0.00104 0.00001 ( 1)  0.151 +-  0.028
  30 T   0.56996 0.40735 0.02269 ( 1)  0.527 +-  0.442
  31 I   0.18999 0.74069 0.06932 ( 2)  0.876 +-  0.382
  32 T   0.09002 0.81178 0.09820 ( 2)  0.981 +-  0.331
  33 S   0.87922 0.11674 0.00404 ( 1)  0.255 +-  0.284
  34 Y   0.99942 0.00058 0.00000 ( 1)  0.150 +-  0.021
  35 I   0.99996 0.00004 0.00000 ( 1)  0.150 +-  0.005
  36 K   0.95379 0.04538 0.00083 ( 1)  0.190 +-  0.181
  37 E   0.99974 0.00026 0.00000 ( 1)  0.150 +-  0.014
  38 N   0.99984 0.00016 0.00000 ( 1)  0.150 +-  0.011
  39 Y   0.99465 0.00524 0.00011 ( 1)  0.155 +-  0.063
  40 G   0.99994 0.00006 0.00000 ( 1)  0.150 +-  0.007
  41 N   0.99997 0.00003 0.00000 ( 1)  0.150 +-  0.005
  42 S   0.98367 0.01571 0.00062 ( 1)  0.164 +-  0.111
  43 G   0.99999 0.00001 0.00000 ( 1)  0.150 +-  0.002
  44 D   0.99999 0.00001 0.00000 ( 1)  0.150 +-  0.002
  45 S   0.99910 0.00088 0.00002 ( 1)  0.151 +-  0.026
  46 L   0.99561 0.00427 0.00012 ( 1)  0.154 +-  0.057
  47 H   0.98546 0.01425 0.00030 ( 1)  0.163 +-  0.103
  48 L   0.98473 0.01503 0.00024 ( 1)  0.163 +-  0.105
  49 K   0.91052 0.08708 0.00240 ( 1)  0.227 +-  0.248
  50 G   0.69534 0.28977 0.01490 ( 1)  0.417 +-  0.409
  51 -   0.09095 0.75329 0.15576 ( 2)  1.039 +-  0.467
  52 Q   0.13342 0.77520 0.09139 ( 2)  0.938 +-  0.358
  53 G   0.80586 0.18167 0.01247 ( 1)  0.322 +-  0.356
  54 Y   0.54075 0.43663 0.02262 ( 1)  0.552 +-  0.443
  55 L   0.99695 0.00302 0.00003 ( 1)  0.153 +-  0.047
  56 H   0.39305 0.56652 0.04044 ( 2)  0.687 +-  0.446
  57 Y   0.99037 0.00940 0.00022 ( 1)  0.158 +-  0.084
  58 M   0.99489 0.00501 0.00010 ( 1)  0.154 +-  0.061
  59 L   0.99926 0.00073 0.00001 ( 1)  0.151 +-  0.023
  60 S   0.81981 0.17710 0.00309 ( 1)  0.305 +-  0.331
  61 G   0.97380 0.02533 0.00087 ( 1)  0.173 +-  0.139
  62 N   0.99953 0.00047 0.00000 ( 1)  0.150 +-  0.019
  63 G   0.99827 0.00170 0.00003 ( 1)  0.151 +-  0.036
  64 Q   0.91825 0.08091 0.00083 ( 1)  0.220 +-  0.235
  65 D   0.96925 0.03046 0.00030 ( 1)  0.176 +-  0.148
  66 R   0.18103 0.50694 0.31203 ( 2)  1.608 +-  1.960
  67 Y   0.99463 0.00522 0.00015 ( 1)  0.155 +-  0.063
  68 R   0.99984 0.00016 0.00000 ( 1)  0.150 +-  0.011
  69 L   0.99987 0.00013 0.00000 ( 1)  0.150 +-  0.010
  70 V   0.99915 0.00084 0.00001 ( 1)  0.151 +-  0.025
  71 L   0.99911 0.00088 0.00001 ( 1)  0.151 +-  0.026
  72 R   0.99997 0.00003 0.00000 ( 1)  0.150 +-  0.004
  73 L   0.98974 0.01004 0.00022 ( 1)  0.159 +-  0.087
  74 S   0.99998 0.00002 0.00000 ( 1)  0.150 +-  0.004
  75 G   0.99334 0.00656 0.00010 ( 1)  0.156 +-  0.070
  76 A   0.01985 0.84197 0.13818 ( 2)  1.066 +-  0.278
  77 A   0.95943 0.03957 0.00100 ( 1)  0.185 +-  0.171
  78 N   0.98702 0.01281 0.00017 ( 1)  0.161 +-  0.097
  79 Q   0.10253 0.78914 0.10834 ( 2)  0.980 +-  0.366
  80 I   0.99991 0.00009 0.00000 ( 1)  0.150 +-  0.008
  81 K   0.95217 0.04701 0.00082 ( 1)  0.191 +-  0.184
  82 L   0.49371 0.45998 0.04631 ( 1)  0.607 +-  0.472
  83 Q   0.95733 0.04217 0.00051 ( 1)  0.187 +-  0.173
  84 S   0.96044 0.03907 0.00049 ( 1)  0.184 +-  0.167
  85 P   0.66705 0.32303 0.00992 ( 1)  0.438 +-  0.411
  86 T   0.77502 0.21246 0.01252 ( 1)  0.348 +-  0.372
  87 T   0.99157 0.00833 0.00010 ( 1)  0.157 +-  0.078
  88 S   0.61181 0.36452 0.02367 ( 1)  0.493 +-  0.438
  89 I   0.99760 0.00237 0.00003 ( 1)  0.152 +-  0.042
  90 Y   0.97916 0.02034 0.00050 ( 1)  0.168 +-  0.124
  91 -   0.99658 0.00338 0.00004 ( 1)  0.153 +-  0.050
  92 -   0.16582 0.79220 0.04197 ( 2)  0.880 +-  0.342
  93 -   0.00529 0.81064 0.18408 ( 2)  1.124 +-  0.368
  94 A   0.63419 0.35765 0.00816 ( 1)  0.465 +-  0.417
  95 F   0.99766 0.00231 0.00002 ( 1)  0.152 +-  0.041
  96 D   0.99993 0.00007 0.00000 ( 1)  0.150 +-  0.007
  97 T   0.99995 0.00004 0.00000 ( 1)  0.150 +-  0.006
  98 S   0.49623 0.48897 0.01480 ( 1)  0.586 +-  0.437
  99 T   0.93121 0.06669 0.00210 ( 1)  0.210 +-  0.220
 100 N   0.99995 0.00005 0.00000 ( 1)  0.150 +-  0.006
 101 N   0.99955 0.00044 0.00001 ( 1)  0.150 +-  0.018
 102 E   0.99965 0.00035 0.00000 ( 1)  0.150 +-  0.016
 103 G   0.99996 0.00004 0.00000 ( 1)  0.150 +-  0.005
 104 I   0.99974 0.00026 0.00000 ( 1)  0.150 +-  0.014
 105 T   0.11033 0.82548 0.06419 ( 2)  0.940 +-  0.309
 106 D   0.99999 0.00001 0.00000 ( 1)  0.150 +-  0.003
 107 N   0.99998 0.00002 0.00000 ( 1)  0.150 +-  0.004
 108 G   0.99974 0.00026 0.00001 ( 1)  0.150 +-  0.014
 109 S   0.99957 0.00043 0.00000 ( 1)  0.150 +-  0.018
 110 K   0.98431 0.01526 0.00043 ( 1)  0.164 +-  0.108
 111 F   0.99994 0.00005 0.00000 ( 1)  0.150 +-  0.006
 112 K   0.12343 0.81007 0.06650 ( 2)  0.931 +-  0.326
 113 D   0.99995 0.00004 0.00000 ( 1)  0.150 +-  0.006
 114 F   0.99920 0.00080 0.00000 ( 1)  0.151 +-  0.024
 115 A   0.88939 0.10893 0.00168 ( 1)  0.245 +-  0.270
 116 F   0.99506 0.00473 0.00021 ( 1)  0.154 +-  0.062
 117 S   0.69992 0.29231 0.00777 ( 1)  0.409 +-  0.398
 118 T   0.99836 0.00163 0.00001 ( 1)  0.151 +-  0.035
 119 P   0.83645 0.15719 0.00635 ( 1)  0.292 +-  0.324
 120 F   0.99411 0.00572 0.00018 ( 1)  0.155 +-  0.067
 121 V   0.97494 0.02452 0.00054 ( 1)  0.172 +-  0.135
 122 I   0.99840 0.00159 0.00001 ( 1)  0.151 +-  0.034
 123 P   0.00098 0.89824 0.10078 ( 2)  1.052 +-  0.170
 124 E   0.99845 0.00154 0.00001 ( 1)  0.151 +-  0.034
 125 Q   0.00594 0.92864 0.06542 ( 2)  1.029 +-  0.150
 126 K   0.86010 0.13711 0.00278 ( 1)  0.270 +-  0.300
 127 -   0.79076 0.17131 0.03793 ( 1)  0.391 +-  0.702
 128 -   0.17342 0.76055 0.06603 ( 2)  0.888 +-  0.365
 129 -   0.00374 0.68718 0.30907 ( 2)  1.305 +-  0.727
 130 -   0.99463 0.00515 0.00022 ( 1)  0.155 +-  0.064
 131 E   0.99345 0.00650 0.00005 ( 1)  0.156 +-  0.069
 132 I   0.99426 0.00561 0.00013 ( 1)  0.155 +-  0.065
 133 V   0.68803 0.30422 0.00775 ( 1)  0.419 +-  0.402
 134 L   0.82148 0.16993 0.00859 ( 1)  0.306 +-  0.339
 135 Y   0.02175 0.90379 0.07446 ( 2)  1.020 +-  0.193
 136 -   0.79076 0.17131 0.03793 ( 1)  0.391 +-  0.702
 137 F   0.14376 0.79779 0.05846 ( 2)  0.909 +-  0.338
 138 E   0.07913 0.82421 0.09665 ( 2)  0.986 +-  0.305
 139 G   0.00956 0.68212 0.30832 ( 2)  1.378 +-  0.994
 140 V   0.05892 0.89296 0.04813 ( 2)  0.974 +-  0.234
 141 G   0.89367 0.10346 0.00287 ( 1)  0.242 +-  0.268
 142 S   0.02795 0.83202 0.14002 ( 2)  1.059 +-  0.285
 143 L   0.99870 0.00129 0.00002 ( 1)  0.151 +-  0.031
 144 D   0.99685 0.00303 0.00012 ( 1)  0.153 +-  0.049
 145 L   0.99914 0.00085 0.00001 ( 1)  0.151 +-  0.025
 146 M   1.00000 0.00000 0.00000 ( 1)  0.150 +-  0.001
 147 N   0.99998 0.00002 0.00000 ( 1)  0.150 +-  0.004
 148 L   0.99521 0.00474 0.00004 ( 1)  0.154 +-  0.059
 149 I   0.99785 0.00211 0.00003 ( 1)  0.152 +-  0.040
 150 F   0.99925 0.00074 0.00001 ( 1)  0.151 +-  0.023
 151 L   0.79670 0.16693 0.03638 ( 1)  0.383 +-  0.685
 152 -   0.79076 0.17131 0.03793 ( 1)  0.391 +-  0.702

Positively selected sites

	Prob(w>1)  mean w


