Supplemental results for CODEML (seqf: algn  treef: tree)


dN/dS (w) for site classes (K=3)

p:   0.34558  0.42793  0.22648
w:   0.04647  0.38666  1.44176

Naive Empirical Bayes (NEB) probabilities for 3 classes & postmean_w & P(w>1)
(amino acids refer to 1st sequence: BT_Cry32Da1)

   1 I   0.27062 0.50912 0.22026 ( 2)  0.527  0.220
   2 S   0.02631 0.55950 0.41419 ( 2)  0.815  0.414
   3 I   0.00187 0.66878 0.32935 ( 2)  0.734  0.329
   4 D   0.98290 0.01699 0.00011 ( 1)  0.052  0.000
   5 K   0.92274 0.07725 0.00002 ( 1)  0.073  0.000
   6 I   0.98416 0.01583 0.00001 ( 1)  0.052  0.000
   7 T   0.99412 0.00588 0.00000 ( 1)  0.048  0.000
   8 Q   0.97149 0.02851 0.00000 ( 1)  0.056  0.000
   9 I   0.99761 0.00238 0.00000 ( 1)  0.047  0.000
  10 P   0.96841 0.03159 0.00000 ( 1)  0.057  0.000
  11 A   0.93868 0.06128 0.00004 ( 1)  0.067  0.000
  12 V   0.94098 0.05896 0.00006 ( 1)  0.067  0.000
  13 K   0.99150 0.00850 0.00000 ( 1)  0.049  0.000
  14 A   0.09652 0.88904 0.01444 ( 2)  0.369  0.014
  15 F   0.00091 0.89461 0.10448 ( 2)  0.497  0.104
  16 F   0.00000 0.01814 0.98186 ( 3)  1.423  0.982
  17 I   0.00427 0.87906 0.11667 ( 2)  0.508  0.117
  18 D   0.00001 0.47066 0.52932 ( 3)  0.945  0.529
  19 D   0.26134 0.73317 0.00550 ( 2)  0.304  0.005
  20 N   0.00010 0.56927 0.43063 ( 2)  0.841  0.431
  21 H   0.34558 0.42793 0.22648 ( 2)  0.508  0.226
  22 V   0.01246 0.95302 0.03452 ( 2)  0.419  0.035
  23 K   0.08106 0.91188 0.00706 ( 2)  0.367  0.007
  24 V   0.99307 0.00693 0.00000 ( 1)  0.049  0.000
  25 I   0.05958 0.90114 0.03928 ( 2)  0.408  0.039
  26 K   0.00282 0.84705 0.15014 ( 2)  0.544  0.150
  27 G   0.94839 0.05160 0.00002 ( 1)  0.064  0.000
  28 P   0.90820 0.09180 0.00000 ( 1)  0.078  0.000
  29 G   0.99596 0.00404 0.00000 ( 1)  0.048  0.000
  30 S   0.00417 0.91319 0.08264 ( 2)  0.472  0.083
  31 T   0.99109 0.00891 0.00000 ( 1)  0.050  0.000
  32 G   0.98306 0.01694 0.00000 ( 1)  0.052  0.000
  33 G   0.97432 0.02568 0.00000 ( 1)  0.055  0.000
  34 D   0.96649 0.03349 0.00001 ( 1)  0.058  0.000
  35 L   0.72722 0.27259 0.00019 ( 1)  0.139  0.000
  36 V   0.88844 0.11144 0.00012 ( 1)  0.085  0.000
  37 A   0.00362 0.97297 0.02341 ( 2)  0.410  0.023
  38 F   0.65417 0.34497 0.00087 ( 1)  0.165  0.001
  39 S   0.00076 0.95019 0.04905 ( 2)  0.438  0.049
  40 R   0.00000 0.00673 0.99327 ( 3)  1.435  0.993
  41 E   0.00000 0.00468 0.99532 ( 3)  1.437  0.995
  42 G   0.00614 0.88666 0.10720 ( 2)  0.498  0.107
  43 Y   0.00003 0.30524 0.69473 ( 3)  1.120  0.695
  44 G   0.34558 0.42793 0.22648 ( 2)  0.508  0.226
  45 L   0.36315 0.63528 0.00157 ( 2)  0.265  0.002
  46 S   0.00011 0.78805 0.21184 ( 2)  0.610  0.212
  47 I   0.96632 0.03366 0.00002 ( 1)  0.058  0.000
  48 S   0.00000 0.05963 0.94037 ( 3)  1.379  0.940
  49 V   0.10725 0.87938 0.01337 ( 2)  0.364  0.013
  50 F   0.00001 0.23617 0.76381 ( 3)  1.193  0.764
  51 I   0.00102 0.86979 0.12919 ( 2)  0.523  0.129
  52 P   0.00000 0.01983 0.98017 ( 3)  1.421  0.980
  53 G   0.00001 0.26820 0.73179 ( 3)  1.159  0.732
  54 S   0.00141 0.77695 0.22165 ( 2)  0.620  0.222
  55 D   0.00003 0.55674 0.44323 ( 2)  0.854  0.443
  56 L   0.34558 0.42793 0.22648 ( 2)  0.508  0.226
  57 V   0.00000 0.06768 0.93232 ( 3)  1.370  0.932
  58 S   0.00000 0.15048 0.84952 ( 3)  1.283  0.850
  59 F   0.00000 0.08320 0.91680 ( 3)  1.354  0.917
  60 Y   0.52459 0.47502 0.00040 ( 1)  0.209  0.000
  61 R   0.03402 0.91040 0.05558 ( 2)  0.434  0.056
  62 V   0.81548 0.18404 0.00048 ( 1)  0.110  0.000
  63 R   0.96826 0.03173 0.00001 ( 1)  0.057  0.000
  64 I   0.97261 0.02735 0.00003 ( 1)  0.056  0.000
  65 R   0.95560 0.04440 0.00001 ( 1)  0.062  0.000
  66 Y   0.99400 0.00600 0.00000 ( 1)  0.049  0.000
  67 A   0.96935 0.03064 0.00001 ( 1)  0.057  0.000
  68 S   0.78960 0.21026 0.00015 ( 1)  0.118  0.000
  69 S   0.29234 0.70483 0.00283 ( 2)  0.290  0.003
  70 Q   0.00001 0.18401 0.81598 ( 3)  1.248  0.816
  71 S   0.00000 0.35332 0.64668 ( 3)  1.069  0.647
  72 A   0.67556 0.32410 0.00034 ( 1)  0.157  0.000
  73 K   0.00312 0.96698 0.02990 ( 2)  0.417  0.030
  74 V   0.60211 0.39553 0.00236 ( 1)  0.184  0.002
  75 T   0.00011 0.60167 0.39822 ( 2)  0.807  0.398
  76 M   0.05299 0.93141 0.01560 ( 2)  0.385  0.016
  77 G   0.00000 0.13036 0.86964 ( 3)  1.304  0.870
  78 F   0.00247 0.80813 0.18941 ( 2)  0.586  0.189
  79 G   0.00000 0.04546 0.95454 ( 3)  1.394  0.955
  80 G   0.00000 0.08166 0.91834 ( 3)  1.356  0.918
  81 -   0.14296 0.62723 0.22980 ( 2)  0.580  0.230
  82 -   0.13141 0.61858 0.25001 ( 2)  0.606  0.250
  83 G   0.00028 0.42461 0.57511 ( 3)  0.993  0.575
  84 V   0.01654 0.95521 0.02825 ( 2)  0.411  0.028
  85 E   0.00036 0.59435 0.40529 ( 2)  0.814  0.405
  86 E   0.02583 0.97156 0.00261 ( 2)  0.381  0.003
  87 S   0.00000 0.05131 0.94869 ( 3)  1.388  0.949
  88 E   0.00099 0.96057 0.03844 ( 2)  0.427  0.038
  89 S   0.00000 0.04882 0.95118 ( 3)  1.390  0.951
  90 K   0.00001 0.45136 0.54863 ( 3)  0.966  0.549
  91 F   0.01719 0.97625 0.00656 ( 2)  0.388  0.007
  92 N   0.28107 0.71739 0.00154 ( 2)  0.293  0.002
  93 F   0.09947 0.89567 0.00486 ( 2)  0.358  0.005
  94 P   0.00017 0.89428 0.10555 ( 2)  0.498  0.106
  95 A   0.00004 0.39086 0.60909 ( 3)  1.029  0.609
  96 T   0.96429 0.03570 0.00002 ( 1)  0.059  0.000
  97 Y   0.00105 0.97845 0.02050 ( 2)  0.408  0.020
  98 S   0.03623 0.94741 0.01637 ( 2)  0.392  0.016
  99 G   0.16073 0.82489 0.01437 ( 2)  0.347  0.014
 100 -   0.01921 0.65301 0.32779 ( 2)  0.726  0.328
 101 -   0.34558 0.42793 0.22648 ( 2)  0.508  0.226
 102 -   0.34558 0.42793 0.22648 ( 2)  0.508  0.226
 103 G   0.21363 0.78272 0.00365 ( 2)  0.318  0.004
 104 N   0.00000 0.05349 0.94651 ( 3)  1.385  0.947
 105 L   0.13586 0.84902 0.01512 ( 2)  0.356  0.015
 106 T   0.83309 0.16671 0.00019 ( 1)  0.103  0.000
 107 Y   0.89280 0.10717 0.00003 ( 1)  0.083  0.000
 108 N   0.84448 0.15457 0.00096 ( 1)  0.100  0.001
 109 S   0.00000 0.10108 0.89891 ( 3)  1.335  0.899
 110 F   0.99588 0.00412 0.00000 ( 1)  0.048  0.000
 111 G   0.12862 0.86797 0.00341 ( 2)  0.347  0.003
 112 Y   0.99400 0.00600 0.00000 ( 1)  0.049  0.000
 113 I   0.00046 0.84089 0.15866 ( 2)  0.554  0.159
 114 N   0.34537 0.65142 0.00321 ( 2)  0.273  0.003
 115 T   0.00941 0.95752 0.03308 ( 2)  0.418  0.033
 116 L   0.00255 0.83418 0.16327 ( 2)  0.558  0.163
 117 A   0.01443 0.94222 0.04335 ( 2)  0.427  0.043
 118 I   0.02173 0.93940 0.03888 ( 2)  0.420  0.039
 119 A   0.00000 0.02496 0.97504 ( 3)  1.415  0.975
 120 S   0.00004 0.43134 0.56863 ( 3)  0.987  0.569
 121 Q   0.03239 0.72473 0.24288 ( 2)  0.632  0.243
 122 S   0.20099 0.70318 0.09583 ( 2)  0.419  0.096
 123 T   0.00047 0.61645 0.38308 ( 2)  0.791  0.383
 124 A   0.04772 0.94418 0.00810 ( 2)  0.379  0.008
 125 Q   0.00060 0.84745 0.15195 ( 2)  0.547  0.152
 126 T   0.00000 0.03131 0.96869 ( 3)  1.409  0.969
 127 I   0.01121 0.94502 0.04377 ( 2)  0.429  0.044
 128 E   0.85640 0.14344 0.00016 ( 1)  0.095  0.000
 129 V   0.00355 0.81951 0.17693 ( 2)  0.572  0.177
 130 Y   0.00000 0.19614 0.80386 ( 3)  1.235  0.804
 131 F   0.52095 0.47886 0.00019 ( 1)  0.210  0.000
 132 R   0.00007 0.63399 0.36594 ( 2)  0.773  0.366
 133 Q   0.76823 0.23140 0.00037 ( 1)  0.126  0.000
 134 Y   0.00000 0.15636 0.84364 ( 3)  1.277  0.844
 135 E   0.00051 0.90205 0.09744 ( 2)  0.489  0.097
 136 E   0.88728 0.11268 0.00004 ( 1)  0.085  0.000
 137 A   0.38577 0.61301 0.00122 ( 2)  0.257  0.001
 138 E   0.00011 0.85125 0.14865 ( 2)  0.543  0.149
 139 F   0.89511 0.10484 0.00005 ( 1)  0.082  0.000
 140 I   0.00025 0.47079 0.52897 ( 3)  0.945  0.529
 141 V   0.87247 0.12735 0.00018 ( 1)  0.090  0.000
 142 D   0.98376 0.01624 0.00000 ( 1)  0.052  0.000
 143 K   0.96124 0.03875 0.00001 ( 1)  0.060  0.000
 144 L   0.75431 0.24544 0.00025 ( 1)  0.130  0.000
 145 E   0.99395 0.00605 0.00000 ( 1)  0.049  0.000
 146 F   0.92235 0.07762 0.00003 ( 1)  0.073  0.000
 147 I   0.99604 0.00395 0.00000 ( 1)  0.048  0.000
 148 -   0.34558 0.42793 0.22648 ( 2)  0.508  0.226

Positively selected sites

	Prob(w>1)  mean w

    16 F      0.982*        1.423
    18 D      0.529         0.945
    40 R      0.993**       1.435
    41 E      0.995**       1.437
    43 Y      0.695         1.120
    48 S      0.940         1.379
    50 F      0.764         1.193
    52 P      0.980*        1.421
    53 G      0.732         1.159
    57 V      0.932         1.370
    58 S      0.850         1.283
    59 F      0.917         1.354
    70 Q      0.816         1.248
    71 S      0.647         1.069
    77 G      0.870         1.304
    79 G      0.955*        1.394
    80 G      0.918         1.356
    83 G      0.575         0.993
    87 S      0.949         1.388
    89 S      0.951*        1.390
    90 K      0.549         0.966
    95 A      0.609         1.029
   104 N      0.947         1.385
   109 S      0.899         1.335
   119 A      0.975*        1.415
   120 S      0.569         0.987
   126 T      0.969*        1.409
   130 Y      0.804         1.235
   134 Y      0.844         1.277
   140 I      0.529         0.945


lnL = -3119.399925

