Supplemental results for CODEML (seqf: algn  treef: tree)


dN/dS (w) for site classes (K=8)

p:   0.12500  0.12500  0.12500  0.12500  0.12500  0.12500  0.12500  0.12500
w:   0.00229  0.03468  0.11988  0.26237  0.45127  0.66061  0.85183  0.97841

Naive Empirical Bayes (NEB) probabilities for 8 classes & postmean_w
(amino acids refer to 1st sequence: BT_Cry24Ca1)

   1 -   0.01061 0.11382 0.18138 0.16214 0.14094 0.13248 0.12972 0.12891 ( 3)  0.456
   2 -   0.12500 0.12500 0.12500 0.12500 0.12500 0.12500 0.12500 0.12500 ( 8)  0.420
   3 A   0.00000 0.00000 0.00129 0.03240 0.13606 0.23651 0.28708 0.30667 ( 8)  0.771
   4 D   0.66580 0.29272 0.03912 0.00222 0.00012 0.00001 0.00000 0.00000 ( 1)  0.017
   5 K   0.06114 0.49427 0.35698 0.07576 0.00985 0.00147 0.00036 0.00016 ( 2)  0.086
   6 I   0.58370 0.32517 0.07891 0.01061 0.00130 0.00022 0.00006 0.00003 ( 1)  0.026
   7 T   0.56903 0.33141 0.08642 0.01164 0.00125 0.00018 0.00004 0.00002 ( 1)  0.027
   8 Q   0.52110 0.34232 0.11494 0.01940 0.00202 0.00019 0.00003 0.00001 ( 1)  0.033
   9 I   0.66309 0.29449 0.03994 0.00231 0.00014 0.00002 0.00001 0.00000 ( 1)  0.017
  10 P   0.45986 0.33727 0.15132 0.04144 0.00812 0.00150 0.00036 0.00015 ( 1)  0.047
  11 A   0.56157 0.33392 0.09053 0.01245 0.00130 0.00017 0.00004 0.00002 ( 1)  0.028
  12 V   0.55525 0.33350 0.09437 0.01456 0.00187 0.00031 0.00009 0.00004 ( 1)  0.029
  13 K   0.57810 0.33078 0.08099 0.00929 0.00074 0.00007 0.00001 0.00000 ( 1)  0.025
  14 T   0.00000 0.00184 0.07215 0.23960 0.24936 0.18206 0.13737 0.11763 ( 5)  0.536
  15 W   0.00000 0.00000 0.00236 0.04728 0.16806 0.25380 0.26919 0.25931 ( 7)  0.739
  16 E   0.00000 0.00000 0.00011 0.00618 0.05792 0.18728 0.33049 0.41802 ( 8)  0.842
  17 I   0.00000 0.00141 0.03740 0.16197 0.24907 0.22612 0.17663 0.14739 ( 5)  0.603
  18 R   0.00000 0.00000 0.00053 0.02249 0.12787 0.24905 0.29765 0.30241 ( 8)  0.778
  19 G   0.00000 0.00002 0.00379 0.03977 0.12723 0.22614 0.28925 0.31380 ( 8)  0.771
  20 T   0.00000 0.00001 0.00416 0.06894 0.20164 0.25791 0.24427 0.22306 ( 6)  0.706
  21 -   0.12500 0.12500 0.12500 0.12500 0.12500 0.12500 0.12500 0.12500 ( 8)  0.420
  22 S   0.00000 0.00067 0.03188 0.14760 0.22694 0.22270 0.19476 0.17544 ( 5)  0.630
  23 S   0.00118 0.15112 0.43686 0.27167 0.09036 0.02910 0.01223 0.00748 ( 3)  0.207
  24 V   0.61336 0.31802 0.06240 0.00569 0.00045 0.00006 0.00002 0.00001 ( 1)  0.022
  25 V   0.00002 0.03842 0.33726 0.35455 0.15265 0.06162 0.03243 0.02305 ( 4)  0.295
  26 A   0.00002 0.04202 0.36965 0.38087 0.14236 0.04168 0.01509 0.00831 ( 4)  0.258
  27 G   0.53077 0.33812 0.10891 0.01920 0.00252 0.00036 0.00008 0.00003 ( 1)  0.033
  28 P   0.57202 0.33476 0.08371 0.00893 0.00055 0.00003 0.00000 0.00000 ( 1)  0.026
  29 G   0.62473 0.31485 0.05607 0.00409 0.00022 0.00002 0.00000 0.00000 ( 1)  0.020
  30 N   0.00000 0.00080 0.04331 0.21296 0.29095 0.21613 0.13727 0.09857 ( 5)  0.549
  31 T   0.59173 0.32709 0.07314 0.00740 0.00056 0.00006 0.00001 0.00001 ( 1)  0.024
  32 G   0.58989 0.32749 0.07428 0.00768 0.00058 0.00006 0.00001 0.00001 ( 1)  0.024
  33 G   0.56238 0.33448 0.08990 0.01191 0.00115 0.00014 0.00003 0.00001 ( 1)  0.027
  34 N   0.00197 0.22638 0.49677 0.20920 0.04741 0.01157 0.00423 0.00247 ( 3)  0.157
  35 L   0.49049 0.33962 0.13303 0.03049 0.00516 0.00090 0.00023 0.00010 ( 1)  0.040
  36 V   0.04507 0.40849 0.38986 0.12311 0.02473 0.00564 0.00198 0.00112 ( 2)  0.111
  37 K   0.00000 0.00003 0.00667 0.08791 0.22681 0.25941 0.22448 0.19469 ( 6)  0.679
  38 M   0.00030 0.05203 0.28494 0.36406 0.19291 0.06808 0.02477 0.01291 ( 4)  0.297
  39 S   0.00123 0.16630 0.50458 0.26710 0.05169 0.00725 0.00136 0.00050 ( 3)  0.166
  40 Y   0.00000 0.00003 0.00514 0.04806 0.13511 0.22411 0.28166 0.30589 ( 8)  0.761
  41 H   0.00000 0.00001 0.00464 0.07070 0.19652 0.25222 0.24607 0.22983 ( 6)  0.709
  42 S   0.00000 0.00000 0.00153 0.04192 0.16478 0.25461 0.27202 0.26515 ( 7)  0.745
  43 V   0.00000 0.00000 0.00013 0.00689 0.05800 0.18200 0.32781 0.42517 ( 8)  0.843
  44 -   0.12500 0.12500 0.12500 0.12500 0.12500 0.12500 0.12500 0.12500 ( 8)  0.420
  45 W   0.00000 0.00026 0.01807 0.12731 0.25453 0.25470 0.19378 0.15134 ( 6)  0.632
  46 N   0.00000 0.00009 0.01292 0.10407 0.20405 0.23056 0.22711 0.22120 ( 6)  0.683
  47 I   0.07275 0.53288 0.31808 0.06254 0.01019 0.00227 0.00081 0.00048 ( 2)  0.080
  48 K   0.00000 0.00002 0.00466 0.06507 0.19360 0.26033 0.25014 0.22618 ( 6)  0.711
  49 F   0.00001 0.02557 0.27314 0.37621 0.19450 0.07587 0.03380 0.02089 ( 4)  0.319
  50 -   0.00000 0.00005 0.01079 0.11946 0.26688 0.26066 0.19253 0.14963 ( 5)  0.636
  51 -   0.00000 0.00082 0.02537 0.13042 0.22736 0.23211 0.20247 0.18146 ( 6)  0.643
  52 -   0.21543 0.20244 0.17258 0.13394 0.09828 0.07228 0.05639 0.04864 ( 1)  0.251
  53 -   0.19931 0.18938 0.16610 0.13486 0.10453 0.08116 0.06613 0.05853 ( 1)  0.277
  54 -   0.20697 0.19611 0.17059 0.13617 0.10258 0.07654 0.05976 0.05127 ( 1)  0.261
  55 -   0.14941 0.14718 0.14147 0.13248 0.12151 0.11054 0.10147 0.09594 ( 1)  0.365
  56 -   0.00000 0.00043 0.01047 0.05151 0.12166 0.20380 0.28055 0.33157 ( 8)  0.768
  57 T   0.00000 0.00000 0.00017 0.00748 0.05691 0.17384 0.32363 0.43797 ( 8)  0.847
  58 C   0.00000 0.00000 0.00002 0.00285 0.04307 0.17350 0.33734 0.44322 ( 8)  0.856
  59 Q   0.00000 0.00003 0.00683 0.08251 0.21114 0.25409 0.23415 0.21125 ( 6)  0.692
  60 Q   0.00000 0.00000 0.00002 0.00170 0.02465 0.12732 0.32829 0.51802 ( 8)  0.882
  61 L   0.00000 0.00000 0.00003 0.00269 0.03895 0.16532 0.33797 0.45505 ( 8)  0.861
  62 K   0.00000 0.00025 0.03141 0.19719 0.28102 0.21900 0.15238 0.11875 ( 5)  0.573
  63 R   0.00000 0.00002 0.00717 0.09858 0.23261 0.25245 0.21803 0.19114 ( 6)  0.671
  64 Y   0.00153 0.19208 0.49830 0.23664 0.05327 0.01197 0.00399 0.00220 ( 3)  0.166
  65 R   0.00000 0.00001 0.00056 0.00673 0.04241 0.15143 0.32547 0.47340 ( 8)  0.861
  66 V   0.00052 0.07505 0.29189 0.28962 0.16385 0.08616 0.05277 0.04014 ( 3)  0.329
  67 R   0.49056 0.33553 0.13240 0.03307 0.00655 0.00135 0.00037 0.00017 ( 1)  0.042
  68 I   0.08341 0.57608 0.29035 0.04258 0.00554 0.00124 0.00049 0.00031 ( 2)  0.070
  69 R   0.48465 0.33946 0.13672 0.03240 0.00554 0.00093 0.00021 0.00009 ( 1)  0.041
  70 Y   0.61077 0.32108 0.06280 0.00505 0.00028 0.00002 0.00000 0.00000 ( 1)  0.022
  71 A   0.57839 0.33065 0.08072 0.00932 0.00079 0.00009 0.00002 0.00001 ( 1)  0.025
  72 S   0.00247 0.27157 0.52076 0.16964 0.02817 0.00515 0.00149 0.00076 ( 3)  0.134
  73 D   0.00000 0.00736 0.21055 0.41712 0.22770 0.08298 0.03414 0.02017 ( 4)  0.341
  74 G   0.00000 0.00000 0.00067 0.01829 0.09491 0.21265 0.31107 0.36242 ( 8)  0.808
  75 N   0.00000 0.01545 0.32106 0.41396 0.16022 0.05249 0.02262 0.01421 ( 4)  0.288
  76 C   0.00001 0.02695 0.27363 0.35606 0.18666 0.08273 0.04361 0.03034 ( 4)  0.333
  77 Q   0.00000 0.00172 0.07907 0.30435 0.30691 0.16847 0.08517 0.05432 ( 5)  0.465
  78 L   0.03010 0.31181 0.40551 0.18783 0.04880 0.01112 0.00326 0.00156 ( 3)  0.142
  79 A   0.00000 0.00000 0.00004 0.00352 0.04576 0.17557 0.33590 0.43921 ( 8)  0.853
  80 M   0.00000 0.01193 0.19249 0.38514 0.23718 0.09854 0.04573 0.02899 ( 4)  0.364
  81 R   0.00000 0.00029 0.01564 0.09171 0.18846 0.23616 0.23889 0.22885 ( 7)  0.694
  82 R   0.02020 0.22646 0.36050 0.23271 0.09485 0.03643 0.01737 0.01149 ( 3)  0.205
  83 W   0.00000 0.00001 0.00332 0.04757 0.15924 0.24734 0.27253 0.26998 ( 7)  0.744
  84 R   0.00000 0.00000 0.00060 0.01148 0.06810 0.18753 0.32143 0.41086 ( 8)  0.833
  85 G   0.00000 0.00021 0.02766 0.18663 0.28210 0.22615 0.15679 0.12046 ( 5)  0.580
  86 G   0.00000 0.00000 0.00014 0.00668 0.05811 0.18261 0.32719 0.42528 ( 8)  0.843
  87 P   0.00000 0.00598 0.09661 0.24695 0.25205 0.17936 0.12312 0.09592 ( 5)  0.508
  88 G   0.00000 0.00004 0.00678 0.07116 0.18675 0.24582 0.24926 0.24018 ( 7)  0.713
  89 Y   0.00000 0.00000 0.00030 0.01217 0.08487 0.21367 0.31865 0.37034 ( 8)  0.816
  90 -   0.00000 0.00009 0.01398 0.12397 0.24846 0.24961 0.19968 0.16423 ( 6)  0.642
  91 -   0.12500 0.12500 0.12500 0.12500 0.12500 0.12500 0.12500 0.12500 ( 8)  0.420
  92 V   0.00000 0.00001 0.00353 0.05958 0.18611 0.25646 0.25555 0.23876 ( 6)  0.721
  93 Q   0.00000 0.00000 0.00093 0.02174 0.10232 0.21510 0.30546 0.35445 ( 8)  0.801
  94 E   0.00000 0.00010 0.02227 0.19745 0.31418 0.22830 0.13920 0.09851 ( 5)  0.562
  95 A   0.00000 0.00003 0.00483 0.05167 0.15317 0.24027 0.27363 0.27641 ( 8)  0.746
  96 R   0.00000 0.00068 0.03468 0.18280 0.26608 0.22171 0.16305 0.13099 ( 5)  0.586
  97 H   0.00079 0.11218 0.40421 0.31471 0.11538 0.03439 0.01204 0.00630 ( 3)  0.226
  98 T   0.00000 0.00045 0.04501 0.22083 0.27290 0.20440 0.14310 0.11331 ( 5)  0.554
  99 V   0.00003 0.05129 0.40860 0.36535 0.12142 0.03392 0.01239 0.00700 ( 3)  0.241
 100 Q   0.00000 0.00001 0.00239 0.03590 0.13119 0.23177 0.28904 0.30970 ( 8)  0.771
 101 R   0.00000 0.00773 0.11997 0.29659 0.27345 0.15812 0.08627 0.05787 ( 4)  0.450
 102 T   0.02966 0.30219 0.38906 0.19254 0.05984 0.01724 0.00616 0.00331 ( 3)  0.155
 103 F   0.00002 0.03283 0.33790 0.39785 0.15713 0.04700 0.01745 0.00981 ( 4)  0.272
 104 S   0.00051 0.07877 0.34358 0.33746 0.15155 0.05359 0.02185 0.01268 ( 3)  0.267
 105 -   0.00025 0.03936 0.18962 0.25236 0.19751 0.13654 0.10035 0.08401 ( 4)  0.437
 106 -   0.12500 0.12500 0.12500 0.12500 0.12500 0.12500 0.12500 0.12500 ( 8)  0.420
 107 G   0.00147 0.18334 0.48071 0.24307 0.06352 0.01732 0.00666 0.00391 ( 3)  0.177
 108 S   0.00000 0.00229 0.09070 0.29350 0.27438 0.16478 0.10017 0.07418 ( 4)  0.479
 109 M   0.02885 0.29787 0.39925 0.20129 0.05542 0.01235 0.00341 0.00157 ( 3)  0.149
 110 T   0.04324 0.39729 0.39258 0.13030 0.02713 0.00616 0.00211 0.00118 ( 2)  0.114
 111 Y   0.55786 0.33341 0.09298 0.01387 0.00161 0.00021 0.00004 0.00002 ( 1)  0.029
 112 D   0.00389 0.36585 0.49525 0.11217 0.01674 0.00373 0.00145 0.00091 ( 3)  0.114
 113 S   0.00000 0.00001 0.00232 0.03509 0.13387 0.23739 0.28872 0.30258 ( 8)  0.769
 114 F   0.60070 0.32392 0.06843 0.00645 0.00044 0.00004 0.00001 0.00000 ( 1)  0.023
 115 K   0.00155 0.19311 0.50044 0.23796 0.05165 0.01053 0.00315 0.00162 ( 3)  0.164
 116 Y   0.57003 0.33186 0.08573 0.01113 0.00109 0.00013 0.00002 0.00001 ( 1)  0.027
 117 L   0.00000 0.00106 0.04660 0.20252 0.26897 0.21300 0.15036 0.11749 ( 5)  0.564
 118 D   0.00356 0.34393 0.50153 0.12478 0.01931 0.00427 0.00162 0.00099 ( 3)  0.119
 119 I   0.00000 0.00184 0.06287 0.20300 0.23816 0.19688 0.15839 0.13886 ( 5)  0.569
 120 F   0.00002 0.03392 0.30930 0.34999 0.16745 0.07261 0.03894 0.02778 ( 4)  0.314
 121 T   0.00000 0.00004 0.00705 0.07086 0.18462 0.24727 0.25103 0.23913 ( 7)  0.714
 122 M   0.00000 0.00002 0.00859 0.10770 0.23336 0.24382 0.21380 0.19270 ( 6)  0.666
 123 P   0.00000 0.00000 0.00000 0.00017 0.00746 0.07773 0.30775 0.60689 ( 8)  0.911
 124 A   0.00000 0.01033 0.14561 0.30386 0.24816 0.14439 0.08570 0.06196 ( 4)  0.439
 125 E   0.00000 0.00006 0.02072 0.19938 0.31369 0.22649 0.13961 0.10006 ( 5)  0.563
 126 D   0.00000 0.00382 0.12770 0.34220 0.26977 0.13710 0.07158 0.04783 ( 4)  0.425
 127 Y   0.00000 0.00000 0.00002 0.00254 0.03752 0.15731 0.33265 0.46996 ( 8)  0.865
 128 T   0.00000 0.00000 0.00214 0.04709 0.16809 0.25278 0.26884 0.26105 ( 7)  0.740
 129 F   0.00000 0.00125 0.06712 0.28500 0.30438 0.17949 0.09774 0.06503 ( 5)  0.486
 130 N   0.00000 0.00000 0.00000 0.00041 0.01490 0.11141 0.32923 0.54405 ( 8)  0.893
 131 L   0.00000 0.01072 0.14641 0.29623 0.24554 0.14680 0.08898 0.06531 ( 4)  0.443
 132 T   0.00000 0.00113 0.04834 0.19347 0.25388 0.21272 0.16025 0.13021 ( 5)  0.576
 133 I   0.00000 0.00332 0.06299 0.20695 0.25942 0.20521 0.14640 0.11572 ( 5)  0.553
 134 -   0.00001 0.00133 0.01404 0.05531 0.12739 0.20952 0.27682 0.31558 ( 8)  0.757
 135 -   0.20437 0.19350 0.16820 0.13470 0.10272 0.07842 0.06295 0.05515 ( 1)  0.268
 136 D   0.00000 0.00000 0.00048 0.01472 0.08799 0.21378 0.31727 0.36575 ( 8)  0.813
 137 L   0.00000 0.00001 0.00368 0.06508 0.20920 0.27295 0.24301 0.20606 ( 6)  0.701
 138 E   0.00000 0.00001 0.00400 0.07011 0.20612 0.25877 0.24164 0.21934 ( 6)  0.703
 139 S   0.00000 0.00087 0.06756 0.24401 0.24889 0.18450 0.13838 0.11579 ( 5)  0.538
 140 G   0.05809 0.48586 0.36670 0.07709 0.00978 0.00165 0.00053 0.00030 ( 2)  0.087
 141 G   0.00115 0.15356 0.46505 0.27557 0.07553 0.01888 0.00657 0.00369 ( 3)  0.189
 142 A   0.00000 0.00002 0.00675 0.08837 0.21957 0.25374 0.22763 0.20392 ( 6)  0.684
 143 L   0.00104 0.13971 0.43721 0.28627 0.09270 0.02713 0.01018 0.00576 ( 3)  0.206
 144 Y   0.00000 0.00013 0.01798 0.13682 0.24588 0.23854 0.19484 0.16581 ( 5)  0.635
 145 I   0.03547 0.33858 0.38282 0.16864 0.05031 0.01501 0.00581 0.00337 ( 3)  0.143
 146 D   0.62224 0.31296 0.05895 0.00538 0.00042 0.00005 0.00001 0.00000 ( 1)  0.021
 147 K   0.07167 0.54085 0.32689 0.05351 0.00581 0.00089 0.00025 0.00013 ( 2)  0.076
 148 I   0.05949 0.48573 0.35956 0.08030 0.01179 0.00215 0.00064 0.00033 ( 2)  0.089
 149 E   0.63459 0.31055 0.05133 0.00335 0.00016 0.00001 0.00000 0.00000 ( 1)  0.019
 150 F   0.52623 0.33730 0.11192 0.02107 0.00294 0.00042 0.00009 0.00003 ( 1)  0.034
 151 -   0.64855 0.30194 0.04612 0.00314 0.00021 0.00003 0.00001 0.00000 ( 1)  0.018


lnL = -2949.899276

