Supplemental results for CODEML (seqf: algn  treef: tree)


dN/dS (w) for site classes (K=3)

p:   0.32028  0.50986  0.16986
w:   0.05851  0.63211  2.35859

Naive Empirical Bayes (NEB) probabilities for 3 classes & postmean_w & P(w>1)
(amino acids refer to 1st sequence: BT_Cry4Ba1)

   1 S   0.08574 0.76186 0.15240 ( 2)  0.846  0.152
   2 K   0.01297 0.77279 0.21424 ( 2)  0.995  0.214
   3 T   0.64707 0.34474 0.00819 ( 1)  0.275  0.008
   4 E   0.64013 0.35328 0.00659 ( 1)  0.276  0.007
   5 F   0.14623 0.80819 0.04557 ( 2)  0.627  0.046
   6 T   0.61714 0.37088 0.01198 ( 1)  0.299  0.012
   7 R   0.65572 0.33925 0.00503 ( 1)  0.265  0.005
   8 E   0.47622 0.48035 0.04343 ( 2)  0.434  0.043
   9 I   0.74093 0.25665 0.00243 ( 1)  0.211  0.002
  10 Y   0.65582 0.33824 0.00594 ( 1)  0.266  0.006
  11 T   0.11717 0.77502 0.10781 ( 2)  0.751  0.108
  12 A   0.67463 0.32061 0.00476 ( 1)  0.253  0.005
  13 L   0.52331 0.44768 0.02901 ( 1)  0.382  0.029
  14 V   0.00044 0.37645 0.62311 ( 3)  1.708  0.623
  15 E   0.14066 0.80885 0.05048 ( 2)  0.639  0.050
  16 S   0.67272 0.32238 0.00490 ( 1)  0.255  0.005
  17 P   0.13670 0.81027 0.05302 ( 2)  0.645  0.053
  18 S   0.14570 0.80670 0.04759 ( 2)  0.631  0.048
  19 S   0.19440 0.78441 0.02119 ( 2)  0.557  0.021
  20 K   0.67871 0.31641 0.00488 ( 1)  0.251  0.005
  21 S   0.01050 0.72897 0.26054 ( 2)  1.076  0.261
  22 I   0.13346 0.79629 0.07025 ( 2)  0.677  0.070
  23 A   0.12428 0.79979 0.07593 ( 2)  0.692  0.076
  24 A   0.00808 0.64222 0.34970 ( 2)  1.231  0.350
  25 L   0.03555 0.55813 0.40632 ( 2)  1.313  0.406
  26 E   0.45985 0.49012 0.05003 ( 2)  0.455  0.050
  27 A   0.12711 0.80425 0.06864 ( 2)  0.678  0.069
  28 A   0.10126 0.78623 0.11251 ( 2)  0.768  0.113
  29 L   0.63584 0.35783 0.00633 ( 1)  0.278  0.006
  30 T   0.65431 0.33831 0.00739 ( 1)  0.270  0.007
  31 R   0.55544 0.42373 0.02084 ( 1)  0.349  0.021
  32 D   0.16743 0.79450 0.03807 ( 2)  0.602  0.038
  33 V   0.01124 0.74169 0.24707 ( 2)  1.052  0.247
  34 H   0.67241 0.32365 0.00394 ( 1)  0.253  0.004
  35 L   0.53257 0.44213 0.02529 ( 1)  0.370  0.025
  36 F   0.45313 0.49295 0.05392 ( 2)  0.465  0.054
  37 T   0.19270 0.76993 0.03737 ( 2)  0.586  0.037
  38 W   0.39321 0.51275 0.09404 ( 2)  0.569  0.094
  39 L   0.07124 0.73208 0.19667 ( 2)  0.931  0.197
  40 K   0.50670 0.46289 0.03041 ( 1)  0.394  0.030
  41 R   0.01273 0.80091 0.18636 ( 2)  0.947  0.186
  42 V   0.11405 0.79694 0.08901 ( 2)  0.720  0.089
  43 D   0.01345 0.79195 0.19460 ( 2)  0.960  0.195
  44 F   0.44618 0.49646 0.05736 ( 2)  0.475  0.057
  45 W   0.39321 0.51275 0.09404 ( 2)  0.569  0.094
  46 T   0.42387 0.50365 0.07248 ( 2)  0.514  0.072
  47 -   0.48213 0.47465 0.04322 ( 1)  0.430  0.043
  48 -   0.51293 0.45113 0.03594 ( 1)  0.400  0.036
  49 N   0.16262 0.79217 0.04521 ( 2)  0.617  0.045
  50 T   0.18519 0.77865 0.03616 ( 2)  0.588  0.036
  51 I   0.01244 0.78488 0.20268 ( 2)  0.975  0.203
  52 Y   0.53382 0.43973 0.02645 ( 1)  0.372  0.026
  53 Q   0.09376 0.78249 0.12375 ( 2)  0.792  0.124
  54 D   0.73010 0.26789 0.00201 ( 1)  0.217  0.002
  55 L   0.00001 0.10185 0.89814 ( 3)  2.183  0.898
  56 R   0.62204 0.36933 0.00863 ( 1)  0.290  0.009
  57 F   0.09064 0.76367 0.14569 ( 2)  0.832  0.146
  58 L   0.55602 0.42556 0.01842 ( 1)  0.345  0.018
  59 S   0.67272 0.32238 0.00490 ( 1)  0.255  0.005
  60 A   0.58400 0.40193 0.01407 ( 1)  0.321  0.014
  61 N   0.75471 0.24316 0.00213 ( 1)  0.203  0.002
  62 K   0.14658 0.80516 0.04826 ( 2)  0.631  0.048
  63 I   0.74093 0.25665 0.00243 ( 1)  0.211  0.002
  64 G   0.52523 0.44920 0.02557 ( 1)  0.375  0.026
  65 F   0.69517 0.30158 0.00325 ( 1)  0.239  0.003
  66 S   0.55346 0.42634 0.02020 ( 1)  0.350  0.020
  67 Y   0.65582 0.33824 0.00594 ( 1)  0.266  0.006
  68 T   0.65431 0.33831 0.00739 ( 1)  0.270  0.007
  69 N   0.75471 0.24316 0.00213 ( 1)  0.203  0.002
  70 S   0.67272 0.32238 0.00490 ( 1)  0.255  0.005
  71 S   0.67272 0.32238 0.00490 ( 1)  0.255  0.005
  72 A   0.00999 0.71248 0.27753 ( 2)  1.106  0.278
  73 M   0.13786 0.81058 0.05156 ( 2)  0.642  0.052
  74 Q   0.00670 0.61237 0.38093 ( 2)  1.286  0.381
  75 E   0.00055 0.41252 0.58692 ( 3)  1.645  0.587
  76 S   0.20505 0.77756 0.01740 ( 2)  0.545  0.017
  77 G   0.55502 0.42752 0.01746 ( 1)  0.344  0.017
  78 I   0.74093 0.25665 0.00243 ( 1)  0.211  0.002
  79 Y   0.64727 0.34592 0.00682 ( 1)  0.273  0.007
  80 G   0.55502 0.42752 0.01746 ( 1)  0.344  0.017
  81 S   0.74062 0.25788 0.00151 ( 1)  0.210  0.002
  82 S   0.00012 0.19877 0.80111 ( 3)  2.015  0.801
  83 G   0.00069 0.49039 0.50892 ( 3)  1.510  0.509
  84 F   0.14872 0.80595 0.04533 ( 2)  0.625  0.045
  85 G   0.11254 0.80258 0.08488 ( 2)  0.714  0.085
  86 S   0.00035 0.31913 0.68052 ( 3)  1.807  0.681
  87 N   0.00001 0.07792 0.92207 ( 3)  2.224  0.922
  88 L   0.01098 0.76682 0.22220 ( 2)  1.009  0.222
  89 T   0.01481 0.79249 0.19270 ( 2)  0.956  0.193
  90 H   0.01152 0.77478 0.21370 ( 2)  0.994  0.214
  91 Q   0.00027 0.27435 0.72538 ( 3)  1.884  0.725
  92 I   0.01312 0.75674 0.23013 ( 2)  1.022  0.230
  93 Q   0.00027 0.27955 0.72017 ( 3)  1.875  0.720
  94 L   0.42049 0.50814 0.07138 ( 2)  0.514  0.071
  95 N   0.18145 0.77799 0.04056 ( 2)  0.598  0.041
  96 S   0.04866 0.78188 0.16946 ( 2)  0.897  0.169
  97 N   0.19545 0.77509 0.02946 ( 2)  0.571  0.029
  98 V   0.69555 0.30131 0.00314 ( 1)  0.239  0.003
  99 Y   0.00665 0.64077 0.35258 ( 2)  1.237  0.353
 100 K   0.14658 0.80516 0.04826 ( 2)  0.631  0.048
 101 T   0.00084 0.53159 0.46756 ( 2)  1.439  0.468
 102 S   0.04967 0.78692 0.16341 ( 2)  0.886  0.163
 103 I   0.00010 0.13532 0.86459 ( 3)  2.125  0.865
 104 T   0.00035 0.30339 0.69626 ( 3)  1.834  0.696
 105 D   0.01072 0.78801 0.20127 ( 2)  0.973  0.201
 106 T   0.01585 0.80507 0.17908 ( 2)  0.932  0.179
 107 S   0.00009 0.15634 0.84356 ( 3)  2.088  0.844
 108 S   0.00425 0.46757 0.52818 ( 3)  1.542  0.528
 109 P   0.00254 0.34206 0.65540 ( 3)  1.762  0.655
 110 S   0.00000 0.06352 0.93648 ( 3)  2.249  0.936
 111 N   0.17834 0.78337 0.03829 ( 2)  0.596  0.038
 112 R   0.00014 0.18079 0.81907 ( 3)  2.046  0.819
 113 V   0.00636 0.68184 0.31179 ( 2)  1.167  0.312
 114 T   0.01031 0.71754 0.27215 ( 2)  1.096  0.272
 115 K   0.13182 0.79203 0.07614 ( 2)  0.688  0.076
 116 M   0.00042 0.37413 0.62545 ( 3)  1.712  0.625
 117 D   0.01856 0.87475 0.10669 ( 2)  0.806  0.107
 118 F   0.00359 0.42279 0.57363 ( 3)  1.620  0.574
 119 Y   0.00004 0.07367 0.92629 ( 3)  2.231  0.926
 120 K   0.00951 0.66890 0.32159 ( 2)  1.182  0.322
 121 I   0.17925 0.78302 0.03772 ( 2)  0.594  0.038
 122 D   0.18545 0.78867 0.02589 ( 2)  0.570  0.026
 123 G   0.51927 0.45284 0.02789 ( 1)  0.382  0.028
 124 T   0.72815 0.26840 0.00345 ( 1)  0.220  0.003
 125 L   0.00003 0.21676 0.78321 ( 3)  1.984  0.783
 126 A   0.54101 0.43683 0.02216 ( 1)  0.360  0.022
 127 S   0.01012 0.72423 0.26565 ( 2)  1.085  0.266
 128 Y   0.65582 0.33824 0.00594 ( 1)  0.266  0.006
 129 N   0.75471 0.24316 0.00213 ( 1)  0.203  0.002
 130 S   0.55346 0.42634 0.02020 ( 1)  0.350  0.020
 131 N   0.00107 0.56372 0.43521 ( 2)  1.383  0.435
 132 I   0.67878 0.31628 0.00494 ( 1)  0.251  0.005
 133 T   0.00022 0.21443 0.78535 ( 3)  1.988  0.785
 134 P   0.59163 0.39686 0.01151 ( 1)  0.313  0.012
 135 T   0.01730 0.84762 0.13508 ( 2)  0.855  0.135
 136 P   0.65957 0.33567 0.00476 ( 1)  0.262  0.005
 137 E   0.00072 0.49761 0.50167 ( 3)  1.498  0.502
 138 G   0.01584 0.84517 0.13899 ( 2)  0.863  0.139
 139 L   0.55602 0.42556 0.01842 ( 1)  0.345  0.018
 140 R   0.56366 0.41937 0.01697 ( 1)  0.338  0.017
 141 T   0.04822 0.61912 0.33266 ( 2)  1.179  0.333
 142 T   0.65055 0.34163 0.00782 ( 1)  0.272  0.008
 143 F   0.16063 0.79876 0.04061 ( 2)  0.610  0.041
 144 F   0.69517 0.30158 0.00325 ( 1)  0.239  0.003
 145 G   0.55502 0.42752 0.01746 ( 1)  0.344  0.017
 146 F   0.57505 0.40795 0.01699 ( 1)  0.332  0.017
 147 S   0.55346 0.42634 0.02020 ( 1)  0.350  0.020
 148 T   0.10596 0.78066 0.11337 ( 2)  0.767  0.113
 149 N   0.17842 0.78485 0.03673 ( 2)  0.593  0.037
 150 E   0.05594 0.66482 0.27924 ( 2)  1.082  0.279
 151 N   0.06521 0.70451 0.23027 ( 2)  0.992  0.230
 152 T   0.12580 0.80163 0.07258 ( 2)  0.685  0.073
 153 -   0.32877 0.51178 0.15945 ( 2)  0.719  0.159
 154 P   0.65957 0.33567 0.00476 ( 1)  0.262  0.005
 155 N   0.75471 0.24316 0.00213 ( 1)  0.203  0.002
 156 Q   0.53278 0.44447 0.02275 ( 1)  0.366  0.023
 157 P   0.59163 0.39686 0.01151 ( 1)  0.313  0.012
 158 T   0.72815 0.26840 0.00345 ( 1)  0.220  0.003
 159 V   0.12402 0.80765 0.06833 ( 2)  0.679  0.068
 160 N   0.01135 0.73778 0.25086 ( 2)  1.059  0.251
 161 D   0.73010 0.26789 0.00201 ( 1)  0.217  0.002
 162 Y   0.65582 0.33824 0.00594 ( 1)  0.266  0.006
 163 T   0.04723 0.60747 0.34530 ( 2)  1.201  0.345
 164 H   0.14836 0.80672 0.04492 ( 2)  0.625  0.045
 165 I   0.74093 0.25665 0.00243 ( 1)  0.211  0.002
 166 L   0.55602 0.42556 0.01842 ( 1)  0.345  0.018
 167 S   0.61480 0.37578 0.00942 ( 1)  0.296  0.009
 168 Y   0.65582 0.33824 0.00594 ( 1)  0.266  0.006
 169 I   0.67878 0.31628 0.00494 ( 1)  0.251  0.005
 170 K   0.67871 0.31641 0.00488 ( 1)  0.251  0.005
 171 T   0.72815 0.26840 0.00345 ( 1)  0.220  0.003
 172 D   0.73010 0.26789 0.00201 ( 1)  0.217  0.002
 173 V   0.18249 0.78891 0.02860 ( 2)  0.577  0.029
 174 I   0.67878 0.31628 0.00494 ( 1)  0.251  0.005
 175 D   0.00469 0.58382 0.41150 ( 2)  1.340  0.411
 176 Y   0.01070 0.75283 0.23648 ( 2)  1.034  0.236
 177 N   0.05762 0.67210 0.27028 ( 2)  1.066  0.270
 178 S   0.00106 0.34488 0.65406 ( 3)  1.761  0.654
 179 N   0.00001 0.05521 0.94478 ( 3)  2.263  0.945
 180 R   0.05846 0.67883 0.26271 ( 2)  1.052  0.263
 181 V   0.69555 0.30131 0.00314 ( 1)  0.239  0.003
 182 S   0.55346 0.42634 0.02020 ( 1)  0.350  0.020
 183 F   0.69517 0.30158 0.00325 ( 1)  0.239  0.003
 184 A   0.71326 0.28404 0.00270 ( 1)  0.228  0.003
 185 W   0.39321 0.51275 0.09404 ( 2)  0.569  0.094
 186 T   0.65431 0.33831 0.00739 ( 1)  0.270  0.007
 187 H   0.67241 0.32365 0.00394 ( 1)  0.253  0.004
 188 K   0.00040 0.34692 0.65268 ( 3)  1.759  0.653
 189 I   0.15733 0.78419 0.05847 ( 2)  0.643  0.058

Positively selected sites

	Prob(w>1)  mean w

    14 V      0.623         1.708
    55 L      0.898         2.183
    75 E      0.587         1.645
    82 S      0.801         2.015
    83 G      0.509         1.510
    86 S      0.681         1.807
    87 N      0.922         2.224
    91 Q      0.725         1.884
    93 Q      0.720         1.875
   103 I      0.865         2.125
   104 T      0.696         1.834
   107 S      0.844         2.088
   108 S      0.528         1.542
   109 P      0.655         1.762
   110 S      0.936         2.249
   112 R      0.819         2.046
   116 M      0.625         1.712
   118 F      0.574         1.620
   119 Y      0.926         2.231
   125 L      0.783         1.984
   133 T      0.785         1.988
   137 E      0.502         1.498
   178 S      0.654         1.761
   179 N      0.945         2.263
   188 K      0.653         1.759


lnL = -1875.816046

