Supplemental results for CODEML (seqf: algn  treef: tree)


dN/dS (w) for site classes (K=3)

p:   0.71096  0.25071  0.03833
w:   0.08533  1.21960  5.82685

Naive Empirical Bayes (NEB) probabilities for 3 classes & postmean_w & P(w>1)
(amino acids refer to 1st sequence: BT_Cry30Aa1)

   1 -   0.73935 0.23582 0.02483 ( 1)  0.495  0.261
   2 -   0.71439 0.24916 0.03644 ( 1)  0.577  0.286
   3 -   0.73740 0.23697 0.02563 ( 1)  0.501  0.263
   4 -   0.73797 0.23684 0.02519 ( 1)  0.499  0.262
   5 R   0.14294 0.85167 0.00539 ( 2)  1.082  0.857
   6 I   0.77486 0.22442 0.00071 ( 1)  0.344  0.225
   7 T   0.98477 0.01522 0.00000 ( 1)  0.103  0.015
   8 Q   0.93801 0.06196 0.00002 ( 1)  0.156  0.062
   9 I   0.80434 0.19532 0.00033 ( 1)  0.309  0.196
  10 P   0.96593 0.03407 0.00000 ( 1)  0.124  0.034
  11 A   0.98514 0.01486 0.00000 ( 1)  0.102  0.015
  12 V   0.98469 0.01531 0.00000 ( 1)  0.103  0.015
  13 K   0.98497 0.01503 0.00000 ( 1)  0.102  0.015
  14 A   0.77796 0.22190 0.00014 ( 1)  0.338  0.222
  15 Y   0.00329 0.80294 0.19377 ( 2)  2.109  0.997
  16 S   0.00055 0.93205 0.06739 ( 2)  1.529  0.999
  17 L   0.84119 0.15668 0.00213 ( 1)  0.275  0.159
  18 T   0.17525 0.80548 0.01927 ( 2)  1.110  0.825
  19 S   0.54514 0.45400 0.00086 ( 1)  0.605  0.455
  20 P   0.96291 0.03708 0.00001 ( 1)  0.127  0.037
  21 A   0.98514 0.01486 0.00000 ( 1)  0.102  0.015
  22 R   0.81031 0.18966 0.00003 ( 1)  0.301  0.190
  23 V   0.98255 0.01745 0.00000 ( 1)  0.105  0.017
  24 I   0.98798 0.01202 0.00000 ( 1)  0.099  0.012
  25 V   0.01027 0.96482 0.02491 ( 2)  1.323  0.990
  26 G   0.95494 0.04505 0.00001 ( 1)  0.137  0.045
  27 P   0.95827 0.04172 0.00001 ( 1)  0.133  0.042
  28 G   0.96800 0.03200 0.00000 ( 1)  0.122  0.032
  29 H   0.96961 0.03039 0.00000 ( 1)  0.120  0.030
  30 T   0.98477 0.01522 0.00000 ( 1)  0.103  0.015
  31 G   0.96762 0.03237 0.00000 ( 1)  0.122  0.032
  32 G   0.96724 0.03276 0.00000 ( 1)  0.122  0.033
  33 D   0.98411 0.01588 0.00000 ( 1)  0.103  0.016
  34 L   0.93039 0.06957 0.00004 ( 1)  0.164  0.070
  35 V   0.98507 0.01493 0.00000 ( 1)  0.102  0.015
  36 A   0.98514 0.01486 0.00000 ( 1)  0.102  0.015
  37 L   0.96655 0.03345 0.00000 ( 1)  0.123  0.033
  38 L   0.92618 0.07377 0.00006 ( 1)  0.169  0.074
  39 N   0.89300 0.10675 0.00025 ( 1)  0.208  0.107
  40 S   0.00092 0.93881 0.06027 ( 2)  1.496  0.999
  41 G   0.01126 0.98514 0.00360 ( 2)  1.223  0.989
  42 T   0.17996 0.81560 0.00443 ( 2)  1.036  0.820
  43 Q   0.50579 0.49320 0.00101 ( 1)  0.651  0.494
  44 S   0.01688 0.69440 0.28871 ( 2)  2.531  0.983
  45 G   0.97422 0.02578 0.00000 ( 1)  0.115  0.026
  46 T   0.01133 0.96904 0.01962 ( 2)  1.297  0.989
  47 M   0.97507 0.02493 0.00000 ( 1)  0.114  0.025
  48 Q   0.51145 0.48761 0.00093 ( 1)  0.644  0.489
  49 I   0.87254 0.12649 0.00097 ( 1)  0.234  0.127
  50 Q   0.52480 0.47436 0.00084 ( 1)  0.628  0.475
  51 C   0.95094 0.04905 0.00001 ( 1)  0.141  0.049
  52 K   0.98497 0.01503 0.00000 ( 1)  0.102  0.015
  53 T   0.98477 0.01522 0.00000 ( 1)  0.103  0.015
  54 G   0.97422 0.02578 0.00000 ( 1)  0.115  0.026
  55 S   0.89280 0.10680 0.00040 ( 1)  0.209  0.107
  56 F   0.70821 0.29169 0.00010 ( 1)  0.417  0.292
  57 T   0.98695 0.01305 0.00000 ( 1)  0.100  0.013
  58 G   0.60259 0.39722 0.00019 ( 1)  0.537  0.397
  59 P   0.10110 0.89482 0.00409 ( 2)  1.124  0.899
  60 S   0.80446 0.18965 0.00590 ( 1)  0.334  0.196
  61 R   0.98419 0.01581 0.00000 ( 1)  0.103  0.016
  62 Q   0.29685 0.70090 0.00226 ( 2)  0.893  0.703
  63 Y   0.96131 0.03868 0.00000 ( 1)  0.129  0.039
  64 G   0.97422 0.02578 0.00000 ( 1)  0.115  0.026
  65 L   0.72788 0.27186 0.00027 ( 1)  0.395  0.272
  66 R   0.78884 0.20249 0.00868 ( 1)  0.365  0.211
  67 M   0.74026 0.25973 0.00001 ( 1)  0.380  0.260
  68 R   0.94546 0.05453 0.00001 ( 1)  0.147  0.055
  69 Y   0.96222 0.03778 0.00000 ( 1)  0.128  0.038
  70 A   0.98514 0.01486 0.00000 ( 1)  0.102  0.015
  71 A   0.98262 0.01738 0.00000 ( 1)  0.105  0.017
  72 N   0.98896 0.01104 0.00000 ( 1)  0.098  0.011
  73 S   0.83907 0.16089 0.00003 ( 1)  0.268  0.161
  74 A   0.14734 0.84933 0.00333 ( 2)  1.068  0.853
  75 F   0.69799 0.30192 0.00009 ( 1)  0.428  0.302
  76 T   0.98477 0.01522 0.00000 ( 1)  0.103  0.015
  77 V   0.83541 0.16219 0.00240 ( 1)  0.283  0.165
  78 S   0.84688 0.15311 0.00001 ( 1)  0.259  0.153
  79 L   0.93093 0.06899 0.00007 ( 1)  0.164  0.069
  80 S   0.94320 0.05677 0.00003 ( 1)  0.150  0.057
  81 Y   0.95469 0.04530 0.00001 ( 1)  0.137  0.045
  82 T   0.18226 0.81517 0.00257 ( 2)  1.025  0.818
  83 L   0.48351 0.51493 0.00156 ( 2)  0.678  0.516
  84 L   0.00001 0.05952 0.94046 ( 3)  5.553  1.000
  85 -   0.91914 0.08077 0.00009 ( 1)  0.177  0.081
  86 G   0.84845 0.14952 0.00203 ( 1)  0.267  0.152
  87 Q   0.01566 0.96533 0.01901 ( 2)  1.289  0.984
  88 T   0.72154 0.27731 0.00116 ( 1)  0.407  0.278
  89 R   0.00000 0.14187 0.85813 ( 3)  5.173  1.000
  90 G   0.73169 0.26828 0.00003 ( 1)  0.390  0.268
  91 T   0.23279 0.76417 0.00304 ( 2)  0.970  0.767
  92 S   0.71416 0.28549 0.00034 ( 1)  0.411  0.286
  93 F   0.97346 0.02654 0.00000 ( 1)  0.115  0.027
  94 V   0.00004 0.62296 0.37701 ( 2)  2.957  1.000
  95 T   0.97613 0.02386 0.00001 ( 1)  0.112  0.024
  96 E   0.97719 0.02281 0.00000 ( 1)  0.111  0.023
  97 N   0.09528 0.89799 0.00673 ( 2)  1.143  0.905
  98 T   0.98477 0.01522 0.00000 ( 1)  0.103  0.015
  99 F   0.97346 0.02654 0.00000 ( 1)  0.115  0.027
 100 S   0.07617 0.91459 0.00924 ( 2)  1.176  0.924
 101 R   0.98419 0.01581 0.00000 ( 1)  0.103  0.016
 102 S   0.00696 0.95668 0.03636 ( 2)  1.379  0.993
 103 N   0.98896 0.01104 0.00000 ( 1)  0.098  0.011
 104 N   0.98896 0.01104 0.00000 ( 1)  0.098  0.011
 105 I   0.84645 0.15342 0.00013 ( 1)  0.260  0.154
 106 I   0.98807 0.01192 0.00000 ( 1)  0.099  0.012
 107 P   0.96253 0.03747 0.00000 ( 1)  0.128  0.037
 108 T   0.97346 0.02651 0.00002 ( 1)  0.116  0.027
 109 D   0.98695 0.01305 0.00000 ( 1)  0.100  0.013
 110 L   0.92893 0.07099 0.00009 ( 1)  0.166  0.071
 111 K   0.98497 0.01503 0.00000 ( 1)  0.102  0.015
 112 Y   0.80005 0.19334 0.00661 ( 1)  0.343  0.200
 113 E   0.87014 0.12920 0.00066 ( 1)  0.236  0.130
 114 E   0.87014 0.12920 0.00066 ( 1)  0.236  0.130
 115 F   0.97346 0.02654 0.00000 ( 1)  0.115  0.027
 116 K   0.98497 0.01503 0.00000 ( 1)  0.102  0.015
 117 Y   0.96222 0.03778 0.00000 ( 1)  0.128  0.038
 118 K   0.98497 0.01503 0.00000 ( 1)  0.102  0.015
 119 D   0.57316 0.42558 0.00126 ( 1)  0.575  0.427
 120 Y   0.96222 0.03778 0.00000 ( 1)  0.128  0.038
 121 L   0.00006 0.76959 0.23036 ( 2)  2.281  1.000
 122 Q   0.93801 0.06196 0.00002 ( 1)  0.156  0.062
 123 I   0.98798 0.01202 0.00000 ( 1)  0.099  0.012
 124 I   0.98798 0.01202 0.00000 ( 1)  0.099  0.012
 125 T   0.98477 0.01522 0.00000 ( 1)  0.103  0.015
 126 M   0.71786 0.28210 0.00004 ( 1)  0.406  0.282
 127 T   0.83770 0.16212 0.00017 ( 1)  0.270  0.162
 128 L   0.00412 0.92819 0.06770 ( 2)  1.527  0.996
 129 P   0.96342 0.03658 0.00000 ( 1)  0.127  0.037
 130 A   0.07401 0.90377 0.02222 ( 2)  1.238  0.926
 131 N   0.98896 0.01104 0.00000 ( 1)  0.098  0.011
 132 T   0.98477 0.01522 0.00000 ( 1)  0.103  0.015
 133 I   0.98807 0.01192 0.00000 ( 1)  0.099  0.012
 134 I   0.76940 0.23052 0.00008 ( 1)  0.347  0.231
 135 T   0.98695 0.01305 0.00000 ( 1)  0.100  0.013
 136 I   0.98807 0.01192 0.00000 ( 1)  0.099  0.012
 137 S   0.00077 0.94447 0.05476 ( 2)  1.471  0.999
 138 M   0.21920 0.77875 0.00205 ( 2)  0.980  0.781
 139 Q   0.00012 0.47344 0.52644 ( 3)  3.645  1.000
 140 Q   0.93801 0.06196 0.00002 ( 1)  0.156  0.062
 141 A   0.00184 0.77919 0.21897 ( 2)  2.226  0.998
 142 T   0.00114 0.96394 0.03492 ( 2)  1.379  0.999
 143 G   0.00032 0.22159 0.77808 ( 3)  4.804  1.000
 144 L   0.00000 0.12644 0.87356 ( 3)  5.244  1.000
 145 L   0.00122 0.86105 0.13772 ( 2)  1.853  0.999
 146 N   0.98896 0.01104 0.00000 ( 1)  0.098  0.011
 147 N   0.01933 0.97812 0.00255 ( 2)  1.209  0.981
 148 Q   0.93801 0.06196 0.00002 ( 1)  0.156  0.062
 149 L   0.93039 0.06957 0.00004 ( 1)  0.164  0.070
 150 I   0.98798 0.01202 0.00000 ( 1)  0.099  0.012
 151 I   0.98798 0.01202 0.00000 ( 1)  0.099  0.012
 152 D   0.90155 0.09814 0.00031 ( 1)  0.198  0.098
 153 R   0.98113 0.01887 0.00000 ( 1)  0.107  0.019
 154 I   0.88814 0.11140 0.00046 ( 1)  0.214  0.112
 155 E   0.98186 0.01814 0.00000 ( 1)  0.106  0.018
 156 F   0.66196 0.33788 0.00016 ( 1)  0.470  0.338
 157 Y   0.10724 0.88997 0.00278 ( 2)  1.111  0.893
 158 P   0.95353 0.04646 0.00001 ( 1)  0.138  0.046

Positively selected sites

	Prob(w>1)  mean w

     5 R      0.857         1.082
    15 Y      0.997**       2.109
    16 S      0.999**       1.529
    18 T      0.825         1.110
    25 V      0.990*        1.323
    40 S      0.999**       1.496
    41 G      0.989*        1.223
    42 T      0.820         1.036
    44 S      0.983*        2.531
    46 T      0.989*        1.297
    59 P      0.899         1.124
    62 Q      0.703         0.893
    74 A      0.853         1.068
    82 T      0.818         1.025
    83 L      0.516         0.678
    84 L      1.000**       5.553
    87 Q      0.984*        1.289
    89 R      1.000**       5.173
    91 T      0.767         0.970
    94 V      1.000**       2.957
    97 N      0.905         1.143
   100 S      0.924         1.176
   102 S      0.993**       1.379
   121 L      1.000**       2.281
   128 L      0.996**       1.527
   130 A      0.926         1.238
   137 S      0.999**       1.471
   138 M      0.781         0.980
   139 Q      1.000**       3.645
   141 A      0.998**       2.226
   142 T      0.999**       1.379
   143 G      1.000**       4.804
   144 L      1.000**       5.244
   145 L      0.999**       1.853
   147 N      0.981*        1.209
   157 Y      0.893         1.111


lnL = -1526.074379

