Supplemental results for CODEML (seqf: algn  treef: tree)


dN/dS (w) for site classes (K=2)

p:   0.26683  0.73317
w:   0.07150  1.00000

Naive Empirical Bayes (NEB) probabilities for 2 classes & postmean_w
(amino acids refer to 1st sequence: BT_Cry32Ja1)

   1 P   0.36224 0.63776 ( 2)  0.664
   2 T   0.93898 0.06102 ( 1)  0.128
   3 K   0.99837 0.00163 ( 1)  0.073
   4 S   0.86056 0.13944 ( 1)  0.201
   5 Q   0.99827 0.00173 ( 1)  0.073
   6 L   0.99979 0.00021 ( 1)  0.072
   7 T   0.99950 0.00050 ( 1)  0.072
   8 R   0.99930 0.00070 ( 1)  0.072
   9 T   0.00027 0.99973 ( 2)  1.000
  10 V   0.24193 0.75807 ( 2)  0.775
  11 Y   0.99907 0.00093 ( 1)  0.072
  12 T   0.99938 0.00062 ( 1)  0.072
  13 P   0.00002 0.99998 ( 2)  1.000
  14 F   0.00087 0.99913 ( 2)  0.999
  15 V   0.00037 0.99963 ( 2)  1.000
  16 L   0.00530 0.99470 ( 2)  0.995
  17 S   0.00001 0.99999 ( 2)  1.000
  18 Y   0.00500 0.99500 ( 2)  0.995
  19 P   0.02680 0.97320 ( 2)  0.975
  20 T   0.00854 0.99146 ( 2)  0.992
  21 -   0.28731 0.71269 ( 2)  0.733
  22 -   0.33947 0.66053 ( 2)  0.685
  23 -   0.33749 0.66251 ( 2)  0.687
  24 -   0.31058 0.68942 ( 2)  0.712
  25 -   0.32628 0.67372 ( 2)  0.697
  26 -   0.27819 0.72181 ( 2)  0.742
  27 -   0.30117 0.69883 ( 2)  0.720
  28 -   0.32131 0.67869 ( 2)  0.702
  29 -   0.32131 0.67869 ( 2)  0.702
  30 P   0.04840 0.95160 ( 2)  0.955
  31 N   0.00875 0.99125 ( 2)  0.992
  32 L   0.00179 0.99821 ( 2)  0.998
  33 P   0.00395 0.99605 ( 2)  0.996
  34 L   0.00001 0.99999 ( 2)  1.000
  35 I   0.98775 0.01225 ( 1)  0.083
  36 S   0.00023 0.99977 ( 2)  1.000
  37 E   0.00005 0.99995 ( 2)  1.000
  38 I   0.00643 0.99357 ( 2)  0.994
  39 E   0.21071 0.78929 ( 2)  0.804
  40 S   0.00005 0.99995 ( 2)  1.000
  41 Q   0.00002 0.99998 ( 2)  1.000
  42 V   0.00937 0.99063 ( 2)  0.991
  43 V   0.07149 0.92851 ( 2)  0.934
  44 V   0.00269 0.99731 ( 2)  0.998
  45 P   0.99960 0.00040 ( 1)  0.072
  46 P   0.98832 0.01168 ( 1)  0.082
  47 S   0.58763 0.41237 ( 1)  0.454
  48 L   0.99728 0.00272 ( 1)  0.074
  49 F   0.99999 0.00001 ( 1)  0.072
  50 S   0.00950 0.99050 ( 2)  0.991
  51 W   0.99899 0.00101 ( 1)  0.072
  52 L   0.97524 0.02476 ( 1)  0.094
  53 F   0.02315 0.97685 ( 2)  0.979
  54 L   0.00474 0.99526 ( 2)  0.996
  55 I   0.06809 0.93191 ( 2)  0.937
  56 E   0.00007 0.99993 ( 2)  1.000
  57 S   0.07128 0.92872 ( 2)  0.934
  58 Y   0.99870 0.00130 ( 1)  0.073
  59 T   0.08144 0.91856 ( 2)  0.924
  60 E   0.00157 0.99843 ( 2)  0.999
  61 K   0.00000 1.00000 ( 2)  1.000
  62 A   0.00002 0.99998 ( 2)  1.000
  63 A   0.00002 0.99998 ( 2)  1.000
  64 Q   0.00191 0.99809 ( 2)  0.998
  65 D   0.00001 0.99999 ( 2)  1.000
  66 -   0.26683 0.73317 ( 2)  0.752
  67 -   0.26683 0.73317 ( 2)  0.752
  68 -   0.02041 0.97959 ( 2)  0.981
  69 K   0.00014 0.99986 ( 2)  1.000
  70 E   0.00010 0.99990 ( 2)  1.000
  71 C   0.00000 1.00000 ( 2)  1.000
  72 L   0.00001 0.99999 ( 2)  1.000
  73 T   0.00029 0.99971 ( 2)  1.000
  74 G   0.00045 0.99955 ( 2)  1.000
  75 Q   0.00560 0.99440 ( 2)  0.995
  76 R   0.00005 0.99995 ( 2)  1.000
  77 Q   0.00001 0.99999 ( 2)  1.000
  78 A   0.00063 0.99937 ( 2)  0.999
  79 F   0.87515 0.12485 ( 1)  0.187
  80 A   0.00017 0.99983 ( 2)  1.000
  81 Y   0.00052 0.99948 ( 2)  1.000
  82 T   0.09914 0.90086 ( 2)  0.908
  83 T   0.00013 0.99987 ( 2)  1.000
  84 G   0.00094 0.99906 ( 2)  0.999
  85 R   0.00000 1.00000 ( 2)  1.000
  86 D   0.53817 0.46183 ( 1)  0.500
  87 L   0.00074 0.99926 ( 2)  0.999
  88 F   0.00000 1.00000 ( 2)  1.000
  89 Q   0.00282 0.99718 ( 2)  0.997
  90 E   0.00148 0.99852 ( 2)  0.999
  91 F   0.00371 0.99629 ( 2)  0.997
  92 K   0.00038 0.99962 ( 2)  1.000
  93 -   0.26683 0.73317 ( 2)  0.752
  94 -   0.01539 0.98461 ( 2)  0.986
  95 G   0.16951 0.83049 ( 2)  0.843
  96 N   0.15165 0.84835 ( 2)  0.859
  97 L   0.00037 0.99963 ( 2)  1.000
  98 N   0.00001 0.99999 ( 2)  1.000
  99 G   0.00002 0.99998 ( 2)  1.000
 100 T   0.00002 0.99998 ( 2)  1.000
 101 Y   0.00000 1.00000 ( 2)  1.000
 102 R   0.00047 0.99953 ( 2)  1.000
 103 G   0.00614 0.99386 ( 2)  0.994
 104 Q   0.00000 1.00000 ( 2)  1.000
 105 L   0.00001 0.99999 ( 2)  1.000
 106 V   0.85386 0.14614 ( 1)  0.207
 107 A   0.00124 0.99876 ( 2)  0.999
 108 E   0.00344 0.99656 ( 2)  0.997
 109 P   0.04579 0.95421 ( 2)  0.957
 110 G   0.00114 0.99886 ( 2)  0.999
 111 L   0.96657 0.03343 ( 1)  0.103
 112 G   0.11587 0.88413 ( 2)  0.892
 113 Q   0.01469 0.98531 ( 2)  0.986
 114 Y   0.26683 0.73317 ( 2)  0.752
 115 V   0.01988 0.98012 ( 2)  0.982
 116 W   0.00001 0.99999 ( 2)  1.000
 117 A   0.12617 0.87383 ( 2)  0.883
 118 I   0.00103 0.99897 ( 2)  0.999
 119 E   0.16301 0.83699 ( 2)  0.849
 120 L   0.98371 0.01629 ( 1)  0.087
 121 Y   0.97436 0.02564 ( 1)  0.095
 122 G   0.00021 0.99979 ( 2)  1.000
 123 S   0.00519 0.99481 ( 2)  0.995
 124 G   0.00064 0.99936 ( 2)  0.999
 125 Y   0.78685 0.21315 ( 1)  0.269
 126 L   0.02892 0.97108 ( 2)  0.973
 127 -   0.26683 0.73317 ( 2)  0.752
 128 -   0.26683 0.73317 ( 2)  0.752
 129 -   0.26683 0.73317 ( 2)  0.752
 130 W   0.00000 1.00000 ( 2)  1.000
 131 D   0.00001 0.99999 ( 2)  1.000
 132 G   0.00902 0.99098 ( 2)  0.992
 133 Y   0.87724 0.12276 ( 1)  0.185
 134 P   0.00003 0.99997 ( 2)  1.000
 135 Y   0.00003 0.99997 ( 2)  1.000
 136 L   0.00063 0.99937 ( 2)  0.999
 137 H   0.00002 0.99998 ( 2)  1.000
 138 N   0.00181 0.99819 ( 2)  0.998
 139 L   0.00001 0.99999 ( 2)  1.000
 140 G   0.00011 0.99989 ( 2)  1.000
 141 -   0.00606 0.99394 ( 2)  0.994
 142 -   0.28619 0.71381 ( 2)  0.734
 143 -   0.45822 0.54178 ( 2)  0.575
 144 -   0.14287 0.85713 ( 2)  0.867
 145 -   0.04087 0.95913 ( 2)  0.962
 146 F   0.00006 0.99994 ( 2)  1.000
 147 F   0.00070 0.99930 ( 2)  0.999
 148 N   0.00007 0.99993 ( 2)  1.000
 149 F   0.99979 0.00021 ( 1)  0.072
 150 K   0.02502 0.97498 ( 2)  0.977
 151 L   0.98944 0.01056 ( 1)  0.081
 152 T   0.98626 0.01374 ( 1)  0.084
 153 -   0.04874 0.95126 ( 2)  0.955
 154 -   0.97146 0.02854 ( 1)  0.098
 155 -   0.73779 0.26221 ( 1)  0.315
 156 N   0.00002 0.99998 ( 2)  1.000
 157 S   0.00374 0.99626 ( 2)  0.997
 158 E   0.00010 0.99990 ( 2)  1.000
 159 D   0.00000 1.00000 ( 2)  1.000
 160 Q   0.00316 0.99684 ( 2)  0.997
 161 K   0.01520 0.98480 ( 2)  0.986
 162 I   0.00041 0.99959 ( 2)  1.000
 163 H   0.00408 0.99592 ( 2)  0.996
 164 V   0.31531 0.68469 ( 2)  0.707
 165 S   0.23839 0.76161 ( 2)  0.779
 166 P   0.00042 0.99958 ( 2)  1.000
 167 G   0.00027 0.99973 ( 2)  1.000
 168 D   0.00484 0.99516 ( 2)  0.996
 169 I   0.20582 0.79418 ( 2)  0.809
 170 V   0.00128 0.99872 ( 2)  0.999
 171 D   0.00747 0.99253 ( 2)  0.993
 172 G   0.00723 0.99277 ( 2)  0.993
 173 T   0.00017 0.99983 ( 2)  1.000
 174 T   0.00026 0.99974 ( 2)  1.000
 175 A   0.00428 0.99572 ( 2)  0.996
 176 I   0.00292 0.99708 ( 2)  0.997
 177 L   0.00777 0.99223 ( 2)  0.993
 178 G   0.98696 0.01304 ( 1)  0.084
 179 L   0.47897 0.52103 ( 2)  0.555
 180 P   0.96188 0.03812 ( 1)  0.107
 181 C   0.99974 0.00026 ( 1)  0.072
 182 K   0.03176 0.96824 ( 2)  0.971
 183 P   0.00119 0.99881 ( 2)  0.999
 184 N   0.30025 0.69975 ( 2)  0.721
 185 N   0.06333 0.93667 ( 2)  0.941
 186 N   0.00283 0.99717 ( 2)  0.997
 187 D   0.01776 0.98224 ( 2)  0.984
 188 -   0.00471 0.99529 ( 2)  0.996
 189 C   0.99974 0.00026 ( 1)  0.072
 190 D   0.88212 0.11788 ( 1)  0.181
 191 P   0.99357 0.00643 ( 1)  0.077
 192 C   0.99974 0.00026 ( 1)  0.072
 193 -   0.00010 0.99990 ( 2)  1.000
 194 -   0.02533 0.97467 ( 2)  0.976
 195 -   0.26683 0.73317 ( 2)  0.752
 196 N   0.92843 0.07157 ( 1)  0.138
 197 P   0.00993 0.99007 ( 2)  0.991
 198 C   0.99987 0.00013 ( 1)  0.072
 199 N   0.00000 1.00000 ( 2)  1.000
 200 T   0.00014 0.99986 ( 2)  1.000
 201 L   0.03051 0.96949 ( 2)  0.972
 202 P   0.00000 1.00000 ( 2)  1.000
 203 I   0.00024 0.99976 ( 2)  1.000
 204 N   0.99960 0.00040 ( 1)  0.072
 205 L   0.00004 0.99996 ( 2)  1.000
 206 S   0.11005 0.88995 ( 2)  0.898
 207 N   0.00378 0.99622 ( 2)  0.996
 208 P   0.99997 0.00003 ( 1)  0.072
 209 C   0.99794 0.00206 ( 1)  0.073
 210 N   0.99772 0.00228 ( 1)  0.074
 211 -   0.28746 0.71254 ( 2)  0.733
 212 -   0.28746 0.71254 ( 2)  0.733
 213 -   0.28906 0.71094 ( 2)  0.732
 214 -   0.29459 0.70541 ( 2)  0.726
 215 -   0.31386 0.68614 ( 2)  0.709
 216 -   0.31391 0.68609 ( 2)  0.709
 217 -   0.32428 0.67572 ( 2)  0.699
 218 -   0.29531 0.70469 ( 2)  0.726
 219 D   0.90127 0.09873 ( 1)  0.163
 220 I   0.01889 0.98111 ( 2)  0.982
 221 S   0.00029 0.99971 ( 2)  1.000
 222 L   0.88010 0.11990 ( 1)  0.183
 223 Y   0.99995 0.00005 ( 1)  0.072
 224 S   0.99999 0.00001 ( 1)  0.072
 225 H   0.03548 0.96452 ( 2)  0.967
 226 R   0.99451 0.00549 ( 1)  0.077
 227 F   0.97427 0.02573 ( 1)  0.095
 228 S   0.89740 0.10260 ( 1)  0.167
 229 Y   0.01688 0.98312 ( 2)  0.984
 230 L   0.03738 0.96262 ( 2)  0.965
 231 G   0.24519 0.75481 ( 2)  0.772
 232 T   0.00013 0.99987 ( 2)  1.000
 233 Y   0.00005 0.99995 ( 2)  1.000
 234 P   0.00002 0.99998 ( 2)  1.000
 235 A   0.00011 0.99989 ( 2)  1.000
 236 P   0.05602 0.94398 ( 2)  0.948
 237 P   0.00006 0.99994 ( 2)  1.000
 238 V   0.00001 0.99999 ( 2)  1.000
 239 N   0.00079 0.99921 ( 2)  0.999
 240 N   0.13751 0.86249 ( 2)  0.872
 241 W   0.02418 0.97582 ( 2)  0.978
 242 S   0.06429 0.93571 ( 2)  0.940
 243 P   0.05598 0.94402 ( 2)  0.948
 244 T   0.00002 0.99998 ( 2)  1.000
 245 N   0.01517 0.98483 ( 2)  0.986
 246 I   0.68440 0.31560 ( 1)  0.365
 247 G   0.05766 0.94234 ( 2)  0.946
 248 N   0.00055 0.99945 ( 2)  0.999
 249 F   0.00463 0.99537 ( 2)  0.996
 250 S   0.00009 0.99991 ( 2)  1.000
 251 F   0.30306 0.69694 ( 2)  0.719
 252 G   0.99383 0.00617 ( 1)  0.077
 253 W   0.99899 0.00101 ( 1)  0.072
 254 T   0.99909 0.00091 ( 1)  0.072
 255 H   0.99997 0.00003 ( 1)  0.072
 256 I   0.98950 0.01050 ( 1)  0.081
 257 S   0.99980 0.00020 ( 1)  0.072


lnL = -4876.347638

