Supplemental results for CODEML (seqf: algn  treef: tree)


dN/dS (w) for site classes (K=2)

p:   0.82645  0.17355
w:   0.12249  1.00000

Naive Empirical Bayes (NEB) probabilities for 2 classes & postmean_w
(amino acids refer to 1st sequence: BT_Cry9Ca1)

   1 S   0.94649 0.05351 ( 1)  0.169
   2 N   0.99734 0.00266 ( 1)  0.125
   3 P   0.99699 0.00301 ( 1)  0.125
   4 Q   0.98046 0.01954 ( 1)  0.140
   5 L   0.99837 0.00163 ( 1)  0.124
   6 T   0.99469 0.00531 ( 1)  0.127
   7 R   0.99827 0.00173 ( 1)  0.124
   8 E   0.97587 0.02413 ( 1)  0.144
   9 V   0.94252 0.05748 ( 1)  0.173
  10 Y   0.99850 0.00150 ( 1)  0.124
  11 T   0.99462 0.00538 ( 1)  0.127
  12 D   0.99926 0.00074 ( 1)  0.123
  13 P   0.98771 0.01229 ( 1)  0.133
  14 I   0.97511 0.02489 ( 1)  0.144
  15 V   0.99599 0.00401 ( 1)  0.126
  16 F   0.98847 0.01153 ( 1)  0.133
  17 N   0.99909 0.00091 ( 1)  0.123
  18 P   0.99455 0.00545 ( 1)  0.127
  19 P   0.95068 0.04932 ( 1)  0.166
  20 A   0.99672 0.00328 ( 1)  0.125
  21 N   0.99909 0.00091 ( 1)  0.123
  22 V   0.25336 0.74664 ( 2)  0.778
  23 G   0.99443 0.00557 ( 1)  0.127
  24 L   0.93183 0.06817 ( 1)  0.182
  25 C   0.99160 0.00840 ( 1)  0.130
  26 R   0.99091 0.00909 ( 1)  0.130
  27 R   0.99827 0.00173 ( 1)  0.124
  28 W   0.97025 0.02975 ( 1)  0.149
  29 G   0.93359 0.06641 ( 1)  0.181
  30 T   0.98456 0.01544 ( 1)  0.136
  31 N   0.99718 0.00282 ( 1)  0.125
  32 P   0.99365 0.00635 ( 1)  0.128
  33 Y   0.99850 0.00150 ( 1)  0.124
  34 N   0.76673 0.23327 ( 1)  0.327
  35 T   0.99563 0.00437 ( 1)  0.126
  36 F   0.99902 0.00098 ( 1)  0.123
  37 S   0.98772 0.01228 ( 1)  0.133
  38 E   0.96563 0.03437 ( 1)  0.153
  39 L   0.99710 0.00290 ( 1)  0.125
  40 E   0.99643 0.00357 ( 1)  0.126
  41 N   0.99909 0.00091 ( 1)  0.123
  42 A   0.95773 0.04227 ( 1)  0.160
  43 F   0.99162 0.00838 ( 1)  0.130
  44 I   0.99880 0.00120 ( 1)  0.124
  45 R   0.96835 0.03165 ( 1)  0.150
  46 P   0.98925 0.01075 ( 1)  0.132
  47 P   0.99365 0.00635 ( 1)  0.128
  48 H   0.99900 0.00100 ( 1)  0.123
  49 L   0.98647 0.01353 ( 1)  0.134
  50 F   0.99902 0.00098 ( 1)  0.123
  51 D   0.98760 0.01240 ( 1)  0.133
  52 R   0.99233 0.00767 ( 1)  0.129
  53 L   0.97090 0.02910 ( 1)  0.148
  54 N   0.99891 0.00109 ( 1)  0.123
  55 S   0.96524 0.03476 ( 1)  0.153
  56 L   0.98856 0.01144 ( 1)  0.133
  57 T   0.99613 0.00387 ( 1)  0.126
  58 I   0.99784 0.00216 ( 1)  0.124
  59 S   0.27178 0.72822 ( 2)  0.762
  60 S   0.83502 0.16498 ( 1)  0.267
  61 N   0.97739 0.02261 ( 1)  0.142
  62 R   0.98252 0.01748 ( 1)  0.138
  63 F   0.98847 0.01153 ( 1)  0.133
  64 -   0.85652 0.14348 ( 1)  0.248
  65 -   0.86770 0.13230 ( 1)  0.239
  66 P   0.44270 0.55730 ( 2)  0.612
  67 V   0.85368 0.14632 ( 1)  0.251
  68 S   0.13147 0.86853 ( 2)  0.885
  69 S   0.68117 0.31883 ( 1)  0.402
  70 N   0.98894 0.01106 ( 1)  0.132
  71 F   0.98133 0.01867 ( 1)  0.139
  72 M   0.55284 0.44716 ( 1)  0.515
  73 D   0.98537 0.01463 ( 1)  0.135
  74 Y   0.88110 0.11890 ( 1)  0.227
  75 W   0.97025 0.02975 ( 1)  0.149
  76 S   0.92194 0.07806 ( 1)  0.191
  77 G   0.99557 0.00443 ( 1)  0.126
  78 H   0.99900 0.00100 ( 1)  0.123
  79 T   0.98703 0.01297 ( 1)  0.134
  80 L   0.98856 0.01144 ( 1)  0.133
  81 R   0.78656 0.21344 ( 1)  0.310
  82 R   0.97460 0.02540 ( 1)  0.145
  83 S   0.79249 0.20751 ( 1)  0.305
  84 Y   0.80725 0.19275 ( 1)  0.292
  85 L   0.09467 0.90533 ( 2)  0.917
  86 N   0.99564 0.00436 ( 1)  0.126
  87 D   0.82574 0.17426 ( 1)  0.275
  88 S   0.78339 0.21661 ( 1)  0.313
  89 A   0.96112 0.03888 ( 1)  0.157
  90 V   0.83347 0.16653 ( 1)  0.269
  91 Q   0.82106 0.17894 ( 1)  0.280
  92 E   0.99788 0.00212 ( 1)  0.124
  93 D   0.95898 0.04102 ( 1)  0.158
  94 S   0.99935 0.00065 ( 1)  0.123
  95 Y   0.99730 0.00270 ( 1)  0.125
  96 G   0.98853 0.01147 ( 1)  0.133
  97 L   0.02676 0.97324 ( 2)  0.977
  98 I   0.98495 0.01505 ( 1)  0.136
  99 T   0.99680 0.00320 ( 1)  0.125
 100 T   0.05116 0.94884 ( 2)  0.955
 101 T   0.12474 0.87526 ( 2)  0.891
 102 R   0.96322 0.03678 ( 1)  0.155
 103 A   0.02008 0.97992 ( 2)  0.982
 104 T   0.75293 0.24707 ( 1)  0.339
 105 I   0.98356 0.01644 ( 1)  0.137
 106 N   0.99909 0.00091 ( 1)  0.123
 107 P   0.07469 0.92531 ( 2)  0.934
 108 G   0.22040 0.77960 ( 2)  0.807
 109 V   0.72476 0.27524 ( 1)  0.364
 110 D   0.98490 0.01510 ( 1)  0.136
 111 G   0.99443 0.00557 ( 1)  0.127
 112 T   0.96959 0.03041 ( 1)  0.149
 113 N   0.00482 0.99518 ( 2)  0.996
 114 R   0.05411 0.94589 ( 2)  0.953
 115 I   0.95493 0.04507 ( 1)  0.162
 116 E   0.96085 0.03915 ( 1)  0.157
 117 S   0.98959 0.01041 ( 1)  0.132
 118 T   0.85846 0.14154 ( 1)  0.247
 119 A   0.99589 0.00411 ( 1)  0.126
 120 V   0.76336 0.23664 ( 1)  0.330
 121 D   0.99593 0.00407 ( 1)  0.126
 122 F   0.99902 0.00098 ( 1)  0.123
 123 R   0.97779 0.02221 ( 1)  0.142
 124 S   0.03751 0.96249 ( 2)  0.967
 125 A   0.18645 0.81355 ( 2)  0.836
 126 L   0.28136 0.71864 ( 2)  0.753
 127 I   0.11907 0.88093 ( 2)  0.896
 128 G   0.94425 0.05575 ( 1)  0.171
 129 I   0.64621 0.35379 ( 1)  0.433
 130 Y   0.99773 0.00227 ( 1)  0.124
 131 G   0.97891 0.02109 ( 1)  0.141
 132 V   0.93307 0.06693 ( 1)  0.181
 133 N   0.88552 0.11448 ( 1)  0.223
 134 R   0.35708 0.64292 ( 2)  0.687
 135 A   0.75974 0.24026 ( 1)  0.333
 136 S   0.74635 0.25365 ( 1)  0.345
 137 F   0.98851 0.01149 ( 1)  0.133
 138 V   0.52304 0.47696 ( 1)  0.541
 139 P   0.99183 0.00817 ( 1)  0.130
 140 G   0.75294 0.24706 ( 1)  0.339
 141 G   0.99203 0.00797 ( 1)  0.129
 142 L   0.34398 0.65602 ( 2)  0.698
 143 F   0.91685 0.08315 ( 1)  0.195
 144 N   0.99596 0.00404 ( 1)  0.126
 145 G   0.96499 0.03501 ( 1)  0.153
 146 T   0.89114 0.10886 ( 1)  0.218
 147 T   0.96833 0.03167 ( 1)  0.150
 148 S   0.00897 0.99103 ( 2)  0.992
 149 P   0.97586 0.02414 ( 1)  0.144
 150 A   0.82707 0.17293 ( 1)  0.274
 151 N   0.98935 0.01065 ( 1)  0.132
 152 G   0.54857 0.45143 ( 1)  0.519
 153 G   0.95244 0.04756 ( 1)  0.164
 154 C   0.99860 0.00140 ( 1)  0.124
 155 R   0.92867 0.07133 ( 1)  0.185
 156 D   0.62852 0.37148 ( 1)  0.448
 157 L   0.19676 0.80324 ( 2)  0.827
 158 Y   0.78978 0.21022 ( 1)  0.307
 159 D   0.95898 0.04102 ( 1)  0.158
 160 T   0.94543 0.05457 ( 1)  0.170
 161 N   0.37532 0.62468 ( 2)  0.671
 162 D   0.98846 0.01154 ( 1)  0.133
 163 E   0.97810 0.02190 ( 1)  0.142
 164 L   0.98701 0.01299 ( 1)  0.134
 165 P   0.99455 0.00545 ( 1)  0.127
 166 P   0.78726 0.21274 ( 1)  0.309
 167 D   0.71448 0.28552 ( 1)  0.373
 168 E   0.93199 0.06801 ( 1)  0.182
 169 S   0.98513 0.01487 ( 1)  0.136
 170 T   0.72604 0.27396 ( 1)  0.363
 171 G   0.96555 0.03445 ( 1)  0.153
 172 S   0.71900 0.28100 ( 1)  0.369
 173 S   0.39572 0.60428 ( 2)  0.653
 174 T   0.01215 0.98785 ( 2)  0.989
 175 H   0.99070 0.00930 ( 1)  0.131
 176 R   0.77734 0.22266 ( 1)  0.318
 177 L   0.98806 0.01194 ( 1)  0.133
 178 S   0.99827 0.00173 ( 1)  0.124
 179 H   0.99900 0.00100 ( 1)  0.123
 180 V   0.99878 0.00122 ( 1)  0.124
 181 T   0.99440 0.00560 ( 1)  0.127
 182 F   0.99734 0.00266 ( 1)  0.125
 183 F   0.91645 0.08355 ( 1)  0.196
 184 S   0.17959 0.82041 ( 2)  0.842
 185 F   0.99734 0.00266 ( 1)  0.125
 186 Q   0.00569 0.99431 ( 2)  0.995
 187 T   0.99760 0.00240 ( 1)  0.125
 188 N   0.92207 0.07793 ( 1)  0.191
 189 Q   0.98046 0.01954 ( 1)  0.140
 190 A   0.98702 0.01298 ( 1)  0.134
 191 G   0.98758 0.01242 ( 1)  0.133
 192 S   0.96874 0.03126 ( 1)  0.150
 193 I   0.80088 0.19912 ( 1)  0.297
 194 A   0.73508 0.26492 ( 1)  0.355
 195 N   0.99146 0.00854 ( 1)  0.130
 196 A   0.02562 0.97438 ( 2)  0.978
 197 G   0.98117 0.01883 ( 1)  0.139
 198 S   0.00545 0.99455 ( 2)  0.995
 199 V   0.99517 0.00483 ( 1)  0.127
 200 P   0.99719 0.00281 ( 1)  0.125
 201 T   0.50511 0.49489 ( 1)  0.557
 202 Y   0.99850 0.00150 ( 1)  0.124
 203 V   0.99642 0.00358 ( 1)  0.126
 204 W   0.97025 0.02975 ( 1)  0.149
 205 T   0.91207 0.08793 ( 1)  0.200
 206 R   0.98645 0.01355 ( 1)  0.134
 207 R   0.38021 0.61979 ( 2)  0.666
 208 D   0.99926 0.00074 ( 1)  0.123


lnL = -2393.285278

