Supplemental results for CODEML (seqf: algn  treef: tree)


dN/dS (w) for site classes (K=8)

p:   0.12500  0.12500  0.12500  0.12500  0.12500  0.12500  0.12500  0.12500
w:   0.01795  0.06845  0.13039  0.20326  0.28900  0.39223  0.52375  0.72141

Naive Empirical Bayes (NEB) probabilities for 8 classes & postmean_w
(amino acids refer to 1st sequence: BT_Cry13Aa1)

   1 S   0.04081 0.11755 0.16115 0.17424 0.16573 0.14406 0.11526 0.08120 ( 4)  0.289
   2 V   0.12685 0.26124 0.24301 0.17217 0.10425 0.05601 0.02654 0.00994 ( 2)  0.160
   3 A   0.11422 0.24391 0.23734 0.17725 0.11400 0.06561 0.03369 0.01399 ( 2)  0.172
   4 V   0.03158 0.20273 0.28095 0.23301 0.14403 0.07136 0.02841 0.00793 ( 3)  0.189
   5 P   0.41139 0.26337 0.15642 0.08761 0.04614 0.02244 0.00960 0.00303 ( 1)  0.093
   6 L   0.00222 0.05655 0.15868 0.22349 0.22044 0.17238 0.11119 0.05506 ( 4)  0.299
   7 I   0.00094 0.02885 0.09942 0.17393 0.21403 0.20886 0.16819 0.10577 ( 5)  0.358
   8 S   0.01462 0.11663 0.20973 0.23254 0.19589 0.13312 0.07177 0.02570 ( 4)  0.248
   9 M   0.04254 0.25309 0.31395 0.22327 0.11198 0.04189 0.01143 0.00186 ( 3)  0.161
  10 L   0.01903 0.14167 0.23336 0.23446 0.17889 0.11187 0.05806 0.02267 ( 4)  0.230
  11 V   0.04552 0.24914 0.29316 0.21014 0.11655 0.05503 0.02281 0.00765 ( 3)  0.172
  12 G   0.00703 0.07100 0.15814 0.21186 0.21238 0.17182 0.11322 0.05454 ( 5)  0.296
  13 V   0.00115 0.01484 0.04613 0.09256 0.14769 0.20211 0.24348 0.25205 ( 8)  0.457
  14 F   0.00073 0.02381 0.08790 0.16392 0.21304 0.21683 0.17949 0.11429 ( 6)  0.369
  15 W   0.25648 0.21374 0.17103 0.13167 0.09690 0.06709 0.04210 0.02099 ( 1)  0.160
  16 P   0.53641 0.27247 0.12077 0.04758 0.01653 0.00491 0.00116 0.00017 ( 1)  0.061
  17 K   0.00002 0.00517 0.04198 0.11470 0.18621 0.22637 0.22937 0.19618 ( 7)  0.433
  18 -   0.12500 0.12500 0.12500 0.12500 0.12500 0.12500 0.12500 0.12500 ( 4)  0.293
  19 -   0.12500 0.12500 0.12500 0.12500 0.12500 0.12500 0.12500 0.12500 ( 4)  0.293
  20 -   0.12500 0.12500 0.12500 0.12500 0.12500 0.12500 0.12500 0.12500 ( 4)  0.293
  21 -   0.12500 0.12500 0.12500 0.12500 0.12500 0.12500 0.12500 0.12500 ( 4)  0.293
  22 -   0.00123 0.01592 0.04892 0.09610 0.14953 0.19988 0.23762 0.25080 ( 8)  0.454
  23 -   0.00056 0.01918 0.07466 0.14757 0.20415 0.22202 0.19698 0.13489 ( 6)  0.388
  24 G   0.00000 0.00019 0.00341 0.02025 0.06781 0.15937 0.29381 0.45516 ( 8)  0.569
  25 T   0.00000 0.00068 0.00942 0.04154 0.10437 0.18951 0.28203 0.37245 ( 8)  0.531
  26 N   0.00008 0.00840 0.04904 0.11958 0.18906 0.22891 0.22660 0.17834 ( 6)  0.423
  27 N   0.06366 0.30618 0.30906 0.18666 0.08608 0.03357 0.01154 0.00325 ( 3)  0.147
  28 Q   0.00159 0.04441 0.13681 0.21032 0.22409 0.18713 0.12792 0.06772 ( 5)  0.318
  29 E   0.00118 0.03307 0.10777 0.18324 0.22078 0.20815 0.15722 0.08858 ( 5)  0.345
  30 N   0.00396 0.08600 0.20224 0.23870 0.20090 0.13970 0.08538 0.04312 ( 4)  0.270
  31 L   0.07622 0.19328 0.22325 0.19541 0.14448 0.09319 0.05187 0.02229 ( 3)  0.205
  32 I   0.17217 0.30274 0.23848 0.14545 0.07835 0.03890 0.01757 0.00635 ( 2)  0.136
  33 T   0.00000 0.00117 0.01371 0.05462 0.12696 0.21245 0.28268 0.30842 ( 8)  0.504
  34 V   0.10258 0.23425 0.24184 0.18803 0.12233 0.06832 0.03197 0.01069 ( 3)  0.174
  35 I   0.65947 0.23715 0.07399 0.02139 0.00592 0.00159 0.00041 0.00009 ( 1)  0.045
  36 D   0.68479 0.22755 0.06499 0.01710 0.00427 0.00102 0.00023 0.00004 ( 1)  0.042
  37 K   0.00000 0.00039 0.00693 0.03365 0.08895 0.16978 0.27486 0.42543 ( 8)  0.551
  38 E   0.64507 0.24385 0.07937 0.02339 0.00634 0.00157 0.00034 0.00005 ( 1)  0.046
  39 V   0.26349 0.36723 0.21903 0.09694 0.03641 0.01225 0.00373 0.00092 ( 2)  0.096
  40 Q   0.51617 0.27394 0.12812 0.05367 0.01992 0.00634 0.00159 0.00024 ( 1)  0.065
  41 R   0.04532 0.25333 0.30130 0.21397 0.11408 0.04959 0.01779 0.00463 ( 3)  0.166
  42 I   0.00103 0.03164 0.10884 0.18814 0.22521 0.20885 0.15408 0.08220 ( 5)  0.342
  43 L   0.46989 0.27198 0.14226 0.06849 0.03027 0.01204 0.00409 0.00098 ( 1)  0.076
  44 D   0.04944 0.26125 0.29695 0.20621 0.11082 0.05023 0.01943 0.00567 ( 3)  0.165
  45 E   0.00334 0.07537 0.18699 0.23554 0.21151 0.15308 0.09206 0.04212 ( 4)  0.277
  46 K   0.02295 0.16073 0.24828 0.23418 0.16823 0.09936 0.04868 0.01758 ( 3)  0.217
  47 L   0.46428 0.27176 0.14397 0.07027 0.03150 0.01273 0.00440 0.00108 ( 1)  0.077
  48 S   0.12159 0.26094 0.25043 0.17927 0.10622 0.05330 0.02199 0.00626 ( 2)  0.157
  49 D   0.00001 0.00259 0.02490 0.08135 0.15742 0.22431 0.25991 0.24951 ( 7)  0.470
  50 Q   0.01791 0.13907 0.23788 0.24443 0.18555 0.11028 0.05030 0.01459 ( 4)  0.224
  51 L   0.03306 0.21349 0.29027 0.23117 0.13561 0.06405 0.02502 0.00733 ( 3)  0.183
  52 I   0.00845 0.10125 0.21490 0.24829 0.20388 0.13114 0.06735 0.02475 ( 4)  0.249
  53 K   0.00547 0.10840 0.23120 0.24783 0.18955 0.11934 0.06612 0.03209 ( 4)  0.247
  54 K   0.00050 0.03481 0.13026 0.20299 0.21221 0.18176 0.13986 0.09761 ( 5)  0.337
  55 L   0.03001 0.09447 0.14252 0.16922 0.17511 0.16267 0.13468 0.09131 ( 5)  0.311
  56 N   0.00000 0.00004 0.00117 0.00931 0.03916 0.11396 0.26618 0.57017 ( 8)  0.609
  57 A   0.01686 0.12054 0.19620 0.20519 0.17545 0.13452 0.09453 0.05670 ( 4)  0.270
  58 D   0.02092 0.15177 0.24238 0.23534 0.17326 0.10454 0.05233 0.01946 ( 3)  0.223
  59 L   0.46368 0.27218 0.14448 0.07050 0.03146 0.01254 0.00420 0.00095 ( 1)  0.077
  60 N   0.00001 0.00362 0.03313 0.10213 0.18404 0.23905 0.24426 0.19376 ( 7)  0.440
  61 A   0.00000 0.00050 0.00716 0.03366 0.09127 0.17902 0.28616 0.40223 ( 8)  0.544
  62 F   0.24120 0.35836 0.22871 0.10794 0.04284 0.01505 0.00471 0.00118 ( 2)  0.102
  63 T   0.00004 0.00570 0.03981 0.11100 0.19066 0.23853 0.23420 0.18005 ( 6)  0.429
  64 D   0.00207 0.05280 0.14902 0.21249 0.21438 0.17508 0.12278 0.07138 ( 5)  0.313
  65 L   0.00005 0.00605 0.04142 0.11284 0.19037 0.23628 0.23264 0.18034 ( 6)  0.428
  66 V   0.00069 0.02305 0.08699 0.16522 0.21718 0.22100 0.17923 0.10665 ( 6)  0.367
  67 T   0.00003 0.00334 0.02252 0.06421 0.12180 0.18631 0.25653 0.34527 ( 8)  0.508
  68 R   0.00000 0.00006 0.00154 0.01116 0.04412 0.12263 0.27400 0.54649 ( 8)  0.601
  69 L   0.00014 0.00685 0.03544 0.09010 0.15860 0.22011 0.25308 0.23567 ( 7)  0.458
  70 E   0.00000 0.00003 0.00111 0.01036 0.04626 0.13364 0.29019 0.51841 ( 8)  0.594
  71 E   0.00000 0.00006 0.00160 0.01251 0.05080 0.13820 0.28863 0.50821 ( 8)  0.589
  72 V   0.00215 0.05524 0.15557 0.21892 0.21601 0.17135 0.11605 0.06471 ( 4)  0.306
  73 I   0.18574 0.28887 0.20963 0.13049 0.08216 0.05296 0.03281 0.01734 ( 2)  0.151
  74 I   0.00329 0.06792 0.15822 0.19917 0.19411 0.16555 0.12723 0.08450 ( 4)  0.314
  75 D   0.30477 0.37724 0.19923 0.07920 0.02744 0.00882 0.00265 0.00066 ( 2)  0.087
  76 A   0.58317 0.26018 0.10226 0.03689 0.01237 0.00384 0.00106 0.00022 ( 1)  0.055
  77 T   0.00347 0.03933 0.10273 0.16629 0.20543 0.20728 0.17143 0.10405 ( 6)  0.355
  78 F   0.02061 0.15078 0.24270 0.23679 0.17427 0.10441 0.05156 0.01888 ( 3)  0.222
  79 -   0.07605 0.18715 0.21367 0.18891 0.14441 0.09890 0.06051 0.03040 ( 3)  0.215
  80 -   0.46104 0.27426 0.14645 0.07103 0.03098 0.01181 0.00368 0.00075 ( 1)  0.077
  81 -   0.01262 0.09981 0.17959 0.20466 0.18638 0.14824 0.10550 0.06320 ( 4)  0.285
  82 -   0.11319 0.24657 0.24303 0.18138 0.11420 0.06243 0.02910 0.01009 ( 2)  0.167
  83 -   0.00028 0.01108 0.05007 0.11487 0.18370 0.22937 0.23168 0.17894 ( 7)  0.424
  84 E   0.00014 0.01542 0.08613 0.18668 0.24427 0.22778 0.16034 0.07924 ( 5)  0.351
  85 N   0.00146 0.04056 0.12564 0.19687 0.21745 0.19188 0.14177 0.08436 ( 5)  0.332
  86 H   0.00319 0.07484 0.19124 0.24355 0.21570 0.15016 0.08516 0.03617 ( 4)  0.272
  87 K   0.16908 0.30977 0.25080 0.15114 0.07525 0.03141 0.01042 0.00212 ( 2)  0.129
  88 P   0.00079 0.02630 0.09756 0.17968 0.22602 0.21730 0.16402 0.08832 ( 5)  0.351
  89 V   0.00000 0.00086 0.01139 0.05024 0.12641 0.22174 0.29477 0.29458 ( 7)  0.502
  90 L   0.00305 0.03601 0.09831 0.16522 0.20926 0.21295 0.17402 0.10119 ( 6)  0.357
  91 Q   0.00001 0.00286 0.02966 0.10056 0.19149 0.25101 0.24649 0.17791 ( 6)  0.436
  92 V   0.01580 0.12689 0.22537 0.24134 0.19192 0.12056 0.05907 0.01905 ( 4)  0.235
  93 S   0.00144 0.02610 0.08216 0.14633 0.19447 0.21290 0.19626 0.14035 ( 6)  0.386
  94 K   0.00000 0.00006 0.00158 0.01186 0.04725 0.12980 0.28139 0.52806 ( 8)  0.596
  95 S   0.48622 0.27373 0.13782 0.06312 0.02613 0.00953 0.00287 0.00056 ( 1)  0.071
  96 N   0.27293 0.36935 0.21482 0.09329 0.03443 0.01127 0.00323 0.00069 ( 2)  0.094
  97 Y   0.52698 0.26843 0.12259 0.05176 0.02028 0.00725 0.00224 0.00048 ( 1)  0.065
  98 M   0.00000 0.00002 0.00086 0.00881 0.04251 0.13003 0.29205 0.52572 ( 8)  0.597
  99 K   0.05259 0.27151 0.30061 0.20264 0.10520 0.04579 0.01694 0.00472 ( 3)  0.161
 100 V   0.54973 0.26494 0.11431 0.04577 0.01714 0.00592 0.00180 0.00039 ( 1)  0.061
 101 D   0.00012 0.01214 0.06834 0.15616 0.22309 0.23394 0.19101 0.11520 ( 6)  0.381
 102 S   0.00000 0.00016 0.00230 0.01195 0.04074 0.11177 0.26479 0.56829 ( 8)  0.607
 103 A   0.00000 0.00018 0.00400 0.02422 0.07873 0.17598 0.30244 0.41445 ( 8)  0.555
 104 Y   0.00188 0.05163 0.15546 0.23109 0.23368 0.17912 0.10555 0.04159 ( 5)  0.294
 105 F   0.00000 0.00020 0.00292 0.01531 0.05033 0.12708 0.27199 0.53217 ( 8)  0.594
 106 S   0.00000 0.00121 0.01429 0.05705 0.13187 0.21761 0.28244 0.29553 ( 8)  0.498
 107 T   0.08751 0.20927 0.22699 0.18795 0.13365 0.08491 0.04797 0.02175 ( 3)  0.196
 108 G   0.00000 0.00029 0.00435 0.02220 0.06829 0.15602 0.29026 0.45859 ( 8)  0.569
 109 G   0.00009 0.01006 0.05861 0.13878 0.20633 0.22827 0.20447 0.15338 ( 6)  0.403
 110 I   0.00000 0.00012 0.00291 0.01964 0.06970 0.16655 0.30196 0.43913 ( 8)  0.565
 111 L   0.17006 0.31405 0.25315 0.14968 0.07223 0.02915 0.00956 0.00214 ( 2)  0.127
 112 T   0.00000 0.00019 0.00358 0.02069 0.06627 0.15157 0.28293 0.47477 ( 8)  0.574
 113 L   0.00000 0.00052 0.00770 0.03686 0.09998 0.19210 0.29226 0.37058 ( 8)  0.533
 114 G   0.00004 0.00454 0.03175 0.09177 0.16879 0.23216 0.25449 0.21646 ( 7)  0.452
 115 M   0.00001 0.00166 0.01649 0.06059 0.13411 0.21684 0.27960 0.29070 ( 8)  0.495
 116 S   0.00204 0.06107 0.18206 0.24984 0.22423 0.15300 0.08652 0.04123 ( 4)  0.279
 117 D   0.00001 0.00272 0.02713 0.09448 0.18764 0.25557 0.25540 0.17705 ( 6)  0.439
 118 F   0.01589 0.11818 0.21426 0.24338 0.20243 0.12794 0.06019 0.01771 ( 4)  0.239
 119 L   0.00323 0.06346 0.17060 0.23497 0.22456 0.16595 0.09702 0.04022 ( 4)  0.284
 120 T   0.02943 0.18715 0.26272 0.22762 0.15254 0.08553 0.04053 0.01447 ( 3)  0.203
 121 D   0.08488 0.20313 0.22431 0.19054 0.13851 0.08867 0.04916 0.02080 ( 3)  0.199
 122 T   0.15154 0.28828 0.24642 0.15999 0.08822 0.04257 0.01761 0.00537 ( 2)  0.142
 123 Y   0.21479 0.35113 0.24411 0.12166 0.04828 0.01555 0.00389 0.00060 ( 2)  0.107
 124 S   0.02151 0.15244 0.23993 0.23245 0.17292 0.10634 0.05423 0.02018 ( 3)  0.224
 125 K   0.00018 0.00771 0.03833 0.09618 0.16718 0.22637 0.24922 0.21483 ( 7)  0.448
 126 L   0.01993 0.14741 0.24029 0.23749 0.17677 0.10663 0.05255 0.01893 ( 3)  0.224
 127 T   0.18607 0.32555 0.24845 0.13981 0.06478 0.02538 0.00816 0.00179 ( 2)  0.121
 128 F   0.00192 0.05008 0.14520 0.21282 0.21991 0.18124 0.12375 0.06508 ( 5)  0.312
 129 P   0.49180 0.27271 0.13542 0.06148 0.02548 0.00947 0.00299 0.00065 ( 1)  0.071
 130 L   0.00815 0.07612 0.16121 0.21025 0.20866 0.16896 0.11211 0.05453 ( 4)  0.294
 131 Y   0.03240 0.20871 0.28804 0.23510 0.14062 0.06580 0.02380 0.00554 ( 3)  0.183
 132 V   0.02093 0.14635 0.22933 0.22454 0.17244 0.11288 0.06424 0.02929 ( 3)  0.235
 133 L   0.24314 0.35936 0.22780 0.10673 0.04215 0.01485 0.00473 0.00123 ( 2)  0.102
 134 G   0.54133 0.27209 0.11908 0.04618 0.01569 0.00450 0.00100 0.00013 ( 1)  0.060
 135 A   0.61262 0.25500 0.09147 0.02944 0.00859 0.00226 0.00052 0.00009 ( 1)  0.050
 136 T   0.57860 0.26023 0.10382 0.03832 0.01326 0.00427 0.00123 0.00027 ( 1)  0.056
 137 M   0.00005 0.00593 0.03990 0.10738 0.18059 0.22744 0.23477 0.20395 ( 7)  0.439
 138 K   0.00056 0.01907 0.07396 0.14675 0.20479 0.22454 0.19894 0.13138 ( 6)  0.387
 139 L   0.02137 0.15585 0.24938 0.24048 0.17309 0.09956 0.04569 0.01457 ( 3)  0.216
 140 S   0.00957 0.08446 0.16959 0.21158 0.20314 0.16129 0.10684 0.05352 ( 4)  0.288
 141 A   0.00001 0.00108 0.01052 0.04060 0.09836 0.18105 0.28008 0.38831 ( 8)  0.536
 142 Y   0.00180 0.04904 0.14710 0.21978 0.22684 0.18206 0.11745 0.05594 ( 5)  0.306
 143 H   0.16795 0.31423 0.25572 0.15147 0.07226 0.02819 0.00857 0.00160 ( 2)  0.126
 144 S   0.00039 0.01408 0.05895 0.12607 0.18979 0.22577 0.21990 0.16505 ( 6)  0.412
 145 Y   0.02225 0.16089 0.25375 0.24012 0.16938 0.09582 0.04369 0.01411 ( 3)  0.213
 146 I   0.24155 0.35056 0.22332 0.10936 0.04731 0.01895 0.00693 0.00201 ( 2)  0.106
 147 Q   0.02287 0.15485 0.23744 0.22909 0.17218 0.10737 0.05531 0.02089 ( 3)  0.224
 148 F   0.59421 0.26202 0.09878 0.03270 0.00946 0.00233 0.00045 0.00005 ( 1)  0.052
 149 G   0.00038 0.01382 0.05729 0.12182 0.18352 0.22075 0.22177 0.18065 ( 7)  0.419
 150 N   0.06450 0.29463 0.29093 0.18211 0.09429 0.04506 0.02044 0.00804 ( 2)  0.158
 151 T   0.00000 0.00007 0.00200 0.01535 0.05974 0.15439 0.30073 0.46771 ( 8)  0.576
 152 W   0.25648 0.21374 0.17103 0.13167 0.09690 0.06709 0.04210 0.02099 ( 1)  0.160
 153 L   0.07200 0.17999 0.21096 0.19191 0.15002 0.10353 0.06226 0.02933 ( 3)  0.218
 154 N   0.00195 0.04509 0.12043 0.17528 0.19601 0.18914 0.16099 0.11109 ( 5)  0.350
 155 K   0.00000 0.00037 0.00722 0.03866 0.10823 0.20447 0.29546 0.34560 ( 8)  0.524
 156 V   0.60513 0.25462 0.09407 0.03198 0.01017 0.00303 0.00082 0.00017 ( 1)  0.052
 157 Y   0.50133 0.27047 0.13125 0.05888 0.02455 0.00944 0.00323 0.00085 ( 1)  0.070
 158 -   0.33179 0.24534 0.17060 0.11243 0.06991 0.04041 0.02095 0.00856 ( 1)  0.121
 159 -   0.25196 0.20887 0.16699 0.12949 0.09720 0.07005 0.04745 0.02798 ( 1)  0.168
 160 -   0.23082 0.19813 0.16479 0.13328 0.10448 0.07868 0.05565 0.03417 ( 1)  0.181
 161 D   0.00016 0.01159 0.05771 0.12712 0.19016 0.22532 0.22060 0.16734 ( 6)  0.414
 162 L   0.00000 0.00068 0.00676 0.02958 0.08416 0.17829 0.29883 0.40169 ( 8)  0.547
 163 S   0.00003 0.00326 0.02236 0.06576 0.12946 0.20261 0.27061 0.30592 ( 8)  0.496
 164 S   0.00000 0.00001 0.00026 0.00290 0.01722 0.07070 0.23039 0.67852 ( 8)  0.643
 165 D   0.00000 0.00091 0.00989 0.03868 0.09398 0.17505 0.27748 0.40401 ( 8)  0.542
 166 E   0.00000 0.00009 0.00222 0.01493 0.05380 0.13590 0.27792 0.51513 ( 8)  0.589
 167 G   0.00006 0.00702 0.04530 0.11914 0.19619 0.23765 0.22645 0.16818 ( 6)  0.420
 168 K   0.00000 0.00058 0.00848 0.04091 0.11113 0.20914 0.29946 0.33030 ( 8)  0.519
 169 T   0.21476 0.34116 0.23640 0.12270 0.05414 0.02129 0.00747 0.00208 ( 2)  0.112
 170 M   0.00004 0.00483 0.03609 0.10794 0.19697 0.25466 0.24323 0.15624 ( 6)  0.424
 171 S   0.00000 0.00006 0.00166 0.01243 0.04968 0.13612 0.28923 0.51082 ( 8)  0.590
 172 Q   0.00961 0.08690 0.17731 0.22150 0.20879 0.15850 0.09646 0.04093 ( 4)  0.277
 173 A   0.00046 0.03483 0.13947 0.22586 0.23320 0.18412 0.12004 0.06203 ( 5)  0.314
 174 L   0.47388 0.27255 0.14130 0.06721 0.02920 0.01133 0.00370 0.00082 ( 1)  0.075
 175 A   0.00001 0.00112 0.01028 0.04055 0.10293 0.19460 0.29333 0.35718 ( 8)  0.527
 176 R   0.00000 0.00171 0.01871 0.06952 0.15034 0.23147 0.27587 0.25238 ( 7)  0.477
 177 A   0.12049 0.25160 0.23935 0.17478 0.10975 0.06143 0.03048 0.01211 ( 2)  0.167
 178 K   0.67032 0.23339 0.07014 0.01941 0.00509 0.00128 0.00030 0.00006 ( 1)  0.043
 179 Q   0.00000 0.00005 0.00110 0.00827 0.03580 0.11036 0.27050 0.57392 ( 8)  0.611
 180 H   0.00000 0.00049 0.00935 0.04813 0.12758 0.22435 0.29448 0.29562 ( 8)  0.503
 181 M   0.23740 0.36806 0.23764 0.10723 0.03730 0.01011 0.00203 0.00024 ( 2)  0.098
 182 R   0.02788 0.10048 0.16122 0.19129 0.18786 0.15803 0.11262 0.06062 ( 4)  0.286
 183 Q   0.00000 0.00136 0.01574 0.06092 0.13642 0.21877 0.27812 0.28867 ( 8)  0.494
 184 D   0.00000 0.00005 0.00143 0.01141 0.04737 0.13257 0.28595 0.52121 ( 8)  0.594
 185 I   0.64101 0.24249 0.08069 0.02520 0.00761 0.00224 0.00063 0.00014 ( 1)  0.047
 186 A   0.00000 0.00002 0.00077 0.00806 0.03982 0.12474 0.28774 0.53886 ( 8)  0.602
 187 F   0.00000 0.00000 0.00013 0.00223 0.01659 0.07440 0.24185 0.66480 ( 8)  0.641
 188 Y   0.12994 0.26121 0.24210 0.17326 0.10559 0.05566 0.02456 0.00769 ( 2)  0.158
 189 T   0.60973 0.25350 0.09232 0.03092 0.00971 0.00287 0.00078 0.00017 ( 1)  0.051
 190 S   0.00000 0.00002 0.00104 0.01013 0.04739 0.14065 0.30240 0.49836 ( 8)  0.589
 191 Q   0.00018 0.01632 0.08279 0.17115 0.22427 0.22073 0.17510 0.10947 ( 5)  0.369
 192 A   0.21919 0.34642 0.23709 0.12018 0.05092 0.01878 0.00598 0.00144 ( 2)  0.109
 193 L   0.00488 0.05027 0.12165 0.18386 0.21149 0.19710 0.14904 0.08170 ( 5)  0.332
 194 N   0.00212 0.05753 0.16554 0.23215 0.22351 0.16821 0.10313 0.04780 ( 4)  0.292
 195 M   0.00598 0.06036 0.13628 0.18999 0.20441 0.18325 0.13858 0.08116 ( 5)  0.323
 196 F   0.62286 0.25449 0.08767 0.02628 0.00686 0.00153 0.00027 0.00003 ( 1)  0.048
 197 T   0.02395 0.16666 0.25331 0.23351 0.16373 0.09495 0.04644 0.01745 ( 3)  0.214
 198 -   0.40260 0.25013 0.14781 0.08647 0.05128 0.03117 0.01923 0.01131 ( 1)  0.106
 199 -   0.00134 0.01625 0.04745 0.09033 0.13918 0.18895 0.23613 0.28038 ( 8)  0.466
 200 G   0.00001 0.00124 0.01169 0.04404 0.10509 0.19042 0.28497 0.36254 ( 8)  0.526
 201 N   0.00828 0.06144 0.11974 0.16128 0.18090 0.18040 0.16243 0.12553 ( 5)  0.351
 202 L   0.00002 0.00340 0.03007 0.10009 0.19361 0.25626 0.24718 0.16937 ( 6)  0.433
 203 P   0.54688 0.27121 0.11692 0.04466 0.01498 0.00427 0.00095 0.00013 ( 1)  0.059
 204 S   0.01517 0.12228 0.21915 0.23828 0.19375 0.12545 0.06401 0.02191 ( 4)  0.240
 205 L   0.12971 0.26770 0.24795 0.17294 0.10131 0.05132 0.02207 0.00701 ( 2)  0.154
 206 S   0.00000 0.00043 0.00627 0.03116 0.09000 0.18503 0.29751 0.38960 ( 8)  0.543
 207 S   0.01195 0.09909 0.18673 0.21909 0.19823 0.14842 0.09268 0.04380 ( 4)  0.272
 208 N   0.04157 0.24598 0.30151 0.21691 0.11682 0.05193 0.01961 0.00568 ( 3)  0.169
 209 K   0.67032 0.23339 0.07014 0.01941 0.00509 0.00128 0.00030 0.00006 ( 1)  0.043
 210 Y   0.00000 0.00053 0.00935 0.04570 0.11874 0.21203 0.29262 0.32103 ( 8)  0.513
 211 A   0.00070 0.02323 0.08688 0.16365 0.21419 0.21876 0.18048 0.11211 ( 6)  0.369
 212 I   0.03751 0.20862 0.26037 0.20966 0.13864 0.08182 0.04372 0.01966 ( 3)  0.201
 213 N   0.06532 0.29911 0.29527 0.18295 0.09203 0.04168 0.01746 0.00617 ( 2)  0.154
 214 D   0.00005 0.00554 0.03575 0.09595 0.16620 0.22073 0.24416 0.23161 ( 7)  0.454
 215 Y   0.44062 0.26770 0.14963 0.07833 0.03826 0.01708 0.00659 0.00180 ( 1)  0.084
 216 N   0.69514 0.22230 0.06147 0.01588 0.00397 0.00097 0.00023 0.00004 ( 1)  0.041
 217 V   0.00000 0.00031 0.00585 0.03123 0.09044 0.18358 0.29461 0.39398 ( 8)  0.544
 218 Y   0.16694 0.31121 0.25380 0.15197 0.07417 0.03010 0.00976 0.00204 ( 2)  0.128
 219 T   0.00361 0.08454 0.21203 0.25911 0.21431 0.13512 0.06715 0.02413 ( 4)  0.254
 220 R   0.08059 0.20004 0.22812 0.19770 0.14368 0.08905 0.04527 0.01554 ( 3)  0.196
 221 A   0.15566 0.30419 0.25857 0.15945 0.07881 0.03166 0.00982 0.00184 ( 2)  0.131
 222 M   0.17018 0.33293 0.26658 0.14581 0.06030 0.01914 0.00445 0.00060 ( 2)  0.118
 223 V   0.00224 0.05671 0.15847 0.22276 0.21978 0.17234 0.11178 0.05592 ( 4)  0.300
 224 L   0.06054 0.16196 0.20244 0.19529 0.16081 0.11567 0.07099 0.03229 ( 3)  0.231
 225 N   0.24373 0.35348 0.22477 0.10866 0.04535 0.01699 0.00561 0.00140 ( 2)  0.104
 226 G   0.01471 0.11756 0.21004 0.23010 0.19188 0.13110 0.07396 0.03065 ( 4)  0.250
 227 L   0.46235 0.27076 0.14403 0.07097 0.03236 0.01343 0.00484 0.00127 ( 1)  0.078
 228 D   0.70573 0.21947 0.05743 0.01358 0.00300 0.00063 0.00012 0.00002 ( 1)  0.039
 229 I   0.00003 0.00412 0.03022 0.09242 0.17599 0.24121 0.25343 0.20257 ( 7)  0.447
 230 V   0.18051 0.31283 0.24136 0.14181 0.07185 0.03291 0.01378 0.00496 ( 2)  0.129
 231 A   0.59137 0.25998 0.09948 0.03439 0.01083 0.00308 0.00075 0.00013 ( 1)  0.053
 232 T   0.01899 0.14810 0.24403 0.23780 0.17371 0.10430 0.05270 0.02037 ( 3)  0.224
 233 W   0.25648 0.21374 0.17103 0.13167 0.09690 0.06709 0.04210 0.02099 ( 1)  0.160


lnL = -4181.584255

