Supplemental results for CODEML (seqf: algn  treef: tree)


dN/dS (w) for site classes (K=8)

p:   0.12500  0.12500  0.12500  0.12500  0.12500  0.12500  0.12500  0.12500
w:   0.02333  0.06110  0.09925  0.14076  0.18832  0.24627  0.32457  0.46340

Naive Empirical Bayes (NEB) probabilities for 8 classes & postmean_w
(amino acids refer to 1st sequence: BT_Cry1A-like)

   1 E   0.00505 0.05036 0.11997 0.18225 0.21455 0.20554 0.15434 0.06795 ( 5)  0.213
   2 F   0.48126 0.25758 0.13819 0.07092 0.03349 0.01370 0.00425 0.00060 ( 1)  0.062
   3 V   0.02793 0.11251 0.17510 0.20042 0.19062 0.15386 0.10020 0.03937 ( 4)  0.178
   4 P   0.08277 0.15516 0.18013 0.17765 0.15722 0.12481 0.08444 0.03782 ( 3)  0.160
   5 G   0.00375 0.03960 0.10004 0.16191 0.20480 0.21387 0.17995 0.09608 ( 6)  0.229
   6 A   0.02574 0.10651 0.16976 0.19874 0.19315 0.15909 0.10542 0.04159 ( 4)  0.181
   7 G   0.10877 0.18708 0.19950 0.17979 0.14391 0.10149 0.05894 0.02052 ( 3)  0.140
   8 F   0.04833 0.16758 0.22389 0.21691 0.17039 0.10899 0.05198 0.01193 ( 3)  0.145
   9 V   0.00014 0.00446 0.02111 0.05648 0.11353 0.19045 0.27714 0.33669 ( 8)  0.325
  10 L   0.00161 0.01913 0.05492 0.10295 0.15544 0.20353 0.23581 0.22661 ( 7)  0.282
  11 G   0.43080 0.25523 0.15131 0.08627 0.04574 0.02139 0.00785 0.00142 ( 1)  0.070
  12 L   0.33796 0.23673 0.16590 0.11320 0.07350 0.04380 0.02208 0.00684 ( 1)  0.090
  13 V   0.00001 0.00088 0.00774 0.03101 0.08357 0.17492 0.30019 0.40168 ( 8)  0.348
  14 D   0.00936 0.08089 0.16744 0.21921 0.21881 0.17283 0.10142 0.03003 ( 4)  0.183
  15 I   0.00002 0.00157 0.01112 0.03860 0.09376 0.18173 0.29473 0.37847 ( 8)  0.340
  16 I   0.20840 0.27230 0.22150 0.14990 0.08737 0.04255 0.01543 0.00254 ( 2)  0.098
  17 W   0.23703 0.19705 0.16356 0.13359 0.10599 0.07999 0.05475 0.02803 ( 1)  0.123
  18 G   0.10739 0.18514 0.19810 0.17937 0.14453 0.10293 0.06071 0.02185 ( 3)  0.141
  19 I   0.00048 0.01288 0.05089 0.11215 0.18124 0.23438 0.24242 0.16555 ( 7)  0.269
  20 F   0.00452 0.04559 0.11030 0.17110 0.20734 0.20732 0.16717 0.08667 ( 5)  0.222
  21 G   0.02742 0.11160 0.17500 0.20138 0.19205 0.15480 0.09987 0.03787 ( 4)  0.177
  22 P   0.01084 0.05416 0.10404 0.14864 0.18054 0.19368 0.18111 0.12698 ( 6)  0.234
  23 S   0.01757 0.07652 0.13394 0.17458 0.19173 0.18251 0.14564 0.07750 ( 5)  0.207
  24 Q   0.01668 0.07681 0.13585 0.17727 0.19391 0.18290 0.14342 0.07318 ( 5)  0.206
  25 W   0.04456 0.09719 0.13128 0.15238 0.16210 0.16042 0.14523 0.10685 ( 5)  0.208
  26 -   0.12500 0.12500 0.12500 0.12500 0.12500 0.12500 0.12500 0.12500 ( 4)  0.193
  27 D   0.13837 0.21728 0.21216 0.17447 0.12645 0.07965 0.04025 0.01138 ( 2)  0.124
  28 A   0.00041 0.01129 0.04581 0.10384 0.17313 0.23205 0.25079 0.18268 ( 7)  0.276
  29 F   0.51592 0.25691 0.12809 0.06066 0.02610 0.00953 0.00253 0.00027 ( 1)  0.057
  30 L   0.13362 0.21212 0.20965 0.17495 0.12917 0.08342 0.04376 0.01330 ( 2)  0.127
  31 V   0.00030 0.00863 0.03685 0.08813 0.15594 0.22402 0.26447 0.22167 ( 7)  0.290
  32 Q   0.37086 0.24610 0.16301 0.10440 0.06289 0.03409 0.01503 0.00361 ( 1)  0.081
  33 I   0.19991 0.26723 0.22213 0.15364 0.09158 0.04567 0.01698 0.00286 ( 2)  0.100
  34 E   0.44924 0.25639 0.14668 0.08064 0.04113 0.01843 0.00642 0.00108 ( 1)  0.067
  35 Q   0.06580 0.13110 0.16182 0.17050 0.16264 0.14127 0.10771 0.05916 ( 4)  0.177
  36 L   0.33164 0.23496 0.16648 0.11491 0.07554 0.04565 0.02341 0.00742 ( 1)  0.091
  37 I   0.52103 0.25580 0.12620 0.05934 0.02547 0.00934 0.00253 0.00029 ( 1)  0.057
  38 N   0.00011 0.00366 0.01807 0.05039 0.10568 0.18521 0.28177 0.35511 ( 8)  0.331
  39 Q   0.36715 0.24524 0.16352 0.10548 0.06405 0.03505 0.01566 0.00385 ( 1)  0.082
  40 R   0.14631 0.22615 0.21658 0.17372 0.12176 0.07311 0.03421 0.00817 ( 2)  0.119
  41 I   0.50478 0.25696 0.13127 0.06399 0.02855 0.01094 0.00312 0.00038 ( 1)  0.059
  42 -   0.12500 0.12500 0.12500 0.12500 0.12500 0.12500 0.12500 0.12500 ( 4)  0.193
  43 E   0.14596 0.22479 0.21510 0.17293 0.12201 0.07427 0.03574 0.00919 ( 2)  0.120
  44 N   0.04343 0.15558 0.21485 0.21574 0.17649 0.11849 0.06016 0.01526 ( 4)  0.151
  45 S   0.00135 0.01719 0.05214 0.10224 0.15961 0.21262 0.24329 0.21156 ( 7)  0.280
  46 L   0.00629 0.06005 0.13694 0.19816 0.22030 0.19639 0.13329 0.04858 ( 5)  0.201
  47 G   0.07769 0.14807 0.17488 0.17579 0.15906 0.12977 0.09114 0.04360 ( 4)  0.165
  48 T   0.09678 0.17224 0.19038 0.17863 0.14997 0.11231 0.07091 0.02878 ( 3)  0.149
  49 K   0.00117 0.01518 0.04696 0.09418 0.15100 0.20799 0.24910 0.23443 ( 7)  0.288
  50 P   0.11308 0.19160 0.20147 0.17903 0.14126 0.09815 0.05612 0.01929 ( 3)  0.137
  51 F   0.21385 0.27558 0.22118 0.14758 0.08469 0.04051 0.01435 0.00227 ( 2)  0.096
  52 L   0.12500 0.12500 0.12500 0.12500 0.12500 0.12500 0.12500 0.12500 ( 4)  0.193
  53 D   0.12500 0.12500 0.12500 0.12500 0.12500 0.12500 0.12500 0.12500 ( 4)  0.193
  54 W   0.12500 0.12500 0.12500 0.12500 0.12500 0.12500 0.12500 0.12500 ( 4)  0.193
  55 K   0.00004 0.00171 0.01039 0.03458 0.08460 0.17000 0.29214 0.40654 ( 8)  0.347
  56 A   0.00038 0.01072 0.04445 0.10268 0.17391 0.23563 0.25459 0.17763 ( 7)  0.275
  57 K   0.01312 0.06273 0.11565 0.15853 0.18442 0.18884 0.16741 0.10930 ( 6)  0.224
  58 Q   0.03419 0.13125 0.19421 0.21000 0.18672 0.13843 0.08001 0.02519 ( 4)  0.165
  59 -   0.12500 0.12500 0.12500 0.12500 0.12500 0.12500 0.12500 0.12500 ( 4)  0.193
  60 S   0.01690 0.07704 0.13526 0.17566 0.19185 0.18161 0.14440 0.07728 ( 5)  0.207
  61 L   0.00780 0.04346 0.09078 0.13906 0.17921 0.20216 0.19681 0.14072 ( 6)  0.244
  62 S   0.00002 0.00098 0.00586 0.01996 0.05224 0.11864 0.25204 0.55026 ( 8)  0.379
  63 N   0.00648 0.06136 0.13878 0.19927 0.21992 0.19474 0.13147 0.04796 ( 5)  0.200
  64 L   0.00357 0.03776 0.09586 0.15651 0.20068 0.21395 0.18602 0.10565 ( 6)  0.234
  65 R   0.02364 0.09994 0.16272 0.19479 0.19404 0.16448 0.11307 0.04732 ( 4)  0.186
  66 R   0.00000 0.00004 0.00065 0.00421 0.01827 0.06430 0.20608 0.70644 ( 8)  0.414
  67 I   0.00493 0.04940 0.11836 0.18090 0.21432 0.20671 0.15628 0.06909 ( 5)  0.214
  68 -   0.30297 0.22509 0.16733 0.12167 0.08489 0.05515 0.03117 0.01173 ( 1)  0.100
  69 -   0.00031 0.00896 0.03802 0.09034 0.15860 0.22563 0.26282 0.21532 ( 7)  0.288
  70 -   0.00000 0.00023 0.00275 0.01420 0.04823 0.12724 0.28155 0.52581 ( 8)  0.378
  71 -   0.00229 0.02645 0.07296 0.12977 0.18260 0.21662 0.21572 0.15360 ( 6)  0.256
  72 F   0.52590 0.25619 0.12495 0.05779 0.02421 0.00856 0.00218 0.00021 ( 1)  0.056
  73 R   0.00014 0.00440 0.02076 0.05550 0.11187 0.18888 0.27776 0.34069 ( 8)  0.326
  74 E   0.00001 0.00063 0.00508 0.02024 0.05735 0.13320 0.27255 0.51095 ( 8)  0.372
  75 W   0.23703 0.19705 0.16356 0.13359 0.10599 0.07999 0.05475 0.02803 ( 1)  0.123
  76 E   0.49109 0.25754 0.13542 0.06801 0.03133 0.01244 0.00370 0.00048 ( 1)  0.061
  77 A   0.00000 0.00007 0.00131 0.00866 0.03528 0.10775 0.27100 0.57592 ( 8)  0.389
  78 D   0.05563 0.18409 0.23491 0.21675 0.16123 0.09666 0.04233 0.00840 ( 3)  0.138
  79 P   0.40592 0.25274 0.15708 0.09395 0.05238 0.02587 0.01009 0.00196 ( 1)  0.074
  80 T   0.00521 0.05191 0.12333 0.18638 0.21745 0.20511 0.14957 0.06103 ( 5)  0.210
  81 N   0.22246 0.28161 0.22145 0.14411 0.08006 0.03660 0.01207 0.00164 ( 2)  0.093
  82 P   0.39386 0.25086 0.15943 0.09762 0.05586 0.02844 0.01153 0.00240 ( 1)  0.076
  83 A   0.14618 0.22576 0.21620 0.17353 0.12184 0.07343 0.03462 0.00844 ( 2)  0.119
  84 L   0.35769 0.24213 0.16399 0.10787 0.06720 0.03811 0.01800 0.00499 ( 1)  0.085
  85 R   0.00028 0.00819 0.03535 0.08553 0.15320 0.22304 0.26718 0.22723 ( 7)  0.292
  86 E   0.19597 0.26460 0.22213 0.15526 0.09365 0.04736 0.01793 0.00311 ( 2)  0.101
  87 E   0.09369 0.16900 0.18901 0.17926 0.15197 0.11477 0.07287 0.02943 ( 3)  0.151
  88 M   0.10361 0.18837 0.20659 0.18740 0.14764 0.09951 0.05250 0.01438 ( 3)  0.137
  89 R   0.40630 0.25292 0.15710 0.09386 0.05223 0.02571 0.00997 0.00191 ( 1)  0.074
  90 I   0.00459 0.04644 0.11263 0.17472 0.21095 0.20868 0.16385 0.07814 ( 5)  0.219
  91 Q   0.36720 0.24523 0.16349 0.10546 0.06404 0.03506 0.01567 0.00385 ( 1)  0.082
  92 F   0.41367 0.25310 0.15497 0.09148 0.05045 0.02474 0.00966 0.00195 ( 1)  0.073
  93 N   0.18493 0.25858 0.22354 0.16033 0.09890 0.05092 0.01947 0.00332 ( 2)  0.104
  94 A   0.00042 0.00666 0.02460 0.05846 0.11122 0.18370 0.27121 0.34373 ( 8)  0.325
  95 R   0.00978 0.05592 0.11560 0.16998 0.20350 0.20403 0.16354 0.07765 ( 6)  0.217
  96 T   0.00195 0.02333 0.06644 0.12203 0.17744 0.21784 0.22495 0.16602 ( 7)  0.262
  97 S   0.17708 0.25254 0.22289 0.16354 0.10349 0.05487 0.02173 0.00387 ( 2)  0.107
  98 A   0.00019 0.00593 0.02701 0.06924 0.13235 0.20823 0.27639 0.28066 ( 8)  0.309
  99 L   0.13235 0.21225 0.21116 0.17669 0.13014 0.08313 0.04241 0.01187 ( 2)  0.126
 100 T   0.00037 0.01041 0.04327 0.10032 0.17080 0.23332 0.25587 0.18564 ( 7)  0.278
 101 T   0.00104 0.01376 0.04326 0.08827 0.14440 0.20383 0.25252 0.25292 ( 8)  0.294
 102 A   0.03512 0.13477 0.19864 0.21310 0.18688 0.13533 0.07494 0.02123 ( 4)  0.161
 103 I   0.51572 0.25629 0.12790 0.06084 0.02643 0.00982 0.00269 0.00031 ( 1)  0.057
 104 P   0.12323 0.20362 0.20830 0.17918 0.13575 0.08932 0.04702 0.01358 ( 3)  0.130
 105 L   0.15344 0.23254 0.21838 0.17154 0.11746 0.06862 0.03101 0.00700 ( 2)  0.116
 106 F   0.00005 0.00339 0.02139 0.06547 0.13793 0.22539 0.29164 0.25473 ( 7)  0.306
 107 A   0.00002 0.00171 0.01204 0.04147 0.09961 0.18972 0.29850 0.35693 ( 8)  0.335
 108 V   0.20859 0.27211 0.22121 0.14975 0.08741 0.04272 0.01560 0.00262 ( 2)  0.098
 109 Q   0.07812 0.15029 0.17818 0.17885 0.16053 0.12867 0.08720 0.03816 ( 4)  0.162
 110 N   0.00477 0.04909 0.11960 0.18438 0.21845 0.20833 0.15288 0.06251 ( 5)  0.212
 111 Y   0.16284 0.24018 0.21981 0.16817 0.11198 0.06343 0.02764 0.00594 ( 2)  0.112
 112 Q   0.00026 0.00769 0.03364 0.08247 0.14976 0.22131 0.26976 0.23512 ( 7)  0.295
 113 V   0.17515 0.24782 0.21893 0.16243 0.10544 0.05873 0.02563 0.00588 ( 2)  0.109
 114 P   0.01437 0.07034 0.13013 0.17580 0.19735 0.18923 0.14889 0.07388 ( 5)  0.209
 115 L   0.13239 0.20910 0.20693 0.17396 0.13027 0.08600 0.04657 0.01478 ( 2)  0.129
 116 L   0.35998 0.24199 0.16311 0.10699 0.06664 0.03794 0.01813 0.00521 ( 1)  0.085
 117 S   0.01117 0.05586 0.10714 0.15241 0.18367 0.19443 0.17754 0.11777 ( 6)  0.230
 118 V   0.45463 0.25657 0.14523 0.07899 0.03985 0.01765 0.00607 0.00101 ( 1)  0.066
 119 Y   0.16284 0.24018 0.21981 0.16817 0.11198 0.06343 0.02764 0.00594 ( 2)  0.112
 120 V   0.18438 0.25586 0.22105 0.15961 0.10007 0.05316 0.02159 0.00429 ( 2)  0.105
 121 Q   0.01585 0.07372 0.13173 0.17387 0.19274 0.18483 0.14830 0.07897 ( 5)  0.209
 122 A   0.03755 0.14045 0.20244 0.21280 0.18326 0.13077 0.07190 0.02083 ( 4)  0.159
 123 A   0.00448 0.04602 0.11280 0.17619 0.21331 0.21034 0.16281 0.07405 ( 5)  0.218
 124 N   0.00792 0.07135 0.15384 0.21023 0.21997 0.18346 0.11526 0.03795 ( 5)  0.191
 125 L   0.08615 0.15931 0.18261 0.17784 0.15536 0.12168 0.08118 0.03587 ( 3)  0.157
 126 M   0.00841 0.05123 0.10879 0.16270 0.19821 0.20416 0.17240 0.09411 ( 6)  0.224
 127 F   0.00144 0.01769 0.05214 0.10006 0.15425 0.20549 0.24052 0.22842 ( 7)  0.284
 128 S   0.33567 0.23634 0.16634 0.11393 0.07420 0.04430 0.02234 0.00687 ( 1)  0.090
 129 T   0.00002 0.00184 0.01273 0.04308 0.10174 0.19068 0.29599 0.35392 ( 8)  0.334
 130 -   0.00146 0.01348 0.03905 0.07831 0.12991 0.19064 0.25334 0.29382 ( 8)  0.306
 131 -   0.01839 0.08266 0.14285 0.18207 0.19425 0.17824 0.13535 0.06620 ( 5)  0.200
 132 -   0.17187 0.24668 0.22019 0.16445 0.10694 0.05920 0.02527 0.00539 ( 2)  0.110
 133 -   0.03513 0.13277 0.19411 0.20811 0.18432 0.13718 0.08091 0.02747 ( 4)  0.165
 134 -   0.00001 0.00046 0.00387 0.01609 0.04781 0.11755 0.25948 0.55473 ( 8)  0.382
 135 -   0.01260 0.06091 0.11339 0.15687 0.18412 0.19016 0.16998 0.11196 ( 6)  0.226
 136 -   0.00361 0.03856 0.09826 0.16027 0.20416 0.21464 0.18197 0.09853 ( 6)  0.231
 137 -   0.37933 0.24745 0.16136 0.10179 0.06041 0.03227 0.01404 0.00335 ( 1)  0.080
 138 -   0.00118 0.01533 0.04726 0.09447 0.15104 0.20756 0.24834 0.23482 ( 7)  0.288
 139 -   0.00172 0.01070 0.02681 0.05222 0.09091 0.14998 0.24464 0.42301 ( 8)  0.340
 140 -   0.00039 0.00584 0.02098 0.04944 0.09513 0.16309 0.26104 0.40409 ( 8)  0.339
 141 -   0.39699 0.25064 0.15826 0.09651 0.05517 0.02822 0.01164 0.00257 ( 1)  0.076
 142 -   0.12500 0.12500 0.12500 0.12500 0.12500 0.12500 0.12500 0.12500 ( 4)  0.193
 143 -   0.12500 0.12500 0.12500 0.12500 0.12500 0.12500 0.12500 0.12500 ( 4)  0.193
 144 -   0.12500 0.12500 0.12500 0.12500 0.12500 0.12500 0.12500 0.12500 ( 4)  0.193
 145 -   0.12500 0.12500 0.12500 0.12500 0.12500 0.12500 0.12500 0.12500 ( 4)  0.193
 146 -   0.12500 0.12500 0.12500 0.12500 0.12500 0.12500 0.12500 0.12500 ( 4)  0.193
 147 -   0.12500 0.12500 0.12500 0.12500 0.12500 0.12500 0.12500 0.12500 ( 4)  0.193
 148 -   0.12500 0.12500 0.12500 0.12500 0.12500 0.12500 0.12500 0.12500 ( 4)  0.193
 149 -   0.12500 0.12500 0.12500 0.12500 0.12500 0.12500 0.12500 0.12500 ( 4)  0.193
 150 -   0.03696 0.13874 0.20076 0.21200 0.18364 0.13214 0.07368 0.02210 ( 4)  0.160
 151 -   0.00494 0.04958 0.11888 0.18164 0.21489 0.20664 0.15540 0.06803 ( 5)  0.214
 152 -   0.12500 0.12500 0.12500 0.12500 0.12500 0.12500 0.12500 0.12500 ( 4)  0.193
 153 -   0.00000 0.00007 0.00099 0.00584 0.02324 0.07492 0.21895 0.67598 ( 8)  0.408
 154 -   0.00010 0.00338 0.01676 0.04703 0.09967 0.17763 0.27843 0.37699 ( 8)  0.336
 155 -   0.12481 0.20469 0.20816 0.17825 0.13466 0.08859 0.04691 0.01392 ( 3)  0.130
 156 -   0.00075 0.01029 0.03370 0.07203 0.12450 0.18854 0.25807 0.31212 ( 8)  0.312
 157 -   0.04783 0.16622 0.22272 0.21660 0.17101 0.11014 0.05307 0.01241 ( 3)  0.146
 158 -   0.00000 0.00008 0.00139 0.00911 0.03675 0.11094 0.27447 0.56727 ( 8)  0.388
 159 -   0.00147 0.01807 0.05334 0.10237 0.15744 0.20838 0.24035 0.21859 ( 7)  0.281
 160 -   0.02037 0.08939 0.15089 0.18760 0.19474 0.17308 0.12618 0.05775 ( 5)  0.194
 161 -   0.03027 0.12039 0.18420 0.20617 0.19032 0.14737 0.09009 0.03119 ( 4)  0.171
 162 -   0.04721 0.16428 0.22070 0.21561 0.17150 0.11186 0.05516 0.01367 ( 3)  0.147
 163 -   0.32856 0.23374 0.16642 0.11555 0.07655 0.04676 0.02439 0.00803 ( 1)  0.092
 164 -   0.15301 0.23190 0.21795 0.17148 0.11775 0.06912 0.03152 0.00728 ( 2)  0.116
 165 -   0.00096 0.01282 0.04076 0.08420 0.13973 0.20078 0.25479 0.26594 ( 8)  0.298
 166 -   0.00261 0.02976 0.08083 0.14090 0.19293 0.22006 0.20567 0.12723 ( 6)  0.246
 167 -   0.49619 0.25713 0.13377 0.06653 0.03038 0.01198 0.00355 0.00047 ( 1)  0.060
 168 -   0.00001 0.00054 0.00443 0.01797 0.05198 0.12404 0.26418 0.53684 ( 8)  0.378
 169 -   0.00000 0.00022 0.00216 0.01022 0.03432 0.09544 0.24094 0.61671 ( 8)  0.396
 170 -   0.14231 0.22185 0.21458 0.17426 0.12414 0.07627 0.03702 0.00958 ( 2)  0.121
 171 -   0.42344 0.25473 0.15317 0.08855 0.04760 0.02258 0.00839 0.00153 ( 1)  0.071
 172 -   0.20091 0.26729 0.22148 0.15297 0.09128 0.04576 0.01726 0.00304 ( 2)  0.100
 173 -   0.02605 0.10784 0.17171 0.20046 0.19380 0.15817 0.10304 0.03894 ( 4)  0.179
 174 -   0.00032 0.00906 0.03839 0.09105 0.15951 0.22628 0.26244 0.21296 ( 7)  0.287
 175 -   0.11760 0.19555 0.20235 0.17731 0.13827 0.09529 0.05445 0.01917 ( 3)  0.136
 176 -   0.00005 0.00187 0.01009 0.03096 0.07253 0.14568 0.26715 0.47167 ( 8)  0.360
 177 -   0.00430 0.02510 0.05631 0.09493 0.13883 0.18570 0.23166 0.26318 ( 8)  0.290
 178 -   0.28361 0.21765 0.16710 0.12576 0.09120 0.06203 0.03721 0.01545 ( 1)  0.106
 179 -   0.51102 0.25697 0.12951 0.06213 0.02717 0.01013 0.00277 0.00031 ( 1)  0.058
 180 -   0.00005 0.00195 0.01048 0.03207 0.07481 0.14918 0.27002 0.46143 ( 8)  0.358
 181 -   0.39301 0.24977 0.15885 0.09767 0.05640 0.02923 0.01227 0.00280 ( 1)  0.077
 182 -   0.33964 0.23727 0.16581 0.11278 0.07295 0.04327 0.02167 0.00662 ( 1)  0.089
 183 -   0.00000 0.00031 0.00347 0.01682 0.05385 0.13436 0.28241 0.50879 ( 8)  0.373
 184 -   0.01352 0.06495 0.11988 0.16384 0.18894 0.19001 0.16241 0.09644 ( 6)  0.219
 185 -   0.12007 0.19822 0.20365 0.17708 0.13689 0.09336 0.05262 0.01810 ( 3)  0.134
 186 -   0.00000 0.00032 0.00282 0.01230 0.03860 0.10128 0.24346 0.60120 ( 8)  0.392
 187 -   0.01825 0.08201 0.14174 0.18082 0.19337 0.17828 0.13673 0.06880 ( 5)  0.202
 188 -   0.00000 0.00006 0.00080 0.00487 0.02006 0.06729 0.20729 0.69962 ( 8)  0.413
 189 -   0.00002 0.00185 0.01273 0.04287 0.10077 0.18839 0.29336 0.36001 ( 8)  0.335
 190 -   0.00007 0.00232 0.01198 0.03529 0.07950 0.15350 0.26962 0.44772 ( 8)  0.354
 191 -   0.01798 0.04589 0.07262 0.10013 0.12972 0.16318 0.20418 0.26630 ( 8)  0.279
 192 -   0.00151 0.01867 0.05520 0.10573 0.16156 0.21118 0.23824 0.20791 ( 7)  0.278
 193 -   0.00024 0.00746 0.03393 0.08480 0.15457 0.22603 0.26861 0.22436 ( 7)  0.292
 194 -   0.22496 0.19067 0.16138 0.13463 0.10944 0.08507 0.06058 0.03327 ( 1)  0.129
 195 -   0.00041 0.01109 0.04493 0.10184 0.17019 0.22953 0.25158 0.19042 ( 7)  0.278
 196 -   0.01432 0.06801 0.12405 0.16741 0.19036 0.18827 0.15746 0.09012 ( 5)  0.215
 197 -   0.02607 0.10773 0.17131 0.19989 0.19335 0.15814 0.10362 0.03989 ( 4)  0.180
 198 -   0.19652 0.26503 0.22219 0.15505 0.09333 0.04707 0.01775 0.00306 ( 2)  0.101
 199 -   0.00587 0.03277 0.07023 0.11267 0.15559 0.19392 0.21955 0.20940 ( 7)  0.270
 200 -   0.46858 0.25757 0.14180 0.07473 0.03631 0.01534 0.00494 0.00073 ( 1)  0.064
 201 -   0.36601 0.24444 0.16321 0.10563 0.06454 0.03570 0.01627 0.00421 ( 1)  0.083
 202 -   0.40539 0.25243 0.15702 0.09408 0.05261 0.02613 0.01029 0.00206 ( 1)  0.074
 203 -   0.01753 0.07923 0.13792 0.17752 0.19205 0.17989 0.14132 0.07454 ( 5)  0.205
 204 -   0.07965 0.15021 0.17580 0.17529 0.15754 0.12793 0.08984 0.04375 ( 3)  0.164
 205 -   0.41334 0.25346 0.15533 0.09164 0.05040 0.02456 0.00945 0.00183 ( 1)  0.073
 206 -   0.12266 0.20194 0.20637 0.17791 0.13570 0.09061 0.04923 0.01559 ( 3)  0.132
 207 -   0.02201 0.09481 0.15711 0.19154 0.19459 0.16868 0.11919 0.05206 ( 5)  0.190
 208 -   0.43644 0.25487 0.14942 0.08449 0.04460 0.02090 0.00778 0.00150 ( 1)  0.069
 209 -   0.33733 0.23658 0.16598 0.11338 0.07370 0.04397 0.02219 0.00687 ( 1)  0.090
 210 -   0.52445 0.25575 0.12521 0.05832 0.02473 0.00893 0.00236 0.00026 ( 1)  0.056
 211 -   0.37358 0.24588 0.16192 0.10335 0.06225 0.03392 0.01522 0.00388 ( 1)  0.081
 212 -   0.03706 0.13798 0.19875 0.20975 0.18252 0.13300 0.07628 0.02466 ( 4)  0.162
 213 -   0.00184 0.02259 0.06572 0.12246 0.17953 0.22068 0.22583 0.16136 ( 7)  0.261
 214 -   0.10344 0.18101 0.19630 0.18002 0.14688 0.10592 0.06329 0.02313 ( 3)  0.143
 215 -   0.32448 0.23308 0.16728 0.11692 0.07785 0.04766 0.02477 0.00795 ( 1)  0.093
 216 -   0.00002 0.00075 0.00460 0.01610 0.04359 0.10372 0.23643 0.59478 ( 8)  0.389
 217 -   0.44779 0.25625 0.14702 0.08109 0.04151 0.01868 0.00655 0.00111 ( 1)  0.067


lnL = -4518.225333

