Supplemental results for CODEML (seqf: algn  treef: tree)


dN/dS (w) for site classes (K=9)

p:   0.12431  0.12431  0.12431  0.12431  0.12431  0.12431  0.12431  0.12431  0.00551
w:   0.00070  0.01856  0.08310  0.21454  0.41193  0.64478  0.85637  0.98310 21.91234

Naive Empirical Bayes (NEB) probabilities for 9 classes & postmean_w & P(w>1)
(amino acids refer to 1st sequence: BT_Cry7Ba1)

   1 -   0.12431 0.12431 0.12431 0.12431 0.12431 0.12431 0.12431 0.12431 0.00551 ( 4)  0.520  0.006
   2 -   0.00029 0.00754 0.03293 0.08073 0.14352 0.20534 0.25155 0.27524 0.00285 ( 8)  0.760  0.003
   3 -   0.14073 0.13993 0.13709 0.13150 0.12361 0.11502 0.10783 0.10379 0.00050 ( 1)  0.373  0.000
   4 -   0.15517 0.15346 0.14746 0.13610 0.12094 0.10563 0.09374 0.08742 0.00008 ( 1)  0.330  0.000
   5 -   0.00000 0.00003 0.00197 0.02322 0.09667 0.20968 0.30715 0.35779 0.00349 ( 8)  0.871  0.003
   6 S   0.00000 0.00126 0.02003 0.08580 0.17291 0.22727 0.24514 0.24748 0.00011 ( 8)  0.693  0.000
   7 K   0.00000 0.00114 0.02032 0.09413 0.18679 0.23035 0.23538 0.23163 0.00026 ( 7)  0.682  0.000
   8 I   0.00000 0.00311 0.04487 0.15755 0.23691 0.22285 0.18016 0.15454 0.00001 ( 5)  0.585  0.000
   9 L   0.22674 0.21340 0.17524 0.12847 0.09257 0.06782 0.05174 0.04401 0.00000 ( 1)  0.216  0.000
  10 K   0.00448 0.10279 0.28265 0.28928 0.16488 0.07944 0.04414 0.03233 0.00000 ( 4)  0.276  0.000
  11 E   0.00000 0.00002 0.00132 0.01789 0.08583 0.20570 0.31581 0.37287 0.00056 ( 8)  0.821  0.001
  12 I   0.32209 0.29076 0.20321 0.10377 0.04358 0.01895 0.01022 0.00741 0.00000 ( 1)  0.091  0.000
  13 L   0.25136 0.23472 0.18575 0.12317 0.07704 0.05219 0.04028 0.03548 0.00000 ( 1)  0.181  0.000
  14 D   0.00230 0.05596 0.18720 0.26598 0.21392 0.13062 0.08156 0.06246 0.00000 ( 4)  0.377  0.000
  15 Y   0.00000 0.00006 0.00437 0.04412 0.14534 0.24058 0.27956 0.28589 0.00008 ( 8)  0.747  0.000
  16 L   0.30134 0.27686 0.20534 0.11584 0.05353 0.02438 0.01320 0.00951 0.00000 ( 1)  0.106  0.000
  17 W   0.21552 0.20838 0.18458 0.14443 0.10035 0.06573 0.04502 0.03599 0.00000 ( 1)  0.208  0.000
  18 P   0.22641 0.21774 0.18929 0.14295 0.09474 0.05917 0.03906 0.03063 0.00000 ( 1)  0.191  0.000
  19 S   0.00000 0.00100 0.01666 0.07645 0.16384 0.22575 0.25352 0.26273 0.00006 ( 8)  0.708  0.000
  20 S   0.28832 0.26792 0.20636 0.12376 0.06040 0.02794 0.01484 0.01046 0.00000 ( 1)  0.115  0.000
  21 S   0.00090 0.02239 0.08281 0.15213 0.18867 0.19169 0.18371 0.17769 0.00001 ( 6)  0.574  0.000
  22 S   0.00000 0.00023 0.00434 0.02676 0.08777 0.18788 0.29403 0.36123 0.03776 ( 8)  1.598  0.038
  23 S   0.00000 0.00021 0.00413 0.02574 0.08601 0.18811 0.29988 0.37228 0.02364 ( 8)  1.303  0.024
  24 N   0.00001 0.00429 0.05713 0.17551 0.23253 0.20755 0.17116 0.15181 0.00002 ( 5)  0.568  0.000
  25 S   0.00129 0.03210 0.11753 0.20311 0.21814 0.17829 0.13587 0.11368 0.00000 ( 5)  0.487  0.000
  26 W   0.21552 0.20838 0.18458 0.14443 0.10035 0.06573 0.04502 0.03599 0.00000 ( 1)  0.208  0.000
  27 E   0.00000 0.00140 0.02106 0.08423 0.16699 0.22543 0.24849 0.25235 0.00003 ( 8)  0.696  0.000
  28 E   0.00264 0.06261 0.19443 0.25207 0.19759 0.12939 0.08903 0.07224 0.00000 ( 4)  0.384  0.000
  29 M   0.00106 0.02783 0.11666 0.22539 0.23997 0.17646 0.11945 0.09318 0.00000 ( 5)  0.465  0.000
  30 M   0.35009 0.31183 0.20615 0.09080 0.02830 0.00810 0.00298 0.00176 0.00000 ( 1)  0.064  0.000
  31 K   0.00000 0.00189 0.02875 0.11264 0.20079 0.22997 0.21957 0.20638 0.00000 ( 6)  0.649  0.000
  32 E   0.00000 0.00000 0.00053 0.01393 0.08653 0.21527 0.31852 0.36441 0.00082 ( 8)  0.826  0.001
  33 V   0.35078 0.30879 0.19800 0.08705 0.03134 0.01253 0.00665 0.00486 0.00000 ( 1)  0.073  0.000
  34 E   0.34467 0.30458 0.19840 0.09058 0.03438 0.01424 0.00761 0.00555 0.00000 ( 1)  0.077  0.000
  35 Y   0.00000 0.00119 0.01945 0.08403 0.16964 0.22690 0.24792 0.25083 0.00005 ( 8)  0.696  0.000
  36 L   0.27259 0.25589 0.20423 0.13083 0.06932 0.03443 0.01906 0.01364 0.00000 ( 1)  0.130  0.000
  37 I   0.35081 0.30936 0.19920 0.08747 0.03087 0.01189 0.00607 0.00434 0.00000 ( 1)  0.071  0.000
  38 D   0.00480 0.10977 0.29753 0.29423 0.15823 0.07128 0.03750 0.02666 0.00000 ( 3)  0.259  0.000
  39 K   0.00227 0.05494 0.18169 0.25767 0.21223 0.13503 0.08761 0.06856 0.00000 ( 4)  0.388  0.000
  40 K   0.36568 0.31770 0.19473 0.07898 0.02576 0.00935 0.00459 0.00321 0.00000 ( 1)  0.063  0.000
  41 I   0.37196 0.32139 0.19289 0.07494 0.02338 0.00838 0.00415 0.00292 0.00000 ( 1)  0.060  0.000
  42 E   0.00194 0.04627 0.14836 0.21071 0.19607 0.15740 0.12717 0.11208 0.00000 ( 4)  0.460  0.000
  43 E   0.34661 0.30654 0.19975 0.09012 0.03283 0.01283 0.00659 0.00472 0.00000 ( 1)  0.074  0.000
  44 Y   0.00000 0.00000 0.00005 0.00309 0.03868 0.16219 0.33800 0.45617 0.00182 ( 8)  0.899  0.002
  45 A   0.00182 0.04438 0.15054 0.22687 0.20927 0.15521 0.11519 0.09671 0.00000 ( 4)  0.442  0.000
  46 R   0.00001 0.00379 0.05282 0.17291 0.23872 0.21234 0.17081 0.14861 0.00000 ( 5)  0.569  0.000
  47 N   0.00000 0.00012 0.00395 0.03184 0.10633 0.20943 0.29962 0.34851 0.00020 ( 8)  0.790  0.000
  48 K   0.00000 0.00249 0.03595 0.12875 0.20830 0.22356 0.20750 0.19344 0.00001 ( 6)  0.629  0.000
  49 A   0.35213 0.31146 0.20187 0.08786 0.02905 0.00994 0.00458 0.00311 0.00000 ( 1)  0.067  0.000
  50 L   0.30654 0.28193 0.20911 0.11591 0.05017 0.02026 0.00965 0.00643 0.00000 ( 1)  0.096  0.000
  51 A   0.00000 0.00108 0.01749 0.07747 0.16423 0.22682 0.25284 0.25925 0.00081 ( 8)  0.721  0.001
  52 V   0.00000 0.00125 0.02064 0.08814 0.17030 0.22128 0.24458 0.25274 0.00107 ( 8)  0.715  0.001
  53 L   0.24938 0.23687 0.19720 0.13741 0.08212 0.04651 0.02870 0.02181 0.00000 ( 1)  0.160  0.000
  54 E   0.00000 0.00193 0.02929 0.11324 0.19814 0.22585 0.21959 0.21093 0.00103 ( 6)  0.672  0.001
  55 G   0.00000 0.00005 0.00399 0.04312 0.14712 0.24425 0.27967 0.28179 0.00001 ( 8)  0.744  0.000
  56 I   0.00001 0.00387 0.05408 0.17857 0.24742 0.21485 0.16413 0.13706 0.00000 ( 5)  0.559  0.000
  57 G   0.32396 0.29424 0.20880 0.10628 0.04103 0.01485 0.00658 0.00426 0.00000 ( 1)  0.082  0.000
  58 N   0.00000 0.00010 0.00660 0.06048 0.17405 0.25009 0.25943 0.24925 0.00001 ( 7)  0.714  0.000
  59 A   0.26077 0.24534 0.19801 0.13153 0.07554 0.04227 0.02632 0.02021 0.00000 ( 1)  0.150  0.000
  60 V   0.00186 0.04500 0.14980 0.22006 0.20111 0.15353 0.12104 0.10685 0.00074 ( 4)  0.467  0.001
  61 E   0.00001 0.00346 0.04826 0.16037 0.23017 0.21584 0.18100 0.16080 0.00009 ( 5)  0.588  0.000
  62 S   0.00000 0.00071 0.01211 0.05907 0.14172 0.22081 0.26975 0.29027 0.00555 ( 8)  0.853  0.006
  63 Y   0.31865 0.28967 0.20674 0.10784 0.04447 0.01789 0.00876 0.00598 0.00000 ( 1)  0.089  0.000
  64 Y   0.00000 0.00255 0.03761 0.13817 0.22281 0.22728 0.19664 0.17493 0.00000 ( 6)  0.612  0.000
  65 S   0.00000 0.00221 0.03259 0.12118 0.20485 0.22663 0.21310 0.19943 0.00000 ( 6)  0.638  0.000
  66 A   0.35213 0.31146 0.20187 0.08786 0.02905 0.00994 0.00458 0.00311 0.00000 ( 1)  0.067  0.000
  67 L   0.00255 0.06130 0.19761 0.26801 0.20914 0.12579 0.07728 0.05833 0.00000 ( 4)  0.366  0.000
  68 E   0.00304 0.07079 0.20822 0.25178 0.19007 0.12354 0.08449 0.06807 0.00000 ( 4)  0.370  0.000
  69 A   0.00090 0.02190 0.07758 0.14078 0.18427 0.19770 0.19207 0.18478 0.00003 ( 6)  0.587  0.000
  70 W   0.21552 0.20838 0.18458 0.14443 0.10035 0.06573 0.04502 0.03599 0.00000 ( 1)  0.208  0.000
  71 E   0.00324 0.07644 0.23108 0.27964 0.19209 0.10607 0.06347 0.04798 0.00000 ( 4)  0.330  0.000
  72 -   0.00000 0.00132 0.02106 0.08987 0.17923 0.23011 0.24055 0.23764 0.00022 ( 7)  0.688  0.000
  73 L   0.00000 0.00002 0.00202 0.02623 0.11124 0.22666 0.30284 0.33097 0.00002 ( 8)  0.783  0.000
  74 E   0.00000 0.00070 0.01195 0.05840 0.14000 0.21924 0.27226 0.29729 0.00016 ( 8)  0.741  0.000
  75 S   0.00000 0.00000 0.00065 0.01469 0.08261 0.20541 0.31868 0.37784 0.00011 ( 8)  0.817  0.000
  76 S   0.00000 0.00004 0.00264 0.02871 0.10905 0.21787 0.30077 0.33977 0.00115 ( 8)  0.809  0.001
  77 E   0.00000 0.00001 0.00098 0.01545 0.08251 0.20677 0.31929 0.37487 0.00013 ( 8)  0.815  0.000
  78 R   0.00000 0.00082 0.01403 0.06788 0.15742 0.22998 0.26133 0.26848 0.00006 ( 8)  0.718  0.000
  79 S   0.33984 0.30533 0.20817 0.09739 0.03292 0.01014 0.00389 0.00232 0.00000 ( 1)  0.070  0.000
  80 L   0.00000 0.00219 0.03295 0.12596 0.21456 0.23065 0.20673 0.18695 0.00000 ( 6)  0.628  0.000
  81 E   0.00000 0.00012 0.00377 0.03158 0.11015 0.21643 0.29928 0.33847 0.00021 ( 8)  0.786  0.000
  82 L   0.00000 0.00113 0.01801 0.07761 0.15999 0.21933 0.24867 0.25983 0.01542 ( 8)  1.032  0.015
  83 V   0.35078 0.30879 0.19800 0.08705 0.03134 0.01253 0.00665 0.00486 0.00000 ( 1)  0.073  0.000
  84 L   0.00000 0.00002 0.00133 0.01701 0.08137 0.20067 0.31747 0.38154 0.00059 ( 8)  0.827  0.001
  85 E   0.00000 0.00012 0.00716 0.05518 0.14271 0.21889 0.26910 0.29400 0.01283 ( 8)  1.013  0.013
  86 R   0.28847 0.26743 0.20450 0.12161 0.05978 0.02900 0.01670 0.01252 0.00000 ( 1)  0.118  0.000
  87 Y   0.00218 0.05273 0.17386 0.24816 0.21122 0.14144 0.09512 0.07528 0.00000 ( 4)  0.402  0.000
  88 Q   0.00000 0.00000 0.00000 0.00000 0.00002 0.00030 0.00150 0.00318 0.99500 ( 9) 21.807  0.995
  89 F   0.00000 0.00007 0.00490 0.04692 0.14739 0.23869 0.27719 0.28479 0.00006 ( 8)  0.744  0.000
  90 A   0.25604 0.24236 0.19929 0.13553 0.07834 0.04295 0.02594 0.01954 0.00000 ( 1)  0.152  0.000
  91 V   0.00000 0.00122 0.01830 0.07348 0.15009 0.21719 0.26030 0.27932 0.00009 ( 8)  0.719  0.000
  92 Q   0.00213 0.05172 0.17288 0.25154 0.21569 0.14190 0.09250 0.07164 0.00000 ( 4)  0.399  0.000
  93 F   0.00000 0.00136 0.02241 0.09941 0.19783 0.23865 0.22826 0.21207 0.00000 ( 6)  0.663  0.000
  94 A   0.00000 0.00314 0.04559 0.16078 0.24118 0.22339 0.17664 0.14926 0.00001 ( 5)  0.580  0.000
  95 R   0.28178 0.26038 0.19808 0.11991 0.06379 0.03522 0.02274 0.01810 0.00000 ( 1)  0.133  0.000
  96 S   0.00000 0.00126 0.02010 0.08568 0.17169 0.22525 0.24501 0.25030 0.00070 ( 8)  0.707  0.001
  97 S   0.00000 0.00000 0.00028 0.00842 0.06321 0.19144 0.32860 0.40521 0.00284 ( 8)  0.893  0.003
  98 M   0.35009 0.31183 0.20615 0.09080 0.02830 0.00810 0.00298 0.00176 0.00000 ( 1)  0.064  0.000
  99 P   0.00000 0.00109 0.01812 0.08397 0.18210 0.24054 0.24339 0.23079 0.00000 ( 7)  0.685  0.000
 100 S   0.00000 0.00125 0.02005 0.08579 0.17154 0.22463 0.24521 0.25148 0.00004 ( 8)  0.694  0.000
 101 F   0.33203 0.29871 0.20542 0.09983 0.03783 0.01441 0.00698 0.00479 0.00000 ( 1)  0.080  0.000
 102 A   0.00000 0.00076 0.01276 0.06121 0.14441 0.22219 0.26942 0.28902 0.00023 ( 8)  0.737  0.000
 103 I   0.00000 0.00072 0.01168 0.05419 0.13076 0.21481 0.27803 0.30932 0.00049 ( 8)  0.758  0.000
 104 I   0.00000 0.00000 0.00093 0.01967 0.09838 0.21565 0.30902 0.35571 0.00063 ( 8)  0.812  0.001
 105 N   0.00000 0.00133 0.02022 0.08316 0.17025 0.23039 0.24799 0.24663 0.00001 ( 7)  0.693  0.000
 106 Y   0.00263 0.06293 0.20062 0.26756 0.20638 0.12438 0.07706 0.05844 0.00000 ( 4)  0.364  0.000
 107 E   0.36695 0.31810 0.19366 0.07802 0.02562 0.00950 0.00477 0.00337 0.00000 ( 1)  0.063  0.000
 108 I   0.34377 0.30519 0.20106 0.09179 0.03358 0.01312 0.00671 0.00478 0.00000 ( 1)  0.075  0.000
 109 P   0.23026 0.22072 0.18979 0.14083 0.09196 0.05740 0.03845 0.03060 0.00000 ( 1)  0.188  0.000
 110 L   0.25733 0.23883 0.18619 0.12286 0.07747 0.05086 0.03636 0.03010 0.00000 ( 1)  0.172  0.000
 111 L   0.29240 0.27021 0.20455 0.11995 0.05827 0.02778 0.01550 0.01133 0.00000 ( 1)  0.114  0.000
 112 A   0.35213 0.31146 0.20187 0.08786 0.02905 0.00994 0.00458 0.00311 0.00000 ( 1)  0.067  0.000
 113 T   0.34912 0.30982 0.20306 0.08998 0.03011 0.01021 0.00461 0.00309 0.00000 ( 1)  0.068  0.000
 114 Y   0.31865 0.28967 0.20674 0.10784 0.04447 0.01789 0.00876 0.00598 0.00000 ( 1)  0.089  0.000
 115 A   0.33865 0.30292 0.20437 0.09614 0.03500 0.01280 0.00602 0.00409 0.00000 ( 1)  0.075  0.000
 116 N   0.00001 0.00495 0.06728 0.20863 0.26202 0.20318 0.14146 0.11246 0.00000 ( 5)  0.521  0.000
 117 A   0.32453 0.29406 0.20720 0.10485 0.04110 0.01570 0.00748 0.00508 0.00000 ( 1)  0.084  0.000
 118 A   0.33176 0.29857 0.20565 0.10025 0.03793 0.01428 0.00685 0.00470 0.00000 ( 1)  0.080  0.000
 119 N   0.37411 0.32353 0.19426 0.07429 0.02169 0.00694 0.00311 0.00208 0.00000 ( 1)  0.056  0.000
 120 V   0.00192 0.04685 0.15867 0.23722 0.21314 0.15028 0.10576 0.08616 0.00000 ( 4)  0.425  0.000
 121 H   0.34399 0.30769 0.20662 0.09427 0.03131 0.00979 0.00392 0.00241 0.00000 ( 1)  0.068  0.000
 122 L   0.28963 0.26792 0.20366 0.12065 0.05974 0.02925 0.01674 0.01242 0.00000 ( 1)  0.118  0.000
 123 L   0.00262 0.06299 0.20314 0.27434 0.21031 0.12208 0.07185 0.05267 0.00000 ( 4)  0.356  0.000
 124 L   0.29627 0.27297 0.20453 0.11773 0.05605 0.02650 0.01492 0.01103 0.00000 ( 1)  0.111  0.000
 125 M   0.00367 0.08624 0.25700 0.29831 0.18700 0.08957 0.04627 0.03195 0.00000 ( 4)  0.293  0.000
 126 R   0.00368 0.08612 0.25393 0.29250 0.18622 0.09281 0.04976 0.03498 0.00000 ( 4)  0.299  0.000
 127 D   0.37641 0.32454 0.19294 0.07276 0.02117 0.00689 0.00316 0.00214 0.00000 ( 1)  0.056  0.000
 128 I   0.00000 0.00014 0.00830 0.06858 0.17918 0.24525 0.25312 0.24520 0.00024 ( 7)  0.710  0.000
 129 Q   0.32112 0.29234 0.20913 0.10801 0.04243 0.01556 0.00693 0.00448 0.00000 ( 1)  0.084  0.000
 130 I   0.35972 0.31484 0.19737 0.08232 0.02722 0.00996 0.00499 0.00356 0.00000 ( 1)  0.066  0.000
 131 Y   0.25700 0.24259 0.19781 0.13337 0.07748 0.04358 0.02721 0.02095 0.00000 ( 1)  0.154  0.000
 132 G   0.25260 0.23990 0.19941 0.13789 0.08070 0.04408 0.02611 0.01930 0.00000 ( 1)  0.154  0.000
 133 D   0.00001 0.00411 0.05713 0.18453 0.24778 0.21106 0.16082 0.13456 0.00001 ( 5)  0.553  0.000
 134 R   0.00000 0.00021 0.01223 0.09385 0.21608 0.25185 0.22499 0.20078 0.00002 ( 6)  0.663  0.000
 135 W   0.21552 0.20838 0.18458 0.14443 0.10035 0.06573 0.04502 0.03599 0.00000 ( 1)  0.208  0.000
 136 G   0.00001 0.00438 0.05936 0.18495 0.24074 0.20484 0.16289 0.14278 0.00004 ( 5)  0.557  0.000
 137 I   0.00000 0.00210 0.03233 0.12700 0.21812 0.23159 0.20474 0.18412 0.00001 ( 6)  0.626  0.000
 138 S   0.00000 0.00005 0.00345 0.03678 0.13082 0.23449 0.28928 0.30495 0.00017 ( 8)  0.765  0.000
 139 Q   0.00248 0.05977 0.19406 0.26613 0.20970 0.12731 0.07952 0.06102 0.00000 ( 4)  0.371  0.000
 140 N   0.00000 0.00000 0.00047 0.01238 0.07857 0.20554 0.32034 0.37787 0.00482 ( 8)  0.919  0.005
 141 D   0.37641 0.32454 0.19294 0.07276 0.02117 0.00689 0.00316 0.00214 0.00000 ( 1)  0.056  0.000
 142 M   0.00000 0.00171 0.02774 0.11639 0.20986 0.23143 0.21379 0.19896 0.00013 ( 6)  0.644  0.000
 143 N   0.00000 0.00251 0.03433 0.11545 0.18675 0.21702 0.22252 0.22086 0.00054 ( 7)  0.664  0.001
 144 L   0.22565 0.21421 0.17929 0.13081 0.09012 0.06468 0.05072 0.04452 0.00000 ( 1)  0.213  0.000
 145 F   0.00160 0.03916 0.13485 0.21076 0.20670 0.16458 0.12967 0.11267 0.00000 ( 4)  0.470  0.000
 146 L   0.00000 0.00233 0.03482 0.13075 0.21734 0.22882 0.20296 0.18297 0.00000 ( 6)  0.622  0.000
 147 K   0.00000 0.00004 0.00291 0.03042 0.11076 0.21679 0.29936 0.33959 0.00014 ( 8)  0.785  0.000
 148 E   0.36695 0.31810 0.19366 0.07802 0.02562 0.00950 0.00477 0.00337 0.00000 ( 1)  0.063  0.000
 149 Q   0.32112 0.29234 0.20913 0.10801 0.04243 0.01556 0.00693 0.00448 0.00000 ( 1)  0.084  0.000
 150 E   0.00348 0.08096 0.23608 0.27301 0.18508 0.10535 0.06550 0.05054 0.00000 ( 4)  0.330  0.000
 151 I   0.00000 0.00000 0.00064 0.01476 0.08394 0.20731 0.31804 0.37489 0.00043 ( 8)  0.822  0.000
 152 Y   0.00146 0.03576 0.12327 0.19599 0.20190 0.17185 0.14264 0.12711 0.00001 ( 5)  0.494  0.000
 153 T   0.25130 0.23831 0.19735 0.13638 0.08093 0.04576 0.02834 0.02163 0.00000 ( 1)  0.159  0.000
 154 S   0.00000 0.00002 0.00184 0.02441 0.10812 0.22726 0.30559 0.33266 0.00009 ( 8)  0.787  0.000
 155 E   0.36695 0.31810 0.19366 0.07802 0.02562 0.00950 0.00477 0.00337 0.00000 ( 1)  0.063  0.000
 156 Y   0.28529 0.26530 0.20511 0.12441 0.06219 0.02974 0.01628 0.01168 0.00000 ( 1)  0.119  0.000
 157 S   0.00120 0.02948 0.10482 0.17673 0.19652 0.18092 0.16081 0.14940 0.00012 ( 5)  0.532  0.000
 158 E   0.00349 0.08088 0.23243 0.26525 0.18258 0.10881 0.07070 0.05585 0.00000 ( 4)  0.339  0.000
 159 H   0.00226 0.05453 0.17980 0.25528 0.21284 0.13728 0.08897 0.06905 0.00000 ( 4)  0.391  0.000
 160 C   0.24387 0.23225 0.19514 0.13841 0.08488 0.04959 0.03150 0.02436 0.00000 ( 1)  0.168  0.000
 161 V   0.00000 0.00010 0.00604 0.05070 0.14191 0.22446 0.27533 0.29902 0.00244 ( 8)  0.798  0.002
 162 K   0.00349 0.08166 0.23993 0.27837 0.18565 0.10227 0.06172 0.04690 0.00000 ( 4)  0.323  0.000
 163 W   0.00000 0.00000 0.00033 0.00923 0.06542 0.19245 0.32787 0.40443 0.00027 ( 8)  0.837  0.000
 164 Y   0.31865 0.28967 0.20674 0.10784 0.04447 0.01789 0.00876 0.00598 0.00000 ( 1)  0.089  0.000
 165 N   0.37411 0.32353 0.19426 0.07429 0.02169 0.00694 0.00311 0.00208 0.00000 ( 1)  0.056  0.000
 166 E   0.00312 0.07354 0.22341 0.27462 0.19475 0.11143 0.06782 0.05132 0.00000 ( 4)  0.339  0.000
 167 G   0.33322 0.30022 0.20702 0.09992 0.03649 0.01305 0.00602 0.00406 0.00000 ( 1)  0.077  0.000
 168 L   0.29866 0.27473 0.20471 0.11663 0.05482 0.02562 0.01430 0.01052 0.00000 ( 1)  0.109  0.000
 169 N   0.37411 0.32353 0.19426 0.07429 0.02169 0.00694 0.00311 0.00208 0.00000 ( 1)  0.056  0.000
 170 Q   0.00226 0.05469 0.18082 0.25675 0.21232 0.13573 0.08829 0.06913 0.00000 ( 4)  0.390  0.000
 171 L   0.26877 0.25193 0.20052 0.12928 0.07104 0.03804 0.02299 0.01743 0.00000 ( 1)  0.140  0.000
 172 K   0.36568 0.31770 0.19473 0.07898 0.02576 0.00935 0.00459 0.00321 0.00000 ( 1)  0.063  0.000
 173 T   0.00062 0.01579 0.06331 0.13136 0.18450 0.20444 0.20264 0.19707 0.00028 ( 6)  0.615  0.000
 174 K   0.23058 0.22042 0.18788 0.13782 0.09006 0.05798 0.04105 0.03416 0.00004 ( 1)  0.194  0.000
 175 G   0.00063 0.01622 0.06506 0.13486 0.18811 0.20514 0.19912 0.19074 0.00011 ( 6)  0.605  0.000
 176 G   0.25820 0.24387 0.19910 0.13397 0.07692 0.04235 0.02589 0.01970 0.00000 ( 1)  0.151  0.000
 177 A   0.00000 0.00168 0.02616 0.10650 0.19729 0.23185 0.22432 0.21216 0.00004 ( 6)  0.657  0.000
 178 S   0.00316 0.07520 0.23388 0.29239 0.19922 0.10196 0.05511 0.03908 0.00000 ( 4)  0.317  0.000
 179 G   0.00204 0.04996 0.17070 0.25508 0.22055 0.14255 0.09039 0.06872 0.00000 ( 4)  0.398  0.000
 180 L   0.00000 0.00147 0.02342 0.09914 0.19264 0.23480 0.23045 0.21808 0.00000 ( 6)  0.666  0.000
 181 V   0.00000 0.00172 0.02729 0.11312 0.20839 0.23562 0.21638 0.19748 0.00000 ( 6)  0.644  0.000
 182 W   0.21552 0.20838 0.18458 0.14443 0.10035 0.06573 0.04502 0.03599 0.00000 ( 1)  0.208  0.000
 183 E   0.00000 0.00148 0.02434 0.10650 0.20574 0.23912 0.22125 0.20156 0.00000 ( 6)  0.652  0.000
 184 N   0.00000 0.00152 0.02556 0.11184 0.20943 0.23575 0.21675 0.19912 0.00003 ( 6)  0.646  0.000
 185 Y   0.00263 0.06293 0.20062 0.26756 0.20638 0.12438 0.07706 0.05844 0.00000 ( 4)  0.364  0.000
 186 N   0.32616 0.29396 0.20417 0.10252 0.04145 0.01700 0.00867 0.00608 0.00000 ( 1)  0.086  0.000
 187 S   0.00098 0.02467 0.09427 0.17673 0.21173 0.19302 0.15955 0.13904 0.00001 ( 5)  0.531  0.000
 188 F   0.26055 0.24652 0.20214 0.13595 0.07632 0.03972 0.02254 0.01627 0.00000 ( 1)  0.143  0.000
 189 R   0.27164 0.25578 0.20602 0.13331 0.07021 0.03358 0.01751 0.01196 0.00000 ( 1)  0.128  0.000
 190 T   0.00269 0.06476 0.20862 0.27857 0.20813 0.11785 0.06881 0.05057 0.00000 ( 4)  0.349  0.000
 191 E   0.36695 0.31810 0.19366 0.07802 0.02562 0.00950 0.00477 0.00337 0.00000 ( 1)  0.063  0.000
 192 M   0.35009 0.31183 0.20615 0.09080 0.02830 0.00810 0.00298 0.00176 0.00000 ( 1)  0.064  0.000
 193 T   0.34410 0.30672 0.20416 0.09308 0.03220 0.01118 0.00512 0.00345 0.00000 ( 1)  0.071  0.000
 194 I   0.00057 0.01501 0.06394 0.14072 0.19855 0.20894 0.19310 0.17916 0.00001 ( 6)  0.594  0.000
 195 M   0.00000 0.00203 0.03089 0.11994 0.20770 0.22874 0.21264 0.19805 0.00000 ( 6)  0.638  0.000
 196 V   0.33473 0.29863 0.20069 0.09621 0.03819 0.01626 0.00882 0.00646 0.00000 ( 1)  0.083  0.000
 197 L   0.28691 0.26575 0.20295 0.12134 0.06098 0.03053 0.01796 0.01358 0.00000 ( 1)  0.122  0.000
 198 D   0.37641 0.32454 0.19294 0.07276 0.02117 0.00689 0.00316 0.00214 0.00000 ( 1)  0.056  0.000
 199 L   0.00000 0.00224 0.03304 0.12271 0.20632 0.22645 0.21166 0.19756 0.00001 ( 6)  0.636  0.000
 200 V   0.32557 0.29321 0.20317 0.10187 0.04168 0.01781 0.00963 0.00706 0.00000 ( 1)  0.088  0.000
 201 A   0.00218 0.05212 0.16758 0.23230 0.19945 0.14429 0.10876 0.09332 0.00001 ( 4)  0.425  0.000
 202 I   0.00001 0.00381 0.05280 0.17238 0.23953 0.21416 0.17065 0.14666 0.00001 ( 5)  0.569  0.000
 203 F   0.31910 0.29028 0.20746 0.10801 0.04398 0.01729 0.00828 0.00558 0.00000 ( 1)  0.088  0.000
 204 P   0.00165 0.04074 0.14346 0.22974 0.22176 0.16158 0.11205 0.08900 0.00000 ( 4)  0.441  0.000
 205 A   0.00000 0.00000 0.00015 0.00480 0.04242 0.15917 0.33247 0.45983 0.00116 ( 8)  0.883  0.001

Positively selected sites

	Prob(w>1)  mean w

    88 Q      0.995**       21.807


lnL = -2173.190316

Bayes Empirical Bayes (BEB) probabilities for 11 classes (class) & postmean_w
(amino acids refer to 1st sequence: BT_Cry7Ba1)

   1 -   0.33998 0.10552 0.07833 0.06484 0.05656 0.05107 0.04748 0.04573 0.04703 0.08054 0.08292 ( 1)  0.526 +-  0.882
   2 -   0.05323 0.04787 0.05694 0.06342 0.06836 0.07248 0.07650 0.08162 0.09120 0.16418 0.22419 (11)  1.030 +-  1.171
   3 -   0.38376 0.11522 0.08288 0.06650 0.05624 0.04925 0.04442 0.04152 0.04147 0.06928 0.04945 ( 1)  0.395 +-  0.552
   4 -   0.41776 0.12170 0.08503 0.06631 0.05455 0.04648 0.04082 0.03718 0.03621 0.05917 0.03478 ( 1)  0.342 +-  0.455
   5 -   0.00128 0.00816 0.02118 0.03671 0.05248 0.06736 0.08125 0.09524 0.11363 0.21041 0.31230 (11)  1.288 +-  1.262
   6 S   0.02437 0.04807 0.07134 0.08489 0.09144 0.09377 0.09414 0.09474 0.09954 0.16906 0.12865 (10)  0.773 +-  0.621
   7 K   0.02347 0.05119 0.07797 0.09210 0.09706 0.09684 0.09453 0.09265 0.09510 0.15905 0.12002 (10)  0.759 +-  0.646
   8 I   0.05674 0.09404 0.11974 0.12268 0.11413 0.10141 0.08856 0.07792 0.07205 0.11145 0.04128 ( 4)  0.548 +-  0.368
   9 L   0.54836 0.13049 0.07883 0.05522 0.04167 0.03291 0.02689 0.02281 0.02067 0.03145 0.01070 ( 1)  0.222 +-  0.289
  10 K   0.44714 0.19731 0.12401 0.07720 0.04910 0.03234 0.02224 0.01616 0.01283 0.01783 0.00383 ( 1)  0.210 +-  0.230
  11 E   0.00087 0.00625 0.01782 0.03326 0.05042 0.06776 0.08465 0.10183 0.12367 0.23073 0.28274 (11)  1.157 +-  0.974
  12 I   0.71911 0.13273 0.06065 0.03224 0.01880 0.01177 0.00784 0.00557 0.00433 0.00574 0.00121 ( 1)  0.118 +-  0.156
  13 L   0.59373 0.13226 0.07379 0.04800 0.03417 0.02595 0.02080 0.01760 0.01615 0.02515 0.01241 ( 1)  0.201 +-  0.301
  14 D   0.30535 0.17591 0.13806 0.10270 0.07514 0.05515 0.04120 0.03189 0.02656 0.03852 0.00953 ( 1)  0.302 +-  0.288
  15 Y   0.00343 0.01927 0.04433 0.06809 0.08633 0.09845 0.10581 0.11092 0.11888 0.20028 0.14421 (10)  0.840 +-  0.574
  16 L   0.68896 0.13784 0.06732 0.03763 0.02273 0.01456 0.00983 0.00701 0.00545 0.00723 0.00144 ( 1)  0.129 +-  0.169
  17 W   0.54364 0.13980 0.08624 0.05940 0.04318 0.03253 0.02527 0.02037 0.01758 0.02561 0.00639 ( 1)  0.209 +-  0.257
  18 P   0.56350 0.14105 0.08479 0.05702 0.04053 0.02990 0.02279 0.01804 0.01531 0.02195 0.00512 ( 1)  0.195 +-  0.244
  19 S   0.01949 0.04104 0.06367 0.07825 0.08642 0.09048 0.09258 0.09494 0.10168 0.17576 0.15571 (10)  0.832 +-  0.681
  20 S   0.67008 0.14098 0.07167 0.04124 0.02538 0.01640 0.01108 0.00786 0.00604 0.00790 0.00136 ( 1)  0.135 +-  0.174
  21 S   0.14762 0.10316 0.09973 0.09233 0.08425 0.07690 0.07101 0.06729 0.06779 0.11392 0.07601 ( 1)  0.563 +-  0.528
  22 S   0.00346 0.00929 0.01807 0.02761 0.03745 0.04748 0.05791 0.06962 0.08591 0.16527 0.47792 (11)  1.907 +-  1.951
  23 S   0.00315 0.00852 0.01672 0.02579 0.03532 0.04520 0.05565 0.06751 0.08407 0.16329 0.49478 (11)  1.940 +-  1.939
  24 N   0.07264 0.10746 0.12520 0.12006 0.10679 0.09244 0.07997 0.07070 0.06650 0.10592 0.05233 ( 3)  0.548 +-  0.444
  25 S   0.20394 0.13636 0.12432 0.10709 0.09002 0.07505 0.06283 0.05368 0.04858 0.07445 0.02368 ( 1)  0.413 +-  0.350
  26 W   0.54364 0.13980 0.08624 0.05940 0.04318 0.03253 0.02527 0.02037 0.01758 0.02561 0.00639 ( 1)  0.209 +-  0.257
  27 E   0.02664 0.04902 0.07032 0.08288 0.08970 0.09303 0.09460 0.09630 0.10201 0.17377 0.12171 (10)  0.750 +-  0.532
  28 E   0.32519 0.17182 0.12845 0.09406 0.06945 0.05237 0.04065 0.03287 0.02865 0.04317 0.01331 ( 1)  0.306 +-  0.311
  29 M   0.19082 0.14509 0.13823 0.11881 0.09708 0.07753 0.06170 0.04993 0.04281 0.06285 0.01514 ( 1)  0.392 +-  0.317
  30 M   0.76878 0.12906 0.05204 0.02384 0.01177 0.00616 0.00341 0.00202 0.00131 0.00147 0.00015 ( 1)  0.094 +-  0.108
  31 K   0.03630 0.06613 0.09178 0.10253 0.10394 0.10046 0.09517 0.09048 0.08995 0.14626 0.07700 (10)  0.648 +-  0.431
  32 E   0.00023 0.00408 0.01570 0.03354 0.05397 0.07399 0.09220 0.10918 0.12956 0.23476 0.25279 (11)  1.098 +-  0.897
  33 V   0.75991 0.12448 0.05135 0.02518 0.01384 0.00832 0.00540 0.00379 0.00293 0.00389 0.00091 ( 1)  0.103 +-  0.136
  34 E   0.74981 0.12606 0.05355 0.02700 0.01518 0.00928 0.00609 0.00430 0.00333 0.00441 0.00100 ( 1)  0.107 +-  0.142
  35 Y   0.02367 0.04761 0.07067 0.08409 0.09096 0.09396 0.09510 0.09637 0.10171 0.17280 0.12307 (10)  0.758 +-  0.556
  36 L   0.64442 0.14257 0.07598 0.04560 0.02912 0.01944 0.01349 0.00979 0.00766 0.01017 0.00176 ( 1)  0.147 +-  0.189
  37 I   0.76155 0.12507 0.05137 0.02495 0.01353 0.00800 0.00511 0.00352 0.00268 0.00348 0.00073 ( 1)  0.102 +-  0.131
  38 D   0.46568 0.20074 0.12275 0.07420 0.04581 0.02930 0.01960 0.01387 0.01073 0.01456 0.00277 ( 1)  0.197 +-  0.215
  39 K   0.30002 0.17155 0.13525 0.10179 0.07564 0.05649 0.04297 0.03386 0.02870 0.04222 0.01150 ( 1)  0.312 +-  0.301
  40 K   0.78107 0.12010 0.04680 0.02182 0.01146 0.00660 0.00412 0.00278 0.00207 0.00265 0.00052 ( 1)  0.095 +-  0.119
  41 I   0.79013 0.11765 0.04446 0.02024 0.01047 0.00599 0.00373 0.00252 0.00189 0.00243 0.00050 ( 1)  0.092 +-  0.115
  42 E   0.26050 0.14668 0.11845 0.09456 0.07636 0.06287 0.05305 0.04635 0.04335 0.06895 0.02889 ( 1)  0.387 +-  0.376
  43 E   0.75480 0.12639 0.05297 0.02616 0.01436 0.00856 0.00549 0.00379 0.00288 0.00377 0.00084 ( 1)  0.104 +-  0.136
  44 Y   0.00001 0.00051 0.00335 0.01031 0.02205 0.03828 0.05839 0.08247 0.11431 0.23748 0.43283 (11)  1.520 +-  1.269
  45 A   0.25704 0.15380 0.12744 0.10147 0.08020 0.06392 0.05193 0.04362 0.03925 0.06053 0.02080 ( 1)  0.366 +-  0.343
  46 R   0.06663 0.10436 0.12632 0.12385 0.11118 0.09624 0.08272 0.07236 0.06717 0.10550 0.04369 ( 3)  0.534 +-  0.376
  47 N   0.00334 0.01316 0.02818 0.04355 0.05792 0.07108 0.08353 0.09662 0.11478 0.21364 0.27420 (11)  1.117 +-  0.933
  48 K   0.04576 0.07718 0.10063 0.10690 0.10421 0.09779 0.09069 0.08497 0.08370 0.13606 0.07211 (10)  0.625 +-  0.446
  49 A   0.76716 0.12626 0.05105 0.02403 0.01247 0.00702 0.00425 0.00278 0.00202 0.00252 0.00045 ( 1)  0.098 +-  0.120
  50 L   0.70083 0.13935 0.06671 0.03612 0.02093 0.01275 0.00813 0.00547 0.00400 0.00498 0.00073 ( 1)  0.120 +-  0.151
  51 A   0.02102 0.04260 0.06492 0.07930 0.08753 0.09175 0.09389 0.09604 0.10228 0.17523 0.14543 (10)  0.816 +-  0.680
  52 V   0.02394 0.04822 0.07039 0.08189 0.08677 0.08835 0.08888 0.09030 0.09629 0.16662 0.15837 (10)  0.852 +-  0.825
  53 L   0.60376 0.14211 0.08063 0.05143 0.03485 0.02462 0.01805 0.01381 0.01137 0.01587 0.00348 ( 1)  0.171 +-  0.220
  54 E   0.03599 0.06504 0.08935 0.09887 0.09954 0.09591 0.09099 0.08706 0.08756 0.14469 0.10500 (10)  0.722 +-  0.691
  55 G   0.00312 0.01878 0.04479 0.07006 0.08955 0.10233 0.10969 0.11427 0.12133 0.20180 0.12428 (10)  0.798 +-  0.452
  56 I   0.06823 0.10729 0.13057 0.12831 0.11491 0.09863 0.08351 0.07151 0.06463 0.09876 0.03367 ( 3)  0.515 +-  0.355
  57 G   0.72817 0.13583 0.06110 0.03120 0.01713 0.00994 0.00607 0.00393 0.00278 0.00337 0.00048 ( 1)  0.109 +-  0.135
  58 N   0.00542 0.02795 0.05972 0.08554 0.10153 0.10884 0.11038 0.10958 0.11163 0.18075 0.09866 (10)  0.741 +-  0.427
  59 A   0.62105 0.14041 0.07727 0.04826 0.03228 0.02266 0.01659 0.01272 0.01053 0.01478 0.00346 ( 1)  0.164 +-  0.216
  60 V   0.25530 0.14949 0.12212 0.09669 0.07661 0.06168 0.05101 0.04392 0.04077 0.06505 0.03736 ( 1)  0.413 +-  0.538
  61 E   0.06105 0.09666 0.11877 0.11872 0.10894 0.09646 0.08473 0.07561 0.07142 0.11337 0.05427 ( 3)  0.568 +-  0.443
  62 S   0.01350 0.02979 0.04873 0.06342 0.07416 0.08192 0.08792 0.09393 0.10401 0.18317 0.21944 (11)  1.063 +-  1.168
  63 Y   0.71744 0.13558 0.06243 0.03293 0.01881 0.01142 0.00731 0.00497 0.00369 0.00467 0.00076 ( 1)  0.115 +-  0.147
  64 Y   0.04769 0.08219 0.10842 0.11508 0.11090 0.10200 0.09210 0.08363 0.07963 0.12555 0.05283 (10)  0.585 +-  0.385
  65 S   0.04135 0.07194 0.09638 0.10474 0.10398 0.09893 0.09266 0.08741 0.08647 0.14058 0.07556 (10)  0.638 +-  0.448
  66 A   0.76716 0.12626 0.05105 0.02403 0.01247 0.00702 0.00425 0.00278 0.00202 0.00252 0.00045 ( 1)  0.098 +-  0.120
  67 L   0.32328 0.17822 0.13618 0.09972 0.07227 0.05270 0.03915 0.03009 0.02485 0.03562 0.00793 ( 1)  0.289 +-  0.279
  68 E   0.35055 0.17343 0.12468 0.08949 0.06551 0.04923 0.03814 0.03077 0.02672 0.03997 0.01150 ( 1)  0.290 +-  0.300
  69 A   0.14320 0.09691 0.09464 0.09008 0.08471 0.07929 0.07451 0.07125 0.07189 0.11985 0.07366 ( 1)  0.569 +-  0.513
  70 W   0.54364 0.13980 0.08624 0.05940 0.04318 0.03253 0.02527 0.02037 0.01758 0.02561 0.00639 ( 1)  0.209 +-  0.257
  71 E   0.37274 0.18775 0.13253 0.09085 0.06247 0.04377 0.03162 0.02389 0.01957 0.02802 0.00678 ( 1)  0.257 +-  0.266
  72 -   0.02589 0.05085 0.07518 0.08898 0.09515 0.09663 0.09586 0.09512 0.09838 0.16457 0.11339 (10)  0.742 +-  0.584
  73 L   0.00144 0.01027 0.02791 0.04888 0.06908 0.08643 0.10063 0.11307 0.12863 0.22602 0.18763 (10)  0.926 +-  0.604
  74 E   0.01339 0.02962 0.04852 0.06317 0.07392 0.08186 0.08831 0.09510 0.10648 0.19041 0.20922 (11)  0.962 +-  0.835
  75 S   0.00030 0.00446 0.01567 0.03175 0.04991 0.06826 0.08609 0.10416 0.12703 0.23757 0.27479 (11)  1.113 +-  0.833
  76 S   0.00188 0.01116 0.02741 0.04532 0.06217 0.07695 0.08986 0.10232 0.11894 0.21546 0.24854 (11)  1.083 +-  0.940
  77 E   0.00064 0.00536 0.01673 0.03303 0.05186 0.07119 0.08997 0.10872 0.13189 0.24405 0.24657 (11)  1.044 +-  0.721
  78 R   0.01657 0.03627 0.05869 0.07511 0.08590 0.09238 0.09621 0.09947 0.10645 0.18184 0.15112 (10)  0.841 +-  0.699
  79 S   0.75363 0.13235 0.05579 0.02665 0.01366 0.00739 0.00421 0.00254 0.00168 0.00190 0.00019 ( 1)  0.099 +-  0.116
  80 L   0.04175 0.07441 0.10114 0.11040 0.10916 0.10272 0.09462 0.08740 0.08440 0.13406 0.05993 (10)  0.608 +-  0.399
  81 E   0.00339 0.01350 0.02987 0.04724 0.06352 0.07798 0.09088 0.10356 0.12058 0.21884 0.23064 (11)  1.016 +-  0.792
  82 L   0.02067 0.04103 0.06134 0.07380 0.08063 0.08409 0.08606 0.08846 0.09507 0.16463 0.20420 (11)  1.050 +-  1.280
  83 V   0.75991 0.12448 0.05135 0.02518 0.01384 0.00832 0.00540 0.00379 0.00293 0.00389 0.00091 ( 1)  0.103 +-  0.136
  84 L   0.00087 0.00586 0.01635 0.03048 0.04658 0.06338 0.08031 0.09806 0.12089 0.22906 0.30816 (11)  1.215 +-  1.029
  85 E   0.00526 0.02340 0.04502 0.06087 0.07118 0.07797 0.08321 0.08888 0.09899 0.17619 0.26905 (11)  1.231 +-  1.403
  86 R   0.66870 0.13950 0.07066 0.04076 0.02533 0.01667 0.01156 0.00849 0.00680 0.00933 0.00220 ( 1)  0.139 +-  0.184
  87 Y   0.29112 0.16666 0.13262 0.10143 0.07692 0.05873 0.04564 0.03663 0.03150 0.04667 0.01208 ( 1)  0.323 +-  0.303
  88 Q   0.00000 0.00000 0.00001 0.00007 0.00027 0.00083 0.00203 0.00435 0.00870 0.02449 0.95925 (11)  3.263 +-  2.198
  89 F   0.00387 0.02071 0.04603 0.06897 0.08598 0.09704 0.10375 0.10862 0.11664 0.19757 0.15082 (10)  0.853 +-  0.615
  90 A   0.61541 0.14226 0.07928 0.04972 0.03316 0.02309 0.01671 0.01265 0.01031 0.01428 0.00313 ( 1)  0.165 +-  0.213
  91 V   0.02214 0.04091 0.05914 0.07076 0.07833 0.08362 0.08801 0.09310 0.10278 0.18215 0.17904 (10)  0.881 +-  0.753
  92 Q   0.28788 0.16759 0.13483 0.10358 0.07844 0.05951 0.04576 0.03624 0.03068 0.04480 0.01067 ( 1)  0.320 +-  0.298
  93 F   0.02778 0.05655 0.08504 0.10061 0.10607 0.10506 0.10080 0.09613 0.09513 0.15257 0.07427 (10)  0.659 +-  0.414
  94 A   0.05746 0.09557 0.12191 0.12478 0.11568 0.10217 0.08851 0.07712 0.07056 0.10810 0.03813 ( 4)  0.541 +-  0.367
  95 R   0.65188 0.13639 0.07072 0.04241 0.02769 0.01926 0.01414 0.01098 0.00927 0.01333 0.00395 ( 1)  0.153 +-  0.213
  96 S   0.02347 0.04615 0.06827 0.08100 0.08706 0.08916 0.08955 0.09036 0.09545 0.16356 0.16597 (11)  0.886 +-  0.906
  97 S   0.00011 0.00214 0.00912 0.02149 0.03795 0.05679 0.07674 0.09792 0.12435 0.23898 0.33439 (11)  1.308 +-  1.168
  98 M   0.76878 0.12906 0.05204 0.02384 0.01177 0.00616 0.00341 0.00202 0.00131 0.00147 0.00015 ( 1)  0.094 +-  0.108
  99 P   0.02279 0.04784 0.07483 0.09249 0.10183 0.10494 0.10421 0.10222 0.10329 0.16689 0.07867 (10)  0.680 +-  0.387
 100 S   0.02371 0.04684 0.06937 0.08224 0.08828 0.09036 0.09079 0.09177 0.09724 0.16741 0.15198 (10)  0.819 +-  0.694
 101 F   0.73777 0.13214 0.05783 0.02920 0.01609 0.00951 0.00599 0.00404 0.00299 0.00378 0.00065 ( 1)  0.108 +-  0.136
 102 A   0.01452 0.03154 0.05103 0.06586 0.07651 0.08408 0.08989 0.09575 0.10584 0.18661 0.19836 (11)  0.953 +-  0.873
 103 I   0.01330 0.02777 0.04455 0.05815 0.06908 0.07807 0.08607 0.09460 0.10782 0.19515 0.22544 (11)  1.007 +-  0.910
 104 I   0.00041 0.00593 0.01967 0.03752 0.05553 0.07178 0.08613 0.09998 0.11805 0.21669 0.28831 (11)  1.184 +-  1.036
 105 N   0.02588 0.04850 0.07105 0.08517 0.09310 0.09679 0.09799 0.09877 0.10318 0.17283 0.10674 (10)  0.724 +-  0.472
 106 Y   0.32873 0.17864 0.13509 0.09830 0.07105 0.05183 0.03859 0.02977 0.02468 0.03549 0.00782 ( 1)  0.286 +-  0.278
 107 E   0.78187 0.11931 0.04639 0.02170 0.01147 0.00667 0.00421 0.00287 0.00216 0.00278 0.00058 ( 1)  0.095 +-  0.121
 108 I   0.75195 0.12745 0.05373 0.02660 0.01460 0.00870 0.00558 0.00384 0.00292 0.00381 0.00082 ( 1)  0.105 +-  0.136
 109 P   0.56928 0.14045 0.08347 0.05569 0.03940 0.02904 0.02218 0.01765 0.01510 0.02187 0.00587 ( 1)  0.194 +-  0.249
 110 L   0.60322 0.13273 0.07424 0.04855 0.03455 0.02597 0.02037 0.01670 0.01472 0.02188 0.00708 ( 1)  0.186 +-  0.255
 111 L   0.67446 0.13896 0.06979 0.04002 0.02474 0.01617 0.01111 0.00806 0.00635 0.00853 0.00180 ( 1)  0.136 +-  0.180
 112 A   0.76716 0.12626 0.05105 0.02403 0.01247 0.00702 0.00425 0.00278 0.00202 0.00252 0.00045 ( 1)  0.098 +-  0.120
 113 T   0.76341 0.12755 0.05217 0.02471 0.01285 0.00721 0.00434 0.00282 0.00202 0.00250 0.00042 ( 1)  0.098 +-  0.120
 114 Y   0.71744 0.13558 0.06243 0.03293 0.01881 0.01142 0.00731 0.00497 0.00369 0.00467 0.00076 ( 1)  0.115 +-  0.147
 115 A   0.74723 0.13041 0.05579 0.02760 0.01493 0.00867 0.00537 0.00356 0.00260 0.00326 0.00058 ( 1)  0.104 +-  0.131
 116 N   0.08410 0.12548 0.14540 0.13598 0.11591 0.09481 0.07665 0.06285 0.05459 0.08134 0.02289 ( 3)  0.469 +-  0.326
 117 A   0.72748 0.13468 0.06053 0.03112 0.01733 0.01027 0.00645 0.00431 0.00317 0.00398 0.00068 ( 1)  0.111 +-  0.140
 118 A   0.73743 0.13241 0.05805 0.02929 0.01610 0.00947 0.00593 0.00397 0.00293 0.00371 0.00071 ( 1)  0.108 +-  0.137
 119 N   0.79582 0.11790 0.04371 0.01927 0.00955 0.00520 0.00309 0.00199 0.00142 0.00175 0.00029 ( 1)  0.089 +-  0.105
 120 V   0.26774 0.15930 0.13092 0.10293 0.07998 0.06243 0.04955 0.04061 0.03566 0.05390 0.01699 ( 1)  0.349 +-  0.330
 121 H   0.75896 0.13055 0.05415 0.02561 0.01309 0.00712 0.00410 0.00252 0.00170 0.00198 0.00023 ( 1)  0.098 +-  0.115
 122 L   0.66940 0.13885 0.07032 0.04071 0.02543 0.01682 0.01169 0.00858 0.00684 0.00930 0.00207 ( 1)  0.139 +-  0.185
 123 L   0.32983 0.18145 0.13794 0.10015 0.07174 0.05157 0.03766 0.02840 0.02297 0.03225 0.00602 ( 1)  0.279 +-  0.266
 124 L   0.68040 0.13817 0.06850 0.03887 0.02384 0.01552 0.01065 0.00774 0.00613 0.00830 0.00189 ( 1)  0.134 +-  0.178
 125 M   0.40393 0.19798 0.13478 0.08832 0.05760 0.03803 0.02576 0.01819 0.01389 0.01858 0.00293 ( 1)  0.226 +-  0.229
 126 R   0.40262 0.19532 0.13285 0.08768 0.05793 0.03889 0.02683 0.01929 0.01498 0.02030 0.00332 ( 1)  0.230 +-  0.234
 127 D   0.79822 0.11676 0.04294 0.01888 0.00938 0.00515 0.00308 0.00201 0.00145 0.00180 0.00032 ( 1)  0.089 +-  0.106
 128 I   0.00689 0.03244 0.06474 0.08816 0.10101 0.10584 0.10598 0.10474 0.10696 0.17497 0.10826 (10)  0.758 +-  0.530
 129 Q   0.72395 0.13658 0.06207 0.03199 0.01769 0.01033 0.00634 0.00412 0.00292 0.00354 0.00047 ( 1)  0.111 +-  0.136
 130 I   0.77454 0.12235 0.04841 0.02273 0.01197 0.00692 0.00434 0.00295 0.00223 0.00289 0.00065 ( 1)  0.097 +-  0.124
 131 Y   0.61539 0.14095 0.07828 0.04919 0.03302 0.02324 0.01704 0.01308 0.01084 0.01526 0.00371 ( 1)  0.167 +-  0.219
 132 G   0.61055 0.14313 0.08061 0.05089 0.03405 0.02370 0.01708 0.01283 0.01035 0.01414 0.00267 ( 1)  0.165 +-  0.210
 133 D   0.07196 0.11143 0.13323 0.12881 0.11385 0.09683 0.08156 0.06969 0.06301 0.09660 0.03302 ( 3)  0.508 +-  0.354
 134 R   0.01037 0.04578 0.08595 0.10974 0.11756 0.11501 0.10752 0.09934 0.09510 0.14811 0.06551 (10)  0.660 +-  0.402
 135 W   0.54364 0.13980 0.08624 0.05940 0.04318 0.03253 0.02527 0.02037 0.01758 0.02561 0.00639 ( 1)  0.209 +-  0.257
 136 G   0.07424 0.11155 0.13040 0.12406 0.10858 0.09211 0.07804 0.06773 0.06282 0.09956 0.05090 ( 3)  0.540 +-  0.461
 137 I   0.04045 0.07405 0.10208 0.11197 0.11056 0.10353 0.09475 0.08694 0.08347 0.13216 0.06006 (10)  0.609 +-  0.405
 138 S   0.00265 0.01551 0.03719 0.05943 0.07823 0.09240 0.10257 0.11072 0.12181 0.20932 0.17018 (10)  0.900 +-  0.666
 139 Q   0.31768 0.17685 0.13610 0.10016 0.07287 0.05333 0.03980 0.03079 0.02565 0.03722 0.00956 ( 1)  0.295 +-  0.289
 140 N   0.00020 0.00346 0.01334 0.02879 0.04715 0.06605 0.08429 0.10236 0.12458 0.23139 0.29838 (11)  1.228 +-  1.112
 141 D   0.79822 0.11676 0.04294 0.01888 0.00938 0.00515 0.00308 0.00201 0.00145 0.00180 0.00032 ( 1)  0.089 +-  0.106
 142 M   0.03350 0.06558 0.09404 0.10580 0.10641 0.10125 0.09419 0.08806 0.08642 0.13984 0.08492 (10)  0.671 +-  0.546
 143 N   0.04374 0.06951 0.08802 0.09335 0.09271 0.08985 0.08678 0.08508 0.08787 0.14883 0.11424 (10)  0.725 +-  0.669
 144 L   0.55147 0.13269 0.07896 0.05401 0.03992 0.03115 0.02543 0.02176 0.02006 0.03126 0.01328 ( 1)  0.223 +-  0.304
 145 F   0.23347 0.14358 0.12252 0.10063 0.08205 0.06741 0.05640 0.04872 0.04503 0.07097 0.02921 ( 1)  0.401 +-  0.377
 146 L   0.04411 0.07747 0.10389 0.11200 0.10951 0.10210 0.09336 0.08578 0.08254 0.13105 0.05820 (10)  0.600 +-  0.395
 147 K   0.00211 0.01218 0.02911 0.04708 0.06359 0.07795 0.09061 0.10313 0.12017 0.21877 0.23529 (11)  1.021 +-  0.776
 148 E   0.78187 0.11931 0.04639 0.02170 0.01147 0.00667 0.00421 0.00287 0.00216 0.00278 0.00058 ( 1)  0.095 +-  0.121
 149 Q   0.72395 0.13658 0.06207 0.03199 0.01769 0.01033 0.00634 0.00412 0.00292 0.00354 0.00047 ( 1)  0.111 +-  0.136
 150 E   0.38478 0.18569 0.12794 0.08701 0.06007 0.04260 0.03128 0.02406 0.02005 0.02909 0.00743 ( 1)  0.255 +-  0.270
 151 I   0.00028 0.00434 0.01545 0.03150 0.04956 0.06760 0.08484 0.10209 0.12383 0.23064 0.28987 (11)  1.173 +-  0.970
 152 Y   0.21685 0.13469 0.11702 0.09850 0.08259 0.06983 0.06006 0.05321 0.05028 0.08043 0.03654 ( 1)  0.432 +-  0.412
 153 T   0.60663 0.14181 0.08003 0.05086 0.03438 0.02427 0.01779 0.01363 0.01124 0.01573 0.00364 ( 1)  0.170 +-  0.222
 154 S   0.00134 0.00960 0.02665 0.04774 0.06878 0.08729 0.10256 0.11572 0.13161 0.22990 0.17880 (10)  0.913 +-  0.585
 155 E   0.78187 0.11931 0.04639 0.02170 0.01147 0.00667 0.00421 0.00287 0.00216 0.00278 0.00058 ( 1)  0.095 +-  0.121
 156 Y   0.66423 0.14072 0.07225 0.04207 0.02624 0.01720 0.01179 0.00849 0.00662 0.00878 0.00163 ( 1)  0.139 +-  0.181
 157 S   0.18494 0.12065 0.10943 0.09577 0.08323 0.07278 0.06464 0.05910 0.05762 0.09457 0.05727 ( 1)  0.502 +-  0.529
 158 E   0.38320 0.18213 0.12502 0.08561 0.05997 0.04335 0.03251 0.02553 0.02171 0.03201 0.00895 ( 1)  0.262 +-  0.282
 159 H   0.29818 0.17022 0.13462 0.10194 0.07629 0.05735 0.04382 0.03456 0.02922 0.04273 0.01108 ( 1)  0.314 +-  0.306
 160 C   0.59392 0.14167 0.08144 0.05263 0.03613 0.02587 0.01922 0.01491 0.01244 0.01761 0.00417 ( 1)  0.178 +-  0.229
 161 V   0.00440 0.02102 0.04285 0.06042 0.07264 0.08083 0.08685 0.09286 0.10317 0.18297 0.25200 (11)  1.140 +-  1.190
 162 K   0.38783 0.18835 0.12955 0.08742 0.05964 0.04171 0.03018 0.02289 0.01883 0.02702 0.00659 ( 1)  0.250 +-  0.263
 163 W   0.00013 0.00244 0.00997 0.02280 0.03946 0.05826 0.07809 0.09923 0.12588 0.24248 0.32125 (11)  1.231 +-  0.980
 164 Y   0.71744 0.13558 0.06243 0.03293 0.01881 0.01142 0.00731 0.00497 0.00369 0.00467 0.00076 ( 1)  0.115 +-  0.147
 165 N   0.79582 0.11790 0.04371 0.01927 0.00955 0.00520 0.00309 0.00199 0.00142 0.00175 0.00029 ( 1)  0.089 +-  0.105
 166 E   0.36330 0.18477 0.13222 0.09210 0.06440 0.04585 0.03358 0.02563 0.02112 0.03026 0.00678 ( 1)  0.264 +-  0.267
 167 G   0.74163 0.13278 0.05754 0.02853 0.01536 0.00883 0.00541 0.00355 0.00258 0.00321 0.00056 ( 1)  0.105 +-  0.131
 168 L   0.68419 0.13786 0.06785 0.03825 0.02333 0.01510 0.01031 0.00746 0.00589 0.00794 0.00182 ( 1)  0.132 +-  0.177
 169 N   0.79582 0.11790 0.04371 0.01927 0.00955 0.00520 0.00309 0.00199 0.00142 0.00175 0.00029 ( 1)  0.089 +-  0.105
 170 Q   0.29897 0.17103 0.13503 0.10183 0.07583 0.05675 0.04325 0.03413 0.02895 0.04261 0.01162 ( 1)  0.313 +-  0.303
 171 L   0.63525 0.14060 0.07563 0.04619 0.03024 0.02081 0.01497 0.01131 0.00923 0.01282 0.00295 ( 1)  0.156 +-  0.205
 172 K   0.78107 0.12010 0.04680 0.02182 0.01146 0.00660 0.00412 0.00278 0.00207 0.00265 0.00052 ( 1)  0.095 +-  0.119
 173 T   0.11238 0.08758 0.09178 0.09060 0.08701 0.08261 0.07848 0.07577 0.07709 0.12918 0.08751 (10)  0.623 +-  0.588
 174 K   0.56715 0.13847 0.08181 0.05455 0.03882 0.02894 0.02249 0.01832 0.01613 0.02414 0.00918 ( 1)  0.204 +-  0.288
 175 G   0.11619 0.09045 0.09462 0.09308 0.08894 0.08389 0.07908 0.07564 0.07616 0.12635 0.07560 (10)  0.593 +-  0.518
 176 G   0.61837 0.14165 0.07843 0.04900 0.03264 0.02276 0.01653 0.01256 0.01031 0.01438 0.00336 ( 1)  0.164 +-  0.214
 177 A   0.03266 0.06155 0.08766 0.09990 0.10284 0.10056 0.09609 0.09196 0.09188 0.14976 0.08514 (10)  0.672 +-  0.483
 178 S   0.37080 0.19279 0.13815 0.09450 0.06386 0.04343 0.03016 0.02177 0.01699 0.02324 0.00431 ( 1)  0.247 +-  0.246
 179 G   0.28224 0.16852 0.13750 0.10616 0.08024 0.06047 0.04604 0.03602 0.03009 0.04340 0.00933 ( 1)  0.319 +-  0.290
 180 L   0.02938 0.05722 0.08383 0.09791 0.10288 0.10226 0.09891 0.09541 0.09568 0.15550 0.08102 (10)  0.669 +-  0.428
 181 V   0.03411 0.06538 0.09377 0.10662 0.10869 0.10463 0.09801 0.09164 0.08925 0.14206 0.06584 (10)  0.632 +-  0.405
 182 W   0.54364 0.13980 0.08624 0.05940 0.04318 0.03253 0.02527 0.02037 0.01758 0.02561 0.00639 ( 1)  0.209 +-  0.257
 183 E   0.03024 0.06090 0.09039 0.10533 0.10930 0.10655 0.10063 0.09451 0.09214 0.14605 0.06398 (10)  0.635 +-  0.386
 184 N   0.03097 0.06306 0.09281 0.10647 0.10864 0.10439 0.09758 0.09120 0.08901 0.14238 0.07350 (10)  0.649 +-  0.451
 185 Y   0.32873 0.17864 0.13509 0.09830 0.07105 0.05183 0.03859 0.02977 0.02468 0.03549 0.00782 ( 1)  0.286 +-  0.278
 186 N   0.72654 0.13269 0.05975 0.03117 0.01778 0.01086 0.00705 0.00487 0.00369 0.00476 0.00085 ( 1)  0.113 +-  0.146
 187 S   0.16661 0.11914 0.11532 0.10501 0.09292 0.08122 0.07099 0.06305 0.05906 0.09259 0.03408 ( 1)  0.466 +-  0.378
 188 F   0.62467 0.14351 0.07914 0.04893 0.03205 0.02185 0.01543 0.01135 0.00898 0.01203 0.00206 ( 1)  0.157 +-  0.199
 189 R   0.64459 0.14410 0.07712 0.04618 0.02924 0.01924 0.01308 0.00925 0.00702 0.00900 0.00116 ( 1)  0.145 +-  0.181
 190 T   0.33645 0.18407 0.13842 0.09919 0.07013 0.04984 0.03608 0.02706 0.02184 0.03073 0.00619 ( 1)  0.274 +-  0.266
 191 E   0.78187 0.11931 0.04639 0.02170 0.01147 0.00667 0.00421 0.00287 0.00216 0.00278 0.00058 ( 1)  0.095 +-  0.121
 192 M   0.76878 0.12906 0.05204 0.02384 0.01177 0.00616 0.00341 0.00202 0.00131 0.00147 0.00015 ( 1)  0.094 +-  0.108
 193 T   0.75621 0.12916 0.05390 0.02598 0.01370 0.00777 0.00472 0.00308 0.00223 0.00277 0.00049 ( 1)  0.101 +-  0.125
 194 I   0.11245 0.09320 0.10025 0.09929 0.09428 0.08768 0.08108 0.07587 0.07461 0.12115 0.06014 (10)  0.560 +-  0.435
 195 M   0.03866 0.07003 0.09620 0.10593 0.10562 0.10038 0.09361 0.08782 0.08643 0.14005 0.07526 (10)  0.638 +-  0.438
 196 V   0.73648 0.12901 0.05656 0.02919 0.01669 0.01034 0.00686 0.00487 0.00380 0.00507 0.00114 ( 1)  0.112 +-  0.149
 197 L   0.66461 0.13879 0.07079 0.04128 0.02600 0.01735 0.01219 0.00905 0.00732 0.01010 0.00252 ( 1)  0.142 +-  0.192
 198 D   0.79822 0.11676 0.04294 0.01888 0.00938 0.00515 0.00308 0.00201 0.00145 0.00180 0.00032 ( 1)  0.089 +-  0.106
 199 L   0.04188 0.07283 0.09739 0.10556 0.10445 0.09904 0.09246 0.08696 0.08582 0.13935 0.07427 (10)  0.634 +-  0.446
 200 V   0.72466 0.13202 0.05948 0.03120 0.01798 0.01116 0.00740 0.00525 0.00409 0.00547 0.00129 ( 1)  0.116 +-  0.155
 201 A   0.28530 0.15899 0.12486 0.09574 0.07387 0.05811 0.04704 0.03968 0.03608 0.05651 0.02381 ( 1)  0.355 +-  0.373
 202 I   0.06695 0.10431 0.12629 0.12421 0.11195 0.09718 0.08356 0.07288 0.06723 0.10463 0.04081 ( 3)  0.531 +-  0.376
 203 F   0.71896 0.13592 0.06239 0.03271 0.01853 0.01114 0.00706 0.00475 0.00348 0.00437 0.00069 ( 1)  0.114 +-  0.144
 204 P   0.24350 0.15306 0.13186 0.10762 0.08592 0.06819 0.05448 0.04452 0.03865 0.05735 0.01485 ( 1)  0.362 +-  0.323
 205 A   0.00004 0.00078 0.00355 0.00909 0.01757 0.02886 0.04291 0.06031 0.08443 0.18066 0.57180 (11)  2.002 +-  1.719

Positively selected sites

	Prob(w>1)  mean w

    88 Q      0.959*        3.263 +- 2.198
   205 A      0.572         2.002 +- 1.719

