Supplemental results for CODEML (seqf: algn  treef: tree)


dN/dS (w) for site classes (K=8)

p:   0.12500  0.12500  0.12500  0.12500  0.12500  0.12500  0.12500  0.12500
w:   0.00000  0.00003  0.00213  0.03230  0.21689  0.65986  0.95696  0.99970

Naive Empirical Bayes (NEB) probabilities for 8 classes & postmean_w
(amino acids refer to 1st sequence: BT_Cry30Aa1)

   1 -   0.13029 0.13029 0.13026 0.12979 0.12693 0.12042 0.11630 0.11572 ( 1)  0.338
   2 -   0.12559 0.12559 0.12558 0.12554 0.12523 0.12450 0.12402 0.12395 ( 1)  0.356
   3 -   0.12991 0.12991 0.12988 0.12944 0.12680 0.12076 0.11692 0.11638 ( 1)  0.340
   4 -   0.13000 0.13000 0.12997 0.12952 0.12685 0.12069 0.11677 0.11621 ( 1)  0.340
   5 R   0.00000 0.00000 0.00002 0.00395 0.10538 0.29748 0.29882 0.29435 ( 7)  0.800
   6 I   0.00000 0.00010 0.00661 0.09084 0.33245 0.25779 0.16167 0.15053 ( 5)  0.550
   7 T   0.22130 0.22127 0.21959 0.19678 0.10171 0.02266 0.00889 0.00781 ( 1)  0.060
   8 Q   0.19126 0.19124 0.19050 0.18001 0.12751 0.05630 0.03281 0.03037 ( 1)  0.133
   9 I   0.00000 0.00012 0.00734 0.10029 0.35476 0.25197 0.14850 0.13702 ( 5)  0.526
  10 P   0.20552 0.20551 0.20441 0.18933 0.11879 0.03965 0.01933 0.01746 ( 1)  0.094
  11 A   0.22042 0.22039 0.21878 0.19676 0.10355 0.02333 0.00895 0.00782 ( 1)  0.061
  12 V   0.21997 0.21994 0.21835 0.19657 0.10409 0.02379 0.00922 0.00807 ( 1)  0.062
  13 K   0.22178 0.22175 0.22006 0.19707 0.10134 0.02210 0.00848 0.00742 ( 1)  0.059
  14 A   0.00000 0.00010 0.00653 0.09000 0.33584 0.26189 0.15884 0.14680 ( 5)  0.547
  15 Y   0.00000 0.00000 0.00000 0.00006 0.01392 0.19530 0.38181 0.40891 ( 8)  0.906
  16 S   0.00000 0.00000 0.00000 0.00001 0.00553 0.17136 0.39468 0.42843 ( 8)  0.920
  17 L   0.15472 0.15471 0.15448 0.15119 0.13256 0.09698 0.07883 0.07652 ( 1)  0.250
  18 T   0.00000 0.00000 0.00002 0.00509 0.12516 0.30360 0.28613 0.27998 ( 6)  0.781
  19 S   0.00000 0.00005 0.00324 0.04642 0.21656 0.27951 0.23121 0.22300 ( 6)  0.677
  20 P   0.20364 0.20363 0.20259 0.18819 0.12020 0.04182 0.02094 0.01898 ( 1)  0.099
  21 A   0.22042 0.22039 0.21878 0.19676 0.10355 0.02333 0.00895 0.00782 ( 1)  0.061
  22 R   0.00000 0.00012 0.00734 0.10069 0.36149 0.25508 0.14382 0.13147 ( 5)  0.519
  23 V   0.21784 0.21782 0.21631 0.19569 0.10668 0.02600 0.01047 0.00921 ( 1)  0.066
  24 I   0.22489 0.22486 0.22301 0.19804 0.09695 0.01916 0.00701 0.00610 ( 1)  0.053
  25 V   0.00000 0.00000 0.00000 0.00014 0.02679 0.24286 0.35967 0.37053 ( 8)  0.881
  26 G   0.19831 0.19830 0.19739 0.18470 0.12343 0.04803 0.02600 0.02383 ( 1)  0.114
  27 P   0.20067 0.20066 0.19969 0.18629 0.12215 0.04528 0.02367 0.02158 ( 1)  0.107
  28 G   0.20616 0.20614 0.20503 0.18969 0.11827 0.03893 0.01881 0.01696 ( 1)  0.093
  29 H   0.20836 0.20834 0.20717 0.19101 0.11657 0.03638 0.01696 0.01521 ( 1)  0.087
  30 T   0.22130 0.22127 0.21959 0.19678 0.10171 0.02266 0.00889 0.00781 ( 1)  0.060
  31 G   0.20594 0.20592 0.20482 0.18960 0.11853 0.03916 0.01895 0.01709 ( 1)  0.093
  32 G   0.20560 0.20558 0.20449 0.18941 0.11883 0.03956 0.01920 0.01732 ( 1)  0.094
  33 D   0.21990 0.21987 0.21828 0.19655 0.10418 0.02386 0.00926 0.00810 ( 1)  0.062
  34 L   0.18710 0.18709 0.18641 0.17698 0.12901 0.06114 0.03741 0.03488 ( 1)  0.145
  35 V   0.22034 0.22032 0.21870 0.19673 0.10365 0.02340 0.00899 0.00786 ( 1)  0.061
  36 A   0.22042 0.22039 0.21878 0.19676 0.10355 0.02333 0.00895 0.00782 ( 1)  0.061
  37 L   0.20593 0.20591 0.20481 0.18958 0.11849 0.03918 0.01898 0.01712 ( 1)  0.093
  38 L   0.18529 0.18528 0.18464 0.17565 0.12964 0.06323 0.03942 0.03685 ( 1)  0.150
  39 N   0.17185 0.17184 0.17141 0.16535 0.13273 0.07860 0.05546 0.05275 ( 1)  0.192
  40 S   0.00000 0.00000 0.00000 0.00001 0.00848 0.19752 0.38496 0.40903 ( 8)  0.909
  41 G   0.00000 0.00000 0.00000 0.00016 0.02889 0.25221 0.35559 0.36316 ( 8)  0.876
  42 T   0.00000 0.00000 0.00002 0.00516 0.12856 0.31005 0.28211 0.27409 ( 6)  0.777
  43 Q   0.00000 0.00005 0.00298 0.04280 0.20502 0.27967 0.23852 0.23096 ( 6)  0.690
  44 S   0.00000 0.00000 0.00000 0.00073 0.02955 0.20925 0.36846 0.39201 ( 8)  0.889
  45 G   0.21058 0.21056 0.20932 0.19226 0.11464 0.03387 0.01521 0.01357 ( 1)  0.082
  46 T   0.00000 0.00000 0.00000 0.00017 0.02965 0.24998 0.35571 0.36449 ( 8)  0.876
  47 M   0.21078 0.21076 0.20952 0.19250 0.11481 0.03358 0.01485 0.01321 ( 1)  0.081
  48 Q   0.00000 0.00005 0.00302 0.04343 0.20713 0.27979 0.23714 0.22943 ( 6)  0.687
  49 I   0.16406 0.16406 0.16372 0.15891 0.13264 0.08696 0.06608 0.06356 ( 1)  0.218
  50 Q   0.00000 0.00005 0.00315 0.04515 0.21268 0.27983 0.23360 0.22555 ( 6)  0.681
  51 C   0.19650 0.19649 0.19563 0.18366 0.12500 0.05016 0.02742 0.02515 ( 1)  0.118
  52 K   0.22178 0.22175 0.22006 0.19707 0.10134 0.02210 0.00848 0.00742 ( 1)  0.059
  53 T   0.22130 0.22127 0.21959 0.19678 0.10171 0.02266 0.00889 0.00781 ( 1)  0.060
  54 G   0.21058 0.21056 0.20932 0.19226 0.11464 0.03387 0.01521 0.01357 ( 1)  0.082
  55 S   0.17150 0.17150 0.17106 0.16495 0.13227 0.07884 0.05625 0.05362 ( 1)  0.194
  56 F   0.00000 0.00008 0.00531 0.07414 0.29853 0.27289 0.18045 0.16862 ( 5)  0.588
  57 T   0.22373 0.22370 0.22191 0.19763 0.09846 0.02029 0.00762 0.00666 ( 1)  0.056
  58 G   0.00000 0.00006 0.00376 0.05348 0.24106 0.28139 0.21517 0.20508 ( 6)  0.651
  59 P   0.00000 0.00000 0.00001 0.00276 0.08468 0.29190 0.31184 0.30880 ( 7)  0.818
  60 S   0.14366 0.14366 0.14353 0.14167 0.13081 0.10809 0.09516 0.09343 ( 1)  0.289
  61 R   0.21965 0.21962 0.21804 0.19653 0.10469 0.02406 0.00929 0.00812 ( 1)  0.062
  62 Q   0.00000 0.00002 0.00142 0.02158 0.13456 0.27701 0.28404 0.28135 ( 7)  0.766
  63 Y   0.20294 0.20293 0.20190 0.18774 0.12067 0.04264 0.02158 0.01959 ( 1)  0.101
  64 G   0.21058 0.21056 0.20932 0.19226 0.11464 0.03387 0.01521 0.01357 ( 1)  0.082
  65 L   0.00000 0.00009 0.00563 0.07829 0.30697 0.26877 0.17591 0.16435 ( 5)  0.579
  66 R   0.13981 0.13981 0.13971 0.13828 0.12988 0.11178 0.10109 0.09964 ( 1)  0.303
  67 M   0.00000 0.00009 0.00563 0.07848 0.31159 0.27194 0.17234 0.15993 ( 5)  0.574
  68 R   0.19356 0.19355 0.19275 0.18164 0.12650 0.05360 0.03038 0.02801 ( 1)  0.126
  69 Y   0.20354 0.20352 0.20249 0.18812 0.12026 0.04194 0.02104 0.01908 ( 1)  0.099
  70 A   0.22042 0.22039 0.21878 0.19676 0.10355 0.02333 0.00895 0.00782 ( 1)  0.061
  71 A   0.21792 0.21790 0.21638 0.19572 0.10658 0.02591 0.01042 0.00917 ( 1)  0.066
  72 N   0.22630 0.22627 0.22436 0.19859 0.09519 0.01774 0.00620 0.00536 ( 1)  0.051
  73 S   0.00000 0.00013 0.00837 0.11373 0.38658 0.24385 0.12966 0.11767 ( 5)  0.490
  74 A   0.00000 0.00000 0.00002 0.00407 0.10874 0.30205 0.29548 0.28964 ( 6)  0.795
  75 F   0.00000 0.00008 0.00512 0.07174 0.29221 0.27418 0.18419 0.17248 ( 5)  0.595
  76 T   0.22130 0.22127 0.21959 0.19678 0.10171 0.02266 0.00889 0.00781 ( 1)  0.060
  77 V   0.15172 0.15172 0.15152 0.14865 0.13226 0.10008 0.08312 0.08093 ( 1)  0.260
  78 S   0.00000 0.00013 0.00856 0.11623 0.39389 0.24273 0.12532 0.11314 ( 5)  0.482
  79 L   0.18769 0.18768 0.18699 0.17734 0.12853 0.06041 0.03693 0.03444 ( 1)  0.144
  80 S   0.19260 0.19259 0.19181 0.18087 0.12661 0.05470 0.03159 0.02922 ( 1)  0.129
  81 Y   0.19922 0.19921 0.19828 0.18535 0.12305 0.04697 0.02503 0.02288 ( 1)  0.111
  82 T   0.00000 0.00000 0.00002 0.00518 0.13006 0.31313 0.28024 0.27137 ( 6)  0.774
  83 L   0.00000 0.00004 0.00273 0.03946 0.19308 0.27810 0.24652 0.24007 ( 6)  0.703
  84 L   0.00000 0.00000 0.00000 0.00000 0.00224 0.10829 0.41016 0.47931 ( 8)  0.944
  85 -   0.18141 0.18140 0.18083 0.17275 0.13078 0.06771 0.04388 0.04124 ( 1)  0.162
  86 G   0.15637 0.15637 0.15612 0.15257 0.13264 0.09522 0.07653 0.07418 ( 1)  0.244
  87 Q   0.00000 0.00000 0.00000 0.00023 0.03751 0.26747 0.34539 0.34940 ( 8)  0.864
  88 T   0.00000 0.00009 0.00559 0.07761 0.30180 0.26632 0.17968 0.16891 ( 5)  0.585
  89 R   0.00000 0.00000 0.00000 0.00000 0.00083 0.09983 0.41455 0.48479 ( 8)  0.947
  90 G   0.00000 0.00009 0.00553 0.07716 0.30690 0.27176 0.17534 0.16322 ( 5)  0.579
  91 T   0.00000 0.00000 0.00003 0.00645 0.15166 0.31918 0.26663 0.25605 ( 6)  0.755
  92 S   0.00000 0.00008 0.00540 0.07517 0.29831 0.27003 0.18115 0.16987 ( 5)  0.588
  93 F   0.21085 0.21083 0.20958 0.19239 0.11432 0.03356 0.01504 0.01342 ( 1)  0.081
  94 V   0.00000 0.00000 0.00000 0.00000 0.00170 0.13537 0.40726 0.45567 ( 8)  0.935
  95 T   0.21370 0.21368 0.21229 0.19327 0.10998 0.03068 0.01392 0.01248 ( 1)  0.077
  96 E   0.21374 0.21371 0.21235 0.19369 0.11099 0.03047 0.01326 0.01179 ( 1)  0.075
  97 N   0.00000 0.00000 0.00001 0.00274 0.08084 0.28185 0.31736 0.31720 ( 7)  0.824
  98 T   0.22130 0.22127 0.21959 0.19678 0.10171 0.02266 0.00889 0.00781 ( 1)  0.060
  99 F   0.21085 0.21083 0.20958 0.19239 0.11432 0.03356 0.01504 0.01342 ( 1)  0.081
 100 S   0.00000 0.00000 0.00001 0.00219 0.06872 0.27133 0.32746 0.33028 ( 8)  0.838
 101 R   0.21965 0.21962 0.21804 0.19653 0.10469 0.02406 0.00929 0.00812 ( 1)  0.062
 102 S   0.00000 0.00000 0.00000 0.00010 0.02075 0.22276 0.36956 0.38682 ( 8)  0.892
 103 N   0.22630 0.22627 0.22436 0.19859 0.09519 0.01774 0.00620 0.00536 ( 1)  0.051
 104 N   0.22630 0.22627 0.22436 0.19859 0.09519 0.01774 0.00620 0.00536 ( 1)  0.051
 105 I   0.00000 0.00014 0.00864 0.11688 0.38844 0.23930 0.12901 0.11758 ( 5)  0.487
 106 I   0.22482 0.22479 0.22294 0.19804 0.09708 0.01921 0.00702 0.00611 ( 1)  0.053
 107 P   0.20339 0.20338 0.20234 0.18804 0.12041 0.04211 0.02115 0.01918 ( 1)  0.100
 108 T   0.21173 0.21171 0.21037 0.19212 0.11154 0.03291 0.01557 0.01405 ( 1)  0.082
 109 D   0.22265 0.22263 0.22092 0.19766 0.10078 0.02103 0.00767 0.00665 ( 1)  0.057
 110 L   0.18679 0.18678 0.18611 0.17666 0.12881 0.06144 0.03796 0.03545 ( 1)  0.146
 111 K   0.22178 0.22175 0.22006 0.19707 0.10134 0.02210 0.00848 0.00742 ( 1)  0.059
 112 Y   0.14266 0.14266 0.14253 0.14079 0.13058 0.10906 0.09669 0.09503 ( 1)  0.293
 113 E   0.16320 0.16320 0.16288 0.15833 0.13318 0.08809 0.06686 0.06427 ( 1)  0.221
 114 E   0.16320 0.16320 0.16288 0.15833 0.13318 0.08809 0.06686 0.06427 ( 1)  0.221
 115 F   0.21085 0.21083 0.20958 0.19239 0.11432 0.03356 0.01504 0.01342 ( 1)  0.081
 116 K   0.22178 0.22175 0.22006 0.19707 0.10134 0.02210 0.00848 0.00742 ( 1)  0.059
 117 Y   0.20354 0.20352 0.20249 0.18812 0.12026 0.04194 0.02104 0.01908 ( 1)  0.099
 118 K   0.22178 0.22175 0.22006 0.19707 0.10134 0.02210 0.00848 0.00742 ( 1)  0.059
 119 D   0.00000 0.00006 0.00358 0.05092 0.22846 0.27671 0.22428 0.21598 ( 6)  0.664
 120 Y   0.20354 0.20352 0.20249 0.18812 0.12026 0.04194 0.02104 0.01908 ( 1)  0.099
 121 L   0.00000 0.00000 0.00000 0.00000 0.00211 0.14632 0.40438 0.44719 ( 8)  0.931
 122 Q   0.19126 0.19124 0.19050 0.18001 0.12751 0.05630 0.03281 0.03037 ( 1)  0.133
 123 I   0.22489 0.22486 0.22301 0.19804 0.09695 0.01916 0.00701 0.00610 ( 1)  0.053
 124 I   0.22489 0.22486 0.22301 0.19804 0.09695 0.01916 0.00701 0.00610 ( 1)  0.053
 125 T   0.22130 0.22127 0.21959 0.19678 0.10171 0.02266 0.00889 0.00781 ( 1)  0.060
 126 M   0.00000 0.00008 0.00525 0.07344 0.29819 0.27454 0.18032 0.16819 ( 5)  0.589
 127 T   0.00000 0.00013 0.00838 0.11350 0.38155 0.24203 0.13294 0.12147 ( 5)  0.495
 128 L   0.00000 0.00000 0.00000 0.00007 0.01469 0.20099 0.37985 0.40440 ( 8)  0.904
 129 P   0.20399 0.20397 0.20292 0.18839 0.11992 0.04142 0.02066 0.01872 ( 1)  0.098
 130 A   0.00000 0.00000 0.00001 0.00222 0.06844 0.26768 0.32876 0.33290 ( 8)  0.839
 131 N   0.22630 0.22627 0.22436 0.19859 0.09519 0.01774 0.00620 0.00536 ( 1)  0.051
 132 T   0.22130 0.22127 0.21959 0.19678 0.10171 0.02266 0.00889 0.00781 ( 1)  0.060
 133 I   0.22482 0.22479 0.22294 0.19804 0.09708 0.01921 0.00702 0.00611 ( 1)  0.053
 134 I   0.00000 0.00010 0.00632 0.08728 0.32821 0.26320 0.16337 0.15151 ( 5)  0.556
 135 T   0.22373 0.22370 0.22191 0.19763 0.09846 0.02029 0.00762 0.00666 ( 1)  0.056
 136 I   0.22482 0.22479 0.22294 0.19804 0.09708 0.01921 0.00702 0.00611 ( 1)  0.053
 137 S   0.00000 0.00000 0.00000 0.00001 0.00722 0.18880 0.38857 0.41541 ( 8)  0.913
 138 M   0.00000 0.00000 0.00003 0.00596 0.14302 0.31628 0.27225 0.26247 ( 6)  0.763
 139 Q   0.00000 0.00000 0.00000 0.00000 0.00307 0.13876 0.40431 0.45385 ( 8)  0.933
 140 Q   0.19126 0.19124 0.19050 0.18001 0.12751 0.05630 0.03281 0.03037 ( 1)  0.133
 141 A   0.00000 0.00000 0.00000 0.00004 0.00997 0.17852 0.38915 0.42233 ( 8)  0.915
 142 T   0.00000 0.00000 0.00000 0.00001 0.00972 0.20778 0.38115 0.40133 ( 8)  0.905
 143 G   0.00000 0.00000 0.00000 0.00002 0.00640 0.14864 0.39869 0.44624 ( 8)  0.927
 144 L   0.00000 0.00000 0.00000 0.00000 0.00021 0.07623 0.41869 0.50487 ( 8)  0.956
 145 L   0.00000 0.00000 0.00000 0.00002 0.00730 0.16847 0.39393 0.43027 ( 8)  0.920
 146 N   0.22630 0.22627 0.22436 0.19859 0.09519 0.01774 0.00620 0.00536 ( 1)  0.051
 147 N   0.00000 0.00000 0.00000 0.00026 0.04211 0.28078 0.33841 0.33844 ( 8)  0.857
 148 Q   0.19126 0.19124 0.19050 0.18001 0.12751 0.05630 0.03281 0.03037 ( 1)  0.133
 149 L   0.18710 0.18709 0.18641 0.17698 0.12901 0.06114 0.03741 0.03488 ( 1)  0.145
 150 I   0.22489 0.22486 0.22301 0.19804 0.09695 0.01916 0.00701 0.00610 ( 1)  0.053
 151 I   0.22489 0.22486 0.22301 0.19804 0.09695 0.01916 0.00701 0.00610 ( 1)  0.053
 152 D   0.17490 0.17489 0.17441 0.16760 0.13166 0.07501 0.05207 0.04945 ( 1)  0.183
 153 R   0.21696 0.21694 0.21547 0.19531 0.10772 0.02691 0.01099 0.00969 ( 1)  0.068
 154 I   0.17008 0.17007 0.16966 0.16383 0.13250 0.08045 0.05802 0.05539 ( 1)  0.198
 155 E   0.21751 0.21748 0.21599 0.19555 0.10709 0.02634 0.01066 0.00938 ( 1)  0.067
 156 F   0.00000 0.00007 0.00461 0.06486 0.27279 0.27671 0.19601 0.18496 ( 6)  0.616
 157 Y   0.00000 0.00000 0.00001 0.00309 0.08926 0.29116 0.30970 0.30678 ( 7)  0.815
 158 P   0.19800 0.19798 0.19708 0.18455 0.12379 0.04840 0.02619 0.02401 ( 1)  0.114


lnL = -1533.533265

