Supplemental results for CODEML (seqf: algn  treef: tree)


dN/dS (w) for site classes (K=8)

p:   0.12500  0.12500  0.12500  0.12500  0.12500  0.12500  0.12500  0.12500
w:   0.01848  0.09276  0.19572  0.31897  0.45778  0.60839  0.76687  0.92687

Naive Empirical Bayes (NEB) probabilities for 8 classes & postmean_w
(amino acids refer to 1st sequence: BT_Cry52Ca1)

   1 Q   0.12495 0.29375 0.23924 0.14719 0.08631 0.05249 0.03357 0.02250 ( 2)  0.241
   2 V   0.02226 0.19343 0.24728 0.19756 0.13835 0.09385 0.06355 0.04373 ( 3)  0.339
   3 K   0.00001 0.00430 0.03725 0.10347 0.17083 0.21560 0.23446 0.23408 ( 7)  0.647
   4 S   0.00033 0.02022 0.07885 0.14246 0.18468 0.20029 0.19501 0.17814 ( 6)  0.584
   5 E   0.69708 0.21855 0.05741 0.01666 0.00591 0.00252 0.00122 0.00066 ( 1)  0.055
   6 L   0.52123 0.27071 0.11900 0.04984 0.02139 0.00989 0.00506 0.00288 ( 1)  0.096
   7 T   0.69367 0.20865 0.05977 0.02103 0.00896 0.00433 0.00229 0.00131 ( 1)  0.060
   8 R   0.73217 0.20549 0.04576 0.01116 0.00340 0.00125 0.00052 0.00024 ( 1)  0.048
   9 E   0.00092 0.04795 0.14728 0.19853 0.19442 0.16763 0.13617 0.10710 ( 4)  0.491
  10 I   0.79080 0.16035 0.03358 0.00955 0.00339 0.00139 0.00063 0.00032 ( 1)  0.042
  11 Y   0.02280 0.19378 0.24547 0.19665 0.13848 0.09437 0.06415 0.04429 ( 3)  0.340
  12 S   0.18819 0.34474 0.22631 0.11925 0.06106 0.03216 0.01779 0.01049 ( 2)  0.189
  13 D   0.83454 0.13491 0.02255 0.00539 0.00166 0.00060 0.00025 0.00011 ( 1)  0.035
  14 V   0.01284 0.15469 0.25843 0.23206 0.15852 0.09581 0.05539 0.03227 ( 3)  0.342
  15 V   0.00824 0.10217 0.17905 0.19379 0.17530 0.14404 0.11206 0.08534 ( 4)  0.439
  16 N   0.08505 0.42346 0.28865 0.12485 0.04834 0.01869 0.00759 0.00337 ( 2)  0.180
  17 -   0.00195 0.03544 0.10157 0.16213 0.19246 0.19173 0.17124 0.14347 ( 5)  0.544
  18 -   0.00070 0.01442 0.04957 0.09851 0.14997 0.19587 0.23238 0.25858 ( 8)  0.648
  19 -   0.31340 0.24097 0.16908 0.11224 0.07202 0.04542 0.02858 0.01830 ( 1)  0.197
  20 -   0.00364 0.05597 0.13299 0.17986 0.18805 0.17201 0.14652 0.12096 ( 5)  0.504
  21 -   0.07781 0.22872 0.24039 0.18192 0.11958 0.07467 0.04665 0.03025 ( 3)  0.292
  22 -   0.00326 0.05318 0.13316 0.18533 0.19414 0.17412 0.14336 0.11344 ( 5)  0.500
  23 -   0.00005 0.00460 0.02888 0.07907 0.14377 0.20597 0.25394 0.28371 ( 8)  0.680
  24 -   0.06923 0.21447 0.23860 0.18903 0.12770 0.08027 0.04951 0.03119 ( 3)  0.302
  25 -   0.07296 0.22417 0.24525 0.18922 0.12337 0.07441 0.04398 0.02664 ( 3)  0.291
  26 A   0.01490 0.14906 0.22367 0.20746 0.16135 0.11470 0.07746 0.05140 ( 3)  0.375
  27 D   0.00230 0.06348 0.13743 0.18268 0.19364 0.17415 0.14010 0.10621 ( 5)  0.492
  28 V   0.00000 0.00030 0.00688 0.03872 0.10819 0.20116 0.29005 0.35472 ( 8)  0.737
  29 F   0.10693 0.29692 0.25030 0.15402 0.08883 0.05184 0.03131 0.01985 ( 2)  0.242
  30 G   0.00055 0.02842 0.09139 0.13856 0.16343 0.17981 0.19365 0.20419 ( 8)  0.587
  31 T   0.00008 0.01527 0.07669 0.14771 0.19234 0.20445 0.19303 0.17043 ( 6)  0.582
  32 I   0.04053 0.29618 0.29901 0.18146 0.09488 0.04842 0.02539 0.01412 ( 3)  0.250
  33 Y   0.03257 0.24989 0.27682 0.19165 0.11639 0.06840 0.04015 0.02412 ( 3)  0.287
  34 T   0.00000 0.00005 0.00237 0.01969 0.07209 0.16848 0.29855 0.43877 ( 8)  0.778
  35 D   0.00000 0.00023 0.00625 0.03540 0.10109 0.19571 0.29341 0.36792 ( 8)  0.744
  36 N   0.02458 0.21686 0.27584 0.20744 0.12924 0.07563 0.04401 0.02639 ( 3)  0.304
  37 N   0.00000 0.00205 0.01848 0.05967 0.12543 0.20219 0.27148 0.32068 ( 8)  0.709
  38 R   0.00085 0.01783 0.06173 0.11984 0.17185 0.20448 0.21501 0.20841 ( 7)  0.613
  39 N   0.21933 0.35635 0.21492 0.10760 0.05280 0.02670 0.01421 0.00808 ( 2)  0.172
  40 E   0.72160 0.20591 0.05010 0.01408 0.00491 0.00201 0.00092 0.00046 ( 1)  0.051
  41 E   0.01183 0.26763 0.33401 0.20269 0.09995 0.04771 0.02361 0.01256 ( 3)  0.260
  42 L   0.00006 0.00600 0.04219 0.11419 0.18418 0.22086 0.22410 0.20842 ( 7)  0.629
  43 Y   0.01816 0.18946 0.27481 0.22081 0.14015 0.08167 0.04701 0.02792 ( 3)  0.318
  44 T   0.00296 0.10998 0.23665 0.23406 0.17411 0.11647 0.07574 0.05003 ( 3)  0.386
  45 R   0.00735 0.09781 0.19316 0.21371 0.18270 0.13795 0.09834 0.06898 ( 4)  0.422
  46 P   0.00005 0.01146 0.07073 0.14670 0.19350 0.20675 0.19661 0.17420 ( 6)  0.588
  47 P   0.65392 0.23393 0.06924 0.02282 0.00977 0.00521 0.00312 0.00199 ( 1)  0.066
  48 H   0.00000 0.00196 0.02285 0.07459 0.14265 0.20815 0.25903 0.29075 ( 8)  0.689
  49 L   0.59496 0.25838 0.09257 0.03248 0.01234 0.00530 0.00258 0.00139 ( 1)  0.076
  50 F   0.64865 0.22439 0.07159 0.02769 0.01325 0.00730 0.00437 0.00277 ( 1)  0.072
  51 T   0.00054 0.03624 0.14017 0.21782 0.21928 0.17578 0.12520 0.08497 ( 5)  0.482
  52 W   0.42220 0.27713 0.15587 0.07915 0.03748 0.01701 0.00763 0.00353 ( 1)  0.126
  53 L   0.12564 0.28806 0.23371 0.14557 0.08733 0.05524 0.03748 0.02698 ( 2)  0.249
  54 R   0.11298 0.28548 0.25026 0.15982 0.09163 0.05167 0.02991 0.01824 ( 2)  0.242
  55 G   0.00011 0.02149 0.10359 0.17601 0.19939 0.19027 0.16744 0.14169 ( 5)  0.545
  56 F   0.04319 0.25189 0.23283 0.16765 0.11958 0.08429 0.05891 0.04165 ( 2)  0.313
  57 R   0.00000 0.00272 0.02748 0.08104 0.14641 0.20764 0.25401 0.28070 ( 8)  0.680
  58 F   0.21274 0.36497 0.22074 0.10793 0.05098 0.02434 0.01201 0.00630 ( 2)  0.169
  59 V   0.00000 0.00048 0.01221 0.06056 0.14074 0.21887 0.27152 0.29562 ( 8)  0.702
  60 T   0.00129 0.04163 0.10034 0.14391 0.17177 0.18366 0.18290 0.17450 ( 6)  0.562
  61 N   0.00406 0.11359 0.21524 0.21981 0.17754 0.12725 0.08574 0.05677 ( 4)  0.400
  62 S   0.00000 0.00000 0.00030 0.00412 0.02533 0.09755 0.27318 0.59952 ( 8)  0.837
  63 I   0.00223 0.07525 0.16834 0.20109 0.19002 0.15715 0.11930 0.08662 ( 4)  0.458
  64 S   0.00000 0.00005 0.00265 0.02251 0.08136 0.18130 0.30062 0.41150 ( 8)  0.767
  65 S   0.00001 0.00290 0.02467 0.07268 0.13467 0.19839 0.25772 0.30897 ( 8)  0.695
  66 G   0.00048 0.06269 0.19878 0.23989 0.20074 0.14249 0.09395 0.06098 ( 4)  0.428
  67 S   0.00000 0.00106 0.01606 0.06588 0.14351 0.21844 0.26768 0.28738 ( 8)  0.694
  68 R   0.00000 0.00001 0.00040 0.00456 0.02530 0.09410 0.26691 0.60873 ( 8)  0.839
  69 T   0.00007 0.01547 0.08717 0.16750 0.20423 0.20071 0.17689 0.14797 ( 5)  0.560
  70 W   0.00156 0.03099 0.09262 0.14966 0.18114 0.18925 0.18336 0.17142 ( 6)  0.566
  71 T   0.15763 0.26399 0.18740 0.13021 0.09566 0.07151 0.05344 0.04015 ( 2)  0.271
  72 F   0.00290 0.09346 0.19907 0.22088 0.18708 0.13744 0.09460 0.06456 ( 4)  0.420
  73 L   0.08662 0.23173 0.22509 0.16525 0.11266 0.07816 0.05695 0.04354 ( 2)  0.303
  74 A   0.25483 0.34211 0.17887 0.09255 0.05480 0.03550 0.02418 0.01715 ( 2)  0.182
  75 G   0.69289 0.22174 0.05781 0.01674 0.00614 0.00270 0.00131 0.00068 ( 1)  0.056
  76 N   0.00633 0.07417 0.13934 0.16693 0.17144 0.16338 0.14820 0.13022 ( 5)  0.500
  77 Q   0.00002 0.01239 0.09719 0.20282 0.23282 0.19982 0.14925 0.10567 ( 5)  0.525
  78 N   0.02911 0.24406 0.29068 0.20330 0.11720 0.06320 0.03380 0.01865 ( 3)  0.280
  79 K   0.00008 0.01667 0.08942 0.16884 0.20567 0.20116 0.17487 0.14329 ( 5)  0.556
  80 Y   0.00259 0.10258 0.23384 0.23774 0.17749 0.11828 0.07674 0.05073 ( 4)  0.390
  81 S   0.00020 0.01619 0.07865 0.15633 0.20187 0.20632 0.18511 0.15534 ( 6)  0.571
  82 Y   0.00006 0.01050 0.05445 0.11620 0.17276 0.20992 0.22216 0.21394 ( 7)  0.624
  83 T   0.73401 0.19195 0.04799 0.01513 0.00596 0.00274 0.00141 0.00080 ( 1)  0.052
  84 R   0.00000 0.00047 0.00713 0.03171 0.08349 0.16738 0.28373 0.42610 ( 8)  0.764
  85 D   0.00003 0.00648 0.03793 0.08801 0.14354 0.19703 0.24424 0.28274 ( 8)  0.671
  86 N   0.00942 0.04403 0.08420 0.12227 0.15454 0.17959 0.19736 0.20859 ( 8)  0.584
  87 R   0.00726 0.03519 0.07071 0.10873 0.14622 0.18117 0.21226 0.23845 ( 8)  0.613
  88 I   0.17220 0.16070 0.14629 0.13111 0.11634 0.10268 0.09052 0.08016 ( 1)  0.348
  89 I   0.17220 0.16070 0.14629 0.13111 0.11634 0.10268 0.09052 0.08016 ( 1)  0.348
  90 Y   0.00023 0.00547 0.02307 0.05747 0.11023 0.18044 0.26501 0.35808 ( 8)  0.719
  91 G   0.15013 0.14478 0.13772 0.12979 0.12150 0.11319 0.10516 0.09773 ( 1)  0.380
  92 P   0.15863 0.15119 0.14152 0.13083 0.11987 0.10913 0.09899 0.08983 ( 1)  0.367
  93 F   0.00011 0.01898 0.08762 0.15498 0.19002 0.19618 0.18510 0.16701 ( 6)  0.571
  94 Y   0.00000 0.00097 0.01254 0.04845 0.11113 0.19224 0.27841 0.35626 ( 8)  0.730
  95 G   0.00008 0.01924 0.10496 0.18882 0.21177 0.19169 0.15783 0.12561 ( 5)  0.534
  96 Q   0.00000 0.00084 0.01622 0.06827 0.14455 0.21534 0.26445 0.29033 ( 8)  0.694
  97 D   0.00011 0.02209 0.11357 0.19959 0.21953 0.19091 0.14697 0.10723 ( 5)  0.517
  98 T   0.00335 0.12271 0.25909 0.24629 0.17070 0.10346 0.05973 0.03467 ( 3)  0.360
  99 N   0.00455 0.13151 0.24314 0.22770 0.16618 0.10989 0.07075 0.04628 ( 3)  0.373
 100 Y   0.72132 0.19970 0.05201 0.01620 0.00612 0.00268 0.00129 0.00068 ( 1)  0.053
 101 G   0.69289 0.22174 0.05781 0.01674 0.00614 0.00270 0.00131 0.00068 ( 1)  0.056
 102 G   0.00009 0.01733 0.08447 0.15516 0.19352 0.19979 0.18596 0.16368 ( 6)  0.572
 103 T   0.23595 0.33178 0.18965 0.10419 0.06112 0.03754 0.02390 0.01588 ( 2)  0.189
 104 S   0.61366 0.23993 0.08405 0.03270 0.01490 0.00773 0.00438 0.00265 ( 1)  0.078
 105 S   0.00228 0.10205 0.24924 0.25390 0.17986 0.10977 0.06432 0.03859 ( 4)  0.373
 106 D   0.00964 0.04489 0.08545 0.12344 0.15515 0.17929 0.19598 0.20615 ( 8)  0.582
 107 T   0.00788 0.03775 0.07469 0.11283 0.14887 0.18088 0.20785 0.22926 ( 8)  0.604
 108 D   0.17732 0.16434 0.14819 0.13133 0.11510 0.10026 0.08721 0.07623 ( 1)  0.341
 109 F   0.00828 0.03934 0.07707 0.11513 0.15017 0.18044 0.20522 0.22436 ( 8)  0.599
 110 A   0.02298 0.16774 0.19911 0.17255 0.14383 0.11853 0.09659 0.07867 ( 3)  0.395
 111 E   0.00000 0.00045 0.01036 0.05012 0.12274 0.20791 0.28086 0.32755 ( 8)  0.720
 112 D   0.00000 0.00001 0.00095 0.01071 0.05013 0.14276 0.29718 0.49827 ( 8)  0.803
 113 S   0.00003 0.00739 0.04325 0.09744 0.15273 0.20125 0.23791 0.26000 ( 8)  0.656
 114 Y   0.00000 0.00009 0.00422 0.03263 0.10270 0.19982 0.29459 0.36595 ( 8)  0.745
 115 V   0.00029 0.04554 0.16989 0.22837 0.20772 0.15895 0.11214 0.07709 ( 4)  0.460
 116 Y   0.32497 0.40737 0.17208 0.06025 0.02165 0.00841 0.00358 0.00169 ( 2)  0.116
 117 N   0.28558 0.35935 0.18042 0.08692 0.04429 0.02344 0.01277 0.00722 ( 2)  0.153
 118 L   0.58145 0.25913 0.09654 0.03573 0.01455 0.00681 0.00363 0.00215 ( 1)  0.081
 119 W   0.00014 0.01122 0.06630 0.15540 0.21586 0.22003 0.18697 0.14408 ( 6)  0.573
 120 T   0.00004 0.00788 0.04477 0.10251 0.16288 0.20990 0.23450 0.23752 ( 8)  0.644
 121 K   0.32385 0.37790 0.16762 0.07021 0.03194 0.01569 0.00821 0.00458 ( 2)  0.131
 122 N   0.43781 0.37920 0.12206 0.03834 0.01354 0.00541 0.00242 0.00121 ( 1)  0.092
 123 Y   0.00115 0.06075 0.18462 0.23481 0.20347 0.14781 0.10010 0.06730 ( 4)  0.439
 124 E   0.03570 0.28269 0.30281 0.18880 0.09920 0.05035 0.02612 0.01433 ( 3)  0.256
 125 F   0.00000 0.00229 0.02603 0.08790 0.16522 0.22380 0.24901 0.24575 ( 7)  0.664
 126 -   0.00007 0.00574 0.03221 0.08104 0.14079 0.19976 0.25060 0.28980 ( 8)  0.679
 127 -   0.00009 0.00792 0.04503 0.10926 0.17336 0.21469 0.22826 0.22139 ( 7)  0.635
 128 -   0.00239 0.04247 0.11703 0.17732 0.19802 0.18489 0.15503 0.12284 ( 5)  0.519
 129 -   0.00103 0.02038 0.06518 0.11849 0.16419 0.19590 0.21389 0.22093 ( 8)  0.616
 130 -   0.00289 0.04951 0.12980 0.18606 0.19726 0.17675 0.14442 0.11331 ( 5)  0.503
 131 -   0.00006 0.00519 0.03113 0.08185 0.14451 0.20382 0.25077 0.28268 ( 8)  0.677
 132 -   0.00108 0.02142 0.06874 0.12516 0.17165 0.19926 0.20840 0.20428 ( 7)  0.604
 133 -   0.00514 0.07561 0.16674 0.20375 0.18946 0.15382 0.11735 0.08812 ( 4)  0.457
 134 -   0.03758 0.13606 0.18611 0.18578 0.15916 0.12596 0.09618 0.07318 ( 3)  0.400
 135 -   0.14388 0.14001 0.13485 0.12894 0.12263 0.11617 0.10979 0.10374 ( 1)  0.390
 136 I   0.03393 0.24762 0.26910 0.19320 0.12132 0.07116 0.04047 0.02319 ( 3)  0.289
 137 S   0.00005 0.01061 0.06217 0.13497 0.19093 0.21312 0.20577 0.18239 ( 6)  0.600
 138 P   0.00150 0.06747 0.18114 0.22189 0.19805 0.15126 0.10630 0.07239 ( 4)  0.444
 139 Y   0.00000 0.00197 0.02018 0.06772 0.13552 0.20542 0.26405 0.30513 ( 8)  0.698
 140 T   0.00331 0.12904 0.27961 0.25713 0.16526 0.09135 0.04827 0.02604 ( 3)  0.341
 141 D   0.00001 0.00259 0.02688 0.08626 0.15858 0.21606 0.24883 0.26080 ( 8)  0.670
 142 P   0.00653 0.08093 0.15269 0.17601 0.17210 0.15709 0.13748 0.11716 ( 4)  0.482
 143 V   0.25694 0.36107 0.18633 0.08984 0.04836 0.02836 0.01759 0.01150 ( 2)  0.167
 144 N   0.03222 0.27654 0.32032 0.20197 0.09848 0.04330 0.01871 0.00846 ( 3)  0.247
 145 I   0.00000 0.00001 0.00060 0.00771 0.04056 0.12830 0.29288 0.52993 ( 8)  0.815
 146 T   0.00056 0.03773 0.13069 0.18852 0.19560 0.17696 0.14908 0.12086 ( 5)  0.513
 147 K   0.00016 0.01100 0.04773 0.09803 0.14902 0.19484 0.23368 0.26553 ( 8)  0.654
 148 I   0.15063 0.31286 0.23684 0.14114 0.07856 0.04296 0.02361 0.01338 ( 2)  0.216
 149 N   0.17973 0.16576 0.14858 0.13092 0.11419 0.09916 0.08619 0.07547 ( 1)  0.338
 150 F   0.03032 0.22707 0.25590 0.18962 0.12658 0.08222 0.05323 0.03507 ( 3)  0.313
 151 S   0.00000 0.00029 0.00636 0.03448 0.09695 0.18845 0.29062 0.38284 ( 8)  0.749
 152 V   0.16159 0.33493 0.22890 0.12678 0.06966 0.03965 0.02363 0.01487 ( 2)  0.207
 153 T   0.03221 0.23865 0.27017 0.19515 0.12159 0.07232 0.04316 0.02675 ( 3)  0.295
 154 N   0.00000 0.00098 0.01221 0.04754 0.11060 0.19231 0.27865 0.35771 ( 8)  0.731
 155 N   0.00171 0.04856 0.11622 0.16779 0.19064 0.18441 0.16009 0.13058 ( 5)  0.524
 156 N   0.81014 0.14673 0.02968 0.00834 0.00297 0.00124 0.00059 0.00031 ( 1)  0.040
 157 S   0.00000 0.00002 0.00108 0.01095 0.04847 0.13651 0.29102 0.51196 ( 8)  0.807
 158 S   0.13122 0.30915 0.25005 0.14796 0.07965 0.04301 0.02431 0.01466 ( 2)  0.222
 159 K   0.00000 0.00002 0.00160 0.01713 0.07184 0.17582 0.30661 0.42697 ( 8)  0.777
 160 D   0.00976 0.10937 0.17545 0.18073 0.16495 0.14277 0.11925 0.09772 ( 4)  0.447
 161 E   0.00000 0.00085 0.01164 0.04730 0.11241 0.19652 0.28108 0.35019 ( 8)  0.729
 162 T   0.00000 0.00005 0.00285 0.02341 0.08177 0.17952 0.29835 0.41404 ( 8)  0.767
 163 Y   0.30826 0.40098 0.17883 0.06706 0.02610 0.01104 0.00512 0.00262 ( 2)  0.124
 164 G   0.00007 0.01843 0.11197 0.21059 0.23114 0.19295 0.13976 0.09509 ( 5)  0.509
 165 G   0.00002 0.00641 0.05356 0.13969 0.20632 0.22303 0.20258 0.16838 ( 6)  0.597
 166 E   0.00000 0.00002 0.00131 0.01252 0.05233 0.14140 0.29228 0.50015 ( 8)  0.802
 167 R   0.00093 0.04526 0.13219 0.17972 0.18561 0.17202 0.15213 0.13213 ( 5)  0.516
 168 N   0.41380 0.33611 0.13500 0.05885 0.02832 0.01475 0.00823 0.00495 ( 1)  0.117
 169 L   0.00185 0.07579 0.18818 0.21960 0.19156 0.14599 0.10414 0.07289 ( 4)  0.438
 170 P   0.01659 0.15702 0.21255 0.17893 0.14122 0.11623 0.09721 0.08026 ( 3)  0.398
 171 T   0.20391 0.35286 0.22101 0.11255 0.05604 0.02884 0.01566 0.00912 ( 2)  0.179
 172 V   0.00017 0.03410 0.15519 0.23473 0.22316 0.16857 0.11266 0.07140 ( 4)  0.466
 173 Q   0.00003 0.00703 0.04673 0.10948 0.16641 0.20622 0.22846 0.23565 ( 8)  0.640
 174 T   0.00000 0.00049 0.00874 0.03899 0.09667 0.17983 0.28231 0.39298 ( 8)  0.749
 175 N   0.00000 0.00012 0.00470 0.03057 0.09228 0.18591 0.29329 0.39312 ( 8)  0.755
 176 F   0.00000 0.00062 0.01401 0.06236 0.13647 0.21067 0.26913 0.30673 ( 8)  0.704
 177 D   0.00001 0.00456 0.04494 0.12304 0.19054 0.22102 0.21854 0.19735 ( 6)  0.621
 178 F   0.03961 0.26960 0.27069 0.17939 0.10891 0.06575 0.04038 0.02566 ( 3)  0.281
 179 L   0.00025 0.03136 0.13619 0.21090 0.21302 0.17719 0.13398 0.09712 ( 5)  0.495
 180 T   0.00251 0.09620 0.21969 0.23650 0.18794 0.12785 0.08021 0.04909 ( 4)  0.398
 181 N   0.00025 0.03817 0.14469 0.20447 0.20070 0.16993 0.13548 0.10630 ( 4)  0.495
 182 K   0.00208 0.07709 0.17534 0.20016 0.18291 0.15187 0.11934 0.09122 ( 4)  0.458
 183 V   0.00895 0.10665 0.18802 0.19728 0.17198 0.13853 0.10709 0.08149 ( 4)  0.430
 184 G   0.00482 0.07341 0.16758 0.20937 0.19513 0.15528 0.11371 0.08069 ( 4)  0.452
 185 -   0.43072 0.26972 0.14666 0.07535 0.03865 0.02052 0.01150 0.00689 ( 1)  0.131
 186 -   0.05696 0.18472 0.21932 0.18829 0.13961 0.09730 0.06691 0.04689 ( 3)  0.339
 187 -   0.00401 0.02706 0.06802 0.11715 0.16224 0.19479 0.21180 0.21493 ( 8)  0.608
 188 N   0.00000 0.00091 0.01137 0.04666 0.11172 0.19591 0.28132 0.35211 ( 8)  0.730
 189 G   0.00005 0.01059 0.05758 0.12133 0.17443 0.20608 0.21688 0.21306 ( 7)  0.620
 190 S   0.00000 0.00076 0.01128 0.04766 0.11432 0.19884 0.28126 0.34587 ( 8)  0.727
 191 P   0.67056 0.23857 0.06576 0.01740 0.00504 0.00170 0.00067 0.00031 ( 1)  0.057
 192 T   0.04458 0.28380 0.27329 0.17835 0.10535 0.06018 0.03431 0.02015 ( 2)  0.267
 193 Y   0.24293 0.36253 0.20174 0.09685 0.04787 0.02529 0.01425 0.00855 ( 2)  0.165
 194 N   0.03323 0.27095 0.30440 0.19674 0.10417 0.05174 0.02561 0.01316 ( 3)  0.259
 195 N   0.48111 0.36662 0.10578 0.03060 0.00999 0.00368 0.00152 0.00071 ( 1)  0.082
 196 -   0.02771 0.09880 0.13914 0.15296 0.15393 0.14956 0.14285 0.13506 ( 5)  0.482
 197 -   0.30484 0.23772 0.16978 0.11477 0.07488 0.04789 0.03046 0.01966 ( 1)  0.203
 198 -   0.42868 0.27211 0.14942 0.07643 0.03819 0.01932 0.01016 0.00569 ( 1)  0.129
 199 Y   0.68122 0.21826 0.06394 0.02133 0.00840 0.00382 0.00194 0.00108 ( 1)  0.061
 200 N   0.10257 0.41348 0.25731 0.12148 0.05634 0.02710 0.01393 0.00780 ( 2)  0.190
 201 H   0.80410 0.16257 0.02614 0.00516 0.00136 0.00044 0.00016 0.00007 ( 1)  0.038
 202 I   0.08486 0.25447 0.25108 0.17566 0.10882 0.06462 0.03793 0.02256 ( 2)  0.269
 203 L   0.59496 0.25838 0.09257 0.03248 0.01234 0.00530 0.00258 0.00139 ( 1)  0.076
 204 S   0.03641 0.30271 0.32387 0.18718 0.08628 0.03782 0.01721 0.00851 ( 3)  0.235
 205 Y   0.00196 0.07361 0.17291 0.20338 0.18719 0.15362 0.11842 0.08891 ( 4)  0.458
 206 M   0.06142 0.36098 0.28545 0.14590 0.07266 0.03860 0.02184 0.01315 ( 2)  0.223
 207 L   0.10594 0.28279 0.25182 0.16080 0.09296 0.05365 0.03201 0.02003 ( 2)  0.247
 208 T   0.02393 0.22552 0.29162 0.21182 0.12387 0.06723 0.03608 0.01992 ( 3)  0.290
 209 N   0.04620 0.28501 0.27976 0.18261 0.10354 0.05580 0.03012 0.01696 ( 2)  0.260
 210 G   0.00000 0.00215 0.03262 0.11036 0.18711 0.22544 0.22893 0.21339 ( 7)  0.638
 211 T   0.00008 0.01788 0.09972 0.18395 0.21098 0.19446 0.16236 0.13058 ( 5)  0.540
 212 F   0.00000 0.00079 0.01641 0.07097 0.15172 0.22310 0.26372 0.27330 ( 8)  0.687
 213 S   0.00000 0.00036 0.00992 0.05238 0.12974 0.21421 0.27905 0.31434 ( 8)  0.714
 214 Q   0.01431 0.16527 0.26388 0.22721 0.15100 0.09114 0.05415 0.03304 ( 3)  0.336
 215 K   0.00010 0.02849 0.14533 0.23040 0.22604 0.17476 0.11873 0.07614 ( 4)  0.476
 216 -   0.12500 0.12500 0.12500 0.12500 0.12500 0.12500 0.12500 0.12500 ( 7)  0.423
 217 -   0.12500 0.12500 0.12500 0.12500 0.12500 0.12500 0.12500 0.12500 ( 7)  0.423
 218 -   0.12500 0.12500 0.12500 0.12500 0.12500 0.12500 0.12500 0.12500 ( 7)  0.423
 219 -   0.12500 0.12500 0.12500 0.12500 0.12500 0.12500 0.12500 0.12500 ( 7)  0.423
 220 -   0.12500 0.12500 0.12500 0.12500 0.12500 0.12500 0.12500 0.12500 ( 7)  0.423
 221 -   0.12500 0.12500 0.12500 0.12500 0.12500 0.12500 0.12500 0.12500 ( 7)  0.423
 222 -   0.12500 0.12500 0.12500 0.12500 0.12500 0.12500 0.12500 0.12500 ( 7)  0.423
 223 -   0.12500 0.12500 0.12500 0.12500 0.12500 0.12500 0.12500 0.12500 ( 7)  0.423
 224 R   0.20801 0.37044 0.22520 0.10675 0.04895 0.02314 0.01147 0.00605 ( 2)  0.167
 225 H   0.00003 0.00742 0.05409 0.13164 0.19299 0.21643 0.20953 0.18788 ( 6)  0.608
 226 G   0.05134 0.35466 0.31203 0.15863 0.07001 0.03113 0.01469 0.00753 ( 2)  0.215
 227 Y   0.02199 0.21354 0.28860 0.21778 0.12980 0.07044 0.03741 0.02045 ( 3)  0.296
 228 T   0.02746 0.22887 0.27330 0.19830 0.12370 0.07452 0.04531 0.02856 ( 3)  0.302
 229 F   0.20742 0.37033 0.22488 0.10594 0.04881 0.02368 0.01222 0.00672 ( 2)  0.168
 230 A   0.01531 0.15468 0.23051 0.20729 0.15575 0.10906 0.07495 0.05245 ( 3)  0.370
 231 F   0.00862 0.10651 0.19685 0.20953 0.17700 0.13443 0.09736 0.06970 ( 4)  0.417
 232 T   0.68649 0.21155 0.06168 0.02199 0.00953 0.00471 0.00255 0.00151 ( 1)  0.062
 233 H   0.80410 0.16257 0.02614 0.00516 0.00136 0.00044 0.00016 0.00007 ( 1)  0.038
 234 S   0.00128 0.05567 0.15130 0.19861 0.19538 0.16621 0.13108 0.10047 ( 4)  0.482
 235 S   0.76553 0.17887 0.03782 0.01053 0.00396 0.00181 0.00094 0.00053 ( 1)  0.046


lnL = -3461.615394

