Supplemental results for CODEML (seqf: algn  treef: tree)


dN/dS (w) for site classes (K=8)

p:   0.12500  0.12500  0.12500  0.12500  0.12500  0.12500  0.12500  0.12500
w:   0.00050  0.00653  0.02187  0.04945  0.09344  0.16129  0.27006  0.48353

Naive Empirical Bayes (NEB) probabilities for 8 classes & postmean_w
(amino acids refer to 1st sequence: BT_Cry32Ma1)

   1 -   0.00332 0.03961 0.10616 0.16610 0.19039 0.18363 0.16631 0.14447 ( 5)  0.173
   2 -   0.12500 0.12500 0.12500 0.12500 0.12500 0.12500 0.12500 0.12500 ( 1)  0.136
   3 L   0.00002 0.00348 0.03055 0.10262 0.19774 0.25621 0.24243 0.16694 ( 6)  0.212
   4 G   0.32988 0.28428 0.19755 0.10836 0.04832 0.01968 0.00850 0.00342 ( 1)  0.023
   5 R   0.00000 0.00004 0.00140 0.01231 0.05386 0.14784 0.29473 0.48982 ( 8)  0.346
   6 A   0.00006 0.00903 0.06874 0.18299 0.25866 0.23706 0.16175 0.08172 ( 5)  0.156
   7 A   0.33396 0.28395 0.19234 0.10394 0.04836 0.02220 0.01074 0.00450 ( 1)  0.025
   8 G   0.00671 0.07638 0.18271 0.23691 0.21049 0.14932 0.09248 0.04499 ( 4)  0.107
   9 L   0.00002 0.00327 0.02800 0.09068 0.16910 0.22182 0.24123 0.24588 ( 8)  0.241
  10 I   0.00002 0.00272 0.02475 0.08835 0.18535 0.26364 0.26455 0.17063 ( 7)  0.219
  11 N   0.00557 0.06612 0.17196 0.24194 0.22010 0.14879 0.09222 0.05330 ( 4)  0.111
  12 I   0.00000 0.00008 0.00235 0.01745 0.06425 0.15636 0.29501 0.46451 ( 8)  0.336
  13 I   0.35110 0.29317 0.18995 0.09564 0.04103 0.01767 0.00818 0.00326 ( 1)  0.021
  14 F   0.00511 0.05959 0.15163 0.21756 0.21947 0.17482 0.11593 0.05588 ( 5)  0.122
  15 G   0.33513 0.28774 0.19786 0.10617 0.04555 0.01759 0.00723 0.00273 ( 1)  0.022
  16 F   0.00002 0.00248 0.02362 0.08925 0.19513 0.27836 0.26495 0.14620 ( 6)  0.210
  17 L   0.26539 0.24256 0.19465 0.13521 0.08185 0.04469 0.02347 0.01218 ( 1)  0.040
  18 W   0.22583 0.21543 0.19115 0.15440 0.11027 0.06617 0.02984 0.00691 ( 1)  0.046
  19 G   0.00000 0.00001 0.00035 0.00497 0.03307 0.12773 0.31887 0.51501 ( 8)  0.359
  20 T   0.00001 0.00114 0.01069 0.04068 0.09706 0.17670 0.27605 0.39768 ( 8)  0.307
  21 L   0.00000 0.00008 0.00248 0.02063 0.08380 0.20688 0.33761 0.34852 ( 8)  0.302
  22 A   0.00003 0.00391 0.03150 0.09435 0.16621 0.21832 0.24565 0.24004 ( 7)  0.239
  23 G   0.00000 0.00036 0.00385 0.01810 0.05659 0.13793 0.28243 0.50073 ( 8)  0.347
  24 -   0.13637 0.13580 0.13435 0.13179 0.12783 0.12201 0.11335 0.09850 ( 1)  0.120
  25 -   0.13180 0.13147 0.13065 0.12918 0.12689 0.12343 0.11812 0.10845 ( 1)  0.126
  26 Q   0.00002 0.00257 0.02359 0.08560 0.18276 0.26395 0.26817 0.17334 ( 7)  0.221
  27 S   0.00000 0.00004 0.00144 0.01248 0.05418 0.14956 0.30048 0.48181 ( 8)  0.344
  28 V   0.00001 0.00143 0.01138 0.03500 0.07100 0.13014 0.24841 0.50262 ( 8)  0.340
  29 W   0.22583 0.21543 0.19115 0.15440 0.11027 0.06617 0.02984 0.00691 ( 1)  0.046
  30 E   0.00692 0.07656 0.17357 0.21468 0.19353 0.15267 0.11280 0.06927 ( 4)  0.122
  31 K   0.00000 0.00004 0.00114 0.00903 0.03670 0.10492 0.25508 0.59308 ( 8)  0.376
  32 F   0.00538 0.06220 0.15515 0.21625 0.21231 0.16855 0.11680 0.06337 ( 4)  0.124
  33 M   0.35886 0.30308 0.19859 0.09550 0.03257 0.00839 0.00229 0.00072 ( 1)  0.017
  34 R   0.00000 0.00007 0.00189 0.01273 0.04405 0.11181 0.25497 0.57447 ( 8)  0.369
  35 A   0.00002 0.00325 0.02925 0.10202 0.20525 0.27264 0.24776 0.13980 ( 6)  0.203
  36 V   0.33143 0.28202 0.19171 0.10477 0.04995 0.02364 0.01160 0.00488 ( 1)  0.025
  37 E   0.34310 0.28762 0.18913 0.09906 0.04567 0.02112 0.01009 0.00422 ( 1)  0.024
  38 S   0.00001 0.00181 0.01597 0.05607 0.12324 0.20713 0.28641 0.30936 ( 8)  0.275
  39 L   0.27986 0.25277 0.19714 0.13075 0.07442 0.03784 0.01847 0.00874 ( 1)  0.035
  40 V   0.00825 0.09147 0.20647 0.24615 0.19989 0.13180 0.07810 0.03786 ( 4)  0.097
  41 N   0.00006 0.00850 0.06081 0.14972 0.20467 0.21054 0.19809 0.16761 ( 6)  0.196
  42 Q   0.29753 0.26712 0.20419 0.12857 0.06499 0.02610 0.00875 0.00275 ( 1)  0.027
  43 K   0.34994 0.29306 0.19145 0.09754 0.04162 0.01688 0.00700 0.00250 ( 1)  0.021
  44 I   0.35453 0.29447 0.18856 0.09359 0.03995 0.01741 0.00819 0.00329 ( 1)  0.021
  45 T   0.33532 0.28630 0.19515 0.10487 0.04660 0.01953 0.00875 0.00347 ( 1)  0.023
  46 D   0.36677 0.30009 0.18564 0.08777 0.03572 0.01493 0.00660 0.00247 ( 1)  0.019
  47 A   0.00541 0.06283 0.15810 0.22304 0.22013 0.17048 0.10912 0.05088 ( 4)  0.117
  48 V   0.31531 0.27138 0.18996 0.10943 0.05659 0.03010 0.01752 0.00970 ( 1)  0.031
  49 R   0.31765 0.27895 0.20237 0.11751 0.05399 0.02024 0.00699 0.00231 ( 1)  0.024
  50 V   0.00000 0.00000 0.00004 0.00098 0.00998 0.05523 0.21209 0.72169 ( 8)  0.416
  51 K   0.00002 0.00284 0.02368 0.07568 0.14687 0.21666 0.26798 0.26627 ( 7)  0.254
  52 A   0.31650 0.27363 0.19292 0.11097 0.05568 0.02772 0.01494 0.00764 ( 1)  0.029
  53 L   0.00001 0.00128 0.01187 0.04421 0.10199 0.17799 0.27108 0.39157 ( 8)  0.303
  54 S   0.00383 0.04538 0.12005 0.18444 0.20598 0.18825 0.15100 0.10106 ( 5)  0.151
  55 E   0.00000 0.00008 0.00228 0.01582 0.05432 0.12817 0.26032 0.53900 ( 8)  0.358
  56 L   0.27960 0.25307 0.19818 0.13186 0.07480 0.03740 0.01752 0.00757 ( 1)  0.034
  57 E   0.00628 0.07238 0.17862 0.24225 0.22246 0.15378 0.08651 0.03772 ( 4)  0.104
  58 G   0.32255 0.27992 0.19778 0.11134 0.05136 0.02187 0.01027 0.00492 ( 1)  0.025
  59 V   0.00545 0.06348 0.16048 0.22705 0.22279 0.16891 0.10440 0.04744 ( 4)  0.114
  60 Q   0.00003 0.00474 0.04047 0.12935 0.23063 0.26627 0.21363 0.11486 ( 6)  0.185
  61 N   0.00000 0.00011 0.00288 0.01869 0.05987 0.13420 0.26234 0.52192 ( 8)  0.351
  62 A   0.00474 0.05607 0.14722 0.21903 0.22566 0.17786 0.11440 0.05503 ( 5)  0.122
  63 L   0.27618 0.25051 0.19729 0.13271 0.07668 0.03933 0.01891 0.00838 ( 1)  0.035
  64 E   0.00879 0.09687 0.21536 0.25176 0.19981 0.12664 0.06991 0.03085 ( 4)  0.091
  65 L   0.00426 0.05012 0.13038 0.19429 0.20741 0.17985 0.13867 0.09501 ( 5)  0.145
  66 Y   0.31368 0.27527 0.20016 0.11839 0.05758 0.02374 0.00854 0.00263 ( 1)  0.025
  67 Q   0.28600 0.25937 0.20331 0.13362 0.07184 0.03110 0.01112 0.00364 ( 1)  0.029
  68 E   0.01006 0.11004 0.23920 0.26555 0.19193 0.10791 0.05360 0.02171 ( 4)  0.079
  69 A   0.00534 0.06209 0.15704 0.22321 0.22187 0.17197 0.10884 0.04963 ( 4)  0.117
  70 A   0.00003 0.00423 0.03650 0.11908 0.21904 0.26466 0.22579 0.13067 ( 6)  0.194
  71 D   0.00000 0.00052 0.01262 0.07073 0.17249 0.24874 0.26368 0.23123 ( 7)  0.243
  72 D   0.01206 0.12912 0.26660 0.27200 0.17657 0.08931 0.04020 0.01415 ( 4)  0.069
  73 W   0.22583 0.21543 0.19115 0.15440 0.11027 0.06617 0.02984 0.00691 ( 1)  0.046
  74 N   0.00001 0.00184 0.01816 0.07252 0.17082 0.26770 0.28560 0.18335 ( 7)  0.229
  75 E   0.00001 0.00190 0.01527 0.04735 0.09469 0.16073 0.26278 0.41727 ( 8)  0.310
  76 N   0.00948 0.10208 0.21557 0.23487 0.17793 0.11993 0.08400 0.05614 ( 4)  0.103
  77 P   0.00383 0.04588 0.12442 0.19612 0.21951 0.19127 0.13878 0.08020 ( 5)  0.140
  78 T   0.00004 0.00551 0.03900 0.09655 0.14065 0.17147 0.22200 0.32478 ( 8)  0.263
  79 D   0.36969 0.30166 0.18533 0.08657 0.03459 0.01407 0.00598 0.00209 ( 1)  0.019
  80 V   0.00004 0.00624 0.04766 0.13007 0.19983 0.22267 0.21347 0.18001 ( 6)  0.207
  81 S   0.00000 0.00000 0.00014 0.00277 0.02180 0.09581 0.27972 0.59975 ( 8)  0.383
  82 N   0.00000 0.00036 0.00381 0.01810 0.05767 0.14147 0.28543 0.49316 ( 8)  0.345
  83 K   0.00894 0.09942 0.22504 0.26621 0.20568 0.11837 0.05596 0.02039 ( 4)  0.082
  84 E   0.00002 0.00266 0.02817 0.11126 0.22838 0.27974 0.22624 0.12354 ( 6)  0.193
  85 R   0.00001 0.00197 0.01838 0.06854 0.15312 0.23840 0.27692 0.24265 ( 7)  0.249
  86 V   0.00568 0.06411 0.15151 0.19850 0.19079 0.16262 0.13341 0.09338 ( 4)  0.139
  87 R   0.00003 0.00409 0.03629 0.12232 0.23055 0.27721 0.22232 0.10719 ( 6)  0.185
  88 R   0.00417 0.04979 0.13337 0.20585 0.22463 0.19069 0.13037 0.06111 ( 5)  0.130
  89 Q   0.28810 0.26071 0.20329 0.13249 0.07048 0.03026 0.01091 0.00375 ( 1)  0.029
  90 F   0.00681 0.07810 0.19006 0.25107 0.22150 0.14549 0.07693 0.03003 ( 4)  0.097
  91 T   0.00779 0.08681 0.19835 0.24132 0.20114 0.13657 0.08440 0.04362 ( 4)  0.102
  92 S   0.00486 0.05676 0.14507 0.21043 0.21676 0.17833 0.12374 0.06405 ( 5)  0.127
  93 T   0.00003 0.00390 0.03432 0.11524 0.21870 0.27004 0.22976 0.12802 ( 6)  0.194
  94 N   0.00009 0.01298 0.09336 0.22616 0.28064 0.21899 0.12224 0.04554 ( 5)  0.130
  95 T   0.00003 0.00488 0.04188 0.13466 0.23991 0.27230 0.20786 0.09848 ( 6)  0.178
  96 T   0.00000 0.00002 0.00071 0.00764 0.03937 0.12535 0.28921 0.53770 ( 8)  0.362
  97 I   0.00513 0.05949 0.14971 0.21176 0.21190 0.17159 0.12148 0.06894 ( 5)  0.128
  98 E   0.00484 0.05662 0.14512 0.21123 0.21829 0.17923 0.12240 0.06226 ( 5)  0.126
  99 Y   0.00002 0.00245 0.02243 0.08094 0.17299 0.25413 0.27071 0.19634 ( 7)  0.230
 100 A   0.00004 0.00579 0.04823 0.14759 0.24674 0.26360 0.19458 0.09343 ( 6)  0.172
 101 M   0.00938 0.10471 0.23774 0.27740 0.20274 0.10548 0.04615 0.01639 ( 4)  0.076
 102 P   0.31304 0.27615 0.20233 0.11923 0.05611 0.02208 0.00821 0.00287 ( 1)  0.025
 103 S   0.29766 0.26546 0.20028 0.12501 0.06483 0.02924 0.01249 0.00503 ( 1)  0.029
 104 F   0.34225 0.29268 0.19875 0.10350 0.04174 0.01441 0.00504 0.00163 ( 1)  0.020
 105 R   0.00001 0.00203 0.01926 0.07269 0.16253 0.24923 0.27861 0.21563 ( 7)  0.239
 106 V   0.00885 0.09751 0.21650 0.25144 0.19763 0.12555 0.07082 0.03170 ( 4)  0.091
 107 P   0.00000 0.00000 0.00015 0.00259 0.01750 0.06945 0.21446 0.69584 ( 8)  0.407
 108 T   0.00000 0.00038 0.00381 0.01717 0.05480 0.14016 0.29075 0.49292 ( 8)  0.346
 109 F   0.00001 0.00226 0.02185 0.08447 0.18959 0.27788 0.27122 0.15271 ( 6)  0.214
 110 E   0.34469 0.28837 0.18876 0.09828 0.04510 0.02081 0.00990 0.00408 ( 1)  0.023
 111 V   0.33170 0.28156 0.19055 0.10393 0.05000 0.02430 0.01243 0.00552 ( 1)  0.026
 112 P   0.29067 0.26137 0.20086 0.12844 0.06793 0.03087 0.01355 0.00631 ( 1)  0.031
 113 L   0.27126 0.24705 0.19649 0.13434 0.07932 0.04167 0.02049 0.00937 ( 1)  0.037
 114 L   0.27913 0.25266 0.19794 0.13195 0.07521 0.03786 0.01774 0.00752 ( 1)  0.034
 115 T   0.00456 0.05390 0.14098 0.21034 0.22089 0.18145 0.12384 0.06404 ( 5)  0.128
 116 V   0.00001 0.00133 0.01136 0.03861 0.08463 0.15265 0.26106 0.45036 ( 8)  0.323
 117 Y   0.00002 0.00234 0.02077 0.07196 0.14849 0.21762 0.25587 0.28293 ( 8)  0.259
 118 A   0.32195 0.27621 0.19140 0.10770 0.05336 0.02686 0.01485 0.00767 ( 1)  0.029
 119 Q   0.29753 0.26712 0.20419 0.12857 0.06499 0.02610 0.00875 0.00275 ( 1)  0.027
 120 A   0.32451 0.27804 0.19197 0.10719 0.05232 0.02568 0.01365 0.00663 ( 1)  0.027
 121 A   0.33068 0.28242 0.19322 0.10577 0.04963 0.02275 0.01094 0.00459 ( 1)  0.025
 122 N   0.35601 0.29586 0.18968 0.09386 0.03895 0.01584 0.00699 0.00282 ( 1)  0.020
 123 L   0.27159 0.24689 0.19555 0.13297 0.07832 0.04164 0.02156 0.01148 ( 1)  0.038
 124 H   0.33990 0.29116 0.19883 0.10501 0.04341 0.01519 0.00502 0.00147 ( 1)  0.020
 125 L   0.27534 0.25023 0.19791 0.13383 0.07750 0.03936 0.01828 0.00754 ( 1)  0.035
 126 Q   0.00151 0.01879 0.05644 0.10643 0.15576 0.19546 0.22573 0.23988 ( 8)  0.230
 127 L   0.27492 0.24964 0.19711 0.13314 0.07733 0.03988 0.01929 0.00869 ( 1)  0.036
 128 L   0.27913 0.25266 0.19794 0.13195 0.07521 0.03786 0.01774 0.00752 ( 1)  0.034
 129 R   0.26159 0.24141 0.19788 0.14101 0.08612 0.04470 0.01977 0.00753 ( 1)  0.037
 130 D   0.36969 0.30166 0.18533 0.08657 0.03459 0.01407 0.00598 0.00209 ( 1)  0.019
 131 A   0.31135 0.26961 0.19105 0.11135 0.05760 0.03041 0.01798 0.01063 ( 1)  0.032
 132 V   0.00003 0.00476 0.04066 0.13005 0.23228 0.26867 0.21381 0.10973 ( 6)  0.183
 133 K   0.00413 0.04841 0.12552 0.18824 0.20735 0.18942 0.14849 0.08844 ( 5)  0.145
 134 F   0.34225 0.29268 0.19875 0.10350 0.04174 0.01441 0.00504 0.00163 ( 1)  0.020
 135 G   0.33415 0.28689 0.19749 0.10655 0.04637 0.01827 0.00752 0.00276 ( 1)  0.022
 136 N   0.00000 0.00009 0.00118 0.00696 0.02882 0.09403 0.25368 0.61524 ( 8)  0.384
 137 E   0.00670 0.07407 0.16760 0.20803 0.19098 0.15564 0.11950 0.07748 ( 4)  0.127
 138 W   0.22583 0.21543 0.19115 0.15440 0.11027 0.06617 0.02984 0.00691 ( 1)  0.046
 139 G   0.33172 0.28565 0.19789 0.10763 0.04715 0.01874 0.00800 0.00322 ( 1)  0.023
 140 M   0.00001 0.00122 0.01294 0.05551 0.13798 0.22956 0.28448 0.27831 ( 7)  0.264
 141 P   0.00462 0.05461 0.14283 0.21256 0.22145 0.17975 0.12184 0.06235 ( 5)  0.127
 142 S   0.00615 0.07158 0.18022 0.24956 0.22956 0.15225 0.07869 0.03199 ( 4)  0.099
 143 E   0.00000 0.00010 0.00267 0.01828 0.06113 0.13833 0.26575 0.51374 ( 8)  0.349
 144 E   0.35112 0.29209 0.18851 0.09579 0.04242 0.01864 0.00830 0.00313 ( 1)  0.022
 145 V   0.00884 0.09759 0.21749 0.25350 0.19887 0.12483 0.06896 0.02992 ( 4)  0.090
 146 E   0.00001 0.00149 0.01477 0.06006 0.14782 0.24992 0.29840 0.22753 ( 7)  0.248
 147 D   0.00004 0.00612 0.05102 0.15550 0.25615 0.26524 0.18531 0.08063 ( 6)  0.165
 148 M   0.00000 0.00000 0.00007 0.00133 0.01025 0.04993 0.19436 0.74406 ( 8)  0.421
 149 Y   0.31368 0.27527 0.20016 0.11839 0.05758 0.02374 0.00854 0.00263 ( 1)  0.025
 150 N   0.00000 0.00025 0.00650 0.04175 0.12455 0.22809 0.29965 0.29922 ( 7)  0.276
 151 R   0.30159 0.26874 0.20193 0.12410 0.06172 0.02605 0.01110 0.00476 ( 1)  0.028
 152 L   0.00304 0.03670 0.10125 0.16540 0.19808 0.19422 0.16950 0.13179 ( 5)  0.170
 153 T   0.00000 0.00001 0.00049 0.00729 0.04143 0.13082 0.28993 0.53004 ( 8)  0.360
 154 R   0.00000 0.00060 0.00545 0.02124 0.05725 0.12972 0.26703 0.51870 ( 8)  0.350
 155 R   0.28868 0.26138 0.20407 0.13315 0.07055 0.02957 0.00983 0.00276 ( 1)  0.028
 156 T   0.31589 0.27538 0.19722 0.11436 0.05541 0.02479 0.01167 0.00529 ( 1)  0.027
 157 A   0.33128 0.28304 0.19373 0.10591 0.04933 0.02218 0.01035 0.00418 ( 1)  0.024
 158 E   0.00613 0.07074 0.17541 0.23979 0.22267 0.15609 0.08928 0.03991 ( 4)  0.106
 159 Y   0.30497 0.27023 0.20102 0.12303 0.06214 0.02637 0.00950 0.00275 ( 1)  0.026
 160 T   0.00504 0.05928 0.15345 0.22427 0.22700 0.17522 0.10828 0.04746 ( 5)  0.116
 161 D   0.00848 0.09205 0.19848 0.22598 0.18504 0.13633 0.09713 0.05651 ( 4)  0.109
 162 H   0.00004 0.00659 0.05308 0.15399 0.24108 0.24358 0.18382 0.11780 ( 6)  0.177
 163 C   0.31177 0.27634 0.20462 0.12205 0.05708 0.02071 0.00600 0.00144 ( 1)  0.023
 164 V   0.00002 0.00225 0.01840 0.05791 0.11423 0.18325 0.27021 0.35373 ( 8)  0.288
 165 A   0.00000 0.00008 0.00216 0.01474 0.05182 0.13105 0.27795 0.52220 ( 8)  0.354
 166 T   0.00000 0.00073 0.00753 0.03304 0.09265 0.19155 0.30671 0.36777 ( 8)  0.302
 167 Y   0.31368 0.27527 0.20016 0.11839 0.05758 0.02374 0.00854 0.00263 ( 1)  0.025
 168 D   0.01136 0.12280 0.25912 0.27308 0.18312 0.09397 0.04199 0.01455 ( 4)  0.071
 169 K   0.00546 0.06323 0.15817 0.22136 0.21846 0.17191 0.11121 0.05019 ( 4)  0.117
 170 G   0.32306 0.28109 0.19973 0.11301 0.05153 0.02048 0.00813 0.00297 ( 1)  0.024
 171 L   0.27913 0.25266 0.19794 0.13195 0.07521 0.03786 0.01774 0.00752 ( 1)  0.034
 172 K   0.16911 0.16609 0.15869 0.14630 0.12878 0.10626 0.07896 0.04581 ( 1)  0.085
 173 E   0.00000 0.00018 0.00202 0.01021 0.03538 0.09945 0.24814 0.60462 ( 8)  0.379
 174 A   0.18825 0.18312 0.17077 0.15086 0.12436 0.09333 0.06060 0.02872 ( 1)  0.069
 175 Y   0.15005 0.14856 0.14486 0.13851 0.12913 0.11625 0.09894 0.07369 ( 1)  0.104
 176 D   0.00087 0.01118 0.03610 0.07654 0.13067 0.19359 0.25576 0.29530 ( 8)  0.260
 177 L   0.16695 0.16412 0.15718 0.14553 0.12896 0.10749 0.08117 0.04860 ( 1)  0.087
 178 A   0.18470 0.17997 0.16857 0.15009 0.12527 0.09578 0.06395 0.03166 ( 1)  0.072
 179 P   0.15463 0.15287 0.14850 0.14099 0.12986 0.11456 0.09402 0.06457 ( 1)  0.099
 180 N   0.18935 0.18407 0.17138 0.15101 0.12401 0.09261 0.05972 0.02785 ( 1)  0.069
 181 P   0.17222 0.16892 0.16085 0.14739 0.12845 0.10437 0.07571 0.04209 ( 1)  0.082
 182 T   0.18976 0.18450 0.17183 0.15142 0.12425 0.09248 0.05903 0.02674 ( 1)  0.068
 183 D   0.20090 0.19410 0.17794 0.15252 0.12003 0.08426 0.04977 0.02048 ( 1)  0.061
 184 Y   0.14217 0.14125 0.13895 0.13491 0.12877 0.11995 0.10727 0.08673 ( 1)  0.113
 185 N   0.19251 0.18684 0.17325 0.15155 0.12306 0.09037 0.05686 0.02556 ( 1)  0.066
 186 K   0.18315 0.17863 0.16769 0.14989 0.12582 0.09694 0.06531 0.03256 ( 1)  0.073
 187 Y   0.14594 0.14476 0.14182 0.13672 0.12907 0.11829 0.10329 0.08011 ( 1)  0.109
 188 P   0.16006 0.15786 0.15241 0.14314 0.12965 0.11159 0.08829 0.05700 ( 1)  0.093
 189 Y   0.17865 0.17468 0.16502 0.14910 0.12718 0.10015 0.06941 0.03581 ( 1)  0.076
 190 L   0.16099 0.15863 0.15284 0.14305 0.12899 0.11050 0.08734 0.05766 ( 1)  0.093
 191 N   0.00111 0.01421 0.04533 0.09389 0.15387 0.21266 0.24950 0.22943 ( 7)  0.233
 192 P   0.17845 0.17457 0.16511 0.14946 0.12770 0.10058 0.06933 0.03479 ( 1)  0.076
 193 Y   0.00094 0.01205 0.03870 0.08125 0.13666 0.19809 0.25363 0.27868 ( 8)  0.253
 194 S   0.17398 0.17050 0.16198 0.14785 0.12810 0.10322 0.07400 0.04039 ( 1)  0.080
 195 K   0.00126 0.01603 0.05029 0.10133 0.16012 0.21243 0.24024 0.21831 ( 7)  0.226
 196 D   0.36969 0.30166 0.18533 0.08657 0.03459 0.01407 0.00598 0.00209 ( 1)  0.019
 197 P   0.00001 0.00196 0.01831 0.06822 0.15275 0.24027 0.28264 0.23582 ( 7)  0.247
 198 I   0.00528 0.06164 0.15711 0.22546 0.22513 0.17279 0.10634 0.04625 ( 4)  0.115
 199 Y   0.00002 0.00246 0.02239 0.07966 0.16645 0.24099 0.26487 0.22316 ( 7)  0.238
 200 G   0.33372 0.28674 0.19775 0.10692 0.04648 0.01816 0.00744 0.00277 ( 1)  0.022
 201 K   0.18711 0.18210 0.17002 0.15055 0.12459 0.09412 0.06177 0.02974 ( 1)  0.070
 202 Y   0.17276 0.16936 0.16104 0.14724 0.12799 0.10378 0.07536 0.04246 ( 1)  0.082
 203 Y   0.16978 0.16666 0.15901 0.14628 0.12838 0.10561 0.07839 0.04588 ( 1)  0.084
 204 T   0.32999 0.28370 0.19645 0.10791 0.04888 0.02050 0.00901 0.00355 ( 1)  0.024
 205 A   0.00004 0.00630 0.05100 0.15071 0.24489 0.25889 0.19310 0.09508 ( 6)  0.171
 206 P   0.00454 0.05327 0.13794 0.20386 0.21457 0.18104 0.13089 0.07389 ( 5)  0.134
 207 V   0.00835 0.09293 0.21104 0.25248 0.20262 0.12856 0.07186 0.03215 ( 4)  0.092
 208 D   0.00010 0.01361 0.09777 0.23532 0.28596 0.21353 0.11272 0.04100 ( 5)  0.125
 209 W   0.22583 0.21543 0.19115 0.15440 0.11027 0.06617 0.02984 0.00691 ( 1)  0.046
 210 N   0.00001 0.00240 0.02314 0.08892 0.19731 0.28321 0.26572 0.13930 ( 6)  0.208
 211 L   0.00001 0.00207 0.01930 0.07204 0.16111 0.24994 0.28207 0.21346 ( 7)  0.239
 212 F   0.00681 0.07810 0.19006 0.25107 0.22150 0.14549 0.07693 0.03003 ( 4)  0.097
 213 N   0.00678 0.07820 0.19252 0.25717 0.22641 0.14400 0.07054 0.02438 ( 4)  0.093
 214 D   0.00003 0.00456 0.03862 0.12257 0.21898 0.25924 0.22173 0.13427 ( 6)  0.194
 215 Y   0.00730 0.08268 0.19516 0.24463 0.20235 0.13056 0.08169 0.05563 ( 4)  0.106
 216 R   0.26087 0.24087 0.19770 0.14120 0.08652 0.04510 0.02005 0.00769 ( 1)  0.038
 217 R   0.32662 0.28394 0.20105 0.11239 0.04939 0.01804 0.00640 0.00217 ( 1)  0.022
 218 D   0.00955 0.10419 0.22657 0.25637 0.19602 0.11942 0.06264 0.02524 ( 4)  0.085
 219 M   0.35886 0.30308 0.19859 0.09550 0.03257 0.00839 0.00229 0.00072 ( 1)  0.017
 220 T   0.33260 0.28476 0.19541 0.10613 0.04778 0.02028 0.00924 0.00381 ( 1)  0.024
 221 L   0.00380 0.04482 0.11751 0.17763 0.19404 0.17541 0.15018 0.13662 ( 5)  0.165
 222 M   0.00479 0.05688 0.15047 0.22631 0.23380 0.17906 0.10603 0.04266 ( 5)  0.115
 223 V   0.32848 0.27970 0.19070 0.10521 0.05132 0.02533 0.01322 0.00605 ( 1)  0.027
 224 L   0.27775 0.25170 0.19772 0.13231 0.07575 0.03838 0.01830 0.00809 ( 1)  0.035
 225 D   0.34420 0.28790 0.18793 0.09694 0.04425 0.02135 0.01155 0.00589 ( 1)  0.024
 226 I   0.00528 0.06164 0.15711 0.22546 0.22513 0.17279 0.10634 0.04625 ( 4)  0.115
 227 V   0.31787 0.27289 0.18986 0.10841 0.05560 0.02941 0.01693 0.00903 ( 1)  0.030
 228 A   0.33330 0.28393 0.19306 0.10466 0.04852 0.02195 0.01037 0.00422 ( 1)  0.024
 229 V   0.00532 0.06208 0.15768 0.22483 0.22299 0.17121 0.10707 0.04880 ( 4)  0.116
 230 W   0.00001 0.00219 0.02014 0.07349 0.15946 0.24067 0.27253 0.23151 ( 7)  0.243
 231 P   0.31304 0.27615 0.20233 0.11923 0.05611 0.02208 0.00821 0.00287 ( 1)  0.025
 232 T   0.00441 0.05167 0.13301 0.19593 0.20839 0.18224 0.13960 0.08476 ( 5)  0.140


lnL = -2363.241639

