Supplemental results for CODEML (seqf: algn  treef: tree)


dN/dS (w) for site classes (K=9)

p:   0.12056  0.12056  0.12056  0.12056  0.12056  0.12056  0.12056  0.12056  0.03551
w:   0.00447  0.06152  0.19759  0.39805  0.62117  0.81603  0.94436  0.99617  8.68354

Naive Empirical Bayes (NEB) probabilities for 9 classes & postmean_w & P(w>1)
(amino acids refer to 1st sequence: BT_Cry7Ba1)

   1 -   0.23549 0.21397 0.17077 0.12352 0.08717 0.06499 0.05388 0.05002 0.00019 ( 1)  0.307  0.000
   2 -   0.22390 0.20539 0.16766 0.12529 0.09162 0.07044 0.05956 0.05573 0.00040 ( 1)  0.326  0.000
   3 T   0.00003 0.00536 0.04485 0.12301 0.18554 0.20998 0.21411 0.21380 0.00333 ( 7)  0.789  0.003
   4 V   0.00008 0.01266 0.08363 0.17381 0.20351 0.18984 0.17212 0.16420 0.00016 ( 5)  0.695  0.000
   5 E   0.40909 0.30786 0.16063 0.06605 0.02700 0.01333 0.00869 0.00736 0.00000 ( 1)  0.122  0.000
   6 L   0.30805 0.26141 0.17850 0.10425 0.05911 0.03692 0.02740 0.02436 0.00000 ( 1)  0.211  0.000
   7 T   0.42043 0.31133 0.15652 0.06145 0.02427 0.01182 0.00768 0.00651 0.00000 ( 1)  0.115  0.000
   8 R   0.43030 0.31728 0.15614 0.05762 0.02040 0.00878 0.00522 0.00426 0.00000 ( 1)  0.104  0.000
   9 T   0.00009 0.01416 0.08919 0.17885 0.20467 0.18729 0.16726 0.15848 0.00001 ( 5)  0.686  0.000
  10 I   0.49026 0.32456 0.12752 0.03689 0.01122 0.00460 0.00272 0.00223 0.00000 ( 1)  0.078  0.000
  11 Y   0.01287 0.13648 0.24168 0.21519 0.14684 0.09994 0.07728 0.06971 0.00001 ( 3)  0.457  0.000
  12 T   0.00010 0.01418 0.08447 0.16402 0.19305 0.18909 0.17952 0.17484 0.00073 ( 5)  0.707  0.001
  13 D   0.52027 0.32596 0.11307 0.02785 0.00734 0.00273 0.00154 0.00124 0.00000 ( 1)  0.065  0.000
  14 P   0.36820 0.29512 0.17526 0.08286 0.03705 0.01886 0.01228 0.01037 0.00000 ( 1)  0.148  0.000
  15 L   0.01569 0.16217 0.26952 0.21845 0.13450 0.08396 0.06146 0.05425 0.00000 ( 3)  0.414  0.000
  16 G   0.45681 0.32351 0.14534 0.04748 0.01494 0.00590 0.00334 0.00268 0.00000 ( 1)  0.089  0.000
  17 Y   0.00008 0.01235 0.07984 0.16693 0.20092 0.19251 0.17727 0.17005 0.00005 ( 5)  0.702  0.000
  18 T   0.00008 0.01148 0.07238 0.15062 0.18861 0.19400 0.19031 0.18789 0.00463 ( 6)  0.758  0.005
  19 G   0.32681 0.27274 0.17881 0.09820 0.05196 0.03056 0.02182 0.01910 0.00000 ( 1)  0.190  0.000
  20 Y   0.00035 0.04505 0.19062 0.23691 0.18439 0.13454 0.10838 0.09936 0.00041 ( 4)  0.564  0.000
  21 S   0.00000 0.00234 0.03844 0.12308 0.18622 0.20699 0.20903 0.20815 0.02575 ( 7)  0.970  0.026
  22 N   0.00028 0.03750 0.17661 0.24290 0.19597 0.13981 0.10882 0.09808 0.00002 ( 4)  0.570  0.000
  23 D   0.00000 0.00109 0.02228 0.09235 0.17350 0.22180 0.24050 0.24541 0.00307 ( 8)  0.828  0.003
  24 E   0.02010 0.19909 0.30047 0.21383 0.11589 0.06572 0.04552 0.03937 0.00001 ( 3)  0.365  0.000
  25 H   0.02321 0.22619 0.32547 0.21165 0.10165 0.05135 0.03291 0.02758 0.00000 ( 3)  0.326  0.000
  26 P   0.33201 0.27546 0.17827 0.09629 0.05015 0.02915 0.02065 0.01802 0.00000 ( 1)  0.184  0.000
  27 T   0.00000 0.00211 0.03904 0.13413 0.20185 0.21395 0.20637 0.20122 0.00133 ( 6)  0.768  0.001
  28 Y   0.00009 0.01435 0.08875 0.17554 0.20142 0.18729 0.17007 0.16242 0.00007 ( 5)  0.689  0.000
  29 Y   0.45638 0.32064 0.14331 0.04823 0.01642 0.00713 0.00432 0.00356 0.00000 ( 1)  0.093  0.000
  30 -   0.00233 0.03028 0.08461 0.13889 0.17280 0.18658 0.18995 0.19032 0.00423 ( 8)  0.739  0.004
  31 S   0.01990 0.19527 0.29084 0.20824 0.11760 0.07086 0.05158 0.04558 0.00012 ( 3)  0.379  0.000
  32 S   0.01341 0.14253 0.25168 0.21950 0.14415 0.09430 0.07102 0.06339 0.00002 ( 3)  0.443  0.000
  33 A   0.00009 0.01452 0.09287 0.18575 0.20785 0.18493 0.16183 0.15205 0.00012 ( 5)  0.679  0.000
  34 K   0.00000 0.00010 0.00680 0.05460 0.14720 0.22750 0.27014 0.28445 0.00921 ( 8)  0.919  0.009
  35 P   0.00000 0.00000 0.00042 0.01224 0.07784 0.20305 0.31644 0.36714 0.02288 ( 8)  1.082  0.023
  36 F   0.38105 0.29737 0.16827 0.07694 0.03474 0.01843 0.01248 0.01073 0.00000 ( 1)  0.143  0.000
  37 S   0.00000 0.00007 0.00468 0.04160 0.12861 0.22281 0.28333 0.30617 0.01274 ( 8)  0.962  0.013
  38 S   0.00314 0.03658 0.08709 0.13416 0.16982 0.18667 0.19067 0.19087 0.00100 ( 8)  0.710  0.001
  39 I   0.44683 0.31870 0.14704 0.05150 0.01829 0.00825 0.00513 0.00427 0.00000 ( 1)  0.098  0.000
  40 E   0.39846 0.30483 0.16469 0.07038 0.02946 0.01463 0.00951 0.00804 0.00000 ( 1)  0.128  0.000
  41 S   0.03515 0.30821 0.35263 0.17407 0.06707 0.02986 0.01809 0.01490 0.00000 ( 3)  0.256  0.000
  42 R   0.00008 0.01175 0.07652 0.16096 0.19623 0.19268 0.18192 0.17666 0.00320 ( 5)  0.735  0.003
  43 A   0.33611 0.27573 0.17509 0.09369 0.04941 0.02953 0.02148 0.01897 0.00001 ( 1)  0.184  0.000
  44 V   0.00014 0.01977 0.11127 0.19463 0.20046 0.17439 0.15369 0.14544 0.00022 ( 5)  0.659  0.000
  45 L   0.00832 0.09452 0.19427 0.20819 0.16719 0.12709 0.10429 0.09610 0.00003 ( 4)  0.529  0.000
  46 A   0.00000 0.00222 0.03963 0.13486 0.20338 0.21473 0.20551 0.19949 0.00017 ( 6)  0.758  0.000
  47 P   0.25736 0.22937 0.17520 0.11920 0.07877 0.05545 0.04423 0.04042 0.00000 ( 1)  0.274  0.000
  48 S   0.00000 0.00047 0.01015 0.04987 0.12003 0.19343 0.24417 0.26473 0.11715 ( 8)  1.766  0.117
  49 L   0.34881 0.28421 0.17641 0.08996 0.04425 0.02462 0.01702 0.01471 0.00000 ( 1)  0.168  0.000
  50 F   0.28853 0.25026 0.17923 0.11107 0.06637 0.04296 0.03250 0.02908 0.00000 ( 1)  0.232  0.000
  51 K   0.00890 0.10079 0.20495 0.21458 0.16602 0.12103 0.09623 0.08749 0.00001 ( 4)  0.512  0.000
  52 W   0.24519 0.22167 0.17447 0.12295 0.08360 0.05988 0.04814 0.04410 0.00000 ( 1)  0.288  0.000
  53 I   0.00564 0.06668 0.15108 0.18693 0.17538 0.15156 0.13467 0.12799 0.00006 ( 4)  0.596  0.000
  54 T   0.47732 0.32272 0.13324 0.04124 0.01337 0.00574 0.00349 0.00289 0.00000 ( 1)  0.084  0.000
  55 Q   0.00000 0.00354 0.05491 0.15779 0.20777 0.20359 0.18925 0.18229 0.00085 ( 5)  0.737  0.001
  56 L   0.00018 0.02551 0.13643 0.21927 0.20328 0.16044 0.13254 0.12222 0.00012 ( 4)  0.621  0.000
  57 E   0.00000 0.00010 0.00656 0.05286 0.14610 0.22969 0.27424 0.28898 0.00147 ( 8)  0.860  0.001
  58 V   0.42840 0.31449 0.15461 0.05841 0.02196 0.01023 0.00647 0.00543 0.00000 ( 1)  0.109  0.000
  59 Y   0.00000 0.00025 0.01305 0.07995 0.17206 0.22775 0.24829 0.25340 0.00525 ( 8)  0.860  0.005
  60 T   0.00000 0.00015 0.00815 0.05553 0.13991 0.21770 0.26570 0.28398 0.02889 ( 8)  1.073  0.029
  61 K   0.00000 0.00019 0.01049 0.07073 0.16568 0.23081 0.25715 0.26406 0.00090 ( 8)  0.835  0.001
  62 K   0.00000 0.00000 0.00000 0.00010 0.00111 0.00443 0.00893 0.01146 0.97397 ( 9)  8.482  0.974
  63 Y   0.00000 0.00098 0.01973 0.08335 0.16344 0.21797 0.24288 0.25050 0.02116 ( 8)  0.979  0.021
  64 S   0.00000 0.00000 0.00001 0.00050 0.00467 0.01634 0.03053 0.03804 0.90991 ( 9)  7.984  0.910
  65 Y   0.00002 0.00286 0.02652 0.08674 0.16057 0.21601 0.24532 0.25545 0.00651 ( 8)  0.859  0.007
  66 S   0.00000 0.00044 0.02017 0.10473 0.19253 0.22548 0.22813 0.22619 0.00233 ( 7)  0.810  0.002
  67 S   0.00018 0.02567 0.13710 0.22053 0.20435 0.16025 0.13125 0.12050 0.00017 ( 4)  0.620  0.000
  68 Q   0.00000 0.00000 0.00001 0.00015 0.00099 0.00306 0.00554 0.00687 0.98338 ( 9)  8.555  0.983
  69 Y   0.00011 0.01642 0.09687 0.18157 0.20023 0.18259 0.16477 0.15718 0.00026 ( 5)  0.680  0.000
  70 T   0.22242 0.20376 0.16611 0.12447 0.09191 0.07166 0.06132 0.05769 0.00066 ( 1)  0.333  0.001
  71 T   0.00898 0.09976 0.19691 0.20455 0.16327 0.12545 0.10423 0.09661 0.00023 ( 4)  0.527  0.000
  72 L   0.00000 0.00037 0.01210 0.06997 0.15857 0.22326 0.25332 0.26257 0.01983 ( 8)  0.984  0.020
  73 W   0.00380 0.04720 0.11935 0.16953 0.18004 0.16957 0.15788 0.15260 0.00002 ( 5)  0.646  0.000
  74 T   0.01837 0.18162 0.27693 0.20746 0.12423 0.07886 0.05932 0.05309 0.00012 ( 3)  0.400  0.000
  75 G   0.37957 0.29923 0.17173 0.07815 0.03397 0.01704 0.01103 0.00929 0.00000 ( 1)  0.140  0.000
  76 L   0.00227 0.02818 0.07521 0.12627 0.16813 0.19222 0.20178 0.20432 0.00164 ( 8)  0.736  0.002
  77 R   0.00000 0.00612 0.08477 0.20570 0.22349 0.18474 0.15358 0.14145 0.00015 ( 5)  0.676  0.000
  78 V   0.35297 0.28558 0.17476 0.08794 0.04311 0.02415 0.01685 0.01464 0.00000 ( 1)  0.166  0.000
  79 I   0.00000 0.00034 0.01632 0.09148 0.18245 0.22803 0.23956 0.24083 0.00100 ( 8)  0.814  0.001
  80 A   0.00033 0.04343 0.19154 0.24493 0.18879 0.13303 0.10385 0.09391 0.00017 ( 4)  0.557  0.000
  81 Q   0.00003 0.00570 0.04364 0.11573 0.17872 0.21049 0.22096 0.22325 0.00149 ( 8)  0.782  0.001
  82 P   0.00000 0.00254 0.04421 0.14479 0.20878 0.21189 0.19763 0.18989 0.00026 ( 6)  0.747  0.000
  83 T   0.47732 0.32272 0.13324 0.04124 0.01337 0.00574 0.00349 0.00289 0.00000 ( 1)  0.084  0.000
  84 K   0.00000 0.00038 0.01735 0.09076 0.17587 0.22260 0.23963 0.24402 0.00938 ( 8)  0.881  0.009
  85 D   0.00000 0.00167 0.02864 0.10176 0.17531 0.21660 0.23255 0.23683 0.00665 ( 8)  0.845  0.007
  86 F   0.00000 0.00001 0.00202 0.02808 0.10816 0.21155 0.28722 0.31812 0.04483 ( 8)  1.229  0.045
  87 T   0.00000 0.00000 0.00017 0.00408 0.02655 0.07659 0.13013 0.15679 0.60571 ( 9)  5.619  0.606
  88 D   0.00008 0.01331 0.08717 0.17760 0.20379 0.18767 0.16917 0.16111 0.00011 ( 5)  0.690  0.000
  89 T   0.00000 0.00026 0.01218 0.07047 0.15587 0.22107 0.25490 0.26637 0.01889 ( 8)  0.978  0.019
  90 V   0.00000 0.00126 0.02551 0.10312 0.18432 0.22245 0.23103 0.23148 0.00082 ( 8)  0.798  0.001
  91 Y   0.02139 0.21034 0.31103 0.21342 0.11023 0.05961 0.03993 0.03405 0.00000 ( 3)  0.348  0.000
  92 D   0.00057 0.06847 0.25469 0.26197 0.16707 0.10397 0.07603 0.06716 0.00006 ( 4)  0.487  0.000
  93 Y   0.00991 0.10880 0.20882 0.20842 0.15959 0.11865 0.09666 0.08893 0.00021 ( 3)  0.509  0.000
  94 G   0.37957 0.29923 0.17173 0.07815 0.03397 0.01704 0.01103 0.00929 0.00000 ( 1)  0.140  0.000
  95 S   0.00000 0.00418 0.06381 0.17521 0.21571 0.19805 0.17616 0.16667 0.00021 ( 5)  0.712  0.000
  96 S   0.01932 0.19184 0.29185 0.21193 0.11919 0.07068 0.05069 0.04449 0.00001 ( 3)  0.378  0.000
  97 S   0.31354 0.26412 0.17758 0.10197 0.05720 0.03561 0.02645 0.02353 0.00001 ( 1)  0.206  0.000
  98 G   0.02135 0.21002 0.31076 0.21299 0.10992 0.05979 0.04046 0.03471 0.00000 ( 3)  0.349  0.000
  99 S   0.01899 0.18913 0.28986 0.21246 0.12051 0.07189 0.05171 0.04544 0.00001 ( 3)  0.381  0.000
 100 E   0.00000 0.00005 0.00405 0.04150 0.13282 0.22690 0.28278 0.30269 0.00921 ( 8)  0.934  0.009
 101 N   0.00000 0.00001 0.00143 0.01910 0.08227 0.17976 0.26108 0.29662 0.15973 ( 8)  2.135  0.160
 102 K   0.00000 0.00018 0.00990 0.06741 0.16109 0.22967 0.26025 0.26916 0.00234 ( 8)  0.851  0.002
 103 D   0.00000 0.00008 0.00570 0.05313 0.14883 0.22912 0.26981 0.28306 0.01027 ( 8)  0.928  0.010
 104 V   0.00023 0.03170 0.15746 0.23211 0.19991 0.14966 0.11976 0.10906 0.00011 ( 4)  0.594  0.000
 105 F   0.47892 0.32614 0.13439 0.03970 0.01169 0.00453 0.00257 0.00207 0.00000 ( 1)  0.080  0.000
 106 D   0.00878 0.09801 0.19610 0.20675 0.16553 0.12597 0.10346 0.09535 0.00005 ( 4)  0.526  0.000
 107 L   0.35186 0.28341 0.17300 0.08809 0.04428 0.02546 0.01808 0.01581 0.00000 ( 1)  0.169  0.000
 108 Y   0.00000 0.00255 0.04445 0.14570 0.20981 0.21202 0.19681 0.18863 0.00002 ( 6)  0.744  0.000
 109 G   0.00000 0.00073 0.01648 0.07779 0.16336 0.22449 0.25256 0.26105 0.00356 ( 8)  0.848  0.004
 110 N   0.01392 0.15113 0.26813 0.22404 0.13828 0.08604 0.06291 0.05553 0.00002 ( 3)  0.423  0.000
 111 D   0.52027 0.32596 0.11307 0.02785 0.00734 0.00273 0.00154 0.00124 0.00000 ( 1)  0.065  0.000
 112 V   0.01513 0.15722 0.26434 0.21754 0.13639 0.08693 0.06478 0.05765 0.00002 ( 3)  0.423  0.000
 113 Y   0.45638 0.32064 0.14331 0.04823 0.01642 0.00713 0.00432 0.00356 0.00000 ( 1)  0.093  0.000
 114 D   0.00006 0.00937 0.06383 0.14478 0.19190 0.20080 0.19622 0.19283 0.00021 ( 6)  0.733  0.000
 115 T   0.00000 0.00014 0.00821 0.05855 0.14811 0.22340 0.26375 0.27758 0.02025 ( 8)  1.001  0.020
 116 Q   0.00000 0.00199 0.03655 0.12899 0.20069 0.21664 0.21005 0.20491 0.00018 ( 6)  0.764  0.000
 117 S   0.00019 0.02698 0.14530 0.23172 0.20755 0.15530 0.12243 0.11051 0.00003 ( 4)  0.604  0.000
 118 V   0.00000 0.00021 0.00720 0.04860 0.13349 0.22052 0.27561 0.29639 0.01799 ( 8)  0.995  0.018
 119 V   0.00000 0.00120 0.02426 0.09882 0.17989 0.22173 0.23388 0.23588 0.00434 ( 8)  0.830  0.004
 120 S   0.00000 0.00149 0.02755 0.10238 0.17711 0.21657 0.23064 0.23416 0.01011 ( 8)  0.872  0.010
 121 S   0.00005 0.00795 0.05648 0.13515 0.18822 0.20434 0.20416 0.20237 0.00130 ( 6)  0.755  0.001
 122 Y   0.00000 0.00237 0.03639 0.11670 0.18556 0.21472 0.22067 0.22078 0.00282 ( 8)  0.797  0.003
 123 K   0.00000 0.00186 0.03325 0.11613 0.18676 0.21481 0.22020 0.22027 0.00672 ( 8)  0.830  0.007
 124 P   0.00001 0.00238 0.02152 0.07224 0.14302 0.20666 0.24664 0.26207 0.04546 ( 8)  1.179  0.045
 125 T   0.00013 0.01943 0.10978 0.19439 0.20235 0.17569 0.15345 0.14442 0.00036 ( 5)  0.661  0.000
 126 G   0.00000 0.00279 0.04672 0.14625 0.20538 0.20878 0.19734 0.19110 0.00165 ( 6)  0.757  0.002
 127 G   0.00000 0.00195 0.03583 0.12677 0.19856 0.21660 0.21198 0.20769 0.00063 ( 6)  0.770  0.001
 128 G   0.00000 0.00024 0.00680 0.04376 0.12431 0.21648 0.28136 0.30753 0.01952 ( 8)  1.014  0.020
 129 H   0.01316 0.14252 0.25846 0.22635 0.14451 0.09067 0.06611 0.05820 0.00001 ( 3)  0.434  0.000
 130 F   0.00008 0.01170 0.07028 0.14463 0.18421 0.19300 0.19142 0.18977 0.01490 ( 6)  0.843  0.015
 131 G   0.00453 0.05529 0.13375 0.17896 0.17922 0.16145 0.14648 0.14022 0.00008 ( 5)  0.623  0.000
 132 V   0.00014 0.01972 0.10487 0.17950 0.19211 0.17831 0.16520 0.15962 0.00055 ( 5)  0.678  0.001
 133 P   0.42435 0.31668 0.15945 0.05993 0.02119 0.00896 0.00522 0.00422 0.00000 ( 1)  0.106  0.000
 134 Q   0.00000 0.00000 0.00021 0.00613 0.04549 0.13938 0.24249 0.29420 0.27209 ( 8)  3.029  0.272
 135 F   0.00014 0.01998 0.11383 0.20094 0.20501 0.17330 0.14833 0.13843 0.00005 ( 5)  0.651  0.000
 136 R   0.00000 0.00078 0.01550 0.06446 0.12670 0.17387 0.20028 0.21000 0.20841 ( 8)  2.457  0.208
 137 L   0.34881 0.28421 0.17641 0.08996 0.04425 0.02462 0.01702 0.01471 0.00000 ( 1)  0.168  0.000
 138 F   0.00014 0.02050 0.11070 0.18913 0.19640 0.17453 0.15640 0.14903 0.00317 ( 5)  0.686  0.003
 139 W   0.00000 0.00015 0.00505 0.03800 0.11901 0.21828 0.29044 0.31989 0.00918 ( 8)  0.941  0.009
 140 I   0.48352 0.32358 0.13039 0.03910 0.01236 0.00524 0.00318 0.00263 0.00000 ( 1)  0.081  0.000
 141 T   0.02403 0.21839 0.28825 0.19446 0.11104 0.06848 0.05048 0.04480 0.00006 ( 3)  0.366  0.000
 142 K   0.00000 0.00006 0.00362 0.02986 0.08835 0.15184 0.19460 0.21152 0.32015 ( 9)  3.366  0.320
 143 S   0.00000 0.00096 0.01799 0.07641 0.15793 0.22087 0.25300 0.26362 0.00921 ( 8)  0.894  0.009
 144 N   0.52894 0.32373 0.10811 0.02634 0.00717 0.00278 0.00161 0.00131 0.00000 ( 1)  0.064  0.000
 145 G   0.00000 0.00000 0.00000 0.00009 0.00084 0.00297 0.00562 0.00705 0.98342 ( 9)  8.555  0.983
 146 L   0.31788 0.26667 0.17752 0.10045 0.05551 0.03421 0.02528 0.02246 0.00000 ( 1)  0.202  0.000
 147 R   0.00000 0.00011 0.00629 0.04805 0.13451 0.22205 0.27668 0.29704 0.01526 ( 8)  0.975  0.015
 148 E   0.01801 0.18027 0.28026 0.21113 0.12452 0.07737 0.05734 0.05103 0.00007 ( 3)  0.397  0.000
 149 Q   0.00005 0.00868 0.06332 0.14892 0.19638 0.20106 0.19298 0.18821 0.00040 ( 6)  0.732  0.000
 150 I   0.00000 0.00013 0.00744 0.05416 0.13837 0.20906 0.24666 0.25949 0.08471 ( 8)  1.507  0.085
 151 F   0.46709 0.32357 0.13916 0.04399 0.01404 0.00584 0.00347 0.00284 0.00000 ( 1)  0.087  0.000
 152 N   0.00026 0.03613 0.17491 0.24619 0.19919 0.14010 0.10728 0.09593 0.00002 ( 4)  0.570  0.000
 153 Y   0.00023 0.03127 0.15575 0.23044 0.19971 0.15065 0.12124 0.11068 0.00003 ( 4)  0.596  0.000
 154 A   0.00000 0.00001 0.00062 0.00948 0.04561 0.10850 0.16625 0.19294 0.47659 ( 9)  4.608  0.477
 155 N   0.00000 0.00142 0.02823 0.10798 0.18351 0.21706 0.22547 0.22659 0.00973 ( 8)  0.863  0.010
 156 N   0.03714 0.31263 0.33537 0.16465 0.06998 0.03571 0.02393 0.02055 0.00005 ( 3)  0.267  0.000
 157 M   0.00013 0.01951 0.11297 0.20167 0.20581 0.17336 0.14814 0.13823 0.00016 ( 5)  0.652  0.000
 158 G   0.00008 0.01273 0.08211 0.17073 0.20307 0.19146 0.17395 0.16585 0.00002 ( 5)  0.697  0.000
 159 -   0.40298 0.30489 0.16136 0.06816 0.02899 0.01495 0.01005 0.00863 0.00001 ( 1)  0.128  0.000
 160 S   0.00022 0.03061 0.15961 0.24276 0.20624 0.14737 0.11270 0.10049 0.00001 ( 4)  0.585  0.000
 161 Y   0.00000 0.00076 0.01655 0.07613 0.15953 0.22239 0.25399 0.26438 0.00626 ( 8)  0.872  0.006
 162 S   0.00000 0.00007 0.00480 0.04187 0.12419 0.20886 0.26227 0.28248 0.07546 ( 8)  1.450  0.075
 163 A   0.00000 0.00015 0.00854 0.06022 0.15007 0.22274 0.25986 0.27211 0.02632 ( 8)  1.046  0.026
 164 Y   0.00000 0.00017 0.00904 0.06110 0.14985 0.22397 0.26429 0.27831 0.01326 ( 8)  0.944  0.013
 165 R   0.00004 0.00704 0.05247 0.13206 0.18973 0.20763 0.20670 0.20423 0.00010 ( 6)  0.750  0.000
 166 F   0.02088 0.20285 0.29557 0.20620 0.11416 0.06794 0.04910 0.04327 0.00004 ( 3)  0.369  0.000
 167 S   0.00009 0.01356 0.08601 0.17432 0.20267 0.18889 0.17116 0.16321 0.00009 ( 5)  0.692  0.000
 168 K   0.00029 0.03974 0.18691 0.25305 0.19684 0.13394 0.10032 0.08889 0.00001 ( 4)  0.555  0.000
 169 D   0.00024 0.03203 0.14674 0.20851 0.18920 0.15658 0.13620 0.12863 0.00186 ( 4)  0.632  0.002
 170 E   0.00013 0.01862 0.10939 0.19897 0.20652 0.17559 0.15041 0.14035 0.00003 ( 5)  0.656  0.000
 171 L   0.34881 0.28421 0.17641 0.08996 0.04425 0.02462 0.01702 0.01471 0.00000 ( 1)  0.168  0.000
 172 P   0.30066 0.25787 0.17980 0.10724 0.06159 0.03864 0.02869 0.02550 0.00000 ( 1)  0.218  0.000
 173 I   0.44683 0.31870 0.14704 0.05150 0.01829 0.00825 0.00513 0.00427 0.00000 ( 1)  0.098  0.000
 174 E   0.01907 0.19000 0.29124 0.21305 0.12014 0.07111 0.05083 0.04455 0.00001 ( 3)  0.379  0.000
 175 L   0.00065 0.01306 0.06002 0.13207 0.18430 0.20278 0.20411 0.20279 0.00021 ( 7)  0.742  0.000
 176 L   0.00003 0.00477 0.03822 0.10732 0.17472 0.21349 0.22851 0.23244 0.00049 ( 8)  0.785  0.000
 177 Q   0.00000 0.00154 0.02751 0.09979 0.17208 0.21189 0.22729 0.23154 0.02835 ( 8)  1.017  0.028
 178 P   0.00000 0.00000 0.00002 0.00075 0.00604 0.01993 0.03647 0.04519 0.89160 ( 9)  7.842  0.892
 179 P   0.42435 0.31668 0.15945 0.05993 0.02119 0.00896 0.00522 0.00422 0.00000 ( 1)  0.106  0.000
 180 L   0.01571 0.15618 0.24936 0.20809 0.13914 0.09400 0.07235 0.06513 0.00004 ( 3)  0.438  0.000
 181 F   0.01489 0.15342 0.25648 0.21465 0.13913 0.09112 0.06880 0.06148 0.00002 ( 3)  0.433  0.000
 182 G   0.37957 0.29923 0.17173 0.07815 0.03397 0.01704 0.01103 0.00929 0.00000 ( 1)  0.140  0.000
 183 D   0.52027 0.32596 0.11307 0.02785 0.00734 0.00273 0.00154 0.00124 0.00000 ( 1)  0.065  0.000
 184 I   0.00910 0.09528 0.17379 0.18193 0.16011 0.13747 0.12330 0.11789 0.00112 ( 4)  0.568  0.001
 185 E   0.33581 0.27819 0.17899 0.09531 0.04850 0.02749 0.01913 0.01657 0.00000 ( 1)  0.179  0.000
 186 E   0.44589 0.31944 0.14844 0.05185 0.01796 0.00781 0.00471 0.00388 0.00000 ( 1)  0.097  0.000
 187 Y   0.36686 0.29059 0.17064 0.08243 0.03939 0.02181 0.01514 0.01314 0.00000 ( 1)  0.156  0.000
 188 S   0.03151 0.28418 0.34537 0.18373 0.07626 0.03635 0.02314 0.01946 0.00000 ( 3)  0.277  0.000
 189 H   0.47469 0.32725 0.13755 0.04070 0.01154 0.00421 0.00227 0.00179 0.00000 ( 1)  0.080  0.000
 190 R   0.31196 0.26513 0.18073 0.10401 0.05718 0.03440 0.02481 0.02178 0.00000 ( 1)  0.204  0.000
 191 L   0.34881 0.28421 0.17641 0.08996 0.04425 0.02462 0.01702 0.01471 0.00000 ( 1)  0.168  0.000
 192 S   0.50506 0.32867 0.12194 0.03111 0.00789 0.00273 0.00145 0.00114 0.00000 ( 1)  0.069  0.000
 193 H   0.00010 0.01527 0.09260 0.17874 0.20108 0.18499 0.16734 0.15967 0.00020 ( 5)  0.685  0.000
 194 V   0.02422 0.23017 0.31732 0.20248 0.10091 0.05492 0.03756 0.03241 0.00001 ( 3)  0.333  0.000
 195 S   0.33855 0.27818 0.17644 0.09331 0.04809 0.02799 0.01996 0.01748 0.00000 ( 1)  0.180  0.000
 196 E   0.36930 0.29367 0.17276 0.08212 0.03768 0.01986 0.01328 0.01134 0.00000 ( 1)  0.150  0.000
 197 V   0.02186 0.21282 0.30887 0.20916 0.10898 0.06059 0.04170 0.03602 0.00001 ( 3)  0.350  0.000
 198 I   0.00000 0.00406 0.06023 0.16470 0.20900 0.20045 0.18427 0.17676 0.00053 ( 5)  0.726  0.001
 199 K   0.00026 0.03417 0.15997 0.22445 0.19280 0.14942 0.12397 0.11480 0.00018 ( 4)  0.598  0.000
 200 D   0.00000 0.00034 0.01675 0.09411 0.18542 0.22798 0.23697 0.23729 0.00114 ( 8)  0.812  0.001
 201 Y   0.00000 0.00237 0.04122 0.13672 0.20290 0.21327 0.20438 0.19868 0.00046 ( 6)  0.758  0.000
 202 G   0.31327 0.26455 0.17859 0.10260 0.05715 0.03515 0.02583 0.02286 0.00000 ( 1)  0.205  0.000
 203 E   0.00000 0.00066 0.02319 0.11413 0.20205 0.22584 0.21968 0.21399 0.00046 ( 6)  0.785  0.000
 204 -   0.12056 0.12056 0.12056 0.12056 0.12056 0.12056 0.12056 0.12056 0.03551 ( 5)  0.795  0.036
 205 -   0.12056 0.12056 0.12056 0.12056 0.12056 0.12056 0.12056 0.12056 0.03551 ( 7)  0.795  0.036
 206 -   0.12056 0.12056 0.12056 0.12056 0.12056 0.12056 0.12056 0.12056 0.03551 ( 5)  0.795  0.036
 207 -   0.12056 0.12056 0.12056 0.12056 0.12056 0.12056 0.12056 0.12056 0.03551 ( 3)  0.795  0.036
 208 -   0.12056 0.12056 0.12056 0.12056 0.12056 0.12056 0.12056 0.12056 0.03551 ( 5)  0.795  0.036
 209 -   0.12056 0.12056 0.12056 0.12056 0.12056 0.12056 0.12056 0.12056 0.03551 ( 1)  0.795  0.036
 210 -   0.12056 0.12056 0.12056 0.12056 0.12056 0.12056 0.12056 0.12056 0.03551 ( 5)  0.795  0.036
 211 -   0.12056 0.12056 0.12056 0.12056 0.12056 0.12056 0.12056 0.12056 0.03551 ( 5)  0.795  0.036
 212 G   0.37957 0.29923 0.17173 0.07815 0.03397 0.01704 0.01103 0.00929 0.00000 ( 1)  0.140  0.000
 213 I   0.00014 0.02004 0.11092 0.19223 0.19887 0.17476 0.15517 0.14728 0.00059 ( 5)  0.664  0.001
 214 I   0.49026 0.32456 0.12752 0.03689 0.01122 0.00460 0.00272 0.00223 0.00000 ( 1)  0.078  0.000
 215 P   0.39209 0.30470 0.16884 0.07296 0.03006 0.01449 0.00918 0.00768 0.00000 ( 1)  0.130  0.000
 216 V   0.34361 0.28027 0.17518 0.09122 0.04653 0.02700 0.01928 0.01690 0.00001 ( 1)  0.176  0.000
 217 L   0.34881 0.28421 0.17641 0.08996 0.04425 0.02462 0.01702 0.01471 0.00000 ( 1)  0.168  0.000
 218 G   0.40756 0.30921 0.16274 0.06636 0.02641 0.01270 0.00815 0.00687 0.00000 ( 1)  0.121  0.000
 219 W   0.00003 0.00433 0.03540 0.10239 0.17169 0.21463 0.23287 0.23811 0.00055 ( 8)  0.792  0.001
 220 T   0.42592 0.31278 0.15448 0.05938 0.02305 0.01111 0.00719 0.00608 0.00000 ( 1)  0.112  0.000
 221 H   0.47469 0.32725 0.13755 0.04070 0.01154 0.00421 0.00227 0.00179 0.00000 ( 1)  0.080  0.000
 222 V   0.00016 0.02266 0.12302 0.20494 0.20090 0.16803 0.14459 0.13558 0.00011 ( 4)  0.642  0.000
 223 S   0.38045 0.29252 0.16288 0.07602 0.03691 0.02153 0.01571 0.01395 0.00004 ( 1)  0.152  0.000

Positively selected sites

	Prob(w>1)  mean w

    62 K      0.974*        8.482
    64 S      0.910         7.984
    68 Q      0.983*        8.555
    87 T      0.606         5.619
   145 G      0.983*        8.555
   178 P      0.892         7.842


lnL = -2862.637761

Bayes Empirical Bayes (BEB) probabilities for 11 classes (class) & postmean_w
(amino acids refer to 1st sequence: BT_Cry7Ba1)

   1 -   0.43413 0.11962 0.08088 0.06146 0.04972 0.04217 0.03751 0.03553 0.03786 0.10064 0.00046 ( 1)  0.309 +-  0.343
   2 -   0.41606 0.11644 0.08002 0.06180 0.05080 0.04378 0.03957 0.03808 0.04121 0.11137 0.00086 ( 1)  0.327 +-  0.374
   3 T   0.00744 0.01878 0.03480 0.04997 0.06351 0.07582 0.08829 0.10411 0.13311 0.41621 0.00797 (10)  0.794 +-  0.577
   4 V   0.01806 0.03711 0.05865 0.07333 0.08232 0.08776 0.09206 0.09850 0.11509 0.33633 0.00079 (10)  0.687 +-  0.298
   5 E   0.66726 0.13768 0.06933 0.03986 0.02480 0.01644 0.01160 0.00885 0.00769 0.01649 0.00000 ( 1)  0.142 +-  0.185
   6 L   0.53937 0.13362 0.08097 0.05536 0.04044 0.03109 0.02515 0.02172 0.02115 0.05110 0.00002 ( 1)  0.221 +-  0.264
   7 T   0.68028 0.13685 0.06718 0.03774 0.02302 0.01502 0.01048 0.00793 0.00685 0.01465 0.00001 ( 1)  0.136 +-  0.178
   8 R   0.69498 0.13826 0.06642 0.03618 0.02120 0.01318 0.00869 0.00618 0.00499 0.00992 0.00000 ( 1)  0.126 +-  0.160
   9 T   0.02030 0.04002 0.06164 0.07573 0.08396 0.08861 0.09210 0.09763 0.11292 0.32681 0.00029 (10)  0.676 +-  0.275
  10 I   0.75514 0.12789 0.05313 0.02567 0.01369 0.00793 0.00499 0.00344 0.00274 0.00538 0.00000 ( 1)  0.103 +-  0.129
  11 Y   0.21920 0.13221 0.11416 0.09479 0.07825 0.06542 0.05631 0.05113 0.05208 0.13634 0.00011 ( 1)  0.413 +-  0.321
  12 T   0.02040 0.03868 0.05783 0.06999 0.07749 0.08271 0.08796 0.09632 0.11601 0.35004 0.00256 (10)  0.701 +-  0.381
  13 D   0.78493 0.12183 0.04643 0.02072 0.01028 0.00558 0.00331 0.00217 0.00165 0.00310 0.00000 ( 1)  0.092 +-  0.110
  14 P   0.62141 0.14050 0.07686 0.04732 0.03109 0.02148 0.01562 0.01213 0.01063 0.02296 0.00000 ( 1)  0.164 +-  0.208
  15 L   0.25631 0.14763 0.12164 0.09638 0.07594 0.06063 0.04988 0.04333 0.04226 0.10597 0.00004 ( 1)  0.368 +-  0.306
  16 G   0.72425 0.13534 0.06102 0.03130 0.01733 0.01021 0.00641 0.00435 0.00337 0.00643 0.00000 ( 1)  0.113 +-  0.141
  17 Y   0.01766 0.03565 0.05605 0.07034 0.07970 0.08601 0.09147 0.09920 0.11738 0.34608 0.00046 (10)  0.692 +-  0.277
  18 T   0.01635 0.03258 0.05068 0.06349 0.07248 0.07954 0.08678 0.09737 0.12010 0.36956 0.01106 (10)  0.770 +-  0.678
  19 G   0.56569 0.13645 0.08026 0.05322 0.03770 0.02809 0.02203 0.01844 0.01741 0.04069 0.00001 ( 1)  0.202 +-  0.246
  20 Y   0.06642 0.09461 0.11088 0.10727 0.09679 0.08580 0.07717 0.07273 0.07672 0.21071 0.00090 (10)  0.549 +-  0.354
  21 S   0.00275 0.01420 0.03187 0.04892 0.06343 0.07578 0.08764 0.10238 0.12976 0.40323 0.04003 (10)  1.013 +-  1.346
  22 N   0.05514 0.08517 0.10672 0.10855 0.10125 0.09132 0.08237 0.07690 0.07954 0.21289 0.00015 (10)  0.558 +-  0.301
  23 D   0.00127 0.00785 0.02044 0.03569 0.05179 0.06820 0.08578 0.10763 0.14479 0.46723 0.00933 (10)  0.838 +-  0.569
  24 E   0.30724 0.16531 0.12727 0.09453 0.07008 0.05282 0.04118 0.03402 0.03167 0.07585 0.00003 ( 1)  0.317 +-  0.287
  25 H   0.34248 0.17866 0.13226 0.09392 0.06623 0.04730 0.03482 0.02712 0.02376 0.05345 0.00001 ( 1)  0.280 +-  0.264
  26 P   0.57252 0.13688 0.07980 0.05249 0.03690 0.02730 0.02126 0.01769 0.01660 0.03853 0.00001 ( 1)  0.197 +-  0.242
  27 T   0.00248 0.01405 0.03350 0.05318 0.06990 0.08338 0.09515 0.10868 0.13371 0.40242 0.00355 (10)  0.767 +-  0.408
  28 Y   0.02061 0.04008 0.06108 0.07455 0.08242 0.08706 0.09088 0.09706 0.11343 0.33218 0.00065 (10)  0.680 +-  0.290
  29 Y   0.72069 0.13369 0.06052 0.03151 0.01790 0.01092 0.00715 0.00509 0.00415 0.00835 0.00000 ( 1)  0.116 +-  0.149
  30 -   0.05050 0.04393 0.05255 0.05925 0.06519 0.07134 0.07900 0.09079 0.11507 0.36232 0.01007 (10)  0.736 +-  0.664
  31 S   0.30235 0.16103 0.12346 0.09201 0.06894 0.05290 0.04225 0.03597 0.03467 0.08623 0.00021 ( 1)  0.330 +-  0.309
  32 S   0.22793 0.13726 0.11780 0.09678 0.07877 0.06474 0.05468 0.04867 0.04857 0.12471 0.00010 ( 1)  0.399 +-  0.317
  33 A   0.02079 0.04145 0.06412 0.07865 0.08663 0.09054 0.09296 0.09718 0.11076 0.31645 0.00047 (10)  0.670 +-  0.291
  34 K   0.00009 0.00184 0.00801 0.01920 0.03471 0.05377 0.07658 0.10597 0.15404 0.52205 0.02373 (10)  0.958 +-  0.897
  35 P   0.00000 0.00007 0.00078 0.00347 0.01014 0.02312 0.04539 0.08234 0.15057 0.60716 0.07696 (10)  1.275 +-  1.461
  36 F   0.63362 0.13818 0.07358 0.04458 0.02912 0.02019 0.01486 0.01177 0.01058 0.02352 0.00001 ( 1)  0.160 +-  0.207
  37 S   0.00006 0.00126 0.00567 0.01433 0.02749 0.04529 0.06854 0.10050 0.15423 0.54613 0.03649 (10)  1.037 +-  1.069
  38 S   0.06197 0.04705 0.05234 0.05736 0.06291 0.06943 0.07777 0.09025 0.11505 0.36210 0.00377 (10)  0.691 +-  0.439
  39 I   0.71038 0.13476 0.06231 0.03309 0.01915 0.01191 0.00795 0.00577 0.00480 0.00988 0.00000 ( 1)  0.121 +-  0.157
  40 E   0.65548 0.13860 0.07140 0.04183 0.02642 0.01771 0.01259 0.00964 0.00838 0.01797 0.00000 ( 1)  0.147 +-  0.191
  41 S   0.44286 0.19731 0.12529 0.07765 0.04866 0.03143 0.02128 0.01547 0.01282 0.02721 0.00001 ( 1)  0.212 +-  0.222
  42 R   0.01674 0.03410 0.05383 0.06776 0.07705 0.08359 0.08961 0.09830 0.11811 0.35435 0.00657 (10)  0.736 +-  0.568
  43 A   0.57572 0.13566 0.07832 0.05129 0.03607 0.02683 0.02110 0.01779 0.01698 0.04021 0.00003 ( 1)  0.197 +-  0.246
  44 V   0.02861 0.05149 0.07336 0.08419 0.08805 0.08857 0.08867 0.09149 0.10408 0.30052 0.00096 (10)  0.651 +-  0.322
  45 L   0.15519 0.10476 0.10018 0.09121 0.08177 0.07358 0.06760 0.06503 0.06968 0.19080 0.00020 (10)  0.492 +-  0.331
  46 A   0.00263 0.01439 0.03384 0.05349 0.07034 0.08400 0.09590 0.10938 0.13405 0.40102 0.00096 (10)  0.751 +-  0.267
  47 P   0.46716 0.12488 0.08186 0.06035 0.04739 0.03903 0.03371 0.03100 0.03206 0.08249 0.00006 ( 1)  0.277 +-  0.302
  48 S   0.00051 0.00328 0.00911 0.01736 0.02789 0.04103 0.05793 0.08174 0.12355 0.44242 0.19520 (10)  2.040 +-  2.608
  49 L   0.59467 0.13826 0.07827 0.05004 0.03423 0.02468 0.01876 0.01526 0.01401 0.03181 0.00001 ( 1)  0.182 +-  0.228
  50 F   0.51293 0.13130 0.08217 0.05784 0.04339 0.03416 0.02822 0.02485 0.02461 0.06052 0.00003 ( 1)  0.240 +-  0.277
  51 K   0.16493 0.11030 0.10448 0.09401 0.08310 0.07356 0.06633 0.06249 0.06547 0.17522 0.00011 (10)  0.474 +-  0.326
  52 W   0.44993 0.12283 0.08212 0.06160 0.04911 0.04097 0.03579 0.03322 0.03462 0.08976 0.00005 ( 1)  0.291 +-  0.308
  53 I   0.11082 0.08090 0.08321 0.08142 0.07836 0.07559 0.07430 0.07630 0.08702 0.25157 0.00052 (10)  0.565 +-  0.337
  54 T   0.74138 0.12991 0.05590 0.02793 0.01537 0.00917 0.00592 0.00418 0.00340 0.00684 0.00000 ( 1)  0.109 +-  0.139
  55 Q   0.00424 0.02074 0.04429 0.06434 0.07863 0.08831 0.09590 0.10519 0.12535 0.37062 0.00240 (10)  0.735 +-  0.366
  56 L   0.03714 0.06379 0.08725 0.09592 0.09591 0.09207 0.08786 0.08635 0.09359 0.25967 0.00046 (10)  0.611 +-  0.309
  57 E   0.00010 0.00181 0.00779 0.01872 0.03416 0.05352 0.07706 0.10758 0.15734 0.53400 0.00793 (10)  0.867 +-  0.456
  58 V   0.69031 0.13688 0.06604 0.03640 0.02175 0.01388 0.00946 0.00700 0.00591 0.01236 0.00001 ( 1)  0.130 +-  0.170
  59 Y   0.00024 0.00379 0.01398 0.02930 0.04719 0.06607 0.08607 0.11004 0.14925 0.48080 0.01326 (10)  0.876 +-  0.691
  60 T   0.00014 0.00229 0.00887 0.01961 0.03361 0.05046 0.07093 0.09832 0.14496 0.50368 0.06713 (10)  1.207 +-  1.507
  61 K   0.00018 0.00300 0.01167 0.02567 0.04318 0.06281 0.08453 0.11098 0.15360 0.50000 0.00439 (10)  0.833 +-  0.367
  62 K   0.00000 0.00000 0.00000 0.00002 0.00008 0.00023 0.00057 0.00129 0.00295 0.01526 0.97961 (11)  7.334 +-  2.131
  63 Y   0.00113 0.00693 0.01807 0.03188 0.04700 0.06309 0.08102 0.10385 0.14264 0.46834 0.03605 (10)  1.022 +-  1.237
  64 S   0.00000 0.00000 0.00002 0.00009 0.00034 0.00092 0.00212 0.00452 0.00968 0.04735 0.93496 (11)  7.044 +-  2.475
  65 Y   0.00392 0.01081 0.02182 0.03427 0.04772 0.06242 0.07951 0.10226 0.14199 0.47374 0.02155 (10)  0.902 +-  0.823
  66 S   0.00043 0.00605 0.02038 0.03932 0.05869 0.07658 0.09340 0.11228 0.14378 0.44284 0.00625 (10)  0.814 +-  0.493
  67 S   0.03740 0.06408 0.08762 0.09638 0.09642 0.09256 0.08822 0.08646 0.09326 0.25711 0.00050 (10)  0.610 +-  0.314
  68 Q   0.00000 0.00000 0.00001 0.00005 0.00013 0.00031 0.00064 0.00128 0.00261 0.01231 0.98265 (11)  7.362 +-  2.103
  69 Y   0.02366 0.04430 0.06541 0.07773 0.08404 0.08718 0.08973 0.09485 0.11010 0.32185 0.00115 (10)  0.672 +-  0.323
  70 T   0.41296 0.11544 0.07934 0.06136 0.05058 0.04378 0.03978 0.03855 0.04207 0.11475 0.00139 ( 1)  0.335 +-  0.406
  71 T   0.16354 0.10704 0.10004 0.08972 0.07975 0.07154 0.06581 0.06362 0.06869 0.18965 0.00059 (10)  0.488 +-  0.356
  72 L   0.00040 0.00375 0.01245 0.02554 0.04153 0.05952 0.07982 0.10528 0.14727 0.48692 0.03753 (10)  1.037 +-  1.216
  73 W   0.07881 0.06289 0.06982 0.07320 0.07496 0.07646 0.07899 0.08477 0.10048 0.29908 0.00055 (10)  0.619 +-  0.322
  74 T   0.28389 0.15359 0.12009 0.09155 0.07032 0.05540 0.04545 0.03975 0.03934 0.10038 0.00025 ( 1)  0.351 +-  0.319
  75 G   0.63462 0.14009 0.07496 0.04529 0.02929 0.01998 0.01437 0.01107 0.00964 0.02068 0.00000 ( 1)  0.157 +-  0.201
  76 L   0.04741 0.03966 0.04702 0.05372 0.06062 0.06840 0.07816 0.09249 0.12026 0.38523 0.00703 (10)  0.731 +-  0.518
  77 R   0.00747 0.03293 0.06452 0.08604 0.09656 0.09957 0.09927 0.10004 0.10968 0.30347 0.00046 (10)  0.673 +-  0.282
  78 V   0.59926 0.13793 0.07740 0.04916 0.03349 0.02411 0.01833 0.01495 0.01380 0.03155 0.00001 ( 1)  0.180 +-  0.228
  79 I   0.00033 0.00485 0.01700 0.03407 0.05280 0.07145 0.09024 0.11211 0.14792 0.46566 0.00358 (10)  0.811 +-  0.367
  80 A   0.06401 0.09396 0.11270 0.11055 0.10021 0.08851 0.07873 0.07297 0.07537 0.20254 0.00044 (10)  0.543 +-  0.323
  81 Q   0.00800 0.01875 0.03342 0.04728 0.06011 0.07250 0.08582 0.10320 0.13478 0.42942 0.00673 (10)  0.787 +-  0.476
  82 P   0.00301 0.01613 0.03722 0.05771 0.07439 0.08710 0.09747 0.10900 0.13103 0.38602 0.00092 (10)  0.741 +-  0.279
  83 T   0.74138 0.12991 0.05590 0.02793 0.01537 0.00917 0.00592 0.00418 0.00340 0.00684 0.00000 ( 1)  0.109 +-  0.139
  84 K   0.00037 0.00523 0.01757 0.03403 0.05149 0.06872 0.08645 0.10793 0.14429 0.46317 0.02074 (10)  0.912 +-  0.887
  85 D   0.00197 0.01056 0.02480 0.04014 0.05512 0.06980 0.08542 0.10527 0.14009 0.45100 0.01583 (10)  0.867 +-  0.771
  86 F   0.00001 0.00043 0.00281 0.00877 0.01929 0.03508 0.05731 0.08952 0.14507 0.53770 0.10401 (10)  1.445 +-  1.835
  87 T   0.00000 0.00002 0.00020 0.00084 0.00238 0.00550 0.01124 0.02160 0.04252 0.19257 0.72311 (11)  5.582 +-  3.338
  88 D   0.01899 0.03878 0.06075 0.07518 0.08356 0.08827 0.09186 0.09763 0.11348 0.33074 0.00074 (10)  0.681 +-  0.295
  89 T   0.00025 0.00362 0.01271 0.02592 0.04150 0.05877 0.07845 0.10375 0.14638 0.49012 0.03852 (10)  1.039 +-  1.209
  90 V   0.00146 0.00898 0.02319 0.03997 0.05698 0.07342 0.09002 0.10981 0.14328 0.44960 0.00329 (10)  0.795 +-  0.358
  91 Y   0.32209 0.17095 0.12948 0.09445 0.06863 0.05064 0.03858 0.03111 0.02824 0.06582 0.00002 ( 1)  0.301 +-  0.277
  92 D   0.10116 0.12977 0.13811 0.12151 0.09994 0.08103 0.06691 0.05815 0.05683 0.14641 0.00018 (10)  0.467 +-  0.307
  93 Y   0.17751 0.11371 0.10412 0.09152 0.07979 0.07026 0.06349 0.06035 0.06414 0.17459 0.00052 ( 1)  0.469 +-  0.352
  94 G   0.63462 0.14009 0.07496 0.04529 0.02929 0.01998 0.01437 0.01107 0.00964 0.02068 0.00000 ( 1)  0.157 +-  0.201
  95 S   0.00503 0.02417 0.05068 0.07192 0.08554 0.09325 0.09812 0.10421 0.12020 0.34605 0.00083 (10)  0.709 +-  0.286
  96 S   0.29753 0.16097 0.12486 0.09368 0.07036 0.05391 0.04284 0.03620 0.03455 0.08503 0.00006 ( 1)  0.330 +-  0.295
  97 S   0.54632 0.13390 0.08033 0.05446 0.03952 0.03023 0.02437 0.02101 0.02044 0.04938 0.00003 ( 1)  0.217 +-  0.262
  98 G   0.32163 0.17085 0.12941 0.09433 0.06849 0.05050 0.03850 0.03112 0.02840 0.06675 0.00002 ( 1)  0.302 +-  0.278
  99 S   0.29385 0.15981 0.12458 0.09391 0.07083 0.05448 0.04345 0.03682 0.03524 0.08697 0.00006 ( 1)  0.333 +-  0.297
 100 E   0.00004 0.00102 0.00520 0.01406 0.02796 0.04679 0.07100 0.10347 0.15684 0.54663 0.02698 (10)  0.985 +-  0.919
 101 N   0.00001 0.00031 0.00178 0.00549 0.01250 0.02393 0.04142 0.06858 0.11763 0.46133 0.26701 (10)  2.511 +-  2.902
 102 K   0.00017 0.00283 0.01105 0.02442 0.04137 0.06071 0.08255 0.10963 0.15359 0.50562 0.00804 (10)  0.856 +-  0.507
 103 D   0.00008 0.00146 0.00710 0.01828 0.03432 0.05408 0.07744 0.10699 0.15474 0.52097 0.02454 (10)  0.967 +-  0.930
 104 V   0.04643 0.07497 0.09754 0.10272 0.09892 0.09188 0.08513 0.08146 0.08614 0.23446 0.00035 (10)  0.583 +-  0.310
 105 F   0.74665 0.13130 0.05587 0.02726 0.01449 0.00828 0.00509 0.00341 0.00263 0.00501 0.00000 ( 1)  0.104 +-  0.129
 106 D   0.16083 0.10623 0.10021 0.09053 0.08085 0.07265 0.06674 0.06424 0.06888 0.18857 0.00027 (10)  0.488 +-  0.335
 107 L   0.59593 0.13666 0.07684 0.04910 0.03376 0.02457 0.01892 0.01564 0.01464 0.03392 0.00002 ( 1)  0.184 +-  0.233
 108 Y   0.00302 0.01621 0.03742 0.05805 0.07483 0.08757 0.09788 0.10924 0.13096 0.38447 0.00034 (10)  0.737 +-  0.240
 109 G   0.00084 0.00565 0.01582 0.02948 0.04530 0.06273 0.08240 0.10729 0.14886 0.49020 0.01144 (10)  0.863 +-  0.609
 110 N   0.23962 0.14574 0.12364 0.09933 0.07869 0.06290 0.05169 0.04484 0.04368 0.10979 0.00008 ( 1)  0.379 +-  0.309
 111 D   0.78493 0.12183 0.04643 0.02072 0.01028 0.00558 0.00331 0.00217 0.00165 0.00310 0.00000 ( 1)  0.092 +-  0.110
 112 V   0.24923 0.14483 0.12029 0.09603 0.07623 0.06135 0.05092 0.04469 0.04412 0.11223 0.00009 ( 1)  0.377 +-  0.312
 113 Y   0.72069 0.13369 0.06052 0.03151 0.01790 0.01092 0.00715 0.00509 0.00415 0.00835 0.00000 ( 1)  0.116 +-  0.149
 114 D   0.01333 0.02823 0.04622 0.06044 0.07142 0.08045 0.08935 0.10124 0.12514 0.38250 0.00168 (10)  0.726 +-  0.311
 115 T   0.00013 0.00230 0.00919 0.02078 0.03607 0.05428 0.07580 0.10353 0.14941 0.50606 0.04246 (10)  1.071 +-  1.251
 116 Q   0.00234 0.01317 0.03162 0.05090 0.06799 0.08235 0.09520 0.10979 0.13592 0.40961 0.00110 (10)  0.758 +-  0.268
 117 S   0.03934 0.06765 0.09259 0.10137 0.10041 0.09498 0.08883 0.08508 0.08940 0.24023 0.00013 (10)  0.594 +-  0.292
 118 V   0.00022 0.00220 0.00779 0.01730 0.03063 0.04785 0.06983 0.09987 0.15069 0.52941 0.04421 (10)  1.080 +-  1.220
 119 V   0.00139 0.00854 0.02208 0.03822 0.05482 0.07121 0.08815 0.10864 0.14334 0.45434 0.00926 (10)  0.836 +-  0.620
 120 S   0.00174 0.00991 0.02420 0.04002 0.05549 0.07040 0.08593 0.10536 0.13937 0.44622 0.02136 (10)  0.903 +-  0.913
 121 S   0.01125 0.02470 0.04166 0.05597 0.06777 0.07804 0.08844 0.10209 0.12836 0.39736 0.00437 (10)  0.753 +-  0.433
 122 Y   0.00284 0.01383 0.03036 0.04673 0.06162 0.07530 0.08914 0.10633 0.13701 0.42949 0.00736 (10)  0.803 +-  0.541
 123 K   0.00218 0.01209 0.02866 0.04592 0.06161 0.07566 0.08946 0.10636 0.13664 0.42759 0.01384 (10)  0.846 +-  0.756
 124 P   0.00318 0.00857 0.01729 0.02754 0.03928 0.05293 0.06974 0.09299 0.13401 0.46270 0.09178 (10)  1.345 +-  1.810
 125 T   0.02812 0.05069 0.07258 0.08381 0.08821 0.08919 0.08954 0.09236 0.10466 0.29992 0.00090 (10)  0.652 +-  0.330
 126 G   0.00331 0.01726 0.03880 0.05881 0.07446 0.08609 0.09573 0.10702 0.12941 0.38559 0.00352 (10)  0.755 +-  0.430
 127 G   0.00229 0.01290 0.03103 0.05002 0.06695 0.08132 0.09437 0.10938 0.13624 0.41319 0.00229 (10)  0.766 +-  0.334
 128 G   0.00026 0.00214 0.00708 0.01542 0.02737 0.04339 0.06474 0.09507 0.14765 0.53359 0.06330 (10)  1.171 +-  1.352
 129 H   0.22763 0.13996 0.12145 0.09993 0.08083 0.06562 0.05448 0.04750 0.04632 0.11622 0.00005 ( 1)  0.391 +-  0.310
 130 F   0.01671 0.03192 0.04872 0.06077 0.06964 0.07701 0.08478 0.09602 0.11948 0.36997 0.02497 (10)  0.869 +-  1.071
 131 G   0.09214 0.07088 0.07623 0.07755 0.07722 0.07672 0.07734 0.08114 0.09422 0.27594 0.00062 (10)  0.595 +-  0.335
 132 V   0.02863 0.04944 0.06859 0.07794 0.08190 0.08375 0.08601 0.09161 0.10800 0.32213 0.00199 (10)  0.670 +-  0.368
 133 P   0.68942 0.13949 0.06791 0.03733 0.02198 0.01366 0.00897 0.00632 0.00504 0.00988 0.00000 ( 1)  0.127 +-  0.161
 134 Q   0.00000 0.00003 0.00028 0.00128 0.00395 0.00966 0.02057 0.04076 0.08188 0.37136 0.47022 (11)  3.697 +-  3.240
 135 F   0.02892 0.05238 0.07517 0.08665 0.09069 0.09090 0.09024 0.09186 0.10261 0.29022 0.00036 (10)  0.641 +-  0.293
 136 R   0.00084 0.00511 0.01320 0.02311 0.03391 0.04554 0.05889 0.07653 0.10735 0.36255 0.27297 (10)  2.636 +-  3.159
 137 L   0.59467 0.13826 0.07827 0.05004 0.03423 0.02468 0.01876 0.01526 0.01401 0.03181 0.00001 ( 1)  0.182 +-  0.228
 138 F   0.02972 0.05180 0.07222 0.08197 0.08548 0.08628 0.08706 0.09077 0.10449 0.30497 0.00524 (10)  0.682 +-  0.563
 139 W   0.00016 0.00153 0.00563 0.01323 0.02488 0.04121 0.06364 0.09598 0.15216 0.55661 0.04497 (10)  1.064 +-  1.062
 140 I   0.74792 0.12889 0.05452 0.02681 0.01455 0.00858 0.00549 0.00385 0.00312 0.00625 0.00000 ( 1)  0.106 +-  0.135
 141 T   0.33485 0.16210 0.11720 0.08499 0.06326 0.04879 0.03937 0.03391 0.03303 0.08237 0.00014 ( 1)  0.314 +-  0.301
 142 K   0.00005 0.00091 0.00390 0.00948 0.01767 0.02855 0.04273 0.06246 0.09630 0.34783 0.39013 (11)  3.495 +-  3.528
 143 S   0.00113 0.00647 0.01650 0.02927 0.04394 0.06040 0.07952 0.10441 0.14661 0.48937 0.02241 (10)  0.929 +-  0.893
 144 N   0.79081 0.11903 0.04456 0.01979 0.00988 0.00544 0.00329 0.00220 0.00171 0.00329 0.00000 ( 1)  0.091 +-  0.110
 145 G   0.00000 0.00000 0.00000 0.00003 0.00009 0.00024 0.00056 0.00118 0.00254 0.01237 0.98299 (11)  7.363 +-  2.099
 146 L   0.55234 0.13449 0.08010 0.05392 0.03885 0.02952 0.02364 0.02027 0.01963 0.04721 0.00003 ( 1)  0.213 +-  0.258
 147 R   0.00010 0.00177 0.00725 0.01700 0.03074 0.04841 0.07081 0.10124 0.15248 0.53392 0.03629 (10)  1.039 +-  1.119
 148 E   0.28177 0.15477 0.12209 0.09331 0.07147 0.05592 0.04546 0.03933 0.03849 0.09723 0.00018 ( 1)  0.349 +-  0.311
 149 Q   0.01225 0.02745 0.04648 0.06183 0.07348 0.08260 0.09107 0.10211 0.12463 0.37638 0.00172 (10)  0.725 +-  0.326
 150 I   0.00012 0.00203 0.00820 0.01875 0.03277 0.04956 0.06939 0.09491 0.13704 0.46469 0.12256 (10)  1.635 +-  2.281
 151 F   0.73328 0.13268 0.05830 0.02942 0.01620 0.00960 0.00612 0.00426 0.00341 0.00674 0.00000 ( 1)  0.110 +-  0.140
 152 N   0.05309 0.08369 0.10660 0.10966 0.10294 0.09301 0.08367 0.07760 0.07946 0.21018 0.00011 (10)  0.558 +-  0.298
 153 Y   0.04579 0.07413 0.09663 0.10195 0.09840 0.09164 0.08519 0.08182 0.08688 0.23736 0.00021 (10)  0.585 +-  0.300
 154 A   0.00000 0.00011 0.00070 0.00229 0.00550 0.01107 0.02010 0.03488 0.06273 0.26106 0.60158 (11)  4.776 +-  3.509
 155 N   0.00165 0.00997 0.02511 0.04207 0.05836 0.07347 0.08851 0.10677 0.13870 0.43686 0.01855 (10)  0.885 +-  0.882
 156 N   0.44966 0.19032 0.11751 0.07271 0.04661 0.03143 0.02256 0.01756 0.01568 0.03589 0.00008 ( 1)  0.220 +-  0.243
 157 M   0.02820 0.05175 0.07494 0.08685 0.09111 0.09134 0.09056 0.09202 0.10261 0.28998 0.00063 (10)  0.643 +-  0.309
 158 G   0.01821 0.03664 0.05748 0.07193 0.08118 0.08717 0.09210 0.09912 0.11623 0.33964 0.00031 (10)  0.687 +-  0.272
 159 -   0.65910 0.13722 0.06989 0.04072 0.02572 0.01735 0.01250 0.00974 0.00866 0.01908 0.00002 ( 1)  0.147 +-  0.194
 160 S   0.04479 0.07489 0.10004 0.10694 0.10345 0.09558 0.08732 0.08172 0.08394 0.22127 0.00007 (10)  0.575 +-  0.292
 161 Y   0.00087 0.00573 0.01572 0.02893 0.04417 0.06108 0.08048 0.10550 0.14779 0.49207 0.01766 (10)  0.900 +-  0.769
 162 S   0.00006 0.00123 0.00557 0.01393 0.02627 0.04247 0.06316 0.09126 0.13854 0.48936 0.12814 (10)  1.635 +-  2.192
 163 A   0.00014 0.00240 0.00952 0.02143 0.03696 0.05526 0.07659 0.10379 0.14852 0.49899 0.04640 (10)  1.109 +-  1.380
 164 Y   0.00016 0.00258 0.00997 0.02197 0.03736 0.05544 0.07670 0.10423 0.15011 0.50871 0.03276 (10)  1.004 +-  1.059
 165 R   0.00994 0.02266 0.03943 0.05432 0.06707 0.07835 0.08963 0.10395 0.13072 0.40278 0.00115 (10)  0.741 +-  0.279
 166 F   0.31256 0.16391 0.12382 0.09110 0.06752 0.05135 0.04070 0.03443 0.03299 0.08150 0.00011 ( 1)  0.320 +-  0.297
 167 S   0.01942 0.03856 0.05970 0.07376 0.08226 0.08742 0.09158 0.09795 0.11443 0.33432 0.00059 (10)  0.683 +-  0.288
 168 K   0.05853 0.09004 0.11233 0.11332 0.10444 0.09272 0.08200 0.07480 0.07534 0.19642 0.00006 (10)  0.542 +-  0.296
 169 D   0.04698 0.07162 0.08951 0.09267 0.08961 0.08508 0.08180 0.08218 0.09204 0.26503 0.00347 (10)  0.623 +-  0.484
 170 E   0.02689 0.04992 0.07303 0.08543 0.09041 0.09133 0.09114 0.09308 0.10411 0.29437 0.00029 (10)  0.646 +-  0.287
 171 L   0.59467 0.13826 0.07827 0.05004 0.03423 0.02468 0.01876 0.01526 0.01401 0.03181 0.00001 ( 1)  0.182 +-  0.228
 172 P   0.53017 0.13332 0.08184 0.05653 0.04163 0.03219 0.02614 0.02264 0.02208 0.05343 0.00002 ( 1)  0.227 +-  0.267
 173 I   0.71038 0.13476 0.06231 0.03309 0.01915 0.01191 0.00795 0.00577 0.00480 0.00988 0.00000 ( 1)  0.121 +-  0.157
 174 E   0.29501 0.16047 0.12506 0.09418 0.07090 0.05439 0.04324 0.03650 0.03479 0.08543 0.00004 ( 1)  0.331 +-  0.294
 175 L   0.02071 0.02803 0.04237 0.05494 0.06590 0.07598 0.08658 0.10063 0.12733 0.39575 0.00177 (10)  0.731 +-  0.315
 176 L   0.00670 0.01629 0.02995 0.04360 0.05691 0.07028 0.08498 0.10412 0.13818 0.44484 0.00415 (10)  0.783 +-  0.365
 177 Q   0.00179 0.00992 0.02376 0.03883 0.05353 0.06782 0.08289 0.10198 0.13553 0.43632 0.04763 (10)  1.078 +-  1.420
 178 P   0.00000 0.00000 0.00003 0.00014 0.00045 0.00114 0.00252 0.00519 0.01091 0.05280 0.92683 (11)  6.973 +-  2.525
 179 P   0.68942 0.13949 0.06791 0.03733 0.02198 0.01366 0.00897 0.00632 0.00504 0.00988 0.00000 ( 1)  0.127 +-  0.161
 180 L   0.24888 0.13821 0.11316 0.09113 0.07399 0.06130 0.05248 0.04747 0.04815 0.12508 0.00015 ( 1)  0.391 +-  0.323
 181 F   0.24410 0.14094 0.11733 0.09450 0.07600 0.06209 0.05233 0.04658 0.04655 0.11949 0.00009 ( 1)  0.387 +-  0.316
 182 G   0.63462 0.14009 0.07496 0.04529 0.02929 0.01998 0.01437 0.01107 0.00964 0.02068 0.00000 ( 1)  0.157 +-  0.201
 183 D   0.78493 0.12183 0.04643 0.02072 0.01028 0.00558 0.00331 0.00217 0.00165 0.00310 0.00000 ( 1)  0.092 +-  0.110
 184 I   0.15751 0.09682 0.08810 0.07950 0.07276 0.06816 0.06603 0.06748 0.07714 0.22409 0.00242 (10)  0.530 +-  0.452
 185 E   0.57839 0.13784 0.07993 0.05220 0.03637 0.02664 0.02051 0.01685 0.01559 0.03567 0.00001 ( 1)  0.192 +-  0.237
 186 E   0.71041 0.13557 0.06286 0.03333 0.01918 0.01180 0.00776 0.00553 0.00451 0.00906 0.00000 ( 1)  0.120 +-  0.154
 187 Y   0.61521 0.13746 0.07521 0.04683 0.03141 0.02235 0.01685 0.01365 0.01253 0.02848 0.00002 ( 1)  0.172 +-  0.220
 188 S   0.41454 0.19255 0.12731 0.08186 0.05308 0.03545 0.02482 0.01868 0.01607 0.03562 0.00001 ( 1)  0.231 +-  0.238
 189 H   0.74409 0.13297 0.05709 0.02788 0.01470 0.00827 0.00496 0.00323 0.00240 0.00440 0.00000 ( 1)  0.104 +-  0.127
 190 R   0.54646 0.13541 0.08174 0.05547 0.04009 0.03040 0.02419 0.02051 0.01956 0.04617 0.00001 ( 1)  0.214 +-  0.256
 191 L   0.59467 0.13826 0.07827 0.05004 0.03423 0.02468 0.01876 0.01526 0.01401 0.03181 0.00001 ( 1)  0.182 +-  0.228
 192 S   0.77350 0.12651 0.04997 0.02267 0.01124 0.00600 0.00346 0.00219 0.00160 0.00287 0.00000 ( 1)  0.094 +-  0.111
 193 H   0.02196 0.04204 0.06319 0.07619 0.08334 0.08724 0.09041 0.09601 0.11177 0.32686 0.00101 (10)  0.677 +-  0.313
 194 V   0.34811 0.17587 0.12740 0.08966 0.06345 0.04603 0.03480 0.02810 0.02575 0.06079 0.00003 ( 1)  0.284 +-  0.273
 195 S   0.58031 0.13680 0.07874 0.05126 0.03575 0.02632 0.02045 0.01702 0.01601 0.03732 0.00002 ( 1)  0.193 +-  0.240
 196 E   0.62055 0.13910 0.07591 0.04687 0.03103 0.02169 0.01600 0.01264 0.01129 0.02490 0.00001 ( 1)  0.166 +-  0.212
 197 V   0.32546 0.17047 0.12773 0.09257 0.06716 0.04972 0.03820 0.03122 0.02884 0.06861 0.00004 ( 1)  0.302 +-  0.281
 198 I   0.00488 0.02303 0.04778 0.06771 0.08107 0.08954 0.09593 0.10409 0.12292 0.36142 0.00164 (10)  0.723 +-  0.330
 199 K   0.05014 0.07751 0.09735 0.10006 0.09513 0.08817 0.08233 0.08006 0.08664 0.24198 0.00061 (10)  0.585 +-  0.325
 200 D   0.00033 0.00494 0.01743 0.03498 0.05406 0.07277 0.09125 0.11243 0.14713 0.46017 0.00450 (10)  0.812 +-  0.397
 201 Y   0.00281 0.01508 0.03490 0.05447 0.07090 0.08406 0.09550 0.10863 0.13308 0.39894 0.00164 (10)  0.753 +-  0.311
 202 G   0.54667 0.13440 0.08078 0.05478 0.03969 0.03027 0.02429 0.02082 0.02011 0.04817 0.00002 ( 1)  0.216 +-  0.259
 203 E   0.00069 0.00719 0.02283 0.04300 0.06317 0.08110 0.09707 0.11410 0.14233 0.42707 0.00145 (10)  0.778 +-  0.291
 204 -   0.23929 0.07760 0.06179 0.05516 0.05229 0.05184 0.05376 0.05921 0.07315 0.22559 0.05031 ( 1)  0.840 +-  1.618
 205 -   0.23929 0.07760 0.06179 0.05516 0.05229 0.05184 0.05376 0.05921 0.07315 0.22559 0.05031 ( 1)  0.840 +-  1.618
 206 -   0.23929 0.07760 0.06179 0.05516 0.05229 0.05184 0.05376 0.05921 0.07315 0.22559 0.05031 ( 1)  0.840 +-  1.618
 207 -   0.23929 0.07760 0.06179 0.05516 0.05229 0.05184 0.05376 0.05921 0.07315 0.22559 0.05031 ( 1)  0.840 +-  1.618
 208 -   0.23929 0.07760 0.06179 0.05516 0.05229 0.05184 0.05376 0.05921 0.07315 0.22559 0.05031 ( 1)  0.840 +-  1.618
 209 -   0.23929 0.07760 0.06179 0.05516 0.05229 0.05184 0.05376 0.05921 0.07315 0.22559 0.05031 ( 1)  0.840 +-  1.618
 210 -   0.23929 0.07760 0.06179 0.05516 0.05229 0.05184 0.05376 0.05921 0.07315 0.22559 0.05031 ( 1)  0.840 +-  1.618
 211 -   0.23929 0.07760 0.06179 0.05516 0.05229 0.05184 0.05376 0.05921 0.07315 0.22559 0.05031 ( 1)  0.840 +-  1.618
 212 G   0.63462 0.14009 0.07496 0.04529 0.02929 0.01998 0.01437 0.01107 0.00964 0.02068 0.00000 ( 1)  0.157 +-  0.201
 213 I   0.02903 0.05158 0.07285 0.08323 0.08697 0.08765 0.08809 0.09134 0.10449 0.30314 0.00164 (10)  0.656 +-  0.364
 214 I   0.75514 0.12789 0.05313 0.02567 0.01369 0.00793 0.00499 0.00344 0.00274 0.00538 0.00000 ( 1)  0.103 +-  0.129
 215 P   0.65039 0.14029 0.07318 0.04310 0.02718 0.01810 0.01272 0.00960 0.00820 0.01726 0.00000 ( 1)  0.148 +-  0.190
 216 V   0.58636 0.13680 0.07801 0.05039 0.03494 0.02560 0.01983 0.01647 0.01548 0.03609 0.00003 ( 1)  0.190 +-  0.238
 217 L   0.59467 0.13826 0.07827 0.05004 0.03423 0.02468 0.01876 0.01526 0.01401 0.03181 0.00001 ( 1)  0.182 +-  0.228
 218 G   0.66759 0.13891 0.07005 0.04009 0.02472 0.01619 0.01128 0.00848 0.00727 0.01542 0.00000 ( 1)  0.140 +-  0.182
 219 W   0.00606 0.01502 0.02805 0.04145 0.05487 0.06866 0.08405 0.10418 0.13973 0.45338 0.00455 (10)  0.791 +-  0.373
 220 T   0.68637 0.13637 0.06616 0.03678 0.02224 0.01439 0.00998 0.00750 0.00646 0.01374 0.00001 ( 1)  0.133 +-  0.174
 221 H   0.74409 0.13297 0.05709 0.02788 0.01470 0.00827 0.00496 0.00323 0.00240 0.00440 0.00000 ( 1)  0.104 +-  0.127
 222 V   0.03292 0.05741 0.07969 0.08924 0.09119 0.08972 0.08797 0.08898 0.09936 0.28290 0.00061 (10)  0.632 +-  0.309
 223 S   0.62761 0.13473 0.07160 0.04384 0.02927 0.02096 0.01605 0.01334 0.01265 0.02983 0.00011 ( 1)  0.170 +-  0.230

Positively selected sites

	Prob(w>1)  mean w

    62 K      0.980*        7.334 +- 2.131
    64 S      0.935         7.044 +- 2.475
    68 Q      0.983*        7.362 +- 2.103
    87 T      0.723         5.582 +- 3.338
   145 G      0.983*        7.363 +- 2.099
   154 A      0.602         4.776 +- 3.509
   178 P      0.927         6.973 +- 2.525

