Supplemental results for CODEML (seqf: algn  treef: tree)


dN/dS (w) for site classes (K=8)

p:   0.12500  0.12500  0.12500  0.12500  0.12500  0.12500  0.12500  0.12500
w:   0.00604  0.02814  0.05928  0.09959  0.15127  0.21944  0.31678  0.49368

Naive Empirical Bayes (NEB) probabilities for 8 classes & postmean_w
(amino acids refer to 1st sequence: BT_Cry1Ba1)

   1 P   0.27084 0.22923 0.18149 0.13447 0.09190 0.05599 0.02792 0.00816 ( 1)  0.071
   2 F   0.39675 0.27994 0.17175 0.09172 0.04138 0.01471 0.00347 0.00028 ( 1)  0.040
   3 A   0.00011 0.00785 0.04751 0.12903 0.22321 0.27240 0.22780 0.09211 ( 6)  0.227
   4 G   0.00000 0.00088 0.01131 0.05222 0.13958 0.25346 0.31936 0.22319 ( 7)  0.294
   5 Q   0.02991 0.11343 0.17887 0.20699 0.19564 0.15269 0.09204 0.03042 ( 4)  0.142
   6 L   0.00000 0.00018 0.00450 0.03103 0.10914 0.24095 0.34862 0.26557 ( 7)  0.314
   7 A   0.05361 0.18080 0.24206 0.22723 0.16495 0.09163 0.03457 0.00516 ( 3)  0.101
   8 S   0.04113 0.14700 0.21342 0.22228 0.18404 0.12122 0.05793 0.01297 ( 4)  0.118
   9 F   0.03605 0.13180 0.19778 0.21534 0.18922 0.13539 0.07338 0.02104 ( 4)  0.129
  10 Y   0.36627 0.27114 0.17799 0.10374 0.05234 0.02154 0.00625 0.00073 ( 1)  0.046
  11 S   0.05892 0.19448 0.25243 0.22738 0.15622 0.08040 0.02699 0.00318 ( 3)  0.095
  12 F   0.39314 0.27895 0.17255 0.09316 0.04265 0.01547 0.00376 0.00032 ( 1)  0.041
  13 L   0.00168 0.02863 0.09031 0.16489 0.22004 0.22907 0.18118 0.08420 ( 6)  0.205
  14 V   0.00111 0.01972 0.06601 0.13030 0.19247 0.22934 0.21959 0.14146 ( 6)  0.236
  15 G   0.04614 0.16098 0.22600 0.22549 0.17684 0.10857 0.04707 0.00891 ( 3)  0.111
  16 E   0.03542 0.12963 0.19499 0.21333 0.18915 0.13748 0.07666 0.02334 ( 4)  0.131
  17 L   0.32719 0.25655 0.18258 0.11806 0.06798 0.03323 0.01226 0.00216 ( 1)  0.054
  18 W   0.21846 0.19736 0.17107 0.14220 0.11225 0.08221 0.05277 0.02368 ( 1)  0.095
  19 P   0.32032 0.25392 0.18333 0.12059 0.07079 0.03534 0.01332 0.00238 ( 1)  0.056
  20 R   0.00000 0.00017 0.00263 0.01542 0.05520 0.14477 0.30031 0.48150 ( 8)  0.375
  21 G   0.00117 0.02078 0.06974 0.13750 0.20132 0.23452 0.21362 0.12135 ( 6)  0.228
  22 R   0.00010 0.00761 0.04624 0.12629 0.22014 0.27161 0.23111 0.09689 ( 6)  0.229
  23 -   0.15772 0.15211 0.14460 0.13556 0.12494 0.11246 0.09718 0.07543 ( 1)  0.139
  24 D   0.00012 0.00852 0.05107 0.13677 0.23190 0.27457 0.21827 0.07879 ( 6)  0.220
  25 Q   0.00000 0.00035 0.00503 0.02653 0.08396 0.18963 0.32264 0.37185 ( 8)  0.343
  26 W   0.21846 0.19736 0.17107 0.14220 0.11225 0.08221 0.05277 0.02368 ( 1)  0.095
  27 E   0.42734 0.28571 0.16292 0.07952 0.03223 0.01010 0.00205 0.00014 ( 1)  0.036
  28 I   0.00004 0.00302 0.02089 0.06726 0.14455 0.23422 0.29176 0.23826 ( 7)  0.291
  29 F   0.05339 0.17988 0.24074 0.22631 0.16510 0.09281 0.03598 0.00579 ( 3)  0.102
  30 L   0.00213 0.03604 0.11184 0.19688 0.24533 0.22607 0.14269 0.03902 ( 5)  0.178
  31 E   0.00342 0.05311 0.14716 0.22741 0.24549 0.19398 0.10446 0.02497 ( 5)  0.158
  32 H   0.00276 0.04438 0.12901 0.21144 0.24474 0.20989 0.12447 0.03331 ( 5)  0.169
  33 V   0.36979 0.27167 0.17679 0.10223 0.05133 0.02117 0.00625 0.00077 ( 1)  0.045
  34 E   0.43056 0.28625 0.16194 0.07825 0.03131 0.00965 0.00191 0.00012 ( 1)  0.036
  35 Q   0.00007 0.00520 0.03335 0.09758 0.18620 0.25953 0.26394 0.15413 ( 7)  0.257
  36 L   0.00249 0.04052 0.12019 0.20216 0.24178 0.21633 0.13610 0.04043 ( 5)  0.176
  37 I   0.00000 0.00115 0.01430 0.06304 0.15925 0.26954 0.30910 0.18362 ( 7)  0.279
  38 N   0.00000 0.00000 0.00000 0.00008 0.00167 0.01917 0.14576 0.83333 ( 8)  0.462
  39 Q   0.03700 0.13517 0.20229 0.21881 0.18970 0.13220 0.06792 0.01692 ( 4)  0.125
  40 Q   0.06058 0.19792 0.25368 0.22557 0.15333 0.07863 0.02683 0.00347 ( 3)  0.094
  41 I   0.08030 0.24215 0.27763 0.21423 0.12198 0.04999 0.01267 0.00104 ( 3)  0.079
  42 T   0.00216 0.03575 0.10836 0.18775 0.23398 0.22221 0.15381 0.05598 ( 5)  0.187
  43 E   0.00000 0.00007 0.00190 0.01511 0.06356 0.17542 0.33988 0.40407 ( 8)  0.357
  44 N   0.00147 0.02548 0.08247 0.15535 0.21493 0.23315 0.19311 0.09404 ( 6)  0.212
  45 A   0.00378 0.05786 0.15740 0.23719 0.24726 0.18574 0.09221 0.01856 ( 5)  0.151
  46 R   0.35024 0.26572 0.18052 0.10990 0.05855 0.02580 0.00818 0.00108 ( 1)  0.049
  47 N   0.00314 0.04928 0.13882 0.21933 0.24389 0.20066 0.11457 0.03030 ( 5)  0.164
  48 T   0.00000 0.00097 0.01231 0.05582 0.14606 0.25872 0.31614 0.20998 ( 7)  0.289
  49 A   0.38627 0.27695 0.17395 0.09588 0.04514 0.01702 0.00438 0.00041 ( 1)  0.042
  50 L   0.03972 0.14289 0.20942 0.22081 0.18577 0.12504 0.06169 0.01466 ( 4)  0.121
  51 A   0.00000 0.00013 0.00336 0.02460 0.09291 0.22258 0.35392 0.30250 ( 7)  0.327
  52 R   0.00000 0.00040 0.00603 0.03288 0.10415 0.22496 0.34015 0.29143 ( 7)  0.320
  53 L   0.30843 0.24829 0.18329 0.12420 0.07587 0.04003 0.01642 0.00348 ( 1)  0.059
  54 Q   0.00000 0.00091 0.01167 0.05369 0.14285 0.25768 0.32031 0.21288 ( 7)  0.291
  55 G   0.38748 0.27755 0.17391 0.09542 0.04455 0.01656 0.00415 0.00037 ( 1)  0.042
  56 L   0.31496 0.25129 0.18320 0.12215 0.07309 0.03754 0.01482 0.00294 ( 1)  0.057
  57 G   0.39250 0.27880 0.17272 0.09342 0.04286 0.01558 0.00379 0.00032 ( 1)  0.041
  58 D   0.00024 0.01612 0.08513 0.19434 0.27092 0.25196 0.14713 0.03416 ( 5)  0.185
  59 S   0.00152 0.02619 0.08420 0.15739 0.21598 0.23233 0.19072 0.09168 ( 6)  0.211
  60 F   0.00117 0.02083 0.06995 0.13795 0.20194 0.23499 0.21335 0.11982 ( 6)  0.227
  61 R   0.00000 0.00000 0.00022 0.00315 0.02175 0.09460 0.28920 0.59108 ( 8)  0.408
  62 A   0.02821 0.10748 0.17090 0.20052 0.19388 0.15725 0.10175 0.04000 ( 4)  0.149
  63 Y   0.30423 0.24616 0.18310 0.12537 0.07767 0.04181 0.01768 0.00397 ( 1)  0.061
  64 Q   0.03535 0.13044 0.19784 0.21743 0.19201 0.13666 0.07190 0.01837 ( 4)  0.128
  65 Q   0.00006 0.00485 0.03210 0.09684 0.18936 0.26709 0.26764 0.14205 ( 7)  0.254
  66 S   0.29280 0.24085 0.18321 0.12894 0.08256 0.04621 0.02051 0.00491 ( 1)  0.064
  67 L   0.35906 0.26897 0.17939 0.10659 0.05500 0.02323 0.00693 0.00083 ( 1)  0.047
  68 E   0.06480 0.20733 0.25867 0.22301 0.14661 0.07262 0.02395 0.00300 ( 3)  0.091
  69 D   0.00000 0.00129 0.01576 0.06827 0.16860 0.27694 0.30393 0.16521 ( 7)  0.272
  70 W   0.21846 0.19736 0.17107 0.14220 0.11225 0.08221 0.05277 0.02368 ( 1)  0.095
  71 L   0.00000 0.00028 0.00410 0.02236 0.07372 0.17528 0.31884 0.40542 ( 8)  0.353
  72 E   0.00000 0.00000 0.00010 0.00202 0.01722 0.08519 0.28076 0.61471 ( 8)  0.414
  73 N   0.40664 0.28206 0.16909 0.08776 0.03826 0.01305 0.00292 0.00022 ( 1)  0.039
  74 R   0.02462 0.09602 0.15762 0.19236 0.19498 0.16742 0.11635 0.05062 ( 5)  0.159
  75 D   0.06607 0.21103 0.26202 0.22364 0.14429 0.06913 0.02146 0.00236 ( 3)  0.089
  76 D   0.03882 0.14002 0.20617 0.21901 0.18644 0.12785 0.06511 0.01657 ( 4)  0.123
  77 A   0.00000 0.00132 0.01621 0.07044 0.17377 0.28284 0.30253 0.15289 ( 7)  0.268
  78 R   0.37587 0.27426 0.17636 0.10004 0.04871 0.01910 0.00515 0.00052 ( 1)  0.044
  79 T   0.00000 0.00063 0.00850 0.04145 0.11852 0.23400 0.32850 0.26841 ( 7)  0.310
  80 R   0.05119 0.17452 0.23721 0.22703 0.16891 0.09685 0.03817 0.00612 ( 3)  0.104
  81 S   0.39502 0.27977 0.17241 0.09245 0.04182 0.01483 0.00344 0.00026 ( 1)  0.040
  82 V   0.39193 0.27824 0.17246 0.09357 0.04329 0.01603 0.00408 0.00040 ( 1)  0.041
  83 L   0.03216 0.12006 0.18551 0.20958 0.19283 0.14623 0.08570 0.02793 ( 4)  0.138
  84 Y   0.00000 0.00000 0.00002 0.00059 0.00628 0.04117 0.19625 0.75569 ( 8)  0.445
  85 T   0.00000 0.00001 0.00033 0.00330 0.01849 0.07363 0.23646 0.66778 ( 8)  0.424
  86 Q   0.32955 0.25798 0.18295 0.11753 0.06688 0.03200 0.01133 0.00179 ( 1)  0.053
  87 Y   0.04547 0.15891 0.22380 0.22442 0.17747 0.11057 0.04931 0.01005 ( 4)  0.112
  88 I   0.00011 0.00800 0.04767 0.12735 0.21744 0.26474 0.22774 0.10696 ( 6)  0.232
  89 A   0.00126 0.02218 0.07325 0.14187 0.20386 0.23306 0.20845 0.11606 ( 6)  0.224
  90 L   0.30488 0.24658 0.18324 0.12525 0.07738 0.04145 0.01738 0.00384 ( 1)  0.060
  91 E   0.06375 0.20509 0.25764 0.22380 0.14822 0.07392 0.02450 0.00309 ( 3)  0.092
  92 L   0.32221 0.25437 0.18278 0.11970 0.07008 0.03502 0.01334 0.00249 ( 1)  0.056
  93 D   0.00005 0.00413 0.02830 0.08852 0.17966 0.26370 0.27719 0.15844 ( 7)  0.262
  94 F   0.04749 0.16452 0.22878 0.22563 0.17459 0.10558 0.04501 0.00839 ( 3)  0.109
  95 L   0.05051 0.17236 0.23483 0.22586 0.16963 0.09905 0.04054 0.00721 ( 3)  0.105
  96 N   0.00000 0.00000 0.00006 0.00103 0.00892 0.05026 0.21218 0.72755 ( 8)  0.439
  97 A   0.00000 0.00000 0.00000 0.00005 0.00107 0.01336 0.11616 0.86937 ( 8)  0.469
  98 M   0.00185 0.03116 0.09699 0.17400 0.22675 0.22820 0.17087 0.07018 ( 6)  0.197
  99 P   0.32052 0.25411 0.18345 0.12061 0.07070 0.03517 0.01315 0.00229 ( 1)  0.056
 100 L   0.00303 0.03470 0.10128 0.17779 0.22891 0.22704 0.16503 0.06222 ( 5)  0.192
 101 F   0.37931 0.27526 0.17566 0.09867 0.04746 0.01832 0.00484 0.00047 ( 1)  0.043
 102 A   0.41018 0.28296 0.16825 0.08634 0.03706 0.01236 0.00267 0.00019 ( 1)  0.038
 103 I   0.00180 0.03068 0.09681 0.17551 0.22977 0.23018 0.16909 0.06615 ( 6)  0.196
 104 R   0.00000 0.00033 0.00482 0.02583 0.08302 0.19014 0.32616 0.36970 ( 8)  0.343
 105 N   0.00006 0.00452 0.02959 0.08894 0.17539 0.25469 0.27335 0.17345 ( 7)  0.265
 106 Q   0.00119 0.02123 0.07116 0.13996 0.20403 0.23581 0.21147 0.11515 ( 6)  0.225
 107 E   0.05515 0.18384 0.24281 0.22510 0.16210 0.09026 0.03496 0.00578 ( 3)  0.101
 108 V   0.39846 0.27978 0.17082 0.09097 0.04115 0.01483 0.00365 0.00034 ( 1)  0.040
 109 P   0.04140 0.14800 0.21482 0.22336 0.18414 0.12015 0.05625 0.01188 ( 4)  0.117
 110 L   0.31352 0.25061 0.18320 0.12259 0.07371 0.03810 0.01520 0.00307 ( 1)  0.058
 111 L   0.31148 0.24969 0.18325 0.12325 0.07457 0.03886 0.01567 0.00323 ( 1)  0.058
 112 M   0.00000 0.00003 0.00085 0.00785 0.03898 0.12987 0.31454 0.50787 ( 8)  0.386
 113 V   0.05661 0.18828 0.24726 0.22659 0.15980 0.08581 0.03116 0.00449 ( 3)  0.098
 114 Y   0.35306 0.26657 0.17994 0.10874 0.05748 0.02516 0.00797 0.00108 ( 1)  0.048
 115 A   0.00187 0.03158 0.09822 0.17586 0.22824 0.22803 0.16858 0.06762 ( 5)  0.196
 116 Q   0.31630 0.25220 0.18356 0.12197 0.07249 0.03675 0.01413 0.00260 ( 1)  0.057
 117 A   0.38385 0.27655 0.17471 0.09687 0.04584 0.01732 0.00444 0.00041 ( 1)  0.042
 118 A   0.04605 0.16047 0.22511 0.22468 0.17669 0.10928 0.04818 0.00955 ( 3)  0.111
 119 N   0.40015 0.28031 0.17055 0.09035 0.04053 0.01439 0.00343 0.00029 ( 1)  0.040
 120 L   0.02710 0.10402 0.16711 0.19855 0.19481 0.16063 0.10576 0.04202 ( 4)  0.152
 121 H   0.28582 0.23743 0.18306 0.13102 0.08561 0.04910 0.02242 0.00555 ( 1)  0.066
 122 L   0.26990 0.22866 0.18130 0.13459 0.09224 0.05644 0.02838 0.00848 ( 1)  0.072
 123 L   0.26990 0.22861 0.18122 0.13453 0.09223 0.05648 0.02847 0.00856 ( 1)  0.072
 124 L   0.31124 0.24961 0.18329 0.12334 0.07467 0.03893 0.01570 0.00323 ( 1)  0.058
 125 L   0.29924 0.24398 0.18333 0.12704 0.07979 0.04360 0.01874 0.00427 ( 1)  0.062
 126 R   0.38130 0.27582 0.17524 0.09789 0.04675 0.01788 0.00467 0.00045 ( 1)  0.043
 127 D   0.40784 0.28200 0.16851 0.08728 0.03808 0.01307 0.00298 0.00023 ( 1)  0.039
 128 A   0.32885 0.25719 0.18240 0.11747 0.06732 0.03272 0.01198 0.00208 ( 1)  0.054
 129 S   0.33130 0.25830 0.18234 0.11668 0.06628 0.03180 0.01141 0.00189 ( 1)  0.053
 130 L   0.00012 0.00857 0.05107 0.13592 0.22939 0.27164 0.21885 0.08445 ( 6)  0.222
 131 F   0.05913 0.19451 0.25163 0.22622 0.15572 0.08099 0.02808 0.00371 ( 3)  0.095
 132 G   0.05592 0.18669 0.24640 0.22709 0.16108 0.08688 0.03151 0.00443 ( 3)  0.098
 133 S   0.00000 0.00002 0.00069 0.00787 0.04372 0.15006 0.34370 0.45394 ( 8)  0.373
 134 E   0.00230 0.03775 0.11316 0.19335 0.23682 0.21983 0.14705 0.04973 ( 5)  0.182
 135 F   0.00001 0.00129 0.00985 0.03618 0.09148 0.18201 0.29854 0.38064 ( 8)  0.340
 136 G   0.36979 0.27232 0.17744 0.10240 0.05099 0.02061 0.00581 0.00063 ( 1)  0.045
 137 L   0.01856 0.07857 0.14123 0.18776 0.20469 0.18518 0.13098 0.05304 ( 5)  0.169
 138 T   0.00235 0.03850 0.11485 0.19505 0.23714 0.21826 0.14481 0.04905 ( 5)  0.181
 139 S   0.00000 0.00000 0.00001 0.00026 0.00317 0.02484 0.14920 0.82252 ( 8)  0.459
 140 Q   0.00000 0.00000 0.00007 0.00115 0.00924 0.04951 0.20528 0.73475 ( 8)  0.440
 141 E   0.07023 0.22009 0.26643 0.22067 0.13767 0.06366 0.01914 0.00211 ( 3)  0.086
 142 I   0.40230 0.28104 0.17017 0.08948 0.03968 0.01385 0.00321 0.00026 ( 1)  0.040
 143 Q   0.00112 0.02005 0.06783 0.13504 0.19986 0.23552 0.21691 0.12367 ( 6)  0.230
 144 R   0.00113 0.02035 0.06950 0.13924 0.20604 0.23984 0.21327 0.11064 ( 6)  0.225
 145 Y   0.00247 0.04022 0.11905 0.20003 0.23968 0.21609 0.13873 0.04373 ( 5)  0.177
 146 Y   0.35463 0.26709 0.17969 0.10814 0.05688 0.02475 0.00778 0.00105 ( 1)  0.048
 147 E   0.00000 0.00050 0.00689 0.03469 0.10337 0.21581 0.32856 0.31018 ( 7)  0.324
 148 R   0.30609 0.24764 0.18390 0.12533 0.07686 0.04052 0.01640 0.00326 ( 1)  0.060
 149 Q   0.32259 0.25498 0.18331 0.11988 0.06982 0.03447 0.01276 0.00219 ( 1)  0.055
 150 V   0.00002 0.00199 0.01437 0.04906 0.11384 0.20457 0.29637 0.31978 ( 8)  0.320
 151 E   0.00000 0.00001 0.00056 0.00693 0.03991 0.14036 0.33188 0.48034 ( 8)  0.380
 152 R   0.00000 0.00008 0.00144 0.00949 0.03840 0.11491 0.27745 0.55822 ( 8)  0.396
 153 T   0.00006 0.00453 0.02973 0.08953 0.17674 0.25638 0.27346 0.16957 ( 7)  0.264
 154 R   0.00000 0.00000 0.00000 0.00000 0.00002 0.00096 0.02770 0.97131 ( 8)  0.489
 155 D   0.00000 0.00009 0.00241 0.01855 0.07460 0.19430 0.34780 0.36225 ( 8)  0.345
 156 Y   0.35585 0.26755 0.17955 0.10770 0.05639 0.02438 0.00758 0.00099 ( 1)  0.048
 157 S   0.00069 0.01286 0.04638 0.10022 0.16476 0.22296 0.24988 0.20225 ( 7)  0.266
 158 D   0.04387 0.15441 0.21969 0.22334 0.17981 0.11471 0.05284 0.01133 ( 4)  0.115
 159 Y   0.00000 0.00074 0.00982 0.04687 0.13025 0.24726 0.32715 0.23791 ( 7)  0.300
 160 C   0.31683 0.25218 0.18322 0.12159 0.07230 0.03680 0.01433 0.00275 ( 1)  0.057
 161 V   0.00000 0.00000 0.00015 0.00210 0.01483 0.06830 0.23702 0.67760 ( 8)  0.427
 162 E   0.00000 0.00070 0.00931 0.04457 0.12465 0.23984 0.32628 0.25464 ( 7)  0.306
 163 W   0.00041 0.00802 0.03079 0.07206 0.13089 0.20105 0.26765 0.28913 ( 8)  0.301
 164 Y   0.00208 0.03454 0.10559 0.18485 0.23315 0.22442 0.15756 0.05781 ( 5)  0.189
 165 N   0.00000 0.00015 0.00386 0.02754 0.10059 0.23187 0.35237 0.28361 ( 7)  0.321
 166 T   0.33270 0.25878 0.18213 0.11614 0.06573 0.03142 0.01124 0.00187 ( 1)  0.053
 167 G   0.35661 0.26765 0.17925 0.10732 0.05616 0.02433 0.00764 0.00104 ( 1)  0.048
 168 L   0.30530 0.24689 0.18339 0.12523 0.07720 0.04118 0.01712 0.00370 ( 1)  0.060
 169 N   0.00000 0.00154 0.01835 0.07713 0.18314 0.28566 0.29199 0.14218 ( 7)  0.262
 170 S   0.00000 0.00000 0.00017 0.00226 0.01562 0.07149 0.24555 0.66491 ( 8)  0.424
 171 L   0.02308 0.09092 0.15133 0.18792 0.19461 0.17165 0.12359 0.05690 ( 5)  0.165
 172 R   0.00199 0.03328 0.10268 0.18173 0.23210 0.22654 0.16148 0.06020 ( 5)  0.191
 173 G   0.04399 0.15511 0.22094 0.22450 0.18008 0.11377 0.05126 0.01036 ( 4)  0.114
 174 T   0.04504 0.15796 0.22338 0.22496 0.17853 0.11130 0.04924 0.00960 ( 4)  0.112
 175 N   0.00016 0.01106 0.06278 0.15728 0.24679 0.26745 0.19235 0.06213 ( 6)  0.207
 176 A   0.03795 0.13750 0.20370 0.21805 0.18741 0.13012 0.06748 0.01780 ( 4)  0.125
 177 A   0.00000 0.00001 0.00063 0.00755 0.04234 0.14461 0.33179 0.47308 ( 8)  0.378
 178 S   0.00000 0.00115 0.01442 0.06426 0.16352 0.27658 0.31086 0.16921 ( 7)  0.275
 179 W   0.21846 0.19736 0.17107 0.14220 0.11225 0.08221 0.05277 0.02368 ( 1)  0.095
 180 V   0.00150 0.02578 0.08286 0.15506 0.21350 0.23139 0.19305 0.09686 ( 6)  0.213
 181 R   0.00000 0.00004 0.00073 0.00511 0.02285 0.07898 0.23468 0.65760 ( 8)  0.420
 182 Y   0.36627 0.27114 0.17799 0.10374 0.05234 0.02154 0.00625 0.00073 ( 1)  0.046
 183 N   0.06172 0.20036 0.25480 0.22470 0.15156 0.07723 0.02625 0.00338 ( 3)  0.093
 184 Q   0.32955 0.25798 0.18295 0.11753 0.06688 0.03200 0.01133 0.00179 ( 1)  0.053
 185 F   0.29420 0.24185 0.18368 0.12886 0.08199 0.04536 0.01965 0.00441 ( 1)  0.063
 186 R   0.30805 0.24849 0.18380 0.12466 0.07602 0.03982 0.01600 0.00316 ( 1)  0.059
 187 R   0.05805 0.19207 0.25034 0.22700 0.15764 0.08259 0.02865 0.00366 ( 3)  0.096
 188 D   0.04249 0.15071 0.21661 0.22291 0.18201 0.11796 0.05528 0.01202 ( 4)  0.116
 189 L   0.00172 0.03027 0.09843 0.18246 0.24054 0.23613 0.16096 0.04949 ( 5)  0.188
 190 T   0.00270 0.04355 0.12703 0.20923 0.24386 0.21123 0.12724 0.03516 ( 5)  0.171
 191 L   0.00128 0.02253 0.07449 0.14417 0.20640 0.23397 0.20590 0.11126 ( 6)  0.222
 192 G   0.00008 0.00626 0.03953 0.11298 0.20765 0.27230 0.24846 0.11273 ( 6)  0.239
 193 V   0.41584 0.28353 0.16620 0.08407 0.03567 0.01186 0.00262 0.00021 ( 1)  0.038
 194 L   0.30970 0.24893 0.18335 0.12385 0.07533 0.03949 0.01603 0.00333 ( 1)  0.059
 195 D   0.43809 0.28763 0.15975 0.07526 0.02909 0.00852 0.00156 0.00009 ( 1)  0.035
 196 L   0.30164 0.24510 0.18331 0.12629 0.07876 0.04267 0.01814 0.00408 ( 1)  0.061
 197 V   0.03466 0.12753 0.19316 0.21295 0.19028 0.13931 0.07815 0.02395 ( 4)  0.132
 198 A   0.00345 0.05350 0.14833 0.22913 0.24670 0.19351 0.10230 0.02309 ( 5)  0.157
 199 L   0.03092 0.11644 0.18188 0.20814 0.19428 0.14964 0.08916 0.02954 ( 4)  0.140
 200 F   0.32331 0.25496 0.18288 0.11943 0.06960 0.03452 0.01296 0.00233 ( 1)  0.055
 201 P   0.04484 0.15772 0.22377 0.22588 0.17925 0.11119 0.04840 0.00895 ( 4)  0.112
 202 S   0.02107 0.08432 0.14338 0.18268 0.19489 0.17774 0.13275 0.06317 ( 5)  0.171


lnL = -4527.822739

