Supplemental results for CODEML (seqf: algn  treef: tree)


dN/dS (w) for site classes (K=9)

p:   0.09890  0.09890  0.09890  0.09890  0.09890  0.09890  0.09890  0.09890  0.20882
w:   0.01191  0.04263  0.07969  0.12384  0.17740  0.24519  0.33893  0.50511  1.93254

Naive Empirical Bayes (NEB) probabilities for 9 classes & postmean_w & P(w>1)
(amino acids refer to 1st sequence: BT_Cry30Aa1)

   1 -   0.10318 0.10292 0.10261 0.10224 0.10178 0.10122 0.10044 0.09908 0.18652 ( 9)  0.514  0.187
   2 -   0.09954 0.09951 0.09946 0.09941 0.09934 0.09926 0.09915 0.09895 0.20537 ( 9)  0.548  0.205
   3 -   0.10288 0.10264 0.10235 0.10200 0.10159 0.10106 0.10034 0.09908 0.18805 ( 9)  0.517  0.188
   4 -   0.10343 0.10316 0.10282 0.10243 0.10195 0.10135 0.10053 0.09910 0.18522 ( 9)  0.512  0.185
   5 R   0.00000 0.00016 0.00120 0.00425 0.01069 0.02283 0.04600 0.10078 0.81409 ( 9)  1.648  0.814
   6 I   0.06488 0.14787 0.17074 0.16288 0.14392 0.12270 0.10097 0.07426 0.01178 ( 3)  0.191  0.012
   7 T   0.05996 0.13935 0.16430 0.16000 0.14433 0.12613 0.10768 0.08441 0.01383 ( 3)  0.202  0.014
   8 Q   0.32630 0.24230 0.17109 0.11490 0.07266 0.04236 0.02169 0.00826 0.00044 ( 1)  0.078  0.000
   9 I   0.07095 0.15551 0.17326 0.16097 0.14025 0.11923 0.09847 0.07249 0.00886 ( 3)  0.182  0.009
  10 P   0.30238 0.23142 0.16996 0.12006 0.08107 0.05151 0.02962 0.01325 0.00073 ( 1)  0.087  0.001
  11 A   0.38712 0.25164 0.15594 0.09355 0.05472 0.03130 0.01726 0.00816 0.00030 ( 1)  0.067  0.000
  12 V   0.34886 0.24377 0.16312 0.10549 0.06596 0.03962 0.02231 0.01041 0.00047 ( 1)  0.076  0.000
  13 K   0.41127 0.25302 0.14950 0.08672 0.04978 0.02811 0.01504 0.00644 0.00013 ( 1)  0.063  0.000
  14 A   0.00007 0.00253 0.01333 0.03874 0.08384 0.15139 0.24006 0.33645 0.13360 ( 8)  0.567  0.134
  15 Y   0.00000 0.00000 0.00001 0.00012 0.00062 0.00235 0.00780 0.02856 0.96053 ( 9)  1.874  0.961
  16 S   0.00000 0.00000 0.00000 0.00002 0.00015 0.00066 0.00265 0.01236 0.98416 ( 9)  1.909  0.984
  17 L   0.28288 0.21768 0.16270 0.11902 0.08531 0.05970 0.04025 0.02450 0.00796 ( 1)  0.112  0.008
  18 T   0.00000 0.00000 0.00000 0.00004 0.00025 0.00111 0.00441 0.02015 0.97405 ( 9)  1.894  0.974
  19 S   0.00016 0.00537 0.02461 0.06152 0.11337 0.17272 0.22883 0.26348 0.12995 ( 8)  0.534  0.130
  20 P   0.00013 0.00272 0.01163 0.02958 0.05823 0.09927 0.15683 0.24645 0.39515 ( 9)  0.981  0.395
  21 -   0.00003 0.00040 0.00137 0.00327 0.00659 0.01229 0.02273 0.04768 0.90564 ( 9)  1.787  0.906
  22 -   0.00409 0.01437 0.02632 0.03990 0.05548 0.07388 0.09707 0.13249 0.55640 ( 9)  1.211  0.556
  23 -   0.00455 0.01596 0.02916 0.04410 0.06113 0.08106 0.10583 0.14269 0.51551 ( 9)  1.143  0.516
  24 -   0.00001 0.00009 0.00033 0.00085 0.00187 0.00386 0.00809 0.02051 0.96439 ( 9)  1.878  0.964
  25 -   0.09890 0.09890 0.09890 0.09890 0.09890 0.09890 0.09890 0.09890 0.20882 ( 9)  0.554  0.209
  26 A   0.00480 0.04140 0.09287 0.13868 0.16933 0.18287 0.17996 0.15596 0.03413 ( 6)  0.307  0.034
  27 R   0.00000 0.00021 0.00259 0.01308 0.04214 0.10321 0.21030 0.37619 0.25227 ( 8)  0.783  0.252
  28 V   0.37997 0.25033 0.15738 0.09576 0.05674 0.03278 0.01818 0.00856 0.00029 ( 1)  0.069  0.000
  29 I   0.40776 0.24796 0.14650 0.08670 0.05209 0.03155 0.01845 0.00878 0.00021 ( 1)  0.066  0.000
  30 V   0.00010 0.00291 0.01158 0.02617 0.04620 0.07288 0.11125 0.18019 0.54872 ( 9)  1.219  0.549
  31 G   0.31353 0.23498 0.16895 0.11687 0.07728 0.04810 0.02715 0.01211 0.00102 ( 1)  0.084  0.001
  32 P   0.16328 0.15462 0.14478 0.13390 0.12182 0.10811 0.09171 0.06862 0.01316 ( 1)  0.176  0.013
  33 G   0.00043 0.01258 0.04896 0.10325 0.15963 0.20288 0.22206 0.20413 0.04608 ( 7)  0.363  0.046
  34 H   0.07228 0.17077 0.19877 0.18298 0.14767 0.10844 0.07288 0.04174 0.00447 ( 3)  0.154  0.004
  35 T   0.37495 0.24306 0.15293 0.09554 0.05994 0.03774 0.02319 0.01212 0.00052 ( 1)  0.074  0.001
  36 G   0.36204 0.25141 0.16501 0.10283 0.06059 0.03345 0.01699 0.00727 0.00041 ( 1)  0.070  0.000
  37 G   0.30368 0.23189 0.17005 0.11997 0.08083 0.05111 0.02907 0.01268 0.00072 ( 1)  0.086  0.001
  38 D   0.01163 0.07568 0.14200 0.17869 0.18396 0.16757 0.13826 0.09570 0.00652 ( 5)  0.218  0.007
  39 L   0.29091 0.22619 0.16935 0.12237 0.08482 0.05559 0.03327 0.01595 0.00155 ( 1)  0.093  0.002
  40 V   0.06895 0.16268 0.19110 0.17998 0.15072 0.11606 0.08158 0.04662 0.00231 ( 3)  0.156  0.002
  41 A   0.00010 0.00387 0.01967 0.05461 0.11134 0.18589 0.26453 0.30970 0.05029 ( 8)  0.417  0.050
  42 L   0.06753 0.16568 0.19995 0.18950 0.15521 0.11285 0.07200 0.03575 0.00152 ( 3)  0.148  0.002
  43 L   0.29058 0.22562 0.16873 0.12185 0.08456 0.05572 0.03386 0.01698 0.00209 ( 1)  0.094  0.002
  44 -   0.13294 0.12944 0.12538 0.12075 0.11542 0.10910 0.10109 0.08870 0.07718 ( 1)  0.307  0.077
  45 -   0.00388 0.01367 0.02508 0.03812 0.05315 0.07102 0.09375 0.12899 0.57234 ( 9)  1.237  0.572
  46 -   0.13147 0.12837 0.12473 0.12056 0.11572 0.10992 0.10245 0.09064 0.07614 ( 1)  0.307  0.076
  47 -   0.11173 0.11085 0.10980 0.10855 0.10707 0.10522 0.10272 0.09846 0.14560 ( 9)  0.439  0.146
  48 -   0.13151 0.12835 0.12466 0.12043 0.11553 0.10967 0.10215 0.09033 0.07738 ( 1)  0.309  0.077
  49 -   0.12650 0.12406 0.12118 0.11786 0.11397 0.10927 0.10314 0.09327 0.09075 ( 1)  0.336  0.091
  50 N   0.34486 0.23477 0.15566 0.10242 0.06748 0.04455 0.02907 0.01734 0.00385 ( 1)  0.088  0.004
  51 S   0.00000 0.00000 0.00000 0.00005 0.00034 0.00157 0.00617 0.02719 0.96467 ( 9)  1.881  0.965
  52 G   0.00000 0.00000 0.00000 0.00000 0.00003 0.00022 0.00127 0.00888 0.98959 ( 9)  1.917  0.990
  53 T   0.00007 0.00202 0.00857 0.02061 0.03868 0.06484 0.10543 0.18381 0.57597 ( 9)  1.268  0.576
  54 Q   0.00000 0.00001 0.00014 0.00094 0.00399 0.01320 0.03823 0.11338 0.83011 ( 9)  1.679  0.830
  55 S   0.00002 0.00087 0.00419 0.01125 0.02293 0.04050 0.06749 0.11925 0.73350 ( 9)  1.516  0.733
  56 G   0.37062 0.25283 0.16323 0.10027 0.05836 0.03185 0.01594 0.00660 0.00031 ( 1)  0.068  0.000
  57 T   0.00000 0.00003 0.00044 0.00275 0.01057 0.03086 0.07683 0.18453 0.69399 ( 9)  1.470  0.694
  58 M   0.07930 0.18353 0.20864 0.18668 0.14512 0.10110 0.06283 0.03138 0.00142 ( 3)  0.139  0.001
  59 Q   0.00255 0.02567 0.06760 0.11742 0.16357 0.19535 0.20286 0.17180 0.05317 ( 7)  0.356  0.053
  60 I   0.02306 0.06949 0.10668 0.13306 0.14894 0.15501 0.15135 0.13430 0.07810 ( 6)  0.363  0.078
  61 Q   0.00015 0.00486 0.02155 0.05219 0.09343 0.13916 0.18334 0.22357 0.28174 ( 9)  0.779  0.282
  62 C   0.00351 0.03325 0.08169 0.13187 0.17061 0.19014 0.18727 0.15787 0.04379 ( 6)  0.329  0.044
  63 K   0.00523 0.04596 0.10483 0.15768 0.19042 0.19699 0.17529 0.11933 0.00427 ( 6)  0.240  0.004
  64 T   0.05274 0.13571 0.17442 0.17936 0.16301 0.13477 0.09994 0.05809 0.00196 ( 4)  0.171  0.002
  65 G   0.00193 0.02051 0.05733 0.10619 0.15837 0.20331 0.22768 0.20604 0.01864 ( 7)  0.314  0.019
  66 S   0.03961 0.10886 0.15006 0.16585 0.16255 0.14629 0.12130 0.08668 0.01881 ( 4)  0.224  0.019
  67 F   0.01339 0.04474 0.07702 0.10851 0.13804 0.16424 0.18470 0.19136 0.07801 ( 8)  0.396  0.078
  68 T   0.18853 0.17292 0.15584 0.13775 0.11869 0.09841 0.07612 0.04858 0.00318 ( 1)  0.141  0.003
  69 G   0.01008 0.03441 0.06075 0.08817 0.11623 0.14460 0.17278 0.19876 0.17422 ( 8)  0.569  0.174
  70 P   0.00000 0.00013 0.00105 0.00400 0.01066 0.02359 0.04829 0.10611 0.80618 ( 9)  1.636  0.806
  71 S   0.00079 0.00895 0.02715 0.05552 0.09338 0.13941 0.19135 0.24388 0.23958 ( 8)  0.711  0.240
  72 R   0.03500 0.10523 0.15551 0.17964 0.17844 0.15634 0.11887 0.06862 0.00236 ( 4)  0.189  0.002
  73 Q   0.00243 0.02304 0.05741 0.09590 0.13194 0.16239 0.18662 0.20374 0.13652 ( 8)  0.511  0.137
  74 Y   0.26621 0.21518 0.16872 0.12848 0.09432 0.06557 0.04128 0.01974 0.00051 ( 1)  0.099  0.001
  75 G   0.03655 0.10399 0.14849 0.16948 0.17017 0.15460 0.12607 0.08351 0.00713 ( 5)  0.204  0.007
  76 L   0.06506 0.14484 0.16443 0.15619 0.13974 0.12281 0.10608 0.08431 0.01655 ( 3)  0.205  0.017
  77 R   0.25388 0.20935 0.16748 0.13006 0.09739 0.06926 0.04513 0.02352 0.00392 ( 1)  0.110  0.004
  78 M   0.00025 0.00793 0.03423 0.08046 0.13896 0.19728 0.24099 0.24786 0.05204 ( 8)  0.393  0.052
  79 R   0.29904 0.23095 0.17097 0.12139 0.08202 0.05183 0.02946 0.01313 0.00121 ( 1)  0.088  0.001
  80 Y   0.36225 0.25009 0.16408 0.10298 0.06157 0.03455 0.01748 0.00678 0.00022 ( 1)  0.070  0.000
  81 A   0.35291 0.24512 0.16287 0.10446 0.06467 0.03838 0.02131 0.00982 0.00046 ( 1)  0.075  0.000
  82 A   0.37943 0.25086 0.15799 0.09606 0.05669 0.03251 0.01784 0.00833 0.00029 ( 1)  0.069  0.000
  83 N   0.10509 0.21856 0.22225 0.17874 0.12641 0.08134 0.04688 0.02047 0.00026 ( 3)  0.120  0.000
  84 S   0.00778 0.06014 0.12085 0.16273 0.18091 0.17905 0.16027 0.11942 0.00885 ( 5)  0.240  0.009
  85 A   0.00412 0.03481 0.07666 0.11287 0.13750 0.15227 0.16280 0.17612 0.14285 ( 8)  0.504  0.143
  86 F   0.00020 0.00687 0.03118 0.07665 0.13753 0.20106 0.24944 0.25316 0.04391 ( 8)  0.383  0.044
  87 T   0.00299 0.02968 0.07668 0.13048 0.17773 0.20676 0.20683 0.16050 0.00835 ( 7)  0.273  0.008
  88 V   0.03079 0.08823 0.12773 0.14924 0.15574 0.15062 0.13635 0.11131 0.04999 ( 5)  0.296  0.050
  89 S   0.09798 0.20656 0.21316 0.17456 0.12723 0.08715 0.05752 0.03406 0.00178 ( 3)  0.133  0.002
  90 L   0.04167 0.11427 0.15663 0.17136 0.16525 0.14521 0.11632 0.07854 0.01075 ( 4)  0.204  0.011
  91 S   0.04764 0.12591 0.16658 0.17625 0.16444 0.13930 0.10631 0.06617 0.00742 ( 4)  0.188  0.007
  92 Y   0.00410 0.03827 0.09256 0.14689 0.18605 0.20085 0.18635 0.13490 0.01002 ( 6)  0.260  0.010
  93 T   0.00000 0.00047 0.00418 0.01691 0.04654 0.10188 0.19213 0.32873 0.30915 ( 8)  0.864  0.309
  94 L   0.00009 0.00324 0.01581 0.04273 0.08642 0.14666 0.22015 0.29581 0.18909 ( 8)  0.647  0.189
  95 L   0.00000 0.00000 0.00000 0.00000 0.00003 0.00013 0.00059 0.00338 0.99587 ( 9)  1.927  0.996
  96 -   0.14596 0.14085 0.13492 0.12819 0.12049 0.11142 0.10002 0.08266 0.03550 ( 1)  0.227  0.036
  97 G   0.24662 0.20416 0.16455 0.12934 0.09868 0.07221 0.04924 0.02802 0.00719 ( 1)  0.121  0.007
  98 Q   0.00000 0.00000 0.00004 0.00035 0.00191 0.00767 0.02645 0.09452 0.86906 ( 9)  1.738  0.869
  99 T   0.00011 0.00400 0.01979 0.05359 0.10702 0.17616 0.24999 0.30000 0.08933 ( 8)  0.479  0.089
 100 R   0.00000 0.00000 0.00000 0.00000 0.00002 0.00012 0.00064 0.00418 0.99503 ( 9)  1.925  0.995
 101 G   0.00051 0.01449 0.05532 0.11403 0.17152 0.21068 0.22025 0.18729 0.02591 ( 7)  0.321  0.026
 102 T   0.00000 0.00031 0.00285 0.01203 0.03470 0.08026 0.16175 0.30399 0.40410 ( 9)  1.017  0.404
 103 S   0.00021 0.00679 0.02987 0.07195 0.12816 0.18889 0.24115 0.26172 0.07127 ( 8)  0.432  0.071
 104 F   0.04534 0.12286 0.16572 0.17771 0.16724 0.14241 0.10890 0.06682 0.00299 ( 4)  0.182  0.003
 105 V   0.00000 0.00000 0.00000 0.00002 0.00010 0.00047 0.00207 0.01114 0.98619 ( 9)  1.912  0.986
 106 T   0.00459 0.04163 0.09793 0.15148 0.18747 0.19832 0.18085 0.12893 0.00881 ( 6)  0.254  0.009
 107 E   0.39752 0.25562 0.15595 0.09140 0.05158 0.02789 0.01408 0.00578 0.00017 ( 1)  0.063  0.000
 108 N   0.00004 0.00132 0.00654 0.01893 0.04303 0.08536 0.15537 0.27186 0.41755 ( 9)  1.028  0.418
 109 T   0.38716 0.24646 0.15186 0.09267 0.05659 0.03450 0.02038 0.01004 0.00033 ( 1)  0.070  0.000
 110 F   0.07179 0.17035 0.19873 0.18280 0.14692 0.10736 0.07240 0.04320 0.00644 ( 3)  0.158  0.006
 111 S   0.00261 0.02449 0.05998 0.09740 0.12843 0.14896 0.15867 0.16087 0.21859 ( 9)  0.635  0.219
 112 R   0.06964 0.16738 0.19890 0.18708 0.15352 0.11290 0.07321 0.03637 0.00100 ( 3)  0.147  0.001
 113 S   0.00000 0.00001 0.00009 0.00054 0.00206 0.00625 0.01740 0.05446 0.91919 ( 9)  1.812  0.919
 114 N   0.06985 0.16794 0.19984 0.18819 0.15432 0.11287 0.07211 0.03433 0.00056 ( 3)  0.145  0.001
 115 N   0.41079 0.25150 0.14853 0.08664 0.05037 0.02900 0.01594 0.00708 0.00015 ( 1)  0.063  0.000
 116 I   0.01547 0.05094 0.08615 0.11886 0.14747 0.17012 0.18352 0.17729 0.05018 ( 7)  0.341  0.050
 117 I   0.18712 0.17194 0.15530 0.13763 0.11896 0.09902 0.07699 0.04958 0.00345 ( 1)  0.142  0.003
 118 P   0.16371 0.15496 0.14503 0.13405 0.12185 0.10802 0.09149 0.06825 0.01262 ( 1)  0.175  0.013
 119 T   0.17277 0.16161 0.14915 0.13560 0.12088 0.10461 0.08582 0.06071 0.00884 ( 1)  0.162  0.009
 120 D   0.43504 0.25930 0.14625 0.07968 0.04236 0.02202 0.01091 0.00437 0.00006 ( 1)  0.057  0.000
 121 L   0.29077 0.22609 0.16929 0.12234 0.08483 0.05563 0.03333 0.01603 0.00170 ( 1)  0.093  0.002
 122 K   0.00963 0.06229 0.12111 0.16129 0.17873 0.17711 0.15936 0.12027 0.01021 ( 5)  0.242  0.010
 123 Y   0.23376 0.19680 0.16210 0.13090 0.10319 0.07851 0.05599 0.03338 0.00536 ( 1)  0.124  0.005
 124 E   0.00417 0.03666 0.08383 0.12713 0.15682 0.17029 0.16864 0.15134 0.10113 ( 6)  0.423  0.101
 125 E   0.05730 0.14191 0.17597 0.17532 0.15528 0.12647 0.09479 0.06081 0.01214 ( 3)  0.187  0.012
 126 F   0.34518 0.24652 0.16739 0.10849 0.06670 0.03825 0.01961 0.00761 0.00026 ( 1)  0.074  0.000
 127 K   0.06158 0.15430 0.19158 0.18806 0.16039 0.12171 0.08068 0.04057 0.00113 ( 3)  0.154  0.001
 128 Y   0.04771 0.12635 0.16748 0.17740 0.16538 0.13942 0.10510 0.06360 0.00755 ( 4)  0.187  0.008
 129 K   0.00449 0.04224 0.10186 0.15930 0.19627 0.20296 0.17639 0.11323 0.00325 ( 6)  0.238  0.003
 130 D   0.00000 0.00002 0.00033 0.00195 0.00739 0.02155 0.05455 0.13759 0.77662 ( 9)  1.596  0.777
 131 Y   0.00295 0.02887 0.07392 0.12513 0.17048 0.20014 0.20544 0.17149 0.02157 ( 7)  0.300  0.022
 132 L   0.00000 0.00000 0.00000 0.00001 0.00011 0.00061 0.00301 0.01727 0.97898 ( 9)  1.902  0.979
 133 Q   0.00227 0.02339 0.06311 0.11281 0.16243 0.20148 0.21827 0.19179 0.02445 ( 7)  0.316  0.024
 134 I   0.37830 0.24341 0.15223 0.09479 0.05939 0.03727 0.02265 0.01151 0.00045 ( 1)  0.073  0.000
 135 I   0.08397 0.18684 0.20571 0.18096 0.14131 0.10126 0.06571 0.03340 0.00084 ( 3)  0.138  0.001
 136 T   0.05378 0.13711 0.17495 0.17889 0.16178 0.13327 0.09899 0.05881 0.00242 ( 4)  0.172  0.002
 137 M   0.00005 0.00232 0.01385 0.04318 0.09596 0.17122 0.25778 0.32279 0.09285 ( 8)  0.495  0.093
 138 T   0.00023 0.00746 0.03280 0.07873 0.13900 0.20134 0.24870 0.25100 0.04074 ( 8)  0.377  0.041
 139 L   0.00000 0.00006 0.00053 0.00225 0.00659 0.01570 0.03353 0.07367 0.86767 ( 9)  1.731  0.868
 140 P   0.00209 0.02218 0.06163 0.11286 0.16539 0.20697 0.22334 0.19021 0.01533 ( 7)  0.301  0.015
 141 A   0.00000 0.00019 0.00190 0.00848 0.02573 0.06202 0.12922 0.25123 0.52121 ( 9)  1.199  0.521
 142 N   0.01013 0.07856 0.15483 0.19789 0.20002 0.17064 0.12276 0.06410 0.00105 ( 5)  0.194  0.001
 143 T   0.05274 0.13571 0.17442 0.17936 0.16301 0.13477 0.09994 0.05809 0.00196 ( 4)  0.171  0.002
 144 I   0.00288 0.02849 0.07366 0.12597 0.17323 0.20462 0.20956 0.16966 0.01193 ( 7)  0.283  0.012
 145 I   0.00301 0.02915 0.07341 0.12206 0.16376 0.19102 0.19902 0.17862 0.03995 ( 7)  0.333  0.040
 146 T   0.00386 0.03673 0.09060 0.14663 0.18893 0.20622 0.19080 0.13192 0.00430 ( 6)  0.251  0.004
 147 I   0.04331 0.11725 0.15952 0.17403 0.16767 0.14664 0.11509 0.07228 0.00421 ( 4)  0.189  0.004
 148 S   0.00000 0.00001 0.00017 0.00092 0.00315 0.00854 0.02118 0.05863 0.90738 ( 9)  1.793  0.907
 149 M   0.00012 0.00334 0.01316 0.02990 0.05416 0.08921 0.14317 0.24013 0.42681 ( 9)  1.031  0.427
 150 Q   0.00000 0.00000 0.00000 0.00000 0.00003 0.00017 0.00084 0.00512 0.99384 ( 9)  1.924  0.994
 151 Q   0.00159 0.01713 0.04872 0.09228 0.14171 0.18928 0.22475 0.22718 0.05736 ( 8)  0.389  0.057
 152 A   0.00000 0.00000 0.00004 0.00028 0.00126 0.00444 0.01405 0.04815 0.93178 ( 9)  1.831  0.932
 153 T   0.00000 0.00006 0.00078 0.00374 0.01140 0.02767 0.06123 0.14552 0.74961 ( 9)  1.552  0.750
 154 G   0.00000 0.00000 0.00004 0.00029 0.00117 0.00374 0.01057 0.03210 0.95209 ( 9)  1.861  0.952
 155 L   0.00000 0.00000 0.00000 0.00000 0.00000 0.00002 0.00014 0.00149 0.99835 ( 9)  1.930  0.998
 156 L   0.00001 0.00023 0.00124 0.00369 0.00833 0.01623 0.02959 0.05771 0.88298 ( 9)  1.752  0.883
 157 N   0.10509 0.21856 0.22225 0.17874 0.12641 0.08134 0.04688 0.02047 0.00026 ( 3)  0.120  0.000
 158 N   0.00000 0.00035 0.00291 0.01126 0.03045 0.06789 0.13715 0.27576 0.47424 ( 9)  1.126  0.474
 159 Q   0.00465 0.04182 0.09754 0.14992 0.18495 0.19588 0.18016 0.13206 0.01300 ( 6)  0.262  0.013
 160 L   0.03247 0.09359 0.13599 0.15878 0.16434 0.15574 0.13526 0.10075 0.02308 ( 5)  0.244  0.023
 161 I   0.40686 0.24752 0.14656 0.08703 0.05248 0.03187 0.01864 0.00884 0.00020 ( 1)  0.066  0.000
 162 I   0.04716 0.12452 0.16516 0.17587 0.16568 0.14195 0.10927 0.06706 0.00332 ( 4)  0.182  0.003
 163 D   0.31879 0.23313 0.16474 0.11329 0.07564 0.04852 0.02904 0.01448 0.00237 ( 1)  0.088  0.002
 164 R   0.08229 0.18672 0.20871 0.18473 0.14323 0.10029 0.06265 0.03045 0.00092 ( 3)  0.137  0.001
 165 I   0.35988 0.23255 0.14804 0.09580 0.06407 0.04430 0.03096 0.01999 0.00441 ( 1)  0.089  0.004
 166 E   0.40098 0.25651 0.15551 0.09046 0.05059 0.02703 0.01343 0.00535 0.00012 ( 1)  0.062  0.000
 167 F   0.05378 0.13842 0.17721 0.18030 0.16073 0.12938 0.09368 0.05628 0.01021 ( 4)  0.183  0.010
 168 Y   0.00304 0.02459 0.05325 0.08058 0.10629 0.13352 0.16628 0.21057 0.22188 ( 9)  0.658  0.222
 169 P   0.30477 0.23247 0.17006 0.11957 0.08028 0.05065 0.02886 0.01271 0.00064 ( 1)  0.086  0.001

Positively selected sites

	Prob(w>1)  mean w

     5 R      0.814         1.648
    15 Y      0.961*        1.874
    16 S      0.984*        1.909
    18 T      0.974*        1.894
    21 -      0.906         1.787
    22 -      0.556         1.211
    23 -      0.516         1.143
    24 -      0.964*        1.878
    30 V      0.549         1.219
    45 -      0.572         1.237
    51 S      0.965*        1.881
    52 G      0.990*        1.917
    53 T      0.576         1.268
    54 Q      0.830         1.679
    55 S      0.733         1.516
    57 T      0.694         1.470
    70 P      0.806         1.636
    95 L      0.996**       1.927
    98 Q      0.869         1.738
   100 R      0.995**       1.925
   105 V      0.986*        1.912
   113 S      0.919         1.812
   130 D      0.777         1.596
   132 L      0.979*        1.902
   139 L      0.868         1.731
   141 A      0.521         1.199
   148 S      0.907         1.793
   150 Q      0.994**       1.924
   152 A      0.932         1.831
   153 T      0.750         1.552
   154 G      0.952*        1.861
   155 L      0.998**       1.930
   156 L      0.883         1.752


lnL = -2296.249681

Bayes Empirical Bayes (BEB) probabilities for 11 classes (class) & postmean_w
(amino acids refer to 1st sequence: BT_Cry30Aa1)

   1 -   0.38146 0.11917 0.08366 0.06483 0.05235 0.04308 0.03570 0.02951 0.02418 0.02173 0.14433 ( 1)  0.540 +-  0.768
   2 -   0.36838 0.11587 0.08191 0.06392 0.05197 0.04307 0.03593 0.02991 0.02467 0.02231 0.16208 ( 1)  0.582 +-  0.807
   3 -   0.38038 0.11890 0.08352 0.06476 0.05233 0.04309 0.03572 0.02955 0.02423 0.02178 0.14575 ( 1)  0.543 +-  0.771
   4 -   0.38236 0.11940 0.08378 0.06490 0.05238 0.04309 0.03568 0.02949 0.02415 0.02169 0.14309 ( 1)  0.537 +-  0.765
   5 R   0.00109 0.00890 0.02136 0.03439 0.04612 0.05535 0.06130 0.06357 0.06216 0.06321 0.58256 (11)  1.600 +-  0.897
   6 I   0.54791 0.16955 0.09485 0.06039 0.04085 0.02834 0.01981 0.01380 0.00952 0.00723 0.00775 ( 1)  0.184 +-  0.243
   7 T   0.52039 0.16859 0.09781 0.06477 0.04557 0.03273 0.02353 0.01675 0.01175 0.00903 0.00910 ( 1)  0.200 +-  0.256
   8 Q   0.83056 0.10879 0.03451 0.01335 0.00596 0.00298 0.00163 0.00095 0.00057 0.00039 0.00030 ( 1)  0.079 +-  0.085
   9 I   0.56536 0.16450 0.09132 0.05837 0.03955 0.02736 0.01899 0.01308 0.00890 0.00665 0.00592 ( 1)  0.176 +-  0.226
  10 P   0.80126 0.11728 0.04220 0.01845 0.00913 0.00493 0.00282 0.00168 0.00103 0.00070 0.00051 ( 1)  0.087 +-  0.103
  11 A   0.86194 0.08727 0.02635 0.01111 0.00566 0.00320 0.00190 0.00115 0.00070 0.00047 0.00024 ( 1)  0.075 +-  0.082
  12 V   0.83606 0.10024 0.03284 0.01411 0.00714 0.00399 0.00236 0.00144 0.00088 0.00060 0.00035 ( 1)  0.080 +-  0.092
  13 K   0.87410 0.08167 0.02414 0.00983 0.00473 0.00250 0.00139 0.00079 0.00045 0.00029 0.00012 ( 1)  0.071 +-  0.073
  14 A   0.01301 0.06068 0.11267 0.13982 0.14306 0.13079 0.11092 0.08883 0.06776 0.05432 0.07814 ( 5)  0.613 +-  0.435
  15 Y   0.00000 0.00038 0.00232 0.00624 0.01165 0.01777 0.02375 0.02885 0.03249 0.03863 0.83792 (11)  2.085 +-  0.745
  16 S   0.00000 0.00009 0.00068 0.00223 0.00485 0.00838 0.01249 0.01675 0.02072 0.02748 0.90632 (11)  2.207 +-  0.656
  17 L   0.75785 0.11945 0.04925 0.02555 0.01522 0.00988 0.00677 0.00476 0.00339 0.00267 0.00521 ( 1)  0.113 +-  0.191
  18 T   0.00000 0.00014 0.00111 0.00361 0.00776 0.01314 0.01900 0.02451 0.02889 0.03560 0.86624 (11)  2.139 +-  0.715
  19 S   0.03000 0.09893 0.14173 0.14610 0.13168 0.11091 0.08960 0.07010 0.05331 0.04372 0.08393 ( 4)  0.582 +-  0.488
  20 P   0.01384 0.04686 0.07884 0.09816 0.10687 0.10730 0.10142 0.09100 0.07766 0.06882 0.20923 (11)  0.864 +-  0.689
  21 -   0.00196 0.00531 0.01007 0.01487 0.01930 0.02307 0.02596 0.02778 0.02841 0.03105 0.81221 (11)  2.042 +-  0.819
  22 -   0.06184 0.05496 0.06126 0.06339 0.06282 0.06037 0.05651 0.05155 0.04577 0.04370 0.43781 (11)  1.273 +-  0.989
  23 -   0.06918 0.06116 0.06774 0.06962 0.06851 0.06533 0.06065 0.05485 0.04826 0.04559 0.38913 (11)  1.171 +-  0.961
  24 -   0.00043 0.00136 0.00299 0.00502 0.00731 0.00969 0.01196 0.01393 0.01539 0.01801 0.91391 (11)  2.233 +-  0.688
  25 -   0.36602 0.11526 0.08158 0.06374 0.05189 0.04305 0.03595 0.02996 0.02475 0.02241 0.16540 ( 1)  0.589 +-  0.813
  26 A   0.20811 0.19263 0.15897 0.12110 0.09094 0.06793 0.05036 0.03689 0.02661 0.02117 0.02528 ( 1)  0.348 +-  0.338
  27 R   0.00121 0.02322 0.07114 0.11403 0.13640 0.13888 0.12766 0.10888 0.08719 0.07159 0.11980 ( 6)  0.729 +-  0.495
  28 V   0.85734 0.08962 0.02751 0.01166 0.00594 0.00334 0.00197 0.00119 0.00072 0.00048 0.00024 ( 1)  0.075 +-  0.084
  29 I   0.86219 0.08387 0.02741 0.01226 0.00632 0.00349 0.00200 0.00117 0.00068 0.00044 0.00018 ( 1)  0.075 +-  0.083
  30 V   0.01573 0.04202 0.06209 0.07499 0.08284 0.08609 0.08497 0.07993 0.07167 0.06694 0.33273 (11)  1.098 +-  0.841
  31 G   0.81085 0.11319 0.03945 0.01693 0.00834 0.00454 0.00265 0.00163 0.00102 0.00072 0.00069 ( 1)  0.085 +-  0.104
  32 P   0.57125 0.15136 0.08994 0.05903 0.04039 0.02819 0.01983 0.01393 0.00972 0.00747 0.00889 ( 1)  0.183 +-  0.251
  33 G   0.07503 0.16637 0.18039 0.15259 0.11930 0.09043 0.06735 0.04939 0.03564 0.02835 0.03515 ( 3)  0.432 +-  0.356
  34 H   0.62701 0.18164 0.08233 0.04240 0.02440 0.01517 0.00988 0.00658 0.00441 0.00329 0.00290 ( 1)  0.137 +-  0.174
  35 T   0.84005 0.09257 0.03214 0.01515 0.00826 0.00484 0.00293 0.00180 0.00110 0.00074 0.00041 ( 1)  0.081 +-  0.098
  36 G   0.85530 0.09474 0.02748 0.01060 0.00505 0.00277 0.00165 0.00102 0.00064 0.00045 0.00030 ( 1)  0.075 +-  0.082
  37 G   0.80301 0.11717 0.04188 0.01809 0.00882 0.00469 0.00266 0.00157 0.00096 0.00065 0.00050 ( 1)  0.086 +-  0.101
  38 D   0.36411 0.22823 0.14499 0.09207 0.06017 0.04000 0.02672 0.01777 0.01172 0.00860 0.00560 ( 1)  0.228 +-  0.230
  39 L   0.78648 0.12099 0.04559 0.02079 0.01073 0.00604 0.00362 0.00226 0.00144 0.00103 0.00103 ( 1)  0.092 +-  0.119
  40 V   0.60735 0.18425 0.08955 0.04823 0.02792 0.01690 0.01049 0.00658 0.00414 0.00289 0.00170 ( 1)  0.140 +-  0.165
  41 A   0.02175 0.09041 0.14952 0.16539 0.15173 0.12543 0.09706 0.07161 0.05083 0.03878 0.03750 ( 4)  0.508 +-  0.333
  42 L   0.62443 0.19326 0.08700 0.04226 0.02236 0.01267 0.00752 0.00458 0.00283 0.00195 0.00112 ( 1)  0.128 +-  0.146
  43 L   0.78395 0.12045 0.04570 0.02121 0.01123 0.00652 0.00403 0.00259 0.00170 0.00124 0.00138 ( 1)  0.095 +-  0.127
  44 -   0.47901 0.13876 0.09042 0.06517 0.04905 0.03769 0.02923 0.02267 0.01747 0.01482 0.05569 ( 1)  0.318 +-  0.513
  45 -   0.05880 0.05254 0.05886 0.06121 0.06096 0.05886 0.05535 0.05072 0.04523 0.04337 0.45411 (11)  1.308 +-  0.994
  46 -   0.47530 0.13880 0.09110 0.06607 0.04998 0.03858 0.03001 0.02333 0.01800 0.01527 0.05357 ( 1)  0.315 +-  0.501
  47 -   0.41132 0.12632 0.08716 0.06639 0.05270 0.04263 0.03472 0.02822 0.02274 0.02010 0.10768 ( 1)  0.452 +-  0.676
  48 -   0.47516 0.13860 0.09089 0.06587 0.04981 0.03844 0.02991 0.02325 0.01795 0.01524 0.05488 ( 1)  0.318 +-  0.507
  49 -   0.45964 0.13609 0.09055 0.06656 0.05101 0.03988 0.03141 0.02471 0.01929 0.01655 0.06430 ( 1)  0.343 +-  0.541
  50 N   0.81043 0.10034 0.03751 0.01885 0.01109 0.00712 0.00479 0.00330 0.00229 0.00175 0.00254 ( 1)  0.095 +-  0.147
  51 S   0.00000 0.00021 0.00171 0.00550 0.01159 0.01925 0.02736 0.03467 0.04013 0.04829 0.81127 (11)  2.033 +-  0.755
  52 G   0.00000 0.00002 0.00025 0.00120 0.00339 0.00704 0.01192 0.01745 0.02289 0.03168 0.90416 (11)  2.200 +-  0.646
  53 T   0.01097 0.03387 0.05499 0.07092 0.08212 0.08820 0.08901 0.08490 0.07669 0.07156 0.33677 (11)  1.115 +-  0.830
  54 Q   0.00007 0.00262 0.01273 0.02964 0.04862 0.06511 0.07629 0.08102 0.07935 0.07872 0.52584 (11)  1.504 +-  0.865
  55 S   0.00504 0.02008 0.03572 0.04721 0.05514 0.05990 0.06162 0.06046 0.05671 0.05614 0.54197 (11)  1.513 +-  0.930
  56 G   0.86086 0.09224 0.02628 0.00998 0.00466 0.00250 0.00146 0.00088 0.00055 0.00037 0.00023 ( 1)  0.073 +-  0.077
  57 T   0.00020 0.00661 0.02669 0.05292 0.07597 0.09122 0.09771 0.09625 0.08834 0.08230 0.38178 (11)  1.231 +-  0.821
  58 M   0.66236 0.18026 0.07574 0.03588 0.01901 0.01090 0.00656 0.00404 0.00251 0.00174 0.00100 ( 1)  0.119 +-  0.139
  59 Q   0.13853 0.18058 0.17586 0.14090 0.10486 0.07595 0.05458 0.03917 0.02810 0.02262 0.03887 ( 2)  0.400 +-  0.391
  60 I   0.29735 0.16820 0.12934 0.09800 0.07449 0.05690 0.04354 0.03320 0.02512 0.02099 0.05288 ( 1)  0.373 +-  0.473
  61 Q   0.02720 0.08436 0.11664 0.11992 0.11125 0.09897 0.08594 0.07296 0.06034 0.05337 0.16907 (11)  0.749 +-  0.664
  62 C   0.17435 0.19302 0.16868 0.12828 0.09466 0.06975 0.05146 0.03784 0.02760 0.02233 0.03202 ( 2)  0.371 +-  0.364
  63 K   0.24851 0.23298 0.18193 0.12416 0.08098 0.05183 0.03282 0.02059 0.01282 0.00897 0.00444 ( 1)  0.265 +-  0.223
  64 T   0.54106 0.19954 0.10856 0.06165 0.03625 0.02178 0.01323 0.00807 0.00491 0.00334 0.00163 ( 1)  0.159 +-  0.174
  65 G   0.11070 0.16606 0.18041 0.15615 0.12170 0.08953 0.06349 0.04380 0.02955 0.02201 0.01661 ( 3)  0.382 +-  0.286
  66 S   0.44861 0.19418 0.11993 0.07667 0.05095 0.03481 0.02417 0.01689 0.01179 0.00918 0.01282 ( 1)  0.222 +-  0.283
  67 F   0.19215 0.14275 0.13457 0.11792 0.09905 0.08073 0.06416 0.04976 0.03764 0.03088 0.05039 ( 1)  0.430 +-  0.430
  68 T   0.63545 0.15256 0.08205 0.04883 0.03036 0.01930 0.01239 0.00796 0.00509 0.00360 0.00241 ( 1)  0.142 +-  0.179
  69 G   0.14638 0.11692 0.11777 0.11007 0.09845 0.08531 0.07197 0.05913 0.04727 0.04065 0.10608 ( 1)  0.567 +-  0.581
  70 P   0.00090 0.00883 0.02258 0.03689 0.04958 0.05947 0.06582 0.06821 0.06660 0.06737 0.55376 (11)  1.544 +-  0.891
  71 S   0.04331 0.08289 0.11268 0.12105 0.11596 0.10384 0.08879 0.07319 0.05838 0.04977 0.15014 (11)  0.714 +-  0.644
  72 R   0.45877 0.22074 0.13259 0.07703 0.04514 0.02694 0.01633 0.00999 0.00613 0.00423 0.00210 ( 1)  0.182 +-  0.186
  73 Q   0.11155 0.13411 0.13491 0.12093 0.10456 0.08852 0.07339 0.05943 0.04687 0.03986 0.08589 ( 3)  0.534 +-  0.519
  74 Y   0.75897 0.13106 0.05406 0.02593 0.01347 0.00735 0.00413 0.00237 0.00137 0.00088 0.00040 ( 1)  0.097 +-  0.114
  75 G   0.44156 0.20523 0.12925 0.08098 0.05154 0.03337 0.02186 0.01439 0.00946 0.00695 0.00540 ( 1)  0.204 +-  0.224
  76 L   0.53052 0.16203 0.09442 0.06329 0.04491 0.03250 0.02355 0.01693 0.01199 0.00931 0.01054 ( 1)  0.201 +-  0.266
  77 R   0.74083 0.13370 0.05705 0.02841 0.01549 0.00901 0.00549 0.00346 0.00223 0.00162 0.00269 ( 1)  0.108 +-  0.159
  78 M   0.04587 0.13034 0.16765 0.15871 0.13344 0.10589 0.08106 0.06029 0.04367 0.03441 0.03867 ( 3)  0.473 +-  0.353
  79 R   0.79957 0.11846 0.04235 0.01829 0.00900 0.00490 0.00288 0.00178 0.00114 0.00082 0.00080 ( 1)  0.088 +-  0.108
  80 Y   0.85411 0.09593 0.02853 0.01092 0.00493 0.00249 0.00137 0.00079 0.00046 0.00031 0.00017 ( 1)  0.074 +-  0.076
  81 A   0.83997 0.09887 0.03182 0.01347 0.00676 0.00376 0.00223 0.00136 0.00084 0.00057 0.00035 ( 1)  0.079 +-  0.090
  82 A   0.85826 0.08962 0.02723 0.01141 0.00577 0.00324 0.00191 0.00115 0.00070 0.00047 0.00023 ( 1)  0.075 +-  0.083
  83 N   0.73275 0.15711 0.05813 0.02545 0.01247 0.00654 0.00356 0.00198 0.00111 0.00069 0.00022 ( 1)  0.099 +-  0.107
  84 S   0.29870 0.21821 0.15718 0.10846 0.07442 0.05086 0.03453 0.02319 0.01538 0.01134 0.00773 ( 1)  0.263 +-  0.249
  85 A   0.16327 0.14788 0.12574 0.10504 0.08981 0.07724 0.06566 0.05455 0.04404 0.03820 0.08858 ( 1)  0.513 +-  0.541
  86 F   0.04056 0.12760 0.17220 0.16538 0.13827 0.10796 0.08095 0.05891 0.04179 0.03238 0.03399 ( 3)  0.466 +-  0.337
  87 T   0.16463 0.20373 0.19070 0.14677 0.10402 0.07071 0.04689 0.03054 0.01961 0.01407 0.00833 ( 2)  0.321 +-  0.250
  88 V   0.36982 0.18102 0.12449 0.08726 0.06289 0.04626 0.03440 0.02563 0.01901 0.01562 0.03360 ( 1)  0.301 +-  0.399
  89 S   0.69915 0.15607 0.06287 0.03193 0.01878 0.01184 0.00767 0.00498 0.00320 0.00226 0.00126 ( 1)  0.116 +-  0.145
  90 L   0.47053 0.19932 0.11897 0.07333 0.04707 0.03115 0.02098 0.01422 0.00964 0.00728 0.00753 ( 1)  0.200 +-  0.241
  91 S   0.50929 0.20011 0.11307 0.06620 0.04043 0.02558 0.01660 0.01093 0.00725 0.00540 0.00514 ( 1)  0.179 +-  0.214
  92 Y   0.20931 0.22184 0.18524 0.13199 0.08928 0.05932 0.03914 0.02570 0.01680 0.01236 0.00902 ( 2)  0.295 +-  0.253
  93 T   0.00264 0.02916 0.07408 0.10996 0.12750 0.12867 0.11868 0.10235 0.08336 0.07007 0.15355 (11)  0.782 +-  0.578
  94 L   0.01710 0.06764 0.11396 0.13380 0.13302 0.12032 0.10228 0.08294 0.06459 0.05331 0.11105 ( 4)  0.663 +-  0.534
  95 L   0.00000 0.00001 0.00011 0.00039 0.00096 0.00185 0.00304 0.00445 0.00592 0.00811 0.97517 (11)  2.339 +-  0.572
  96 -   0.52098 0.14647 0.09244 0.06442 0.04679 0.03466 0.02585 0.01925 0.01423 0.01157 0.02333 ( 1)  0.234 +-  0.351
  97 G   0.72408 0.13410 0.05959 0.03115 0.01791 0.01098 0.00705 0.00466 0.00314 0.00238 0.00496 ( 1)  0.119 +-  0.194
  98 Q   0.00001 0.00116 0.00769 0.02141 0.03959 0.05776 0.07207 0.08016 0.08118 0.08229 0.55669 (11)  1.567 +-  0.857
  99 T   0.02209 0.08716 0.14078 0.15551 0.14452 0.12209 0.09708 0.07385 0.05417 0.04264 0.06012 ( 4)  0.552 +-  0.413
 100 R   0.00000 0.00001 0.00011 0.00047 0.00127 0.00261 0.00446 0.00668 0.00903 0.01271 0.96265 (11)  2.315 +-  0.589
 101 G   0.08910 0.18699 0.19276 0.15531 0.11588 0.08398 0.05992 0.04218 0.02930 0.02262 0.02195 ( 3)  0.389 +-  0.307
 102 T   0.00175 0.02141 0.05911 0.09411 0.11570 0.12259 0.11775 0.10507 0.08804 0.07552 0.19895 (11)  0.876 +-  0.649
 103 S   0.03845 0.11569 0.15736 0.15598 0.13569 0.11037 0.08606 0.06497 0.04766 0.03788 0.04990 ( 3)  0.506 +-  0.389
 104 F   0.50369 0.20431 0.11648 0.06831 0.04147 0.02579 0.01624 0.01026 0.00646 0.00453 0.00246 ( 1)  0.174 +-  0.190
 105 V   0.00000 0.00006 0.00049 0.00175 0.00416 0.00774 0.01216 0.01689 0.02131 0.02834 0.90712 (11)  2.210 +-  0.658
 106 T   0.22565 0.22560 0.18243 0.12774 0.08555 0.05648 0.03707 0.02421 0.01573 0.01150 0.00804 ( 1)  0.285 +-  0.248
 107 E   0.87427 0.08409 0.02344 0.00899 0.00420 0.00220 0.00124 0.00072 0.00043 0.00028 0.00014 ( 1)  0.071 +-  0.071
 108 N   0.00668 0.03081 0.06537 0.09402 0.11021 0.11407 0.10848 0.09668 0.08146 0.07089 0.22134 (11)  0.906 +-  0.699
 109 T   0.85174 0.08905 0.02949 0.01333 0.00701 0.00398 0.00234 0.00140 0.00084 0.00055 0.00027 ( 1)  0.078 +-  0.089
 110 F   0.62419 0.18068 0.08128 0.04207 0.02475 0.01590 0.01072 0.00738 0.00510 0.00391 0.00403 ( 1)  0.141 +-  0.188
 111 S   0.12360 0.14019 0.12953 0.10731 0.08814 0.07332 0.06155 0.05160 0.04276 0.03862 0.14337 (11)  0.628 +-  0.672
 112 R   0.62713 0.19038 0.08695 0.04295 0.02281 0.01278 0.00742 0.00440 0.00263 0.00176 0.00080 ( 1)  0.127 +-  0.142
 113 S   0.00005 0.00153 0.00647 0.01454 0.02452 0.03484 0.04397 0.05057 0.05384 0.05930 0.71038 (11)  1.845 +-  0.834
 114 N   0.63043 0.19186 0.08704 0.04229 0.02192 0.01192 0.00668 0.00380 0.00218 0.00139 0.00049 ( 1)  0.124 +-  0.135
 115 N   0.87086 0.08227 0.02501 0.01048 0.00516 0.00278 0.00156 0.00090 0.00052 0.00033 0.00013 ( 1)  0.072 +-  0.076
 116 I   0.22191 0.15696 0.14135 0.11853 0.09546 0.07475 0.05718 0.04279 0.03132 0.02503 0.03473 ( 1)  0.379 +-  0.382
 117 I   0.63217 0.15264 0.08256 0.04941 0.03089 0.01974 0.01273 0.00822 0.00529 0.00375 0.00260 ( 1)  0.144 +-  0.182
 118 P   0.57253 0.15149 0.08988 0.05889 0.04023 0.02802 0.01967 0.01379 0.00960 0.00736 0.00854 ( 1)  0.182 +-  0.248
 119 T   0.59616 0.15218 0.08715 0.05520 0.03651 0.02467 0.01683 0.01149 0.00780 0.00585 0.00616 ( 1)  0.167 +-  0.225
 120 D   0.89406 0.07286 0.01899 0.00715 0.00330 0.00169 0.00092 0.00051 0.00029 0.00018 0.00006 ( 1)  0.067 +-  0.062
 121 L   0.78613 0.12098 0.04562 0.02084 0.01077 0.00608 0.00365 0.00229 0.00146 0.00105 0.00113 ( 1)  0.093 +-  0.121
 122 K   0.30381 0.21436 0.15449 0.10723 0.07412 0.05108 0.03497 0.02369 0.01585 0.01178 0.00863 ( 1)  0.265 +-  0.256
 123 Y   0.70305 0.13805 0.06500 0.03561 0.02112 0.01315 0.00845 0.00552 0.00364 0.00268 0.00373 ( 1)  0.124 +-  0.183
 124 E   0.18465 0.17795 0.14840 0.11388 0.08704 0.06713 0.05208 0.04037 0.03109 0.02647 0.07093 ( 1)  0.448 +-  0.516
 125 E   0.54825 0.18829 0.09974 0.05747 0.03560 0.02323 0.01567 0.01075 0.00742 0.00573 0.00785 ( 1)  0.174 +-  0.237
 126 F   0.84294 0.10185 0.03138 0.01217 0.00550 0.00277 0.00151 0.00086 0.00050 0.00033 0.00019 ( 1)  0.076 +-  0.080
 127 K   0.59688 0.19923 0.09572 0.04832 0.02588 0.01456 0.00847 0.00502 0.00300 0.00201 0.00092 ( 1)  0.135 +-  0.149
 128 Y   0.51253 0.20192 0.11341 0.06551 0.03934 0.02448 0.01567 0.01023 0.00675 0.00503 0.00514 ( 1)  0.176 +-  0.213
 129 K   0.23687 0.24351 0.19131 0.12715 0.08006 0.04950 0.03039 0.01858 0.01131 0.00779 0.00355 ( 2)  0.260 +-  0.213
 130 D   0.00016 0.00492 0.01976 0.03996 0.05908 0.07330 0.08115 0.08260 0.07836 0.07595 0.48475 (11)  1.424 +-  0.870
 131 Y   0.15525 0.19021 0.18003 0.14257 0.10532 0.07532 0.05287 0.03659 0.02500 0.01902 0.01781 ( 2)  0.352 +-  0.299
 132 L   0.00000 0.00006 0.00068 0.00278 0.00694 0.01302 0.02026 0.02752 0.03366 0.04270 0.85237 (11)  2.108 +-  0.712
 133 Q   0.12601 0.17455 0.17984 0.15049 0.11499 0.08382 0.05940 0.04124 0.02816 0.02134 0.02018 ( 3)  0.377 +-  0.307
 134 I   0.84234 0.09204 0.03183 0.01482 0.00794 0.00458 0.00274 0.00166 0.00101 0.00068 0.00036 ( 1)  0.080 +-  0.095
 135 I   0.66613 0.17388 0.07572 0.03752 0.02022 0.01145 0.00666 0.00393 0.00232 0.00152 0.00065 ( 1)  0.119 +-  0.136
 136 T   0.54306 0.19761 0.10687 0.06084 0.03619 0.02214 0.01375 0.00857 0.00533 0.00369 0.00195 ( 1)  0.160 +-  0.179
 137 M   0.01304 0.07248 0.13373 0.15675 0.14983 0.12847 0.10311 0.07900 0.05827 0.04593 0.05940 ( 4)  0.563 +-  0.393
 138 T   0.04392 0.13040 0.17309 0.16553 0.13799 0.10726 0.07993 0.05775 0.04067 0.03131 0.03215 ( 3)  0.460 +-  0.333
 139 L   0.00040 0.00505 0.01458 0.02483 0.03348 0.03985 0.04390 0.04570 0.04539 0.04805 0.69878 (11)  1.820 +-  0.872
 140 P   0.12229 0.17888 0.18734 0.15592 0.11710 0.08337 0.05752 0.03883 0.02577 0.01902 0.01396 ( 3)  0.363 +-  0.276
 141 A   0.00118 0.01658 0.04898 0.08072 0.10140 0.10951 0.10744 0.09829 0.08476 0.07518 0.27596 (11)  1.021 +-  0.752
 142 N   0.39812 0.26131 0.15252 0.08348 0.04607 0.02590 0.01479 0.00852 0.00493 0.00323 0.00114 ( 1)  0.187 +-  0.172
 143 T   0.54106 0.19954 0.10856 0.06165 0.03625 0.02178 0.01323 0.00807 0.00491 0.00334 0.00163 ( 1)  0.159 +-  0.174
 144 I   0.15590 0.19503 0.18654 0.14721 0.10702 0.07457 0.05063 0.03371 0.02211 0.01616 0.01113 ( 2)  0.336 +-  0.266
 145 I   0.15144 0.17902 0.16727 0.13486 0.10373 0.07819 0.05810 0.04254 0.03064 0.02433 0.02988 ( 2)  0.386 +-  0.351
 146 T   0.20577 0.22748 0.19361 0.13732 0.09067 0.05795 0.03640 0.02260 0.01392 0.00966 0.00464 ( 2)  0.283 +-  0.224
 147 I   0.48483 0.20361 0.12083 0.07277 0.04485 0.02815 0.01787 0.01139 0.00725 0.00515 0.00331 ( 1)  0.183 +-  0.201
 148 S   0.00011 0.00249 0.00884 0.01765 0.02747 0.03704 0.04520 0.05094 0.05363 0.05877 0.69785 (11)  1.818 +-  0.844
 149 M   0.01666 0.04474 0.07023 0.08922 0.10104 0.10531 0.10261 0.09419 0.08169 0.07292 0.22140 (11)  0.891 +-  0.701
 150 Q   0.00000 0.00001 0.00015 0.00060 0.00155 0.00304 0.00499 0.00720 0.00943 0.01286 0.96016 (11)  2.312 +-  0.595
 151 Q   0.08836 0.14017 0.16137 0.14868 0.12372 0.09735 0.07392 0.05462 0.03945 0.03115 0.04121 ( 3)  0.454 +-  0.380
 152 A   0.00002 0.00080 0.00428 0.01097 0.01968 0.02871 0.03654 0.04208 0.04479 0.04962 0.76253 (11)  1.948 +-  0.812
 153 T   0.00046 0.00846 0.02523 0.04464 0.06309 0.07786 0.08698 0.08954 0.08561 0.08279 0.43534 (11)  1.328 +-  0.849
 154 G   0.00002 0.00072 0.00328 0.00746 0.01236 0.01718 0.02140 0.02462 0.02661 0.03056 0.85580 (11)  2.124 +-  0.748
 155 L   0.00000 0.00000 0.00002 0.00011 0.00039 0.00101 0.00207 0.00355 0.00535 0.00827 0.97924 (11)  2.343 +-  0.559
 156 L   0.00142 0.00714 0.01480 0.02147 0.02670 0.03063 0.03339 0.03500 0.03541 0.03882 0.75522 (11)  1.923 +-  0.850
 157 N   0.73275 0.15711 0.05813 0.02545 0.01247 0.00654 0.00356 0.00198 0.00111 0.00069 0.00022 ( 1)  0.099 +-  0.107
 158 N   0.00195 0.01973 0.05101 0.08175 0.10442 0.11611 0.11701 0.10903 0.09474 0.08331 0.22095 (11)  0.921 +-  0.665
 159 Q   0.22410 0.22091 0.17870 0.12634 0.08596 0.05787 0.03884 0.02598 0.01730 0.01295 0.01105 ( 1)  0.295 +-  0.267
 160 L   0.39725 0.19407 0.12989 0.08703 0.05942 0.04129 0.02902 0.02048 0.01443 0.01133 0.01580 ( 1)  0.248 +-  0.302
 161 I   0.86122 0.08437 0.02769 0.01238 0.00637 0.00351 0.00201 0.00116 0.00067 0.00043 0.00018 ( 1)  0.075 +-  0.083
 162 I   0.50684 0.20164 0.11588 0.06841 0.04157 0.02578 0.01617 0.01018 0.00640 0.00449 0.00264 ( 1)  0.174 +-  0.192
 163 D   0.80571 0.11065 0.04012 0.01834 0.00967 0.00561 0.00348 0.00225 0.00149 0.00110 0.00156 ( 1)  0.090 +-  0.126
 164 R   0.66900 0.17744 0.07496 0.03567 0.01866 0.01040 0.00604 0.00358 0.00214 0.00143 0.00068 ( 1)  0.116 +-  0.132
 165 I   0.80703 0.09563 0.03800 0.02053 0.01272 0.00843 0.00577 0.00400 0.00277 0.00210 0.00302 ( 1)  0.099 +-  0.158
 166 E   0.87728 0.08298 0.02274 0.00857 0.00393 0.00203 0.00112 0.00064 0.00037 0.00024 0.00010 ( 1)  0.070 +-  0.068
 167 F   0.54542 0.19692 0.10306 0.05719 0.03401 0.02146 0.01414 0.00958 0.00658 0.00508 0.00656 ( 1)  0.169 +-  0.222
 168 Y   0.10985 0.10518 0.10706 0.10474 0.09926 0.09091 0.08040 0.06862 0.05643 0.04923 0.12831 (11)  0.634 +-  0.610
 169 P   0.80422 0.11650 0.04149 0.01796 0.00881 0.00471 0.00267 0.00158 0.00096 0.00065 0.00045 ( 1)  0.086 +-  0.100

Positively selected sites

	Prob(w>1)  mean w

     5 R      0.583         1.600 +- 0.897
    15 Y      0.838         2.085 +- 0.745
    16 S      0.906         2.207 +- 0.656
    18 T      0.866         2.139 +- 0.715
    21 -      0.812         2.042 +- 0.819
    24 -      0.914         2.233 +- 0.688
    51 S      0.811         2.033 +- 0.755
    52 G      0.904         2.200 +- 0.646
    54 Q      0.526         1.504 +- 0.865
    55 S      0.542         1.513 +- 0.930
    70 P      0.554         1.544 +- 0.891
    95 L      0.975*        2.339 +- 0.572
    98 Q      0.557         1.567 +- 0.857
   100 R      0.963*        2.315 +- 0.589
   105 V      0.907         2.210 +- 0.658
   113 S      0.710         1.845 +- 0.834
   132 L      0.852         2.108 +- 0.712
   139 L      0.699         1.820 +- 0.872
   148 S      0.698         1.818 +- 0.844
   150 Q      0.960*        2.312 +- 0.595
   152 A      0.763         1.948 +- 0.812
   154 G      0.856         2.124 +- 0.748
   155 L      0.979*        2.343 +- 0.559
   156 L      0.755         1.923 +- 0.850

