Supplemental results for CODEML (seqf: algn  treef: tree)


dN/dS (w) for site classes (K=3)

p:   0.40202  0.13486  0.46313
w:   0.06432  1.00000  1.00000

Naive Empirical Bayes (NEB) probabilities for 3 classes & postmean_w
(amino acids refer to 1st sequence: BT_Cry1Na1)

   1 -   0.56383 0.09836 0.33780 ( 1)  0.472
   2 I   0.01952 0.22112 0.75936 ( 3)  0.982
   3 I   0.99787 0.00048 0.00165 ( 1)  0.066
   4 T   0.94801 0.01172 0.04027 ( 1)  0.113
   5 Q   0.99993 0.00002 0.00005 ( 1)  0.064
   6 I   0.99772 0.00051 0.00177 ( 1)  0.066
   7 P   0.99852 0.00033 0.00115 ( 1)  0.066
   8 L   0.92511 0.01689 0.05800 ( 1)  0.134
   9 V   0.99878 0.00028 0.00095 ( 1)  0.065
  10 K   0.99976 0.00005 0.00019 ( 1)  0.065
  11 A   0.38996 0.13758 0.47246 ( 3)  0.635
  12 Y   0.44477 0.12522 0.43001 ( 1)  0.584
  13 Q   0.00000 0.22552 0.77448 ( 3)  1.000
  14 I   0.78094 0.04940 0.16966 ( 1)  0.269
  15 G   0.00127 0.22524 0.77350 ( 3)  0.999
  16 S   0.00062 0.22538 0.77400 ( 3)  0.999
  17 G   0.89725 0.02317 0.07958 ( 1)  0.160
  18 T   0.63676 0.08192 0.28132 ( 1)  0.404
  19 T   0.26139 0.16657 0.57204 ( 3)  0.755
  20 V   0.98722 0.00288 0.00990 ( 1)  0.076
  21 R   0.70311 0.06696 0.22994 ( 1)  0.342
  22 K   0.01485 0.22217 0.76298 ( 3)  0.986
  23 G   0.99358 0.00145 0.00497 ( 1)  0.070
  24 P   0.99749 0.00057 0.00194 ( 1)  0.067
  25 G   0.99816 0.00042 0.00143 ( 1)  0.066
  26 F   0.07412 0.20881 0.71707 ( 3)  0.931
  27 T   0.99885 0.00026 0.00089 ( 1)  0.065
  28 G   0.99982 0.00004 0.00014 ( 1)  0.064
  29 G   0.99959 0.00009 0.00032 ( 1)  0.065
  30 D   0.99695 0.00069 0.00236 ( 1)  0.067
  31 I   0.85345 0.03305 0.11350 ( 1)  0.201
  32 L   0.93916 0.01372 0.04712 ( 1)  0.121
  33 R   0.00357 0.22472 0.77172 ( 3)  0.997
  34 R   0.40838 0.13342 0.45819 ( 3)  0.618
  35 T   0.00001 0.22552 0.77447 ( 3)  1.000
  36 G   0.00061 0.22538 0.77400 ( 3)  0.999
  37 P   0.05130 0.21395 0.73475 ( 3)  0.952
  38 G   0.99632 0.00083 0.00285 ( 1)  0.068
  39 T   0.01431 0.22229 0.76340 ( 3)  0.987
  40 -   0.42310 0.13010 0.44680 ( 3)  0.604
  41 F   0.04209 0.21603 0.74188 ( 3)  0.961
  42 G   0.91363 0.01948 0.06690 ( 1)  0.145
  43 D   0.00070 0.22536 0.77394 ( 3)  0.999
  44 M   0.84689 0.03453 0.11858 ( 1)  0.208
  45 R   0.00003 0.22552 0.77446 ( 3)  1.000
  46 I   0.01963 0.22109 0.75927 ( 3)  0.982
  47 N   0.00014 0.22549 0.77437 ( 3)  1.000
  48 I   0.07105 0.20950 0.71945 ( 3)  0.934
  49 N   0.22604 0.17454 0.59941 ( 3)  0.788
  50 A   0.00056 0.22539 0.77404 ( 3)  0.999
  51 P   0.36451 0.14332 0.49217 ( 3)  0.659
  52 L   0.00040 0.22543 0.77417 ( 3)  1.000
  53 S   0.00067 0.22537 0.77396 ( 3)  0.999
  54 Q   0.00147 0.22519 0.77334 ( 3)  0.999
  55 -   0.92512 0.01689 0.05800 ( 1)  0.134
  56 -   0.45043 0.12394 0.42563 ( 1)  0.579
  57 -   0.41541 0.13184 0.45275 ( 3)  0.611
  58 -   0.46031 0.12171 0.41798 ( 1)  0.569
  59 R   0.00116 0.22526 0.77358 ( 3)  0.999
  60 Y   0.99802 0.00045 0.00153 ( 1)  0.066
  61 R   0.79869 0.04540 0.15591 ( 1)  0.253
  62 V   0.85225 0.03332 0.11443 ( 1)  0.203
  63 R   0.99833 0.00038 0.00129 ( 1)  0.066
  64 I   0.99487 0.00116 0.00397 ( 1)  0.069
  65 R   0.99966 0.00008 0.00027 ( 1)  0.065
  66 Y   0.99990 0.00002 0.00008 ( 1)  0.064
  67 A   0.99962 0.00008 0.00029 ( 1)  0.065
  68 S   0.00294 0.22486 0.77220 ( 3)  0.997
  69 T   0.42329 0.13006 0.44665 ( 3)  0.604
  70 T   0.10734 0.20131 0.69135 ( 3)  0.900
  71 D   0.00034 0.22544 0.77421 ( 3)  1.000
  72 L   0.60004 0.09020 0.30976 ( 1)  0.439
  73 Q   0.03224 0.21825 0.74951 ( 3)  0.970
  74 F   0.79743 0.04568 0.15688 ( 1)  0.254
  75 V   0.00011 0.22550 0.77440 ( 3)  1.000
  76 T   0.75104 0.05615 0.19282 ( 1)  0.297
  77 S   0.00018 0.22548 0.77434 ( 3)  1.000
  78 I   0.05966 0.21207 0.72827 ( 3)  0.944
  79 -   0.40202 0.13486 0.46313 ( 3)  0.624
  80 N   0.07314 0.20903 0.71783 ( 3)  0.932
  81 G   0.01481 0.22218 0.76301 ( 3)  0.986
  82 T   0.00011 0.22550 0.77439 ( 3)  1.000
  83 T   0.04193 0.21607 0.74201 ( 3)  0.961
  84 I   0.68396 0.07127 0.24476 ( 1)  0.360
  85 N   0.00061 0.22538 0.77400 ( 3)  0.999
  86 I   0.01009 0.22325 0.76667 ( 3)  0.991
  87 G   0.82657 0.03911 0.13432 ( 1)  0.227
  88 N   0.00718 0.22390 0.76892 ( 3)  0.993
  89 F   0.00353 0.22473 0.77175 ( 3)  0.997
  90 P   0.25918 0.16707 0.57375 ( 3)  0.757
  91 K   0.02387 0.22014 0.75599 ( 3)  0.978
  92 T   0.99812 0.00042 0.00145 ( 1)  0.066
  93 I   0.00009 0.22550 0.77441 ( 3)  1.000
  94 N   0.00224 0.22502 0.77274 ( 3)  0.998
  95 N   0.63652 0.08197 0.28151 ( 1)  0.404
  96 L   0.02993 0.21877 0.75130 ( 3)  0.972
  97 -   0.47838 0.11764 0.40398 ( 1)  0.552
  98 -   0.47838 0.11764 0.40398 ( 1)  0.552
  99 -   0.46917 0.11971 0.41111 ( 1)  0.561
 100 -   0.46917 0.11971 0.41111 ( 1)  0.561
 101 -   0.44284 0.12565 0.43151 ( 1)  0.586
 102 N   0.25857 0.16721 0.57422 ( 3)  0.758
 103 T   0.59719 0.09084 0.31197 ( 1)  0.441
 104 L   0.99575 0.00096 0.00329 ( 1)  0.068
 105 G   0.02317 0.22030 0.75654 ( 3)  0.978
 106 S   0.99730 0.00061 0.00209 ( 1)  0.067
 107 E   0.59492 0.09135 0.31373 ( 1)  0.443
 108 G   0.02211 0.22053 0.75736 ( 3)  0.979
 109 Y   0.99898 0.00023 0.00079 ( 1)  0.065
 110 R   0.02529 0.21982 0.75489 ( 3)  0.976
 111 T   0.92696 0.01647 0.05656 ( 1)  0.133
 112 V   0.04711 0.21490 0.73799 ( 3)  0.956
 113 S   0.00552 0.22428 0.77020 ( 3)  0.995
 114 F   0.00806 0.22370 0.76823 ( 3)  0.992
 115 S   0.00068 0.22537 0.77395 ( 3)  0.999
 116 T   0.00276 0.22490 0.77234 ( 3)  0.997
 117 P   0.00055 0.22540 0.77405 ( 3)  0.999
 118 F   0.00241 0.22498 0.77261 ( 3)  0.998
 119 S   0.00136 0.22521 0.77343 ( 3)  0.999
 120 F   0.00003 0.22551 0.77446 ( 3)  1.000
 121 S   0.00003 0.22552 0.77446 ( 3)  1.000
 122 N   0.00039 0.22543 0.77418 ( 3)  1.000
 123 A   0.93413 0.01485 0.05101 ( 1)  0.126
 124 Q   0.34274 0.14823 0.50903 ( 3)  0.679
 125 S   0.00162 0.22516 0.77323 ( 3)  0.998
 126 -   0.30828 0.15600 0.53572 ( 3)  0.712
 127 -   0.04198 0.21605 0.74197 ( 3)  0.961
 128 -   0.00213 0.22504 0.77283 ( 3)  0.998
 129 -   0.05581 0.21293 0.73125 ( 3)  0.948
 130 I   0.00302 0.22484 0.77214 ( 3)  0.997
 131 F   0.01590 0.22194 0.76216 ( 3)  0.985
 132 R   0.00033 0.22545 0.77423 ( 3)  1.000
 133 L   0.83572 0.03705 0.12723 ( 1)  0.218
 134 G   0.00002 0.22552 0.77446 ( 3)  1.000
 135 I   0.01882 0.22128 0.75990 ( 3)  0.982
 136 Q   0.12256 0.19788 0.67956 ( 3)  0.885
 137 A   0.00483 0.22443 0.77074 ( 3)  0.995
 138 F   0.01980 0.22106 0.75915 ( 3)  0.981
 139 S   0.00001 0.22552 0.77447 ( 3)  1.000
 140 G   0.00421 0.22457 0.77122 ( 3)  0.996
 141 V   0.01386 0.22240 0.76374 ( 3)  0.987
 142 Q   0.07360 0.20892 0.71748 ( 3)  0.931
 143 E   0.01095 0.22305 0.76600 ( 3)  0.990
 144 V   0.33402 0.15019 0.51578 ( 3)  0.687
 145 Y   0.00284 0.22488 0.77228 ( 3)  0.997
 146 V   0.98644 0.00306 0.01050 ( 1)  0.077
 147 D   0.99989 0.00003 0.00009 ( 1)  0.064
 148 K   0.97417 0.00583 0.02001 ( 1)  0.088
 149 I   0.99809 0.00043 0.00148 ( 1)  0.066
 150 E   0.99992 0.00002 0.00006 ( 1)  0.064
 151 F   0.99995 0.00001 0.00004 ( 1)  0.064
 152 I   0.07590 0.20840 0.71570 ( 3)  0.929
 153 P   0.99390 0.00138 0.00473 ( 1)  0.070

Positively selected sites

	Prob(w>1)  mean w



lnL = -2670.730418

Bayes Empirical Bayes (BEB) probabilities for 3 classes (class) & postmean_w
(amino acids refer to 1st sequence: BT_Cry1Na1)

   1 -   0.54183 0.43505 0.02311 ( 1)  0.505 +-  0.532
   2 I   0.00818 0.90240 0.08942 ( 2)  1.083 +-  0.447
   3 I   0.99839 0.00156 0.00004 ( 1)  0.052 +-  0.039
   4 T   0.94258 0.05371 0.00371 ( 1)  0.108 +-  0.250
   5 Q   0.99994 0.00006 0.00000 ( 1)  0.050 +-  0.007
   6 I   0.99825 0.00170 0.00005 ( 1)  0.052 +-  0.041
   7 P   0.99864 0.00135 0.00001 ( 1)  0.051 +-  0.035
   8 L   0.89871 0.09818 0.00311 ( 1)  0.148 +-  0.295
   9 V   0.99902 0.00095 0.00003 ( 1)  0.051 +-  0.031
  10 K   0.99981 0.00018 0.00000 ( 1)  0.050 +-  0.013
  11 A   0.26635 0.71107 0.02258 ( 2)  0.760 +-  0.439
  12 Y   0.29830 0.67937 0.02234 ( 2)  0.730 +-  0.457
  13 Q   0.00000 0.67507 0.32493 ( 2)  1.767 +-  1.730
  14 I   0.70394 0.28723 0.00883 ( 1)  0.338 +-  0.459
  15 G   0.00040 0.86651 0.13309 ( 2)  1.170 +-  0.681
  16 S   0.00019 0.92710 0.07271 ( 2)  1.057 +-  0.290
  17 G   0.85961 0.13640 0.00398 ( 1)  0.186 +-  0.339
  18 T   0.51094 0.47623 0.01282 ( 1)  0.522 +-  0.488
  19 T   0.15818 0.81932 0.02249 ( 2)  0.863 +-  0.366
  20 V   0.98683 0.01284 0.00033 ( 1)  0.063 +-  0.111
  21 R   0.66500 0.31989 0.01511 ( 1)  0.379 +-  0.476
  22 K   0.00538 0.95579 0.03882 ( 2)  1.018 +-  0.158
  23 G   0.99296 0.00688 0.00016 ( 1)  0.057 +-  0.081
  24 P   0.99727 0.00267 0.00006 ( 1)  0.053 +-  0.050
  25 G   0.99810 0.00186 0.00004 ( 1)  0.052 +-  0.042
  26 F   0.03399 0.93154 0.03447 ( 2)  0.988 +-  0.218
  27 T   0.99911 0.00087 0.00002 ( 1)  0.051 +-  0.029
  28 G   0.99985 0.00014 0.00000 ( 1)  0.050 +-  0.012
  29 G   0.99965 0.00035 0.00001 ( 1)  0.050 +-  0.018
  30 D   0.99702 0.00289 0.00009 ( 1)  0.053 +-  0.053
  31 I   0.79902 0.19588 0.00510 ( 1)  0.244 +-  0.390
  32 L   0.92067 0.07741 0.00192 ( 1)  0.126 +-  0.262
  33 R   0.00115 0.96281 0.03604 ( 2)  1.021 +-  0.141
  34 R   0.29732 0.68519 0.01750 ( 2)  0.728 +-  0.450
  35 T   0.00000 0.84818 0.15181 ( 2)  1.261 +-  1.017
  36 G   0.00016 0.95933 0.04051 ( 2)  1.024 +-  0.139
  37 P   0.02322 0.94570 0.03108 ( 2)  0.996 +-  0.188
  38 G   0.99617 0.00370 0.00013 ( 1)  0.054 +-  0.061
  39 T   0.00741 0.90376 0.08883 ( 2)  1.092 +-  0.529
  40 -   0.39457 0.56054 0.04489 ( 2)  0.680 +-  0.656
  41 F   0.02534 0.89603 0.07863 ( 2)  1.067 +-  0.549
  42 G   0.91743 0.07842 0.00415 ( 1)  0.132 +-  0.281
  43 D   0.00019 0.92937 0.07044 ( 2)  1.055 +-  0.298
  44 M   0.75582 0.23626 0.00793 ( 1)  0.287 +-  0.421
  45 R   0.00000 0.88600 0.11400 ( 2)  1.128 +-  0.559
  46 I   0.00987 0.90413 0.08600 ( 2)  1.076 +-  0.442
  47 N   0.00003 0.95221 0.04776 ( 2)  1.030 +-  0.171
  48 I   0.03945 0.91541 0.04514 ( 2)  0.992 +-  0.259
  49 N   0.14654 0.79491 0.05855 ( 2)  0.914 +-  0.492
  50 A   0.00015 0.92621 0.07364 ( 2)  1.060 +-  0.312
  51 P   0.24540 0.73150 0.02309 ( 2)  0.780 +-  0.428
  52 L   0.00011 0.94220 0.05769 ( 2)  1.040 +-  0.218
  53 S   0.00020 0.90211 0.09769 ( 2)  1.099 +-  0.465
  54 Q   0.00046 0.95424 0.04530 ( 2)  1.028 +-  0.164
  55 -   0.92272 0.07465 0.00263 ( 1)  0.125 +-  0.267
  56 -   0.42361 0.53816 0.03822 ( 2)  0.637 +-  0.594
  57 -   0.38631 0.56649 0.04720 ( 2)  0.694 +-  0.684
  58 -   0.43395 0.52964 0.03642 ( 2)  0.624 +-  0.584
  59 R   0.00045 0.94765 0.05190 ( 2)  1.034 +-  0.198
  60 Y   0.99791 0.00204 0.00005 ( 1)  0.052 +-  0.044
  61 R   0.72334 0.26946 0.00720 ( 1)  0.317 +-  0.435
  62 V   0.79660 0.19864 0.00476 ( 1)  0.246 +-  0.390
  63 R   0.99853 0.00143 0.00004 ( 1)  0.051 +-  0.037
  64 I   0.99489 0.00499 0.00012 ( 1)  0.055 +-  0.069
  65 R   0.99971 0.00029 0.00001 ( 1)  0.050 +-  0.016
  66 Y   0.99991 0.00009 0.00000 ( 1)  0.050 +-  0.009
  67 A   0.99971 0.00028 0.00001 ( 1)  0.050 +-  0.016
  68 S   0.00115 0.95302 0.04583 ( 2)  1.028 +-  0.174
  69 T   0.30253 0.67146 0.02601 ( 2)  0.729 +-  0.467
  70 T   0.06015 0.90810 0.03175 ( 2)  0.962 +-  0.264
  71 D   0.00009 0.92518 0.07473 ( 2)  1.065 +-  0.351
  72 L   0.45242 0.53254 0.01505 ( 2)  0.579 +-  0.487
  73 Q   0.01378 0.94039 0.04583 ( 2)  1.016 +-  0.205
  74 F   0.70199 0.29101 0.00700 ( 1)  0.337 +-  0.444
  75 V   0.00003 0.89252 0.10746 ( 2)  1.120 +-  0.539
  76 T   0.64347 0.34510 0.01143 ( 1)  0.396 +-  0.472
  77 S   0.00004 0.94024 0.05971 ( 2)  1.042 +-  0.231
  78 I   0.03187 0.92316 0.04497 ( 2)  1.001 +-  0.260
  79 -   0.37170 0.57629 0.05201 ( 2)  0.723 +-  0.749
  80 N   0.03888 0.91176 0.04936 ( 2)  1.001 +-  0.312
  81 G   0.00712 0.87898 0.11390 ( 2)  1.142 +-  0.664
  82 T   0.00003 0.89017 0.10980 ( 2)  1.126 +-  0.569
  83 T   0.02107 0.91261 0.06632 ( 2)  1.042 +-  0.398
  84 I   0.60125 0.38669 0.01206 ( 1)  0.436 +-  0.480
  85 N   0.00018 0.92185 0.07796 ( 2)  1.070 +-  0.383
  86 I   0.00364 0.92496 0.07141 ( 2)  1.056 +-  0.328
  87 G   0.73379 0.26062 0.00559 ( 1)  0.306 +-  0.427
  88 N   0.00306 0.92066 0.07628 ( 2)  1.072 +-  0.427
  89 F   0.00128 0.93700 0.06172 ( 2)  1.045 +-  0.255
  90 P   0.15696 0.81613 0.02690 ( 2)  0.867 +-  0.371
  91 K   0.01084 0.95872 0.03044 ( 2)  1.007 +-  0.151
  92 T   0.99851 0.00145 0.00004 ( 1)  0.051 +-  0.038
  93 I   0.00002 0.88528 0.11470 ( 2)  1.153 +-  0.691
  94 N   0.00070 0.94517 0.05413 ( 2)  1.037 +-  0.213
  95 N   0.49292 0.49622 0.01086 ( 2)  0.538 +-  0.485
  96 L   0.01477 0.90845 0.07678 ( 2)  1.065 +-  0.456
  97 -   0.45272 0.51361 0.03367 ( 2)  0.602 +-  0.575
  98 -   0.45272 0.51361 0.03367 ( 2)  0.602 +-  0.575
  99 -   0.44298 0.52157 0.03545 ( 2)  0.615 +-  0.589
 100 -   0.44298 0.52157 0.03545 ( 2)  0.615 +-  0.589
 101 -   0.41559 0.54453 0.03988 ( 2)  0.648 +-  0.608
 102 N   0.16823 0.80015 0.03162 ( 2)  0.860 +-  0.388
 103 T   0.47095 0.51268 0.01637 ( 2)  0.562 +-  0.492
 104 L   0.99609 0.00378 0.00013 ( 1)  0.054 +-  0.062
 105 G   0.00983 0.95025 0.03992 ( 2)  1.017 +-  0.197
 106 S   0.99705 0.00291 0.00004 ( 1)  0.053 +-  0.052
 107 E   0.41605 0.56862 0.01533 ( 2)  0.614 +-  0.483
 108 G   0.00940 0.93829 0.05231 ( 2)  1.029 +-  0.243
 109 Y   0.99898 0.00100 0.00002 ( 1)  0.051 +-  0.031
 110 R   0.01079 0.95381 0.03540 ( 2)  1.011 +-  0.164
 111 T   0.89793 0.09998 0.00209 ( 1)  0.148 +-  0.293
 112 V   0.02083 0.94924 0.02993 ( 2)  0.997 +-  0.177
 113 S   0.00193 0.94857 0.04950 ( 2)  1.031 +-  0.196
 114 F   0.00314 0.95951 0.03735 ( 2)  1.020 +-  0.151
 115 S   0.00021 0.94277 0.05702 ( 2)  1.038 +-  0.200
 116 T   0.00087 0.95605 0.04308 ( 2)  1.027 +-  0.182
 117 P   0.00016 0.94072 0.05912 ( 2)  1.040 +-  0.211
 118 F   0.00080 0.94837 0.05083 ( 2)  1.032 +-  0.186
 119 S   0.00041 0.91739 0.08220 ( 2)  1.077 +-  0.406
 120 F   0.00001 0.92855 0.07145 ( 2)  1.051 +-  0.249
 121 S   0.00001 0.88674 0.11325 ( 2)  1.118 +-  0.508
 122 N   0.00010 0.93575 0.06415 ( 2)  1.050 +-  0.281
 123 A   0.90898 0.08836 0.00266 ( 1)  0.138 +-  0.281
 124 Q   0.23216 0.73835 0.02948 ( 2)  0.798 +-  0.432
 125 S   0.00054 0.93607 0.06339 ( 2)  1.054 +-  0.320
 126 -   0.25112 0.70205 0.04683 ( 2)  0.808 +-  0.559
 127 -   0.02501 0.90699 0.06799 ( 2)  1.047 +-  0.461
 128 -   0.00091 0.73621 0.26287 ( 2)  1.704 +-  1.785
 129 -   0.03855 0.85860 0.10285 ( 2)  1.113 +-  0.748
 130 I   0.00132 0.93092 0.06777 ( 2)  1.055 +-  0.315
 131 F   0.00719 0.94067 0.05214 ( 2)  1.027 +-  0.207
 132 R   0.00010 0.93873 0.06117 ( 2)  1.044 +-  0.243
 133 L   0.78937 0.20439 0.00624 ( 1)  0.254 +-  0.398
 134 G   0.00000 0.77219 0.22781 ( 2)  1.438 +-  1.272
 135 I   0.00717 0.96400 0.02884 ( 2)  1.010 +-  0.136
 136 Q   0.06017 0.91373 0.02610 ( 2)  0.958 +-  0.251
 137 A   0.00183 0.94224 0.05593 ( 2)  1.039 +-  0.252
 138 F   0.00844 0.94498 0.04658 ( 2)  1.024 +-  0.216
 139 S   0.00000 0.91118 0.08881 ( 2)  1.072 +-  0.324
 140 G   0.00166 0.95252 0.04582 ( 2)  1.028 +-  0.179
 141 V   0.00609 0.93961 0.05429 ( 2)  1.033 +-  0.238
 142 Q   0.03437 0.92783 0.03780 ( 2)  0.991 +-  0.229
 143 E   0.00429 0.95485 0.04086 ( 2)  1.022 +-  0.168
 144 V   0.21432 0.74384 0.04183 ( 2)  0.831 +-  0.472
 145 Y   0.00095 0.91192 0.08712 ( 2)  1.082 +-  0.411
 146 V   0.98641 0.01318 0.00041 ( 1)  0.063 +-  0.113
 147 D   0.99991 0.00008 0.00000 ( 1)  0.050 +-  0.009
 148 K   0.96714 0.03191 0.00095 ( 1)  0.082 +-  0.174
 149 I   0.99857 0.00140 0.00004 ( 1)  0.051 +-  0.037
 150 E   0.99994 0.00006 0.00000 ( 1)  0.050 +-  0.007
 151 F   0.99996 0.00004 0.00000 ( 1)  0.050 +-  0.006
 152 I   0.04598 0.90394 0.05008 ( 2)  0.992 +-  0.297
 153 P   0.99439 0.00533 0.00028 ( 1)  0.056 +-  0.077

Positively selected sites

	Prob(w>1)  mean w


