Supplemental results for CODEML (seqf: algn  treef: tree)


dN/dS (w) for site classes (K=3)

p:   0.55351  0.41374  0.03275
w:   0.09477  1.00000 14.78044

Naive Empirical Bayes (NEB) probabilities for 3 classes & postmean_w & P(w>1)
(amino acids refer to 1st sequence: BT_Cry30Aa1)

   1 -   0.55351 0.41374 0.03275 ( 1)  0.950  0.033
   2 -   0.55351 0.41374 0.03275 ( 1)  0.950  0.033
   3 R   0.97185 0.02815 0.00000 ( 1)  0.120  0.000
   4 I   0.99068 0.00932 0.00000 ( 1)  0.103  0.000
   5 T   0.99157 0.00843 0.00000 ( 1)  0.102  0.000
   6 Q   0.99323 0.00677 0.00000 ( 1)  0.101  0.000
   7 I   0.99297 0.00703 0.00000 ( 1)  0.101  0.000
   8 P   0.99380 0.00620 0.00000 ( 1)  0.100  0.000
   9 A   0.99505 0.00495 0.00000 ( 1)  0.099  0.000
  10 V   0.99478 0.00522 0.00000 ( 1)  0.099  0.000
  11 K   0.99391 0.00609 0.00000 ( 1)  0.100  0.000
  12 A   0.99489 0.00510 0.00000 ( 1)  0.099  0.000
  13 Y   0.00842 0.86500 0.12658 ( 2)  2.737  0.127
  14 S   0.02517 0.96007 0.01476 ( 2)  1.181  0.015
  15 L   0.40382 0.59611 0.00007 ( 2)  0.635  0.000
  16 T   0.06653 0.92588 0.00758 ( 2)  1.044  0.008
  17 S   0.28769 0.71231 0.00000 ( 2)  0.740  0.000
  18 P   0.04183 0.95798 0.00020 ( 2)  0.965  0.000
  19 -   0.36909 0.61458 0.01632 ( 2)  0.891  0.016
  20 -   0.55351 0.41374 0.03275 ( 1)  0.950  0.033
  21 A   0.92859 0.07140 0.00000 ( 1)  0.159  0.000
  22 R   0.46614 0.53385 0.00001 ( 2)  0.578  0.000
  23 V   0.14936 0.85063 0.00001 ( 2)  0.865  0.000
  24 I   0.99078 0.00922 0.00000 ( 1)  0.103  0.000
  25 V   0.01994 0.97906 0.00100 ( 2)  0.996  0.001
  26 G   0.91479 0.08520 0.00001 ( 1)  0.172  0.000
  27 P   0.98842 0.01158 0.00000 ( 1)  0.105  0.000
  28 G   0.98850 0.01150 0.00000 ( 1)  0.105  0.000
  29 H   0.72696 0.27304 0.00000 ( 1)  0.342  0.000
  30 T   0.99012 0.00988 0.00000 ( 1)  0.104  0.000
  31 G   0.99523 0.00477 0.00000 ( 1)  0.099  0.000
  32 G   0.99513 0.00487 0.00000 ( 1)  0.099  0.000
  33 D   0.99727 0.00273 0.00000 ( 1)  0.097  0.000
  34 L   0.98489 0.01511 0.00000 ( 1)  0.108  0.000
  35 V   0.64250 0.35750 0.00000 ( 1)  0.418  0.000
  36 A   0.39387 0.60613 0.00000 ( 2)  0.644  0.000
  37 L   0.98053 0.01947 0.00000 ( 1)  0.112  0.000
  38 L   0.73896 0.26103 0.00001 ( 1)  0.331  0.000
  39 N   0.71434 0.28565 0.00001 ( 1)  0.353  0.000
  40 S   0.00380 0.95888 0.03732 ( 2)  1.511  0.037
  41 G   0.00397 0.99141 0.00462 ( 2)  1.060  0.005
  42 T   0.04670 0.94856 0.00474 ( 2)  1.023  0.005
  43 Q   0.24021 0.75972 0.00008 ( 2)  0.784  0.000
  44 S   0.01109 0.69357 0.29534 ( 2)  5.060  0.295
  45 G   0.99713 0.00287 0.00000 ( 1)  0.097  0.000
  46 T   0.00314 0.99188 0.00498 ( 2)  1.066  0.005
  47 M   0.03728 0.96272 0.00000 ( 2)  0.966  0.000
  48 Q   0.00221 0.99721 0.00058 ( 2)  1.006  0.001
  49 I   0.88643 0.11355 0.00002 ( 1)  0.198  0.000
  50 Q   0.00993 0.99001 0.00005 ( 2)  0.992  0.000
  51 C   0.55241 0.44759 0.00000 ( 1)  0.500  0.000
  52 K   0.27737 0.72262 0.00001 ( 2)  0.749  0.000
  53 T   0.56880 0.43117 0.00003 ( 1)  0.485  0.000
  54 G   0.31283 0.68717 0.00000 ( 2)  0.717  0.000
  55 S   0.92159 0.07841 0.00000 ( 1)  0.166  0.000
  56 F   0.60355 0.39643 0.00002 ( 1)  0.454  0.000
  57 T   0.51388 0.48611 0.00001 ( 1)  0.535  0.000
  58 G   0.03217 0.96782 0.00001 ( 2)  0.971  0.000
  59 P   0.04569 0.95299 0.00132 ( 2)  0.977  0.001
  60 S   0.88054 0.11943 0.00003 ( 1)  0.203  0.000
  61 R   0.89307 0.10693 0.00000 ( 1)  0.192  0.000
  62 Q   0.00534 0.99453 0.00014 ( 2)  0.997  0.000
  63 Y   0.79826 0.20174 0.00000 ( 1)  0.277  0.000
  64 G   0.94400 0.05600 0.00000 ( 1)  0.145  0.000
  65 L   0.16214 0.83768 0.00018 ( 2)  0.856  0.000
  66 R   0.97449 0.02551 0.00000 ( 1)  0.118  0.000
  67 M   0.78824 0.21176 0.00000 ( 1)  0.286  0.000
  68 R   0.99545 0.00455 0.00000 ( 1)  0.099  0.000
  69 Y   0.99561 0.00439 0.00000 ( 1)  0.099  0.000
  70 A   0.99569 0.00431 0.00000 ( 1)  0.099  0.000
  71 A   0.99457 0.00543 0.00000 ( 1)  0.100  0.000
  72 N   0.99204 0.00796 0.00000 ( 1)  0.102  0.000
  73 S   0.10244 0.89750 0.00006 ( 2)  0.908  0.000
  74 A   0.16648 0.83178 0.00175 ( 2)  0.873  0.002
  75 F   0.35936 0.64064 0.00000 ( 2)  0.675  0.000
  76 T   0.62849 0.37151 0.00000 ( 1)  0.431  0.000
  77 V   0.17860 0.82116 0.00024 ( 2)  0.842  0.000
  78 S   0.09349 0.90651 0.00000 ( 2)  0.915  0.000
  79 L   0.79988 0.20011 0.00001 ( 1)  0.276  0.000
  80 S   0.03029 0.96963 0.00008 ( 2)  0.974  0.000
  81 Y   0.26374 0.73626 0.00000 ( 2)  0.761  0.000
  82 T   0.04371 0.94534 0.01095 ( 2)  1.111  0.011
  83 L   0.22827 0.77159 0.00014 ( 2)  0.795  0.000
  84 L   0.00000 0.00819 0.99180 ( 3) 14.668  0.992
  85 -   0.70723 0.29269 0.00009 ( 1)  0.361  0.000
  86 G   0.09943 0.90026 0.00031 ( 2)  0.914  0.000
  87 Q   0.00012 0.92623 0.07365 ( 2)  2.015  0.074
  88 T   0.59078 0.40881 0.00040 ( 1)  0.471  0.000
  89 R   0.00000 0.00230 0.99770 ( 3) 14.749  0.998
  90 G   0.66131 0.33869 0.00000 ( 1)  0.401  0.000
  91 T   0.05203 0.94796 0.00001 ( 2)  0.953  0.000
  92 S   0.92650 0.07350 0.00001 ( 1)  0.161  0.000
  93 F   0.01591 0.98408 0.00001 ( 2)  0.986  0.000
  94 V   0.00133 0.99736 0.00131 ( 2)  1.017  0.001
  95 T   0.39076 0.60923 0.00001 ( 2)  0.646  0.000
  96 E   0.99612 0.00388 0.00000 ( 1)  0.098  0.000
  97 N   0.00004 0.97800 0.02196 ( 2)  1.303  0.022
  98 T   0.97836 0.02164 0.00000 ( 1)  0.114  0.000
  99 F   0.96387 0.03613 0.00000 ( 1)  0.127  0.000
 100 S   0.49502 0.50483 0.00015 ( 2)  0.554  0.000
 101 R   0.90319 0.09681 0.00000 ( 1)  0.182  0.000
 102 S   0.00009 0.99446 0.00545 ( 2)  1.075  0.005
 103 N   0.99638 0.00362 0.00000 ( 1)  0.098  0.000
 104 N   0.93420 0.06580 0.00000 ( 1)  0.154  0.000
 105 I   0.38156 0.61813 0.00031 ( 2)  0.659  0.000
 106 I   0.87157 0.12843 0.00001 ( 1)  0.211  0.000
 107 P   0.79978 0.20022 0.00000 ( 1)  0.276  0.000
 108 T   0.82114 0.17886 0.00000 ( 1)  0.257  0.000
 109 D   0.96976 0.03024 0.00000 ( 1)  0.122  0.000
 110 L   0.96578 0.03422 0.00000 ( 1)  0.126  0.000
 111 K   0.31957 0.68042 0.00001 ( 2)  0.711  0.000
 112 Y   0.87155 0.12839 0.00005 ( 1)  0.212  0.000
 113 E   0.19906 0.80090 0.00004 ( 2)  0.820  0.000
 114 E   0.56988 0.43011 0.00001 ( 1)  0.484  0.000
 115 F   0.99739 0.00261 0.00000 ( 1)  0.097  0.000
 116 K   0.90870 0.09130 0.00000 ( 1)  0.177  0.000
 117 Y   0.99561 0.00439 0.00000 ( 1)  0.099  0.000
 118 K   0.83990 0.16010 0.00000 ( 1)  0.240  0.000
 119 D   0.95249 0.04751 0.00000 ( 1)  0.138  0.000
 120 Y   0.18353 0.81647 0.00000 ( 2)  0.834  0.000
 121 L   0.00001 0.85081 0.14918 ( 2)  3.056  0.149
 122 Q   0.57879 0.42120 0.00000 ( 1)  0.476  0.000
 123 I   0.91275 0.08724 0.00000 ( 1)  0.174  0.000
 124 I   0.75304 0.24695 0.00001 ( 1)  0.318  0.000
 125 T   0.88082 0.11918 0.00000 ( 1)  0.203  0.000
 126 M   0.22703 0.77295 0.00003 ( 2)  0.795  0.000
 127 T   0.82404 0.17596 0.00000 ( 1)  0.254  0.000
 128 L   0.00001 0.92329 0.07670 ( 2)  2.057  0.077
 129 P   0.99344 0.00656 0.00000 ( 1)  0.101  0.000
 130 -   0.27222 0.71359 0.01419 ( 2)  0.949  0.014
 131 A   0.25128 0.74771 0.00101 ( 2)  0.786  0.001
 132 N   0.95555 0.04445 0.00000 ( 1)  0.135  0.000
 133 T   0.15656 0.84343 0.00001 ( 2)  0.858  0.000
 134 I   0.02277 0.97709 0.00014 ( 2)  0.981  0.000
 135 I   0.39929 0.60067 0.00004 ( 2)  0.639  0.000
 136 T   0.97675 0.02325 0.00000 ( 1)  0.116  0.000
 137 I   0.99161 0.00839 0.00000 ( 1)  0.102  0.000
 138 S   0.00396 0.99557 0.00047 ( 2)  1.003  0.000
 139 M   0.02183 0.97680 0.00137 ( 2)  0.999  0.001
 140 Q   0.00049 0.85747 0.14204 ( 2)  2.957  0.142
 141 Q   0.22881 0.77118 0.00001 ( 2)  0.793  0.000
 142 A   0.00124 0.93085 0.06791 ( 2)  1.935  0.068
 143 T   0.00181 0.92496 0.07322 ( 2)  2.007  0.073
 144 G   0.00001 0.05587 0.94412 ( 3) 14.010  0.944
 145 L   0.00000 0.09467 0.90533 ( 3) 13.476  0.905
 146 L   0.00342 0.88844 0.10814 ( 2)  2.487  0.108
 147 N   0.89977 0.10022 0.00000 ( 1)  0.186  0.000
 148 N   0.02537 0.97221 0.00242 ( 2)  1.010  0.002
 149 Q   0.77376 0.22624 0.00000 ( 1)  0.300  0.000
 150 L   0.70135 0.29864 0.00000 ( 1)  0.365  0.000
 151 I   0.99310 0.00690 0.00000 ( 1)  0.101  0.000
 152 I   0.99313 0.00687 0.00000 ( 1)  0.101  0.000
 153 D   0.97671 0.02329 0.00000 ( 1)  0.116  0.000
 154 R   0.85672 0.14328 0.00000 ( 1)  0.224  0.000
 155 I   0.93791 0.06209 0.00000 ( 1)  0.151  0.000
 156 E   0.99661 0.00339 0.00000 ( 1)  0.098  0.000
 157 F   0.87568 0.12432 0.00000 ( 1)  0.207  0.000
 158 Y   0.41778 0.58222 0.00000 ( 2)  0.622  0.000
 159 P   0.97640 0.02360 0.00000 ( 1)  0.116  0.000

Positively selected sites

	Prob(w>1)  mean w

    84 L      0.992**       14.668
    89 R      0.998**       14.749
   144 G      0.944         14.010
   145 L      0.905         13.476


lnL = -2060.617953

Bayes Empirical Bayes (BEB) probabilities for 3 classes (class) & postmean_w
(amino acids refer to 1st sequence: BT_Cry30Aa1)

   1 -   0.59650 0.34691 0.05659 ( 1)  0.845 +-  1.741
   2 -   0.59650 0.34691 0.05659 ( 1)  0.845 +-  1.741
   3 R   0.97383 0.02615 0.00003 ( 1)  0.151 +-  0.147
   4 I   0.99012 0.00988 0.00001 ( 1)  0.136 +-  0.096
   5 T   0.99091 0.00908 0.00001 ( 1)  0.135 +-  0.093
   6 Q   0.99337 0.00662 0.00000 ( 1)  0.133 +-  0.082
   7 I   0.99227 0.00773 0.00001 ( 1)  0.134 +-  0.088
   8 P   0.99368 0.00632 0.00000 ( 1)  0.133 +-  0.081
   9 A   0.99464 0.00536 0.00000 ( 1)  0.132 +-  0.076
  10 V   0.99438 0.00562 0.00000 ( 1)  0.132 +-  0.078
  11 K   0.99356 0.00643 0.00000 ( 1)  0.133 +-  0.082
  12 A   0.99448 0.00551 0.00000 ( 1)  0.132 +-  0.077
  13 Y   0.02381 0.65299 0.32320 ( 2)  3.062 +-  3.264
  14 S   0.06925 0.81099 0.11976 ( 2)  1.573 +-  1.905
  15 L   0.53801 0.45930 0.00269 ( 1)  0.550 +-  0.504
  16 T   0.17677 0.79564 0.02759 ( 2)  1.001 +-  1.060
  17 S   0.44943 0.54966 0.00091 ( 2)  0.618 +-  0.439
  18 P   0.12660 0.86415 0.00925 ( 2)  0.921 +-  0.452
  19 -   0.47095 0.49757 0.03147 ( 2)  0.790 +-  1.294
  20 -   0.59650 0.34691 0.05659 ( 1)  0.845 +-  1.741
  21 A   0.93525 0.06470 0.00005 ( 1)  0.185 +-  0.219
  22 R   0.60436 0.39509 0.00054 ( 1)  0.485 +-  0.427
  23 V   0.26746 0.73031 0.00223 ( 2)  0.777 +-  0.405
  24 I   0.99026 0.00973 0.00001 ( 1)  0.136 +-  0.096
  25 V   0.06772 0.90987 0.02241 ( 2)  1.035 +-  0.732
  26 G   0.92359 0.07627 0.00014 ( 1)  0.196 +-  0.241
  27 P   0.98870 0.01129 0.00000 ( 1)  0.137 +-  0.101
  28 G   0.98875 0.01125 0.00000 ( 1)  0.137 +-  0.101
  29 H   0.77108 0.22886 0.00006 ( 1)  0.335 +-  0.364
  30 T   0.98956 0.01044 0.00001 ( 1)  0.136 +-  0.099
  31 G   0.99518 0.00482 0.00000 ( 1)  0.132 +-  0.074
  32 G   0.99507 0.00493 0.00000 ( 1)  0.132 +-  0.074
  33 D   0.99687 0.00313 0.00000 ( 1)  0.130 +-  0.064
  34 L   0.98560 0.01439 0.00001 ( 1)  0.140 +-  0.112
  35 V   0.70737 0.29244 0.00019 ( 1)  0.391 +-  0.395
  36 A   0.52045 0.47906 0.00049 ( 1)  0.555 +-  0.434
  37 L   0.98125 0.01875 0.00001 ( 1)  0.144 +-  0.126
  38 L   0.77623 0.22263 0.00114 ( 1)  0.328 +-  0.392
  39 N   0.75488 0.24343 0.00170 ( 1)  0.349 +-  0.418
  40 S   0.01402 0.81574 0.17024 ( 2)  1.966 +-  2.353
  41 G   0.01622 0.91232 0.07146 ( 2)  1.315 +-  1.317
  42 T   0.11472 0.84891 0.03637 ( 2)  1.082 +-  1.076
  43 Q   0.35187 0.64018 0.00795 ( 2)  0.726 +-  0.555
  44 S   0.01972 0.44809 0.53219 ( 3)  4.535 +-  3.676
  45 G   0.99694 0.00306 0.00000 ( 1)  0.130 +-  0.064
  46 T   0.01209 0.92099 0.06693 ( 2)  1.305 +-  1.309
  47 M   0.11431 0.87978 0.00591 ( 2)  0.917 +-  0.345
  48 Q   0.01230 0.93952 0.04818 ( 2)  1.185 +-  0.970
  49 I   0.89847 0.10096 0.00057 ( 1)  0.220 +-  0.296
  50 Q   0.05196 0.93793 0.01010 ( 2)  0.988 +-  0.414
  51 C   0.64718 0.35187 0.00095 ( 1)  0.447 +-  0.427
  52 K   0.44562 0.55381 0.00057 ( 2)  0.621 +-  0.432
  53 T   0.65168 0.34774 0.00058 ( 1)  0.441 +-  0.424
  54 G   0.45641 0.54264 0.00095 ( 2)  0.612 +-  0.436
  55 S   0.92933 0.07049 0.00018 ( 1)  0.191 +-  0.237
  56 F   0.67523 0.32401 0.00076 ( 1)  0.421 +-  0.419
  57 T   0.62011 0.37956 0.00033 ( 1)  0.469 +-  0.423
  58 G   0.13416 0.86156 0.00428 ( 2)  0.898 +-  0.359
  59 P   0.11455 0.86370 0.02175 ( 2)  0.994 +-  0.755
  60 S   0.89504 0.10448 0.00048 ( 1)  0.224 +-  0.300
  61 R   0.90646 0.09352 0.00002 ( 1)  0.212 +-  0.256
  62 Q   0.02288 0.94736 0.02975 ( 2)  1.091 +-  0.718
  63 Y   0.82763 0.17220 0.00017 ( 1)  0.282 +-  0.333
  64 G   0.94977 0.05022 0.00001 ( 1)  0.172 +-  0.195
  65 L   0.31481 0.68022 0.00497 ( 2)  0.750 +-  0.505
  66 R   0.97656 0.02341 0.00003 ( 1)  0.148 +-  0.142
  67 M   0.81265 0.18709 0.00026 ( 1)  0.297 +-  0.344
  68 R   0.99549 0.00451 0.00000 ( 1)  0.131 +-  0.072
  69 Y   0.99544 0.00456 0.00000 ( 1)  0.131 +-  0.072
  70 A   0.99526 0.00474 0.00000 ( 1)  0.131 +-  0.073
  71 A   0.99415 0.00585 0.00000 ( 1)  0.132 +-  0.079
  72 N   0.99226 0.00774 0.00000 ( 1)  0.134 +-  0.087
  73 S   0.26712 0.73084 0.00203 ( 2)  0.778 +-  0.410
  74 A   0.32491 0.65787 0.01722 ( 2)  0.803 +-  0.812
  75 F   0.50174 0.49741 0.00085 ( 1)  0.573 +-  0.439
  76 T   0.70508 0.29480 0.00012 ( 1)  0.394 +-  0.395
  77 V   0.31944 0.67302 0.00754 ( 2)  0.758 +-  0.583
  78 S   0.27578 0.72372 0.00050 ( 2)  0.766 +-  0.384
  79 L   0.82797 0.17150 0.00053 ( 1)  0.283 +-  0.346
  80 S   0.09702 0.89157 0.01141 ( 2)  0.954 +-  0.472
  81 Y   0.42121 0.57802 0.00078 ( 2)  0.642 +-  0.429
  82 T   0.10912 0.85310 0.03779 ( 2)  1.103 +-  1.146
  83 L   0.33763 0.65152 0.01085 ( 2)  0.751 +-  0.618
  84 L   0.00002 0.01063 0.98936 ( 3)  7.824 +-  2.131
  85 -   0.74827 0.24931 0.00241 ( 1)  0.359 +-  0.453
  86 G   0.21450 0.77696 0.00854 ( 2)  0.849 +-  0.542
  87 Q   0.00118 0.79908 0.19974 ( 2)  2.206 +-  2.618
  88 T   0.67037 0.32814 0.00149 ( 1)  0.430 +-  0.466
  89 R   0.00000 0.00473 0.99527 ( 3)  7.861 +-  2.073
  90 G   0.72226 0.27745 0.00029 ( 1)  0.378 +-  0.391
  91 T   0.16169 0.83632 0.00199 ( 2)  0.867 +-  0.338
  92 S   0.93379 0.06606 0.00015 ( 1)  0.187 +-  0.229
  93 F   0.07606 0.92103 0.00291 ( 2)  0.942 +-  0.267
  94 V   0.01113 0.97450 0.01437 ( 2)  1.053 +-  0.596
  95 T   0.53104 0.46852 0.00045 ( 1)  0.546 +-  0.433
  96 E   0.99583 0.00417 0.00000 ( 1)  0.131 +-  0.070
  97 N   0.00039 0.71796 0.28165 ( 2)  2.613 +-  2.804
  98 T   0.97878 0.02121 0.00001 ( 1)  0.146 +-  0.133
  99 F   0.96703 0.03296 0.00001 ( 1)  0.157 +-  0.161
 100 S   0.59881 0.39568 0.00551 ( 1)  0.510 +-  0.575
 101 R   0.90750 0.09247 0.00003 ( 1)  0.211 +-  0.255
 102 S   0.00111 0.90578 0.09311 ( 2)  1.459 +-  1.576
 103 N   0.99582 0.00417 0.00000 ( 1)  0.131 +-  0.070
 104 N   0.93549 0.06450 0.00001 ( 1)  0.186 +-  0.218
 105 I   0.49248 0.50431 0.00321 ( 2)  0.590 +-  0.519
 106 I   0.88902 0.11083 0.00014 ( 1)  0.226 +-  0.281
 107 P   0.82835 0.17130 0.00035 ( 1)  0.280 +-  0.337
 108 T   0.84649 0.15340 0.00011 ( 1)  0.265 +-  0.318
 109 D   0.97171 0.02828 0.00001 ( 1)  0.152 +-  0.151
 110 L   0.96884 0.03114 0.00002 ( 1)  0.155 +-  0.158
 111 K   0.48300 0.51652 0.00048 ( 2)  0.588 +-  0.434
 112 Y   0.88708 0.11221 0.00071 ( 1)  0.232 +-  0.322
 113 E   0.34611 0.64771 0.00618 ( 2)  0.727 +-  0.532
 114 E   0.65746 0.34097 0.00157 ( 1)  0.441 +-  0.450
 115 F   0.99714 0.00286 0.00000 ( 1)  0.130 +-  0.063
 116 K   0.91850 0.08146 0.00005 ( 1)  0.200 +-  0.243
 117 Y   0.99544 0.00456 0.00000 ( 1)  0.131 +-  0.072
 118 K   0.85472 0.14524 0.00004 ( 1)  0.260 +-  0.308
 119 D   0.95645 0.04349 0.00006 ( 1)  0.166 +-  0.186
 120 Y   0.37579 0.62337 0.00084 ( 2)  0.682 +-  0.421
 121 L   0.00009 0.56615 0.43375 ( 2)  3.737 +-  3.426
 122 Q   0.66570 0.33374 0.00056 ( 1)  0.429 +-  0.416
 123 I   0.92205 0.07790 0.00005 ( 1)  0.197 +-  0.239
 124 I   0.78695 0.21292 0.00014 ( 1)  0.320 +-  0.359
 125 T   0.89574 0.10422 0.00004 ( 1)  0.221 +-  0.269
 126 M   0.41504 0.58325 0.00171 ( 2)  0.651 +-  0.446
 127 T   0.84225 0.15770 0.00005 ( 1)  0.271 +-  0.319
 128 L   0.00014 0.58297 0.41689 ( 2)  3.568 +-  3.324
 129 P   0.99333 0.00667 0.00000 ( 1)  0.133 +-  0.083
 130 -   0.37842 0.58885 0.03273 ( 2)  0.869 +-  1.260
 131 A   0.38876 0.59727 0.01397 ( 2)  0.735 +-  0.779
 132 N   0.95941 0.04058 0.00002 ( 1)  0.164 +-  0.177
 133 T   0.33393 0.66541 0.00067 ( 2)  0.717 +-  0.411
 134 I   0.08903 0.90667 0.00430 ( 2)  0.938 +-  0.347
 135 I   0.52121 0.47717 0.00162 ( 1)  0.558 +-  0.460
 136 T   0.97847 0.02152 0.00001 ( 1)  0.147 +-  0.134
 137 I   0.99088 0.00911 0.00001 ( 1)  0.135 +-  0.093
 138 S   0.02225 0.96067 0.01708 ( 2)  1.042 +-  0.545
 139 M   0.08708 0.89469 0.01823 ( 2)  1.002 +-  0.688
 140 Q   0.00261 0.57432 0.42306 ( 2)  3.694 +-  3.439
 141 Q   0.37378 0.62303 0.00319 ( 2)  0.689 +-  0.457
 142 A   0.00585 0.70265 0.29150 ( 2)  2.800 +-  3.046
 143 T   0.00688 0.72790 0.26522 ( 2)  2.592 +-  2.891
 144 G   0.00008 0.06208 0.93785 ( 3)  7.486 +-  2.568
 145 L   0.00005 0.09332 0.90663 ( 3)  7.255 +-  2.782
 146 L   0.00647 0.51515 0.47837 ( 2)  4.021 +-  3.477
 147 N   0.91295 0.08698 0.00007 ( 1)  0.204 +-  0.251
 148 N   0.06942 0.89646 0.03412 ( 2)  1.090 +-  0.924
 149 Q   0.80620 0.19325 0.00055 ( 1)  0.300 +-  0.357
 150 L   0.74833 0.25098 0.00068 ( 1)  0.354 +-  0.391
 151 I   0.99239 0.00760 0.00001 ( 1)  0.134 +-  0.087
 152 I   0.99243 0.00756 0.00001 ( 1)  0.134 +-  0.087
 153 D   0.97835 0.02164 0.00001 ( 1)  0.146 +-  0.134
 154 R   0.87250 0.12733 0.00017 ( 1)  0.241 +-  0.296
 155 I   0.94201 0.05773 0.00026 ( 1)  0.179 +-  0.222
 156 E   0.99633 0.00367 0.00000 ( 1)  0.131 +-  0.067
 157 F   0.89091 0.10900 0.00009 ( 1)  0.225 +-  0.276
 158 Y   0.55404 0.44566 0.00030 ( 1)  0.526 +-  0.429
 159 P   0.97695 0.02301 0.00004 ( 1)  0.148 +-  0.139

Positively selected sites

	Prob(w>1)  mean w

    44 S      0.532         4.535 +- 3.676
    84 L      0.989*        7.824 +- 2.131
    89 R      0.995**       7.861 +- 2.073
   144 G      0.938         7.486 +- 2.568
   145 L      0.907         7.255 +- 2.782

