Supplemental results for CODEML (seqf: algn  treef: tree)


dN/dS (w) for site classes (K=4)

site class             0        1       2a       2b
proportion       0.60278  0.39722  0.00000  0.00000
background w     0.15876  1.00000  0.15876  1.00000
foreground w     0.15876  1.00000  1.00000  1.00000

Naive Empirical Bayes (NEB) probabilities for 4 classes
(amino acids refer to 1st sequence: BT_Cry18Aa1)

   1 -   0.99963 0.00037 0.00000 0.00000 ( 1)
   2 L   0.99985 0.00015 0.00000 0.00000 ( 1)
   3 Y   0.00019 0.99981 0.00000 0.00000 ( 2)
   4 V   0.99822 0.00178 0.00000 0.00000 ( 1)
   5 S   0.99370 0.00630 0.00000 0.00000 ( 1)
   6 T   0.99264 0.00736 0.00000 0.00000 ( 1)
   7 S   0.99166 0.00834 0.00000 0.00000 ( 1)
   8 A   0.99997 0.00003 0.00000 0.00000 ( 1)
   9 N   0.99999 0.00001 0.00000 0.00000 ( 1)
  10 L   0.99944 0.00056 0.00000 0.00000 ( 1)
  11 Y   0.99907 0.00093 0.00000 0.00000 ( 1)
  12 N   0.99754 0.00246 0.00000 0.00000 ( 1)
  13 I   0.69970 0.30030 0.00000 0.00000 ( 1)
  14 G   0.99991 0.00009 0.00000 0.00000 ( 1)
  15 D   0.98739 0.01261 0.00000 0.00000 ( 1)
  16 N   0.99432 0.00568 0.00000 0.00000 ( 1)
  17 K   0.05307 0.94693 0.00000 0.00000 ( 2)
  18 V   0.00084 0.99916 0.00000 0.00000 ( 2)
  19 N   0.41488 0.58512 0.00000 0.00000 ( 2)
  20 E   0.18491 0.81509 0.00000 0.00000 ( 2)
  21 G   0.97005 0.02995 0.00000 0.00000 ( 1)
  22 A   0.23469 0.76531 0.00000 0.00000 ( 2)
  23 Y   0.99996 0.00004 0.00000 0.00000 ( 1)
  24 P   0.98695 0.01305 0.00000 0.00000 ( 1)
  25 I   0.94710 0.05290 0.00000 0.00000 ( 1)
  26 S   0.70090 0.29910 0.00000 0.00000 ( 1)
  27 Y   0.27071 0.72929 0.00000 0.00000 ( 2)
  28 G   0.94971 0.05029 0.00000 0.00000 ( 1)
  29 P   0.99541 0.00459 0.00000 0.00000 ( 1)
  30 F   0.99998 0.00002 0.00000 0.00000 ( 1)
  31 F   0.99914 0.00086 0.00000 0.00000 ( 1)
  32 N   0.92900 0.07100 0.00000 0.00000 ( 1)
  33 S   0.99944 0.00056 0.00000 0.00000 ( 1)
  34 Y   0.99965 0.00035 0.00000 0.00000 ( 1)
  35 I   0.99589 0.00411 0.00000 0.00000 ( 1)
  36 Q   0.99903 0.00097 0.00000 0.00000 ( 1)
  37 T   0.99892 0.00108 0.00000 0.00000 ( 1)
  38 K   0.99997 0.00003 0.00000 0.00000 ( 1)
  39 S   0.84966 0.15034 0.00000 0.00000 ( 1)
  40 N   0.99999 0.00001 0.00000 0.00000 ( 1)
  41 Y   0.99998 0.00002 0.00000 0.00000 ( 1)
  42 V   0.85285 0.14715 0.00000 0.00000 ( 1)
  43 L   0.92700 0.07300 0.00000 0.00000 ( 1)
  44 S   0.51360 0.48640 0.00000 0.00000 ( 1)
  45 G   0.98938 0.01062 0.00000 0.00000 ( 1)
  46 V   0.09028 0.90972 0.00000 0.00000 ( 2)
  47 S   0.90037 0.09962 0.00000 0.00000 ( 1)
  48 G   0.99989 0.00011 0.00000 0.00000 ( 1)
  49 I   0.00066 0.99934 0.00000 0.00000 ( 2)
  50 G   0.48977 0.51023 0.00000 0.00000 ( 2)
  51 A   0.00000 1.00000 0.00000 0.00000 ( 2)
  52 R   0.00238 0.99762 0.00000 0.00000 ( 2)
  53 F   0.00000 1.00000 0.00000 0.00000 ( 2)
  54 T   0.00157 0.99843 0.00000 0.00000 ( 2)
  55 Y   0.97778 0.02222 0.00000 0.00000 ( 1)
  56 -   0.98816 0.01184 0.00000 0.00000 ( 1)
  57 -   0.08463 0.91537 0.00000 0.00000 ( 2)
  58 -   0.01183 0.98817 0.00000 0.00000 ( 2)
  59 S   0.13450 0.86550 0.00000 0.00000 ( 2)
  60 T   0.05614 0.94386 0.00000 0.00000 ( 2)
  61 V   0.24433 0.75567 0.00000 0.00000 ( 2)
  62 -   0.60278 0.39722 0.00000 0.00000 ( 1)
  63 -   0.60278 0.39722 0.00000 0.00000 ( 1)
  64 L   0.65504 0.34496 0.00000 0.00000 ( 1)
  65 G   0.99947 0.00053 0.00000 0.00000 ( 1)
  66 R   0.00000 1.00000 0.00000 0.00000 ( 2)
  67 Y   0.37378 0.62622 0.00000 0.00000 ( 2)
  68 L   0.86686 0.13314 0.00000 0.00000 ( 1)
  69 H   0.09849 0.90151 0.00000 0.00000 ( 2)
  70 D   0.21567 0.78433 0.00000 0.00000 ( 2)
  71 D   0.00018 0.99982 0.00000 0.00000 ( 2)
  72 L   0.97130 0.02870 0.00000 0.00000 ( 1)
  73 K   0.23492 0.76508 0.00000 0.00000 ( 2)
  74 N   0.00143 0.99857 0.00000 0.00000 ( 2)
  75 I   0.66505 0.33495 0.00000 0.00000 ( 1)
  76 I   0.49365 0.50635 0.00000 0.00000 ( 2)
  77 T   0.46692 0.53308 0.00000 0.00000 ( 2)
  78 T   0.99961 0.00039 0.00000 0.00000 ( 1)
  79 Y   0.99995 0.00005 0.00000 0.00000 ( 1)
  80 V   0.02534 0.97466 0.00000 0.00000 ( 2)
  81 G   0.99965 0.00035 0.00000 0.00000 ( 1)
  82 G   0.99089 0.00911 0.00000 0.00000 ( 1)
  83 T   0.53647 0.46353 0.00000 0.00000 ( 1)
  84 Q   0.10653 0.89347 0.00000 0.00000 ( 2)
  85 G   0.99858 0.00142 0.00000 0.00000 ( 1)
  86 P   0.98980 0.01020 0.00000 0.00000 ( 1)
  87 N   0.00000 1.00000 0.00000 0.00000 ( 2)
  88 I   0.99881 0.00119 0.00000 0.00000 ( 1)
  89 G   0.98361 0.01639 0.00000 0.00000 ( 1)
  90 V   0.00000 0.99999 0.00000 0.00000 ( 2)
  91 Q   0.50206 0.49794 0.00000 0.00000 ( 1)
  92 L   0.97157 0.02843 0.00000 0.00000 ( 1)
  93 S   0.88358 0.11642 0.00000 0.00000 ( 1)
  94 T   0.83130 0.16870 0.00000 0.00000 ( 1)
  95 T   0.76329 0.23671 0.00000 0.00000 ( 1)
  96 E   0.83789 0.16211 0.00000 0.00000 ( 1)
  97 L   0.70144 0.29856 0.00000 0.00000 ( 1)
  98 D   0.90383 0.09617 0.00000 0.00000 ( 1)
  99 E   0.10342 0.89658 0.00000 0.00000 ( 2)
 100 L   0.30598 0.69402 0.00000 0.00000 ( 2)
 101 K   0.60278 0.39722 0.00000 0.00000 ( 1)
 102 K   0.08936 0.91064 0.00000 0.00000 ( 2)
 103 Q   0.35960 0.64040 0.00000 0.00000 ( 2)
 104 Q   0.78127 0.21873 0.00000 0.00000 ( 1)
 105 Q   0.78127 0.21873 0.00000 0.00000 ( 1)
 106 A   0.89424 0.10576 0.00000 0.00000 ( 1)
 107 T   0.28172 0.71828 0.00000 0.00000 ( 2)
 108 R   0.07444 0.92556 0.00000 0.00000 ( 2)
 109 D   0.53071 0.46929 0.00000 0.00000 ( 1)
 110 S   0.01569 0.98431 0.00000 0.00000 ( 2)
 111 L   0.21160 0.78840 0.00000 0.00000 ( 2)
 112 V   0.00001 0.99999 0.00000 0.00000 ( 2)
 113 D   0.00064 0.99936 0.00000 0.00000 ( 2)
 114 F   0.00413 0.99587 0.00000 0.00000 ( 2)
 115 Q   0.00709 0.99291 0.00000 0.00000 ( 2)
 116 F   0.00050 0.99950 0.00000 0.00000 ( 2)
 117 F   0.82316 0.17684 0.00000 0.00000 ( 1)
 118 T   0.99249 0.00751 0.00000 0.00000 ( 1)
 119 L   0.57684 0.42316 0.00000 0.00000 ( 1)
 120 N   0.12494 0.87506 0.00000 0.00000 ( 2)
 121 C   0.02680 0.97320 0.00000 0.00000 ( 2)
 122 M   0.09073 0.90927 0.00000 0.00000 ( 2)
 123 L   0.00226 0.99774 0.00000 0.00000 ( 2)
 124 P   0.00185 0.99815 0.00000 0.00000 ( 2)
 125 N   0.83811 0.16189 0.00000 0.00000 ( 1)
 126 P   0.99911 0.00089 0.00000 0.00000 ( 1)
 127 I   0.71923 0.28077 0.00000 0.00000 ( 1)
 128 T   0.00006 0.99994 0.00000 0.00000 ( 2)
 129 A   0.91002 0.08998 0.00000 0.00000 ( 1)
 130 P   0.99318 0.00682 0.00000 0.00000 ( 1)
 131 Y   0.99954 0.00046 0.00000 0.00000 ( 1)
 132 F   0.98533 0.01466 0.00000 0.00000 ( 1)
 133 A   0.99725 0.00275 0.00000 0.00000 ( 1)
 134 T   0.99428 0.00572 0.00000 0.00000 ( 1)
 135 S   0.19355 0.80645 0.00000 0.00000 ( 2)
 136 L   0.96951 0.03049 0.00000 0.00000 ( 1)
 137 Y   0.99012 0.00988 0.00000 0.00000 ( 1)
 138 E   0.96464 0.03536 0.00000 0.00000 ( 1)
 139 S   0.62438 0.37562 0.00000 0.00000 ( 1)
 140 R   0.00007 0.99993 0.00000 0.00000 ( 2)
 141 -   0.99736 0.00264 0.00000 0.00000 ( 1)
 142 -   0.28485 0.71515 0.00000 0.00000 ( 2)
 143 -   0.15773 0.84227 0.00000 0.00000 ( 2)
 144 Y   0.01047 0.98953 0.00000 0.00000 ( 2)
 145 S   0.02878 0.97122 0.00000 0.00000 ( 2)
 146 S   0.00260 0.99740 0.00000 0.00000 ( 2)
 147 I   0.00492 0.99508 0.00000 0.00000 ( 2)
 148 G   0.00000 1.00000 0.00000 0.00000 ( 2)
 149 G   0.03344 0.96656 0.00000 0.00000 ( 2)
 150 Y   0.99174 0.00826 0.00000 0.00000 ( 1)
 151 L   0.20279 0.79721 0.00000 0.00000 ( 2)
 152 R   0.00453 0.99547 0.00000 0.00000 ( 2)
 153 K   0.79190 0.20810 0.00000 0.00000 ( 1)
 154 D   0.84475 0.15525 0.00000 0.00000 ( 1)
 155 V   0.00278 0.99722 0.00000 0.00000 ( 2)
 156 F   0.99999 0.00001 0.00000 0.00000 ( 1)
 157 K   0.00010 0.99990 0.00000 0.00000 ( 2)
 158 S   0.86560 0.13440 0.00000 0.00000 ( 1)
 159 E   0.97271 0.02729 0.00000 0.00000 ( 1)
 160 D   0.01285 0.98715 0.00000 0.00000 ( 2)
 161 S   0.80242 0.19758 0.00000 0.00000 ( 1)
 162 T   0.22380 0.77620 0.00000 0.00000 ( 2)
 163 C   0.11330 0.88670 0.00000 0.00000 ( 2)
 164 G   0.08538 0.91462 0.00000 0.00000 ( 2)
 165 L   0.96431 0.03569 0.00000 0.00000 ( 1)
 166 G   0.85677 0.14322 0.00000 0.00000 ( 1)
 167 -   0.85025 0.14975 0.00000 0.00000 ( 1)
 168 -   0.49599 0.50401 0.00000 0.00000 ( 2)
 169 -   0.60278 0.39722 0.00000 0.00000 ( 1)
 170 -   0.60278 0.39722 0.00000 0.00000 ( 1)
 171 -   0.60278 0.39722 0.00000 0.00000 ( 1)
 172 -   0.60278 0.39722 0.00000 0.00000 ( 1)
 173 -   0.98833 0.01167 0.00000 0.00000 ( 1)
 174 -   0.00028 0.99972 0.00000 0.00000 ( 2)
 175 N   0.05589 0.94411 0.00000 0.00000 ( 2)
 176 P   0.31902 0.68098 0.00000 0.00000 ( 2)
 177 G   0.80853 0.19147 0.00000 0.00000 ( 1)
 178 A   0.95067 0.04933 0.00000 0.00000 ( 1)
 179 W   0.02480 0.97520 0.00000 0.00000 ( 2)
 180 T   0.99568 0.00432 0.00000 0.00000 ( 1)
 181 S   0.99263 0.00737 0.00000 0.00000 ( 1)
 182 Y   0.23679 0.76321 0.00000 0.00000 ( 2)
 183 P   0.99799 0.00201 0.00000 0.00000 ( 1)
 184 D   0.99996 0.00004 0.00000 0.00000 ( 1)
 185 Y   0.99998 0.00002 0.00000 0.00000 ( 1)
 186 Y   0.99989 0.00011 0.00000 0.00000 ( 1)
 187 I   0.99955 0.00045 0.00000 0.00000 ( 1)
 188 T   0.98934 0.01066 0.00000 0.00000 ( 1)
 189 N   0.99999 0.00001 0.00000 0.00000 ( 1)
 190 I   0.99999 0.00001 0.00000 0.00000 ( 1)
 191 S   0.99996 0.00004 0.00000 0.00000 ( 1)
 192 A   0.99345 0.00655 0.00000 0.00000 ( 1)
 193 T   0.99844 0.00156 0.00000 0.00000 ( 1)
 194 V   0.76138 0.23862 0.00000 0.00000 ( 1)
 195 Q   0.14036 0.85963 0.00000 0.00000 ( 2)
 196 I   0.00312 0.99687 0.00000 0.00000 ( 2)
 197 N   0.06409 0.93591 0.00000 0.00000 ( 2)
 198 G   0.72521 0.27479 0.00000 0.00000 ( 1)
 199 E   0.14384 0.85616 0.00000 0.00000 ( 2)
 200 N   0.72522 0.27478 0.00000 0.00000 ( 1)
 201 T   0.99333 0.00667 0.00000 0.00000 ( 1)
 202 D   0.98087 0.01913 0.00000 0.00000 ( 1)
 203 T   0.00250 0.99750 0.00000 0.00000 ( 2)
 204 T   0.94728 0.05271 0.00000 0.00000 ( 1)
 205 P   0.99311 0.00689 0.00000 0.00000 ( 1)
 206 L   0.99912 0.00088 0.00000 0.00000 ( 1)
 207 Y   0.10194 0.89806 0.00000 0.00000 ( 2)
 208 F   0.99866 0.00134 0.00000 0.00000 ( 1)
 209 K   0.90065 0.09935 0.00000 0.00000 ( 1)
 210 E   0.96983 0.03017 0.00000 0.00000 ( 1)
 211 N   0.67297 0.32703 0.00000 0.00000 ( 1)
 212 R   0.99989 0.00011 0.00000 0.00000 ( 1)
 213 P   0.94383 0.05617 0.00000 0.00000 ( 1)
 214 I   0.99815 0.00185 0.00000 0.00000 ( 1)
 215 T   0.03082 0.96918 0.00000 0.00000 ( 2)
 216 S   0.01326 0.98674 0.00000 0.00000 ( 2)
 217 T   0.99400 0.00600 0.00000 0.00000 ( 1)
 218 R   0.00100 0.99900 0.00000 0.00000 ( 2)
 219 -   0.60278 0.39722 0.00000 0.00000 ( 1)
 220 -   0.60278 0.39722 0.00000 0.00000 ( 1)
 221 -   0.60278 0.39722 0.00000 0.00000 ( 1)
 222 -   0.70691 0.29309 0.00000 0.00000 ( 1)
 223 -   0.97263 0.02737 0.00000 0.00000 ( 1)
 224 -   0.47768 0.52232 0.00000 0.00000 ( 2)
 225 -   0.51033 0.48966 0.00000 0.00000 ( 1)
 226 -   0.22783 0.77217 0.00000 0.00000 ( 2)
 227 G   0.00144 0.99856 0.00000 0.00000 ( 2)
 228 V   0.88657 0.11343 0.00000 0.00000 ( 1)
 229 N   0.98335 0.01665 0.00000 0.00000 ( 1)
 230 K   0.36127 0.63873 0.00000 0.00000 ( 2)
 231 V   0.04148 0.95852 0.00000 0.00000 ( 2)
 232 I   0.99792 0.00208 0.00000 0.00000 ( 1)
 233 A   0.98857 0.01143 0.00000 0.00000 ( 1)
 234 -   0.91528 0.08471 0.00000 0.00000 ( 1)
 235 -   0.99928 0.00072 0.00000 0.00000 ( 1)
 236 -   0.99888 0.00112 0.00000 0.00000 ( 1)
 237 -   0.98286 0.01714 0.00000 0.00000 ( 1)


lnL = -5784.819406

