Supplemental results for CODEML (seqf: algn  treef: tree)


dN/dS (w) for site classes (K=9)

p:   0.10854  0.10854  0.10854  0.10854  0.10854  0.10854  0.10854  0.10854  0.13167
w:   0.02686  0.08442  0.14755  0.21778  0.29774  0.39222  0.51204  0.69581  1.34391

Naive Empirical Bayes (NEB) probabilities for 9 classes & postmean_w & P(w>1)
(amino acids refer to 1st sequence: BT_Cry18Aa1)

   1 -   0.36570 0.34224 0.17555 0.07484 0.02862 0.00979 0.00278 0.00048 0.00000 ( 1)  0.095  0.000
   2 L   0.60625 0.24431 0.09569 0.03595 0.01265 0.00399 0.00102 0.00015 0.00000 ( 1)  0.065  0.000
   3 Y   0.00000 0.00000 0.00008 0.00090 0.00537 0.02214 0.07264 0.21481 0.68405 ( 9)  1.116  0.684
   4 V   0.26918 0.32031 0.20838 0.11226 0.05436 0.02393 0.00914 0.00239 0.00005 ( 2)  0.121  0.000
   5 S   0.04781 0.19798 0.24984 0.21697 0.15106 0.08666 0.03898 0.01056 0.00013 ( 3)  0.209  0.000
   6 T   0.05552 0.21629 0.25545 0.20862 0.13875 0.07813 0.03601 0.01093 0.00030 ( 3)  0.201  0.000
   7 S   0.03222 0.14430 0.20179 0.20159 0.16991 0.12632 0.08141 0.03915 0.00331 ( 3)  0.260  0.003
   8 A   0.37539 0.34513 0.17223 0.07063 0.02572 0.00832 0.00222 0.00036 0.00000 ( 1)  0.092  0.000
   9 N   0.78704 0.16744 0.03579 0.00771 0.00164 0.00032 0.00005 0.00000 0.00000 ( 1)  0.043  0.000
  10 L   0.53888 0.25776 0.11871 0.05212 0.02145 0.00802 0.00253 0.00052 0.00001 ( 1)  0.076  0.000
  11 Y   0.11160 0.32068 0.27705 0.16500 0.07996 0.03273 0.01080 0.00217 0.00002 ( 2)  0.151  0.000
  12 N   0.01067 0.12137 0.22818 0.24529 0.19429 0.12202 0.05962 0.01817 0.00039 ( 4)  0.247  0.000
  13 I   0.00013 0.01317 0.07024 0.15717 0.22634 0.24055 0.19170 0.09660 0.00410 ( 6)  0.378  0.004
  14 G   0.27552 0.33032 0.21183 0.10901 0.04829 0.01838 0.00562 0.00102 0.00001 ( 2)  0.115  0.000
  15 D   0.00078 0.05516 0.19509 0.27593 0.24109 0.14965 0.06608 0.01607 0.00015 ( 4)  0.269  0.000
  16 N   0.01782 0.16962 0.26805 0.24394 0.16487 0.08884 0.03721 0.00951 0.00016 ( 3)  0.217  0.000
  17 K   0.00001 0.00116 0.01061 0.03977 0.09570 0.17465 0.25800 0.30182 0.11828 ( 8)  0.608  0.118
  18 V   0.00000 0.00001 0.00023 0.00157 0.00668 0.02140 0.05871 0.15820 0.75320 ( 9)  1.163  0.753
  19 N   0.00203 0.02734 0.06979 0.11404 0.15186 0.17861 0.18984 0.17585 0.09066 ( 7)  0.494  0.091
  20 E   0.00002 0.00340 0.02516 0.07662 0.14925 0.21809 0.25282 0.22060 0.05404 ( 7)  0.506  0.054
  21 G   0.02343 0.12762 0.20476 0.22059 0.18809 0.13234 0.07471 0.02760 0.00086 ( 4)  0.256  0.001
  22 A   0.00014 0.00729 0.03548 0.08650 0.14973 0.20765 0.23904 0.21505 0.05911 ( 7)  0.502  0.059
  23 Y   0.40885 0.35100 0.15930 0.05753 0.01772 0.00460 0.00091 0.00009 0.00000 ( 1)  0.084  0.000
  24 P   0.01254 0.13464 0.23947 0.24457 0.18535 0.11252 0.05394 0.01655 0.00042 ( 4)  0.239  0.000
  25 I   0.00661 0.08557 0.18370 0.22696 0.20888 0.15527 0.09298 0.03802 0.00201 ( 4)  0.284  0.002
  26 S   0.00155 0.02929 0.09074 0.15978 0.20723 0.21540 0.18049 0.10662 0.00890 ( 6)  0.375  0.009
  27 Y   0.00018 0.00899 0.04195 0.09639 0.15633 0.20456 0.22659 0.20336 0.06165 ( 7)  0.495  0.062
  28 G   0.00844 0.05814 0.11982 0.16871 0.19224 0.18664 0.15381 0.09630 0.01592 ( 5)  0.357  0.016
  29 P   0.17735 0.27619 0.23026 0.15459 0.09012 0.04599 0.01965 0.00568 0.00016 ( 2)  0.155  0.000
  30 F   0.72225 0.20287 0.05541 0.01470 0.00373 0.00087 0.00017 0.00002 0.00000 ( 1)  0.049  0.000
  31 F   0.26166 0.32420 0.21533 0.11525 0.05346 0.02153 0.00709 0.00145 0.00001 ( 2)  0.120  0.000
  32 N   0.00143 0.04782 0.14791 0.22253 0.23081 0.18507 0.11566 0.04708 0.00168 ( 5)  0.310  0.002
  33 S   0.30772 0.33573 0.19873 0.09608 0.04082 0.01527 0.00472 0.00092 0.00001 ( 2)  0.108  0.000
  34 Y   0.09501 0.30809 0.28986 0.17953 0.08550 0.03202 0.00877 0.00122 0.00000 ( 2)  0.154  0.000
  35 I   0.21636 0.29169 0.21786 0.13614 0.07671 0.03907 0.01702 0.00502 0.00013 ( 2)  0.143  0.000
  36 Q   0.47476 0.26354 0.13992 0.07018 0.03258 0.01348 0.00458 0.00095 0.00001 ( 1)  0.089  0.000
  37 T   0.08333 0.28315 0.28370 0.19052 0.10040 0.04268 0.01377 0.00245 0.00001 ( 3)  0.165  0.000
  38 K   0.44219 0.34676 0.14477 0.04838 0.01385 0.00336 0.00063 0.00006 0.00000 ( 1)  0.079  0.000
  39 S   0.01733 0.09487 0.15870 0.18592 0.18137 0.15588 0.11848 0.07283 0.01462 ( 4)  0.319  0.015
  40 N   0.78714 0.16738 0.03576 0.00770 0.00164 0.00032 0.00005 0.00000 0.00000 ( 1)  0.043  0.000
  41 Y   0.71323 0.20710 0.05844 0.01594 0.00412 0.00097 0.00019 0.00002 0.00000 ( 1)  0.050  0.000
  42 V   0.00520 0.06866 0.15285 0.20065 0.20266 0.17221 0.12421 0.06696 0.00659 ( 5)  0.319  0.007
  43 L   0.02125 0.11458 0.18548 0.20597 0.18586 0.14345 0.09400 0.04565 0.00376 ( 4)  0.279  0.004
  44 S   0.00121 0.04008 0.12517 0.19514 0.21607 0.19228 0.14176 0.07827 0.01001 ( 5)  0.345  0.010
  45 G   0.05691 0.21914 0.25423 0.20473 0.13604 0.07818 0.03782 0.01255 0.00040 ( 3)  0.202  0.000
  46 V   0.00001 0.00249 0.02261 0.07602 0.15479 0.22874 0.26125 0.21608 0.03802 ( 7)  0.491  0.038
  47 S   0.00017 0.01811 0.09639 0.20251 0.25830 0.22977 0.14366 0.05033 0.00075 ( 5)  0.336  0.001
  48 G   0.63760 0.23637 0.08449 0.02885 0.00925 0.00269 0.00065 0.00010 0.00000 ( 1)  0.060  0.000
  49 I   0.00000 0.00000 0.00014 0.00175 0.01099 0.04522 0.13917 0.34594 0.45679 ( 9)  0.947  0.457
  50 G   0.00127 0.02377 0.07396 0.13324 0.18134 0.20472 0.19638 0.14931 0.03601 ( 6)  0.429  0.036
  51 A   0.00000 0.00000 0.00000 0.00000 0.00001 0.00013 0.00163 0.02071 0.97753 ( 9)  1.329  0.978
  52 R   0.00000 0.00003 0.00084 0.00703 0.03015 0.08638 0.18771 0.32963 0.35824 ( 9)  0.851  0.358
  53 F   0.00000 0.00000 0.00000 0.00000 0.00008 0.00092 0.00749 0.05654 0.93497 ( 9)  1.300  0.935
  54 T   0.00000 0.00002 0.00050 0.00355 0.01467 0.04438 0.11023 0.24656 0.58008 ( 9)  1.030  0.580
  55 Y   0.04494 0.18687 0.23607 0.20810 0.15205 0.09679 0.05285 0.02103 0.00131 ( 3)  0.224  0.001
  56 -   0.32919 0.23892 0.16833 0.11420 0.07359 0.04391 0.02293 0.00856 0.00036 ( 1)  0.136  0.000
  57 -   0.00004 0.00275 0.01699 0.05126 0.10752 0.17855 0.24673 0.27652 0.11965 ( 8)  0.595  0.120
  58 -   0.00000 0.00024 0.00352 0.01859 0.05921 0.13674 0.24749 0.34993 0.18428 ( 8)  0.694  0.184
  59 S   0.00000 0.00168 0.01812 0.06741 0.14743 0.22971 0.27214 0.22792 0.03559 ( 7)  0.497  0.036
  60 T   0.00000 0.00090 0.01026 0.04197 0.10420 0.18944 0.27052 0.29314 0.08956 ( 8)  0.579  0.090
  61 V   0.00022 0.00965 0.04093 0.08946 0.14339 0.19094 0.22045 0.21372 0.09124 ( 7)  0.528  0.091
  62 -   0.10854 0.10854 0.10854 0.10854 0.10854 0.10854 0.10854 0.10854 0.13167 ( 9)  0.435  0.132
  63 -   0.10854 0.10854 0.10854 0.10854 0.10854 0.10854 0.10854 0.10854 0.13167 ( 9)  0.435  0.132
  64 L   0.00144 0.02755 0.08540 0.15092 0.19839 0.21214 0.18704 0.12192 0.01521 ( 6)  0.391  0.015
  65 G   0.28459 0.33191 0.20801 0.10529 0.04623 0.01758 0.00540 0.00099 0.00001 ( 2)  0.113  0.000
  66 R   0.00000 0.00000 0.00000 0.00000 0.00006 0.00070 0.00590 0.04769 0.94564 ( 9)  1.307  0.946
  67 Y   0.00004 0.00566 0.03803 0.10501 0.18453 0.24027 0.24125 0.16793 0.01727 ( 7)  0.442  0.017
  68 L   0.00368 0.05189 0.12734 0.18698 0.21000 0.19356 0.14526 0.07602 0.00527 ( 5)  0.337  0.005
  69 H   0.00000 0.00065 0.01129 0.05577 0.14457 0.24554 0.29396 0.22586 0.02235 ( 7)  0.491  0.022
  70 D   0.00004 0.00504 0.03062 0.08084 0.14509 0.20696 0.24572 0.22818 0.05750 ( 7)  0.509  0.058
  71 D   0.00000 0.00000 0.00001 0.00020 0.00182 0.01029 0.04361 0.16442 0.77965 ( 9)  1.189  0.780
  72 L   0.13234 0.22309 0.21079 0.16729 0.12002 0.07871 0.04579 0.02030 0.00169 ( 2)  0.196  0.002
  73 K   0.00000 0.00047 0.00795 0.03955 0.10834 0.20485 0.28997 0.29086 0.05799 ( 8)  0.551  0.058
  74 N   0.00000 0.00001 0.00038 0.00356 0.01673 0.05375 0.13683 0.30160 0.48714 ( 9)  0.961  0.487
  75 I   0.00038 0.01781 0.07508 0.15191 0.21032 0.22530 0.19177 0.11558 0.01186 ( 6)  0.391  0.012
  76 I   0.00091 0.01992 0.06850 0.13172 0.18632 0.21374 0.20373 0.14857 0.02659 ( 6)  0.423  0.027
  77 T   0.00006 0.00768 0.04793 0.12198 0.19713 0.23684 0.22168 0.14750 0.01919 ( 6)  0.428  0.019
  78 T   0.11076 0.32155 0.28166 0.16793 0.07893 0.02969 0.00828 0.00120 0.00000 ( 2)  0.148  0.000
  79 Y   0.69159 0.21561 0.06579 0.01957 0.00559 0.00148 0.00033 0.00004 0.00000 ( 1)  0.053  0.000
  80 V   0.00000 0.00031 0.00560 0.02992 0.08753 0.17700 0.27242 0.31549 0.11174 ( 8)  0.612  0.112
  81 G   0.60893 0.24254 0.09417 0.03552 0.01288 0.00438 0.00131 0.00026 0.00000 ( 1)  0.065  0.000
  82 G   0.16239 0.25991 0.22550 0.15980 0.09996 0.05584 0.02687 0.00928 0.00045 ( 2)  0.167  0.000
  83 T   0.00008 0.00917 0.05327 0.12866 0.20081 0.23600 0.21699 0.13990 0.01512 ( 6)  0.418  0.015
  84 Q   0.00001 0.00215 0.01749 0.05833 0.12447 0.19998 0.25714 0.25548 0.08495 ( 7)  0.555  0.085
  85 G   0.06620 0.25281 0.28128 0.20699 0.11787 0.05338 0.01810 0.00335 0.00002 ( 3)  0.177  0.000
  86 P   0.00854 0.10830 0.22166 0.25249 0.20556 0.12809 0.05935 0.01582 0.00019 ( 4)  0.250  0.000
  87 N   0.00000 0.00000 0.00000 0.00000 0.00001 0.00010 0.00119 0.01513 0.98357 ( 9)  1.333  0.984
  88 I   0.07448 0.24136 0.25091 0.19168 0.12539 0.07166 0.03390 0.01040 0.00022 ( 3)  0.191  0.000
  89 G   0.15986 0.25336 0.22062 0.15900 0.10259 0.06014 0.03116 0.01226 0.00100 ( 2)  0.173  0.001
  90 V   0.00000 0.00000 0.00000 0.00001 0.00009 0.00063 0.00392 0.02777 0.96758 ( 9)  1.322  0.968
  91 Q   0.00812 0.04936 0.09334 0.12626 0.14606 0.15453 0.15385 0.14392 0.12456 ( 6)  0.496  0.125
  92 L   0.48480 0.23776 0.12177 0.06594 0.03816 0.02362 0.01528 0.00942 0.00324 ( 1)  0.105  0.003
  93 S   0.20398 0.17826 0.15403 0.13122 0.10965 0.08905 0.06887 0.04716 0.01778 ( 1)  0.231  0.018
  94 T   0.17775 0.16146 0.14545 0.12966 0.11394 0.09804 0.08134 0.06161 0.03074 ( 1)  0.266  0.031
  95 T   0.15390 0.14448 0.13493 0.12519 0.11512 0.10444 0.09255 0.07732 0.05207 ( 1)  0.310  0.052
  96 E   0.17933 0.16278 0.14648 0.13036 0.11428 0.09795 0.08075 0.06036 0.02771 ( 1)  0.262  0.028
  97 L   0.13392 0.12951 0.12485 0.11987 0.11446 0.10840 0.10119 0.09110 0.07669 ( 1)  0.354  0.077
  98 D   0.21533 0.18528 0.15737 0.13151 0.10750 0.08505 0.06361 0.04136 0.01298 ( 1)  0.217  0.013
  99 E   0.00084 0.00759 0.02108 0.04134 0.06862 0.10365 0.14844 0.21095 0.39749 ( 9)  0.831  0.397
 100 L   0.01169 0.03502 0.05812 0.08103 0.10385 0.12684 0.15059 0.17729 0.25558 ( 9)  0.654  0.256
 101 K   0.10854 0.10854 0.10854 0.10854 0.10854 0.10854 0.10854 0.10854 0.13167 ( 9)  0.435  0.132
 102 K   0.00070 0.00644 0.01811 0.03600 0.06072 0.09349 0.13730 0.20301 0.44422 ( 9)  0.874  0.444
 103 Q   0.01411 0.04155 0.06764 0.09227 0.11535 0.13677 0.15632 0.17351 0.20247 ( 9)  0.595  0.202
 104 Q   0.15782 0.14775 0.13747 0.12691 0.11591 0.10419 0.09109 0.07426 0.04460 ( 1)  0.298  0.045
 105 Q   0.15782 0.14775 0.13747 0.12691 0.11591 0.10419 0.09109 0.07426 0.04460 ( 1)  0.298  0.045
 106 A   0.21056 0.18221 0.15579 0.13119 0.10824 0.08664 0.06584 0.04398 0.01555 ( 1)  0.224  0.016
 107 T   0.01040 0.03221 0.05510 0.07890 0.10353 0.12900 0.15553 0.18447 0.25087 ( 9)  0.655  0.251
 108 R   0.00057 0.00532 0.01527 0.03104 0.05360 0.08471 0.12822 0.19759 0.48369 ( 9)  0.912  0.484
 109 D   0.02291 0.06320 0.09592 0.12129 0.13948 0.15041 0.15335 0.14475 0.10870 ( 7)  0.472  0.109
 110 S   0.00002 0.00065 0.00319 0.00936 0.02157 0.04370 0.08352 0.16664 0.67135 ( 9)  1.087  0.671
 111 L   0.00746 0.02392 0.04241 0.06314 0.08648 0.11315 0.14479 0.18729 0.33135 ( 9)  0.742  0.331
 112 V   0.00000 0.00000 0.00000 0.00004 0.00049 0.00347 0.01876 0.09592 0.88131 ( 9)  1.262  0.881
 113 D   0.00000 0.00001 0.00022 0.00217 0.01116 0.03952 0.11057 0.26926 0.56709 ( 9)  1.025  0.567
 114 F   0.00000 0.00009 0.00164 0.00962 0.03301 0.08423 0.17762 0.32371 0.37009 ( 9)  0.859  0.370
 115 Q   0.00000 0.00008 0.00207 0.01525 0.05897 0.15126 0.28309 0.37768 0.11161 ( 8)  0.638  0.112
 116 F   0.00000 0.00000 0.00016 0.00155 0.00823 0.03070 0.09213 0.24820 0.61902 ( 9)  1.067  0.619
 117 F   0.00196 0.03755 0.11191 0.18436 0.21986 0.20724 0.15473 0.07810 0.00427 ( 5)  0.346  0.004
 118 T   0.00946 0.12014 0.23837 0.25823 0.19764 0.11485 0.04924 0.01195 0.00012 ( 4)  0.239  0.000
 119 L   0.00000 0.00110 0.01655 0.07188 0.16597 0.25382 0.27633 0.19503 0.01933 ( 7)  0.470  0.019
 120 N   0.00000 0.00172 0.01822 0.06675 0.14434 0.22369 0.26657 0.23122 0.04749 ( 7)  0.509  0.047
 121 C   0.00000 0.00049 0.00613 0.02721 0.07322 0.14605 0.23567 0.31174 0.19949 ( 8)  0.692  0.199
 122 M   0.00008 0.00385 0.01969 0.05251 0.10236 0.16431 0.22737 0.26780 0.16204 ( 8)  0.630  0.162
 123 L   0.00000 0.00004 0.00081 0.00553 0.02141 0.05985 0.13693 0.27990 0.49553 ( 9)  0.962  0.496
 124 P   0.00000 0.00004 0.00049 0.00268 0.00962 0.02720 0.06771 0.16819 0.72407 ( 9)  1.139  0.724
 125 N   0.00043 0.01532 0.05719 0.11572 0.17442 0.21525 0.22025 0.16967 0.03175 ( 7)  0.445  0.032
 126 P   0.25605 0.32327 0.21771 0.11754 0.05473 0.02202 0.00721 0.00146 0.00001 ( 2)  0.122  0.000
 127 I   0.00257 0.04071 0.10838 0.16864 0.19956 0.19641 0.16334 0.10407 0.01632 ( 5)  0.371  0.016
 128 T   0.00000 0.00000 0.00006 0.00057 0.00316 0.01258 0.04172 0.13535 0.80657 ( 9)  1.205  0.807
 129 A   0.00489 0.06778 0.15681 0.21020 0.21159 0.17370 0.11640 0.05482 0.00380 ( 5)  0.309  0.004
 130 P   0.18934 0.28023 0.22468 0.14737 0.08572 0.04491 0.02055 0.00688 0.00033 ( 2)  0.153  0.000
 131 Y   0.11178 0.32386 0.28053 0.16575 0.07812 0.02997 0.00867 0.00132 0.00000 ( 2)  0.148  0.000
 132 F   0.01156 0.12666 0.23112 0.24346 0.19087 0.11960 0.05855 0.01783 0.00037 ( 4)  0.245  0.000
 133 A   0.05223 0.22053 0.27039 0.21887 0.13724 0.06881 0.02621 0.00568 0.00005 ( 3)  0.193  0.000
 134 T   0.01815 0.17127 0.26862 0.24318 0.16395 0.08833 0.03699 0.00939 0.00014 ( 3)  0.217  0.000
 135 S   0.00012 0.00640 0.03258 0.08168 0.14360 0.20122 0.23525 0.22091 0.07824 ( 7)  0.524  0.078
 136 L   0.11001 0.20919 0.21352 0.17708 0.12974 0.08567 0.04999 0.02254 0.00226 ( 3)  0.207  0.002
 137 Y   0.00361 0.09535 0.22941 0.26538 0.20927 0.12547 0.05653 0.01482 0.00017 ( 4)  0.251  0.000
 138 E   0.02008 0.11580 0.19512 0.21935 0.19419 0.14125 0.08210 0.03111 0.00099 ( 4)  0.265  0.001
 139 S   0.00010 0.00839 0.05310 0.14021 0.22616 0.25592 0.20835 0.10358 0.00417 ( 6)  0.391  0.004
 140 R   0.00000 0.00000 0.00002 0.00029 0.00212 0.01043 0.04088 0.15011 0.79614 ( 9)  1.200  0.796
 141 -   0.05751 0.22634 0.26692 0.21333 0.13463 0.06872 0.02669 0.00581 0.00004 ( 3)  0.191  0.000
 142 -   0.00250 0.02079 0.05237 0.09166 0.13287 0.17010 0.19683 0.20192 0.13095 ( 8)  0.553  0.131
 143 -   0.00039 0.00804 0.02912 0.06357 0.10803 0.15704 0.20341 0.23561 0.19479 ( 8)  0.642  0.195
 144 Y   0.00000 0.00029 0.00310 0.01362 0.03908 0.08710 0.16455 0.27939 0.41286 ( 9)  0.883  0.413
 145 S   0.00000 0.00049 0.00670 0.03183 0.08879 0.17681 0.27192 0.31589 0.10758 ( 8)  0.607  0.108
 146 S   0.00000 0.00005 0.00069 0.00372 0.01288 0.03525 0.08515 0.20177 0.66049 ( 9)  1.090  0.660
 147 I   0.00000 0.00010 0.00131 0.00640 0.01990 0.04876 0.10504 0.21960 0.59888 ( 9)  1.038  0.599
 148 G   0.00000 0.00000 0.00000 0.00003 0.00036 0.00304 0.01861 0.10405 0.87391 ( 9)  1.258  0.874
 149 G   0.00000 0.00060 0.00771 0.03510 0.09432 0.18161 0.27079 0.30562 0.10425 ( 8)  0.600  0.104
 150 Y   0.01433 0.14733 0.25182 0.24713 0.17901 0.10261 0.04538 0.01219 0.00019 ( 3)  0.229  0.000
 151 L   0.00023 0.00637 0.03077 0.08100 0.15016 0.21686 0.25164 0.21816 0.04480 ( 7)  0.493  0.045
 152 R   0.00000 0.00003 0.00047 0.00303 0.01239 0.03837 0.09965 0.24030 0.60574 ( 9)  1.052  0.606
 153 K   0.00077 0.02773 0.09999 0.17831 0.22095 0.21340 0.16372 0.08761 0.00752 ( 5)  0.360  0.008
 154 D   0.00306 0.04776 0.12446 0.18736 0.21080 0.19303 0.14544 0.08015 0.00794 ( 5)  0.343  0.008
 155 V   0.00000 0.00023 0.00240 0.01054 0.03054 0.06963 0.13713 0.25186 0.49767 ( 9)  0.953  0.498
 156 F   0.76958 0.17806 0.04059 0.00921 0.00206 0.00043 0.00007 0.00001 0.00000 ( 1)  0.045  0.000
 157 K   0.00000 0.00000 0.00002 0.00030 0.00196 0.00886 0.03302 0.12171 0.83413 ( 9)  1.227  0.834
 158 S   0.00104 0.03655 0.12087 0.19722 0.22498 0.20150 0.14375 0.07011 0.00398 ( 5)  0.338  0.004
 159 E   0.00151 0.05467 0.17296 0.25252 0.24079 0.16746 0.08475 0.02494 0.00040 ( 4)  0.284  0.000
 160 D   0.00000 0.00022 0.00283 0.01376 0.04202 0.09822 0.19249 0.32767 0.32280 ( 8)  0.815  0.323
 161 S   0.00089 0.02981 0.09925 0.17171 0.21496 0.21454 0.17061 0.09225 0.00598 ( 5)  0.362  0.006
 162 T   0.00012 0.00650 0.03313 0.08347 0.14747 0.20708 0.24077 0.21986 0.06159 ( 7)  0.508  0.062
 163 C   0.00012 0.00560 0.02588 0.06163 0.10804 0.15929 0.20902 0.24577 0.18464 ( 8)  0.639  0.185
 164 G   0.00000 0.00076 0.01167 0.05252 0.12986 0.22199 0.28462 0.25649 0.04209 ( 7)  0.520  0.042
 165 L   0.00108 0.04272 0.14841 0.23783 0.24812 0.18762 0.10215 0.03163 0.00044 ( 5)  0.300  0.000
 166 G   0.00094 0.03420 0.11595 0.19363 0.22576 0.20588 0.14830 0.07172 0.00361 ( 5)  0.341  0.004
 167 -   0.06561 0.14270 0.16924 0.16571 0.14612 0.11951 0.09117 0.06272 0.03722 ( 3)  0.306  0.037
 168 -   0.02229 0.06037 0.09023 0.11283 0.12902 0.13953 0.14480 0.14429 0.15665 ( 9)  0.522  0.157
 169 -   0.10854 0.10854 0.10854 0.10854 0.10854 0.10854 0.10854 0.10854 0.13167 ( 9)  0.435  0.132
 170 -   0.10854 0.10854 0.10854 0.10854 0.10854 0.10854 0.10854 0.10854 0.13167 ( 9)  0.435  0.132
 171 -   0.10854 0.10854 0.10854 0.10854 0.10854 0.10854 0.10854 0.10854 0.13167 ( 9)  0.435  0.132
 172 -   0.10854 0.10854 0.10854 0.10854 0.10854 0.10854 0.10854 0.10854 0.13167 ( 9)  0.435  0.132
 173 -   0.01077 0.12021 0.22600 0.24552 0.19685 0.12411 0.05955 0.01680 0.00021 ( 4)  0.247  0.000
 174 -   0.00000 0.00000 0.00009 0.00104 0.00586 0.02270 0.07015 0.19863 0.70152 ( 9)  1.128  0.702
 175 N   0.00000 0.00049 0.00866 0.04409 0.12021 0.21998 0.29338 0.26830 0.04490 ( 7)  0.530  0.045
 176 P   0.00004 0.00475 0.03291 0.09462 0.17435 0.23887 0.25231 0.18389 0.01825 ( 7)  0.453  0.018
 177 G   0.00098 0.03387 0.11141 0.18431 0.21769 0.20581 0.15734 0.08333 0.00525 ( 5)  0.351  0.005
 178 A   0.00030 0.02766 0.12706 0.23239 0.26010 0.20431 0.11306 0.03469 0.00042 ( 5)  0.312  0.000
 179 W   0.00000 0.00072 0.00670 0.02610 0.06615 0.12919 0.21023 0.29301 0.26789 ( 8)  0.749  0.268
 180 T   0.20629 0.28919 0.22205 0.14074 0.07937 0.04002 0.01717 0.00501 0.00014 ( 2)  0.145  0.000
 181 S   0.01389 0.14634 0.25250 0.24786 0.17902 0.10250 0.04546 0.01224 0.00019 ( 3)  0.230  0.000
 182 Y   0.00689 0.08522 0.17751 0.21688 0.20221 0.15688 0.10190 0.04839 0.00412 ( 4)  0.294  0.004
 183 P   0.23220 0.31074 0.22220 0.12808 0.06443 0.02866 0.01083 0.00279 0.00006 ( 2)  0.131  0.000
 184 D   0.46608 0.33862 0.13389 0.04404 0.01307 0.00347 0.00075 0.00009 0.00000 ( 1)  0.076  0.000
 185 Y   0.71323 0.20710 0.05844 0.01594 0.00412 0.00097 0.00019 0.00002 0.00000 ( 1)  0.050  0.000
 186 Y   0.10390 0.31387 0.28169 0.17160 0.08343 0.03337 0.01034 0.00180 0.00001 ( 2)  0.153  0.000
 187 I   0.65706 0.22217 0.07751 0.02794 0.01023 0.00365 0.00117 0.00025 0.00000 ( 1)  0.059  0.000
 188 T   0.07867 0.19694 0.22863 0.19953 0.14531 0.09006 0.04553 0.01497 0.00036 ( 3)  0.209  0.000
 189 N   0.76783 0.17823 0.04151 0.00968 0.00220 0.00046 0.00008 0.00001 0.00000 ( 1)  0.045  0.000
 190 I   0.76352 0.17984 0.04300 0.01045 0.00251 0.00056 0.00010 0.00001 0.00000 ( 1)  0.045  0.000
 191 S   0.68628 0.21748 0.06779 0.02058 0.00594 0.00156 0.00033 0.00004 0.00000 ( 1)  0.054  0.000
 192 A   0.18051 0.27460 0.22651 0.15253 0.09044 0.04757 0.02120 0.00645 0.00019 ( 2)  0.156  0.000
 193 T   0.07457 0.26594 0.27958 0.19764 0.11042 0.05036 0.01781 0.00365 0.00003 ( 3)  0.173  0.000
 194 V   0.00081 0.02960 0.10150 0.17415 0.21313 0.20945 0.16791 0.09567 0.00778 ( 5)  0.364  0.008
 195 Q   0.00054 0.01212 0.04518 0.09673 0.15467 0.20266 0.22369 0.19752 0.06690 ( 7)  0.496  0.067
 196 I   0.00000 0.00004 0.00118 0.00979 0.04136 0.11625 0.24437 0.39109 0.19593 ( 8)  0.721  0.196
 197 N   0.00000 0.00030 0.00529 0.02767 0.08133 0.16854 0.26937 0.32654 0.12095 ( 8)  0.625  0.121
 198 G   0.00015 0.00741 0.03564 0.08763 0.15368 0.21466 0.24554 0.21293 0.04236 ( 7)  0.486  0.042
 199 E   0.00002 0.00311 0.02297 0.07059 0.14021 0.21139 0.25620 0.23749 0.05801 ( 7)  0.518  0.058
 200 N   0.00045 0.01985 0.08107 0.16025 0.21728 0.22700 0.18563 0.10241 0.00606 ( 6)  0.377  0.006
 201 T   0.00985 0.12085 0.23689 0.25678 0.19791 0.11596 0.04984 0.01184 0.00009 ( 4)  0.240  0.000
 202 D   0.02232 0.13115 0.21593 0.23055 0.18958 0.12536 0.06442 0.02032 0.00038 ( 4)  0.247  0.000
 203 T   0.00000 0.00002 0.00073 0.00632 0.02768 0.08099 0.18088 0.32969 0.37369 ( 9)  0.866  0.374
 204 T   0.00529 0.07478 0.17246 0.22539 0.21618 0.16499 0.09964 0.03973 0.00154 ( 4)  0.291  0.002
 205 P   0.41365 0.25331 0.15207 0.08878 0.04972 0.02605 0.01209 0.00410 0.00022 ( 1)  0.109  0.000
 206 L   0.52257 0.25874 0.12376 0.05669 0.02448 0.00969 0.00329 0.00076 0.00002 ( 1)  0.080  0.000
 207 Y   0.00029 0.01352 0.05795 0.12195 0.17985 0.21179 0.20848 0.16319 0.04298 ( 6)  0.451  0.043
 208 F   0.12633 0.33210 0.26771 0.15357 0.07457 0.03180 0.01132 0.00257 0.00003 ( 2)  0.147  0.000
 209 K   0.01018 0.11937 0.22814 0.24672 0.19522 0.12208 0.05950 0.01833 0.00046 ( 4)  0.248  0.000
 210 E   0.00884 0.10689 0.21178 0.23869 0.19871 0.13335 0.07270 0.02771 0.00133 ( 4)  0.262  0.001
 211 N   0.00048 0.02030 0.08080 0.15801 0.21412 0.22516 0.18667 0.10640 0.00806 ( 6)  0.381  0.008
 212 R   0.62950 0.23926 0.08727 0.03033 0.00988 0.00292 0.00072 0.00011 0.00000 ( 1)  0.061  0.000
 213 P   0.00078 0.03387 0.12710 0.21963 0.24789 0.20415 0.12251 0.04318 0.00087 ( 5)  0.317  0.001
 214 I   0.26528 0.30881 0.20538 0.11725 0.06102 0.02848 0.01105 0.00269 0.00003 ( 2)  0.126  0.000
 215 -   0.10854 0.10854 0.10854 0.10854 0.10854 0.10854 0.10854 0.10854 0.13167 ( 9)  0.435  0.132
 216 -   0.10854 0.10854 0.10854 0.10854 0.10854 0.10854 0.10854 0.10854 0.13167 ( 9)  0.435  0.132
 217 -   0.10854 0.10854 0.10854 0.10854 0.10854 0.10854 0.10854 0.10854 0.13167 ( 9)  0.435  0.132
 218 T   0.00000 0.00002 0.00065 0.00573 0.02640 0.08198 0.19325 0.36347 0.32850 ( 8)  0.835  0.328
 219 S   0.00000 0.00120 0.01541 0.06459 0.15137 0.24162 0.28073 0.21828 0.02679 ( 7)  0.488  0.027
 220 T   0.08188 0.25445 0.25200 0.18371 0.11658 0.06668 0.03299 0.01135 0.00037 ( 2)  0.187  0.000
 221 R   0.00000 0.00007 0.00112 0.00635 0.02205 0.05769 0.12643 0.25297 0.53331 ( 9)  0.988  0.533
 222 -   0.03444 0.08956 0.12736 0.14974 0.15843 0.15472 0.13897 0.10772 0.03907 ( 5)  0.366  0.039
 223 -   0.30521 0.22781 0.16643 0.11837 0.08121 0.05283 0.03137 0.01483 0.00196 ( 1)  0.152  0.002
 224 -   0.00454 0.03442 0.07895 0.12541 0.16421 0.18805 0.19060 0.16106 0.05277 ( 7)  0.445  0.053
 225 -   0.00484 0.03647 0.08291 0.13034 0.16850 0.18992 0.18845 0.15389 0.04469 ( 6)  0.432  0.045
 226 -   0.00205 0.01721 0.04409 0.07900 0.11827 0.15800 0.19351 0.21597 0.17191 ( 8)  0.603  0.172
 227 G   0.00000 0.00000 0.00008 0.00101 0.00634 0.02594 0.08200 0.22940 0.65524 ( 9)  1.094  0.655
 228 V   0.03090 0.13718 0.18915 0.18733 0.16003 0.12605 0.09286 0.05972 0.01678 ( 3)  0.290  0.017
 229 N   0.00256 0.07564 0.20341 0.26074 0.22451 0.14443 0.06896 0.01943 0.00032 ( 4)  0.266  0.000
 230 K   0.00005 0.00640 0.04150 0.10981 0.18521 0.23411 0.23337 0.16829 0.02126 ( 6)  0.443  0.021
 231 V   0.00001 0.00130 0.01100 0.03888 0.08990 0.16119 0.24075 0.29808 0.15889 ( 8)  0.644  0.159
 232 I   0.24105 0.30978 0.21697 0.12501 0.06394 0.02916 0.01121 0.00283 0.00005 ( 2)  0.130  0.000
 233 A   0.01299 0.13629 0.23887 0.24274 0.18463 0.11304 0.05454 0.01656 0.00035 ( 4)  0.239  0.000
 234 -   0.10658 0.18933 0.18951 0.16214 0.12917 0.09807 0.07026 0.04367 0.01128 ( 3)  0.241  0.011
 235 -   0.10374 0.31656 0.28335 0.17048 0.08158 0.03232 0.01011 0.00185 0.00001 ( 2)  0.152  0.000
 236 -   0.63685 0.22617 0.08373 0.03246 0.01303 0.00524 0.00196 0.00055 0.00002 ( 1)  0.063  0.000
 237 -   0.10250 0.20366 0.21651 0.18510 0.13716 0.08876 0.04801 0.01767 0.00064 ( 3)  0.206  0.001

Positively selected sites

	Prob(w>1)  mean w

     3 Y      0.684         1.116
    18 V      0.753         1.163
    51 A      0.978*        1.329
    53 F      0.935         1.300
    54 T      0.580         1.030
    66 R      0.946         1.307
    71 D      0.780         1.189
    87 N      0.984*        1.333
    90 V      0.968*        1.322
   110 S      0.671         1.087
   112 V      0.881         1.262
   113 D      0.567         1.025
   116 F      0.619         1.067
   124 P      0.724         1.139
   128 T      0.807         1.205
   140 R      0.796         1.200
   146 S      0.660         1.090
   147 I      0.599         1.038
   148 G      0.874         1.258
   152 R      0.606         1.052
   157 K      0.834         1.227
   174 -      0.702         1.128
   221 R      0.533         0.988
   227 G      0.655         1.094


lnL = -5874.138017

Bayes Empirical Bayes (BEB) probabilities for 11 classes (class) & postmean_w
(amino acids refer to 1st sequence: BT_Cry18Aa1)

   1 -   0.71805 0.20921 0.05262 0.01412 0.00412 0.00128 0.00041 0.00014 0.00004 0.00001 0.00000 ( 1)  0.088 +-  0.072
   2 L   0.83194 0.13052 0.02807 0.00688 0.00184 0.00052 0.00015 0.00005 0.00001 0.00000 0.00000 ( 1)  0.072 +-  0.056
   3 Y   0.00000 0.00013 0.00240 0.01293 0.03725 0.07336 0.11095 0.13608 0.13576 0.09337 0.39777 (11)  1.040 +-  0.401
   4 V   0.60195 0.25728 0.08936 0.03172 0.01193 0.00471 0.00190 0.00077 0.00029 0.00009 0.00001 ( 1)  0.112 +-  0.098
   5 S   0.23046 0.34488 0.22242 0.11327 0.05194 0.02242 0.00925 0.00364 0.00132 0.00037 0.00003 ( 2)  0.204 +-  0.138
   6 T   0.25885 0.34893 0.20763 0.10172 0.04674 0.02090 0.00917 0.00391 0.00156 0.00049 0.00009 ( 2)  0.196 +-  0.138
   7 S   0.15921 0.27744 0.22028 0.14505 0.08883 0.05209 0.02937 0.01578 0.00779 0.00296 0.00120 ( 2)  0.266 +-  0.183
   8 A   0.72994 0.20439 0.04857 0.01227 0.00338 0.00100 0.00031 0.00010 0.00003 0.00001 0.00000 ( 1)  0.086 +-  0.069
   9 N   0.93913 0.05440 0.00552 0.00077 0.00013 0.00003 0.00001 0.00000 0.00000 0.00000 0.00000 ( 1)  0.057 +-  0.029
  10 L   0.77939 0.15945 0.04252 0.01255 0.00400 0.00136 0.00048 0.00017 0.00006 0.00002 0.00000 ( 1)  0.081 +-  0.069
  11 Y   0.43510 0.35674 0.13736 0.04667 0.01581 0.00546 0.00191 0.00067 0.00022 0.00006 0.00000 ( 1)  0.138 +-  0.103
  12 N   0.09459 0.32921 0.27617 0.15888 0.07871 0.03625 0.01595 0.00671 0.00262 0.00080 0.00011 ( 2)  0.253 +-  0.144
  13 I   0.00362 0.09851 0.21654 0.23698 0.18804 0.12365 0.07146 0.03710 0.01703 0.00587 0.00120 ( 4)  0.401 +-  0.176
  14 G   0.61730 0.26055 0.08388 0.02605 0.00824 0.00268 0.00089 0.00030 0.00009 0.00002 0.00000 ( 1)  0.106 +-  0.088
  15 D   0.02021 0.28970 0.33342 0.20059 0.09383 0.03901 0.01517 0.00559 0.00191 0.00051 0.00004 ( 3)  0.278 +-  0.130
  16 N   0.14640 0.38451 0.25701 0.12358 0.05305 0.02175 0.00869 0.00338 0.00124 0.00036 0.00005 ( 2)  0.218 +-  0.130
  17 K   0.00020 0.01352 0.06052 0.12116 0.16465 0.17708 0.16128 0.12763 0.08642 0.04205 0.04549 ( 6)  0.613 +-  0.269
  18 V   0.00000 0.00035 0.00369 0.01418 0.03352 0.05918 0.08527 0.10412 0.10695 0.07809 0.51463 (11)  1.132 +-  0.421
  19 N   0.01709 0.09212 0.14224 0.15816 0.15115 0.13122 0.10549 0.07847 0.05242 0.02630 0.04534 ( 4)  0.511 +-  0.304
  20 E   0.00070 0.03309 0.11104 0.17320 0.18939 0.16892 0.13126 0.09101 0.05535 0.02486 0.02116 ( 5)  0.528 +-  0.238
  21 G   0.12889 0.28787 0.24859 0.15974 0.08947 0.04628 0.02261 0.01044 0.00442 0.00144 0.00025 ( 2)  0.261 +-  0.162
  22 A   0.00239 0.04639 0.11872 0.16838 0.17975 0.16123 0.12747 0.09022 0.05602 0.02566 0.02376 ( 5)  0.523 +-  0.249
  23 Y   0.76712 0.18660 0.03675 0.00743 0.00161 0.00037 0.00009 0.00002 0.00001 0.00000 0.00000 ( 1)  0.079 +-  0.060
  24 P   0.10842 0.34473 0.27000 0.14842 0.07172 0.03275 0.01446 0.00616 0.00245 0.00076 0.00013 ( 2)  0.244 +-  0.143
  25 I   0.06104 0.26266 0.26778 0.18489 0.10893 0.05923 0.03057 0.01500 0.00680 0.00239 0.00070 ( 3)  0.296 +-  0.167
  26 S   0.01595 0.12500 0.20706 0.21128 0.17028 0.11897 0.07496 0.04306 0.02203 0.00847 0.00294 ( 4)  0.400 +-  0.196
  27 Y   0.00301 0.05518 0.12974 0.17110 0.17443 0.15333 0.12110 0.08666 0.05475 0.02558 0.02512 ( 5)  0.516 +-  0.255
  28 G   0.04930 0.16376 0.20591 0.18791 0.14588 0.10233 0.06654 0.04028 0.02212 0.00928 0.00671 ( 3)  0.377 +-  0.219
  29 P   0.46211 0.29682 0.13814 0.05943 0.02520 0.01073 0.00458 0.00193 0.00077 0.00024 0.00005 ( 1)  0.146 +-  0.122
  30 F   0.90766 0.07943 0.01063 0.00181 0.00037 0.00008 0.00002 0.00001 0.00000 0.00000 0.00000 ( 1)  0.061 +-  0.037
  31 F   0.59748 0.26651 0.09074 0.02989 0.01005 0.00348 0.00123 0.00043 0.00015 0.00004 0.00000 ( 1)  0.111 +-  0.093
  32 N   0.02263 0.21289 0.27705 0.21354 0.13277 0.07375 0.03798 0.01825 0.00797 0.00267 0.00051 ( 3)  0.326 +-  0.164
  33 S   0.65498 0.24149 0.07178 0.02153 0.00680 0.00225 0.00077 0.00027 0.00009 0.00002 0.00000 ( 1)  0.100 +-  0.083
  34 Y   0.39817 0.38068 0.15208 0.04871 0.01450 0.00421 0.00120 0.00034 0.00009 0.00002 0.00000 ( 1)  0.142 +-  0.099
  35 I   0.52003 0.27564 0.11765 0.04963 0.02128 0.00922 0.00398 0.00168 0.00066 0.00020 0.00003 ( 1)  0.133 +-  0.117
  36 Q   0.72314 0.18657 0.05957 0.02002 0.00693 0.00245 0.00087 0.00031 0.00010 0.00003 0.00000 ( 1)  0.091 +-  0.081
  37 T   0.35959 0.37743 0.16961 0.06190 0.02111 0.00702 0.00230 0.00074 0.00022 0.00005 0.00000 ( 2)  0.154 +-  0.108
  38 K   0.79471 0.16842 0.02985 0.00556 0.00113 0.00025 0.00006 0.00001 0.00000 0.00000 0.00000 ( 1)  0.075 +-  0.055
  39 S   0.09257 0.21742 0.21398 0.16631 0.11746 0.07877 0.05073 0.03114 0.01759 0.00765 0.00638 ( 2)  0.333 +-  0.220
  40 N   0.93918 0.05436 0.00551 0.00077 0.00013 0.00003 0.00001 0.00000 0.00000 0.00000 0.00000 ( 1)  0.057 +-  0.029
  41 Y   0.90260 0.08331 0.01155 0.00200 0.00041 0.00009 0.00002 0.00001 0.00000 0.00000 0.00000 ( 1)  0.061 +-  0.038
  42 V   0.04731 0.21424 0.23974 0.18842 0.12904 0.08202 0.04921 0.02776 0.01424 0.00559 0.00243 ( 3)  0.337 +-  0.193
  43 L   0.11480 0.25779 0.23392 0.16352 0.10246 0.06060 0.03435 0.01854 0.00920 0.00351 0.00132 ( 2)  0.289 +-  0.185
  44 S   0.01861 0.17616 0.24293 0.20610 0.14520 0.09349 0.05678 0.03259 0.01714 0.00695 0.00404 ( 3)  0.366 +-  0.196
  45 G   0.26358 0.34601 0.20265 0.10032 0.04763 0.02229 0.01027 0.00459 0.00191 0.00062 0.00012 ( 2)  0.197 +-  0.142
  46 V   0.00042 0.02990 0.11285 0.18145 0.19783 0.17310 0.13067 0.08742 0.05103 0.02192 0.01343 ( 5)  0.515 +-  0.219
  47 S   0.00501 0.13975 0.27639 0.25457 0.16571 0.08899 0.04222 0.01816 0.00698 0.00204 0.00019 ( 3)  0.352 +-  0.153
  48 G   0.85538 0.11617 0.02191 0.00485 0.00122 0.00034 0.00010 0.00003 0.00001 0.00000 0.00000 ( 1)  0.068 +-  0.050
  49 I   0.00000 0.00019 0.00421 0.02325 0.06472 0.11857 0.16261 0.17755 0.15542 0.09233 0.20114 (11)  0.864 +-  0.351
  50 G   0.01264 0.09935 0.17114 0.18800 0.16764 0.13224 0.09549 0.06352 0.03790 0.01702 0.01507 ( 4)  0.453 +-  0.240
  51 A   0.00000 0.00000 0.00000 0.00005 0.00055 0.00291 0.00983 0.02356 0.04166 0.04783 0.87360 (11)  1.435 +-  0.263
  52 R   0.00000 0.00113 0.01417 0.05101 0.10179 0.14464 0.16416 0.15655 0.12524 0.07087 0.17044 (11)  0.801 +-  0.357
  53 F   0.00000 0.00000 0.00002 0.00043 0.00303 0.01158 0.02933 0.05455 0.07711 0.07225 0.75170 (11)  1.344 +-  0.332
  54 T   0.00000 0.00072 0.00758 0.02766 0.06064 0.09762 0.12673 0.13834 0.12636 0.08150 0.33284 (11)  0.966 +-  0.411
  55 Y   0.21609 0.32397 0.21519 0.11927 0.06280 0.03246 0.01651 0.00815 0.00376 0.00135 0.00046 ( 2)  0.223 +-  0.159
  56 -   0.55741 0.22477 0.10963 0.05486 0.02759 0.01379 0.00677 0.00320 0.00140 0.00047 0.00011 ( 1)  0.137 +-  0.132
  57 -   0.00075 0.02175 0.07421 0.13032 0.16460 0.16968 0.15104 0.11844 0.08033 0.03953 0.04936 ( 6)  0.602 +-  0.281
  58 -   0.00003 0.00446 0.03145 0.08468 0.14101 0.17493 0.17648 0.15052 0.10780 0.05462 0.07404 ( 7)  0.680 +-  0.291
  59 S   0.00023 0.02389 0.10261 0.17717 0.20135 0.18002 0.13682 0.09111 0.05249 0.02211 0.01220 ( 5)  0.522 +-  0.214
  60 T   0.00012 0.01315 0.06511 0.13223 0.17634 0.18323 0.16006 0.12119 0.07853 0.03667 0.03337 ( 6)  0.591 +-  0.251
  61 V   0.00348 0.05355 0.11904 0.15767 0.16546 0.15106 0.12439 0.09307 0.06164 0.03024 0.04041 ( 5)  0.543 +-  0.283
  62 -   0.20480 0.14241 0.12022 0.10389 0.08992 0.07707 0.06466 0.05213 0.03875 0.02203 0.08412 ( 1)  0.443 +-  0.409
  63 -   0.20480 0.14241 0.12022 0.10389 0.08992 0.07707 0.06466 0.05213 0.03875 0.02203 0.08412 ( 1)  0.443 +-  0.409
  64 L   0.01480 0.11651 0.19450 0.20315 0.16987 0.12434 0.08263 0.05027 0.02731 0.01115 0.00547 ( 4)  0.416 +-  0.209
  65 G   0.62810 0.25495 0.08041 0.02483 0.00788 0.00257 0.00086 0.00028 0.00009 0.00002 0.00000 ( 1)  0.104 +-  0.087
  66 R   0.00000 0.00000 0.00002 0.00033 0.00238 0.00939 0.02469 0.04774 0.07005 0.06806 0.77734 (11)  1.363 +-  0.320
  67 Y   0.00128 0.05128 0.15008 0.20665 0.20046 0.15863 0.10915 0.06683 0.03582 0.01421 0.00561 ( 4)  0.468 +-  0.200
  68 L   0.03401 0.17785 0.23222 0.20383 0.14778 0.09521 0.05620 0.03058 0.01497 0.00556 0.00177 ( 3)  0.357 +-  0.189
  69 H   0.00005 0.01507 0.09213 0.18409 0.21825 0.19219 0.13933 0.08699 0.04663 0.01824 0.00702 ( 5)  0.517 +-  0.194
  70 D   0.00119 0.03988 0.11199 0.16443 0.18040 0.16568 0.13328 0.09525 0.05923 0.02693 0.02172 ( 5)  0.530 +-  0.243
  71 D   0.00000 0.00002 0.00069 0.00567 0.02123 0.05008 0.08655 0.11777 0.12786 0.09464 0.49549 (11)  1.130 +-  0.395
  72 L   0.36021 0.27668 0.16420 0.09194 0.05069 0.02772 0.01495 0.00781 0.00380 0.00143 0.00059 ( 1)  0.192 +-  0.163
  73 K   0.00004 0.01027 0.06435 0.14110 0.19048 0.19371 0.16227 0.11630 0.07080 0.03097 0.01971 ( 6)  0.571 +-  0.224
  74 N   0.00000 0.00053 0.00778 0.03147 0.07146 0.11595 0.14913 0.15890 0.13969 0.08532 0.23976 (11)  0.885 +-  0.378
  75 I   0.00659 0.10359 0.20240 0.21750 0.17862 0.12608 0.08027 0.04675 0.02436 0.00959 0.00425 ( 4)  0.416 +-  0.198
  76 I   0.00977 0.09221 0.17229 0.19527 0.17479 0.13620 0.09616 0.06207 0.03573 0.01540 0.01012 ( 4)  0.449 +-  0.224
  77 T   0.00183 0.06534 0.17068 0.21360 0.19295 0.14571 0.09782 0.05957 0.03230 0.01316 0.00706 ( 4)  0.453 +-  0.205
  78 T   0.43407 0.36366 0.13903 0.04435 0.01335 0.00394 0.00116 0.00033 0.00009 0.00002 0.00000 ( 1)  0.136 +-  0.098
  79 Y   0.88888 0.09280 0.01457 0.00285 0.00066 0.00017 0.00005 0.00001 0.00000 0.00000 0.00000 ( 1)  0.063 +-  0.042
  80 V   0.00002 0.00720 0.04970 0.11755 0.17001 0.18571 0.16809 0.13092 0.08693 0.04145 0.04242 ( 6)  0.618 +-  0.259
  81 G   0.83284 0.12861 0.02802 0.00728 0.00217 0.00071 0.00025 0.00009 0.00003 0.00001 0.00000 ( 1)  0.072 +-  0.057
  82 G   0.42997 0.29260 0.14744 0.06956 0.03254 0.01529 0.00719 0.00333 0.00145 0.00050 0.00014 ( 1)  0.159 +-  0.135
  83 T   0.00231 0.07283 0.17795 0.21569 0.19153 0.14259 0.09413 0.05615 0.02971 0.01179 0.00532 ( 4)  0.443 +-  0.200
  84 Q   0.00041 0.02269 0.08633 0.14986 0.17978 0.17379 0.14487 0.10680 0.06854 0.03222 0.03470 ( 5)  0.569 +-  0.260
  85 G   0.30591 0.38189 0.19382 0.07673 0.02757 0.00948 0.00318 0.00103 0.00032 0.00008 0.00000 ( 2)  0.169 +-  0.114
  86 P   0.07979 0.32208 0.28994 0.16884 0.08126 0.03539 0.01447 0.00561 0.00201 0.00056 0.00005 ( 2)  0.256 +-  0.139
  87 N   0.00000 0.00000 0.00000 0.00004 0.00037 0.00194 0.00655 0.01596 0.02912 0.03494 0.91107 (11)  1.462 +-  0.241
  88 I   0.31312 0.33496 0.18494 0.09077 0.04265 0.01943 0.00858 0.00363 0.00142 0.00043 0.00006 ( 2)  0.184 +-  0.138
  89 G   0.42082 0.28626 0.14827 0.07317 0.03623 0.01817 0.00918 0.00458 0.00216 0.00080 0.00036 ( 1)  0.165 +-  0.144
  90 V   0.00000 0.00000 0.00003 0.00032 0.00161 0.00532 0.01306 0.02526 0.03886 0.04102 0.87452 (11)  1.435 +-  0.276
  91 Q   0.04367 0.12432 0.15044 0.14517 0.12808 0.10766 0.08704 0.06708 0.04748 0.02570 0.07337 ( 3)  0.508 +-  0.360
  92 L   0.70284 0.16415 0.06082 0.02912 0.01652 0.01029 0.00664 0.00425 0.00255 0.00117 0.00166 ( 1)  0.112 +-  0.137
  93 S   0.36969 0.20457 0.13773 0.09535 0.06645 0.04610 0.03147 0.02077 0.01272 0.00600 0.00915 ( 1)  0.239 +-  0.238
  94 T   0.32608 0.19255 0.13819 0.10176 0.07528 0.05530 0.03989 0.02774 0.01784 0.00881 0.01656 ( 1)  0.275 +-  0.271
  95 T   0.28501 0.17801 0.13519 0.10530 0.08233 0.06387 0.04858 0.03558 0.02407 0.01248 0.02958 ( 1)  0.319 +-  0.311
  96 E   0.32900 0.19398 0.13886 0.10190 0.07502 0.05479 0.03924 0.02706 0.01724 0.00842 0.01449 ( 1)  0.270 +-  0.264
  97 L   0.25023 0.16428 0.13091 0.10678 0.08726 0.07063 0.05596 0.04261 0.02993 0.01608 0.04534 ( 1)  0.363 +-  0.347
  98 D   0.38838 0.20928 0.13713 0.09235 0.06260 0.04223 0.02803 0.01798 0.01070 0.00490 0.00642 ( 1)  0.224 +-  0.223
  99 E   0.00524 0.02814 0.05678 0.08290 0.10244 0.11346 0.11518 0.10728 0.08896 0.05475 0.24487 (11)  0.809 +-  0.447
 100 L   0.03985 0.07631 0.09888 0.11029 0.11328 0.10961 0.10046 0.08645 0.06741 0.03962 0.15783 (11)  0.652 +-  0.437
 101 K   0.20480 0.14241 0.12022 0.10389 0.08992 0.07707 0.06466 0.05213 0.03875 0.02203 0.08412 ( 1)  0.443 +-  0.409
 102 K   0.00445 0.02436 0.05014 0.07473 0.09429 0.10670 0.11073 0.10547 0.08950 0.05641 0.28322 (11)  0.854 +-  0.460
 103 Q   0.04774 0.08860 0.11127 0.12027 0.11966 0.11214 0.09951 0.08290 0.06257 0.03560 0.11974 ( 4)  0.596 +-  0.408
 104 Q   0.29217 0.18149 0.13681 0.10561 0.08170 0.06262 0.04701 0.03393 0.02260 0.01153 0.02454 ( 1)  0.307 +-  0.298
 105 Q   0.29217 0.18149 0.13681 0.10561 0.08170 0.06262 0.04701 0.03393 0.02260 0.01153 0.02454 ( 1)  0.307 +-  0.298
 106 A   0.38038 0.20704 0.13716 0.09348 0.06418 0.04389 0.02957 0.01927 0.01166 0.00543 0.00794 ( 1)  0.231 +-  0.231
 107 T   0.03587 0.07222 0.09702 0.11096 0.11586 0.11318 0.10413 0.08955 0.06951 0.04054 0.15116 (11)  0.651 +-  0.428
 108 R   0.00365 0.02069 0.04395 0.06743 0.08738 0.10134 0.10758 0.10468 0.09062 0.05820 0.31449 (11)  0.891 +-  0.467
 109 D   0.07599 0.12601 0.14215 0.13866 0.12510 0.10682 0.08680 0.06654 0.04646 0.02462 0.06084 ( 3)  0.483 +-  0.349
 110 S   0.00028 0.00460 0.01581 0.03300 0.05351 0.07389 0.09040 0.09905 0.09493 0.06663 0.46791 (11)  1.070 +-  0.457
 111 L   0.02622 0.05599 0.07948 0.09585 0.10532 0.10807 0.10427 0.09389 0.07618 0.04635 0.20837 (11)  0.732 +-  0.457
 112 V   0.00000 0.00000 0.00018 0.00190 0.00886 0.02530 0.05175 0.08181 0.10162 0.08528 0.64331 (11)  1.255 +-  0.369
 113 D   0.00000 0.00032 0.00507 0.02289 0.05693 0.09909 0.13465 0.15019 0.13756 0.08750 0.30580 (11)  0.950 +-  0.396
 114 F   0.00001 0.00218 0.01753 0.05202 0.09757 0.13841 0.16047 0.15712 0.12865 0.07400 0.17204 (11)  0.803 +-  0.358
 115 Q   0.00000 0.00260 0.02769 0.08827 0.15627 0.19447 0.19001 0.15337 0.10228 0.04770 0.03732 ( 6)  0.642 +-  0.241
 116 F   0.00000 0.00024 0.00380 0.01803 0.04755 0.08771 0.12598 0.14790 0.14174 0.09364 0.33342 (11)  0.980 +-  0.394
 117 F   0.02090 0.15705 0.23588 0.21674 0.15811 0.10073 0.05829 0.03095 0.01472 0.00530 0.00133 ( 3)  0.367 +-  0.183
 118 T   0.08919 0.34717 0.29045 0.15673 0.07038 0.02886 0.01121 0.00416 0.00143 0.00039 0.00003 ( 2)  0.244 +-  0.133
 119 L   0.00010 0.02237 0.11497 0.20229 0.21846 0.17990 0.12456 0.07555 0.03989 0.01557 0.00634 ( 5)  0.496 +-  0.193
 120 N   0.00024 0.02399 0.10101 0.17266 0.19616 0.17707 0.13713 0.09379 0.05586 0.02444 0.01764 ( 5)  0.532 +-  0.227
 121 C   0.00006 0.00790 0.04379 0.09816 0.14463 0.16678 0.16234 0.13731 0.09952 0.05187 0.08764 ( 6)  0.677 +-  0.313
 122 M   0.00122 0.02531 0.07408 0.12243 0.15254 0.15916 0.14560 0.11848 0.08394 0.04336 0.07387 ( 6)  0.628 +-  0.315
 123 L   0.00000 0.00113 0.01117 0.03742 0.07591 0.11485 0.14184 0.14832 0.13005 0.08033 0.25897 (11)  0.893 +-  0.393
 124 P   0.00001 0.00075 0.00576 0.01872 0.03995 0.06602 0.09098 0.10771 0.10818 0.07762 0.48432 (11)  1.101 +-  0.427
 125 N   0.00631 0.07614 0.15317 0.18806 0.18037 0.14762 0.10735 0.07032 0.04067 0.01752 0.01247 ( 4)  0.471 +-  0.228
 126 P   0.59074 0.27003 0.09291 0.03064 0.01027 0.00354 0.00124 0.00044 0.00015 0.00004 0.00000 ( 1)  0.112 +-  0.093
 127 I   0.02457 0.14903 0.21016 0.19691 0.15418 0.10899 0.07155 0.04373 0.02418 0.01016 0.00653 ( 3)  0.394 +-  0.215
 128 T   0.00000 0.00010 0.00157 0.00795 0.02270 0.04592 0.07324 0.09663 0.10533 0.08052 0.56605 (11)  1.183 +-  0.405
 129 A   0.04584 0.22204 0.25394 0.19546 0.12718 0.07553 0.04210 0.02207 0.01058 0.00391 0.00135 ( 3)  0.325 +-  0.180
 130 P   0.47931 0.28755 0.13041 0.05682 0.02518 0.01146 0.00530 0.00244 0.00106 0.00036 0.00010 ( 1)  0.144 +-  0.125
 131 Y   0.43776 0.36148 0.13692 0.04423 0.01368 0.00417 0.00126 0.00037 0.00010 0.00002 0.00000 ( 1)  0.135 +-  0.099
 132 F   0.10070 0.33286 0.27240 0.15564 0.07716 0.03559 0.01565 0.00657 0.00255 0.00077 0.00011 ( 2)  0.250 +-  0.144
 133 A   0.25529 0.37287 0.21582 0.09570 0.03807 0.01437 0.00525 0.00185 0.00061 0.00016 0.00001 ( 2)  0.187 +-  0.124
 134 T   0.14851 0.38508 0.25576 0.12281 0.05274 0.02160 0.00860 0.00332 0.00120 0.00034 0.00004 ( 2)  0.217 +-  0.130
 135 S   0.00202 0.04259 0.11283 0.16226 0.17510 0.15955 0.12906 0.09411 0.06052 0.02880 0.03317 ( 5)  0.541 +-  0.266
 136 L   0.31990 0.28341 0.17727 0.10074 0.05571 0.03057 0.01663 0.00883 0.00439 0.00170 0.00084 ( 1)  0.204 +-  0.168
 137 Y   0.05352 0.33763 0.30463 0.16973 0.07913 0.03389 0.01374 0.00529 0.00188 0.00052 0.00004 ( 2)  0.258 +-  0.134
 138 E   0.11334 0.27486 0.25128 0.16818 0.09698 0.05121 0.02537 0.01181 0.00502 0.00165 0.00029 ( 2)  0.272 +-  0.164
 139 S   0.00229 0.07445 0.20248 0.24509 0.20169 0.13334 0.07644 0.03919 0.01776 0.00605 0.00121 ( 4)  0.414 +-  0.173
 140 R   0.00000 0.00004 0.00092 0.00613 0.02083 0.04709 0.08030 0.10960 0.12054 0.09101 0.52353 (11)  1.151 +-  0.396
 141 -   0.27018 0.36553 0.20928 0.09422 0.03820 0.01460 0.00535 0.00187 0.00061 0.00015 0.00001 ( 2)  0.184 +-  0.125
 142 -   0.01490 0.06836 0.11690 0.14348 0.14839 0.13739 0.11670 0.09114 0.06358 0.03310 0.06605 ( 5)  0.562 +-  0.329
 143 -   0.00384 0.03793 0.08611 0.12436 0.14359 0.14432 0.13088 0.10796 0.07890 0.04266 0.09945 ( 6)  0.638 +-  0.352
 144 Y   0.00005 0.00418 0.02351 0.05847 0.09790 0.12921 0.14424 0.13992 0.11619 0.06923 0.21711 (11)  0.832 +-  0.392
 145 S   0.00005 0.00855 0.05150 0.11781 0.16946 0.18539 0.16812 0.13097 0.08678 0.04120 0.04018 ( 6)  0.614 +-  0.257
 146 S   0.00001 0.00104 0.00766 0.02386 0.04947 0.07977 0.10706 0.12280 0.11878 0.08146 0.40811 (11)  1.033 +-  0.423
 147 I   0.00001 0.00190 0.01225 0.03366 0.06272 0.09275 0.11620 0.12623 0.11695 0.07749 0.35983 (11)  0.980 +-  0.425
 148 G   0.00000 0.00000 0.00012 0.00158 0.00845 0.02622 0.05627 0.09107 0.11377 0.09460 0.60793 (11)  1.227 +-  0.367
 149 G   0.00007 0.00988 0.05617 0.12335 0.17217 0.18423 0.16448 0.12683 0.08357 0.03963 0.03961 ( 6)  0.608 +-  0.258
 150 Y   0.12180 0.36275 0.26858 0.13930 0.06313 0.02689 0.01104 0.00437 0.00162 0.00047 0.00005 ( 2)  0.232 +-  0.135
 151 L   0.00251 0.04016 0.11425 0.17276 0.18848 0.16830 0.13038 0.08955 0.05361 0.02356 0.01644 ( 5)  0.517 +-  0.231
 152 R   0.00000 0.00070 0.00657 0.02425 0.05494 0.09199 0.12443 0.14123 0.13336 0.08808 0.33445 (11)  0.972 +-  0.403
 153 K   0.01187 0.14012 0.23120 0.21972 0.16388 0.10697 0.06387 0.03528 0.01763 0.00673 0.00272 ( 3)  0.382 +-  0.189
 154 D   0.02960 0.17377 0.23291 0.20343 0.14697 0.09571 0.05808 0.03297 0.01701 0.00670 0.00284 ( 3)  0.363 +-  0.195
 155 V   0.00004 0.00334 0.01881 0.04766 0.08232 0.11294 0.13169 0.13380 0.11656 0.07294 0.27990 (11)  0.897 +-  0.413
 156 F   0.93179 0.06043 0.00658 0.00098 0.00018 0.00004 0.00001 0.00000 0.00000 0.00000 0.00000 ( 1)  0.058 +-  0.031
 157 K   0.00000 0.00004 0.00093 0.00553 0.01768 0.03904 0.06678 0.09320 0.10618 0.08393 0.58669 (11)  1.202 +-  0.391
 158 S   0.01642 0.17119 0.25027 0.21712 0.15125 0.09345 0.05309 0.02791 0.01323 0.00477 0.00129 ( 3)  0.358 +-  0.179
 159 E   0.02538 0.25381 0.31161 0.21094 0.11099 0.05151 0.02222 0.00904 0.00339 0.00099 0.00011 ( 3)  0.295 +-  0.143
 160 D   0.00003 0.00369 0.02351 0.06215 0.10821 0.14581 0.16289 0.15497 0.12380 0.06963 0.14531 ( 7)  0.769 +-  0.347
 161 S   0.01347 0.13832 0.22193 0.21673 0.16740 0.11184 0.06718 0.03672 0.01788 0.00657 0.00197 ( 3)  0.385 +-  0.188
 162 T   0.00205 0.04327 0.11538 0.16668 0.17966 0.16241 0.12942 0.09236 0.05779 0.02663 0.02434 ( 5)  0.528 +-  0.250
 163 C   0.00190 0.03368 0.08438 0.12470 0.14563 0.14788 0.13522 0.11196 0.08163 0.04372 0.08930 ( 6)  0.634 +-  0.338
 164 G   0.00007 0.01527 0.08329 0.16236 0.19963 0.18871 0.14921 0.10209 0.05985 0.02542 0.01410 ( 5)  0.543 +-  0.215
 165 L   0.01865 0.21682 0.30248 0.22645 0.12828 0.06255 0.02775 0.01141 0.00426 0.00123 0.00011 ( 3)  0.312 +-  0.147
 166 G   0.01510 0.16408 0.24760 0.21991 0.15526 0.09625 0.05443 0.02832 0.01324 0.00470 0.00112 ( 3)  0.361 +-  0.178
 167 -   0.20171 0.22561 0.17834 0.12733 0.08808 0.06045 0.04135 0.02786 0.01777 0.00893 0.02257 ( 2)  0.311 +-  0.278
 168 -   0.07339 0.11864 0.13203 0.12856 0.11709 0.10200 0.08536 0.06798 0.04968 0.02775 0.09752 ( 3)  0.531 +-  0.399
 169 -   0.20480 0.14241 0.12022 0.10389 0.08992 0.07707 0.06466 0.05213 0.03875 0.02203 0.08412 ( 1)  0.443 +-  0.409
 170 -   0.20480 0.14241 0.12022 0.10389 0.08992 0.07707 0.06466 0.05213 0.03875 0.02203 0.08412 ( 1)  0.443 +-  0.409
 171 -   0.20480 0.14241 0.12022 0.10389 0.08992 0.07707 0.06466 0.05213 0.03875 0.02203 0.08412 ( 1)  0.443 +-  0.409
 172 -   0.20480 0.14241 0.12022 0.10389 0.08992 0.07707 0.06466 0.05213 0.03875 0.02203 0.08412 ( 1)  0.443 +-  0.409
 173 -   0.09449 0.32630 0.27806 0.16168 0.07966 0.03582 0.01512 0.00601 0.00219 0.00062 0.00005 ( 2)  0.252 +-  0.142
 174 -   0.00000 0.00015 0.00273 0.01375 0.03735 0.07063 0.10437 0.12692 0.12703 0.08862 0.42844 (11)  1.062 +-  0.409
 175 N   0.00004 0.01132 0.07262 0.15585 0.20123 0.19434 0.15481 0.10605 0.06211 0.02634 0.01529 ( 5)  0.553 +-  0.214
 176 P   0.00105 0.04400 0.13648 0.19900 0.20255 0.16624 0.11728 0.07287 0.03928 0.01554 0.00570 ( 5)  0.481 +-  0.200
 177 G   0.01523 0.15624 0.23435 0.21409 0.15822 0.10322 0.06133 0.03340 0.01626 0.00598 0.00169 ( 3)  0.373 +-  0.186
 178 A   0.00851 0.18612 0.30473 0.24233 0.14061 0.06897 0.03044 0.01236 0.00454 0.00128 0.00010 ( 3)  0.325 +-  0.146
 179 W   0.00013 0.00875 0.04151 0.08904 0.13066 0.15307 0.15335 0.13482 0.10238 0.05628 0.12999 ( 7)  0.722 +-  0.352
 180 T   0.50661 0.28221 0.12230 0.05130 0.02171 0.00929 0.00399 0.00168 0.00067 0.00021 0.00004 ( 1)  0.136 +-  0.117
 181 S   0.11962 0.36407 0.26926 0.13926 0.06318 0.02699 0.01110 0.00439 0.00162 0.00047 0.00005 ( 2)  0.232 +-  0.135
 182 Y   0.06178 0.25149 0.25429 0.18115 0.11315 0.06626 0.03710 0.01979 0.00973 0.00370 0.00155 ( 3)  0.308 +-  0.180
 183 P   0.55414 0.27858 0.10523 0.03839 0.01441 0.00562 0.00226 0.00091 0.00035 0.00010 0.00002 ( 1)  0.121 +-  0.103
 184 D   0.80989 0.15555 0.02740 0.00550 0.00125 0.00031 0.00008 0.00002 0.00001 0.00000 0.00000 ( 1)  0.073 +-  0.054
 185 Y   0.90260 0.08331 0.01155 0.00200 0.00041 0.00009 0.00002 0.00001 0.00000 0.00000 0.00000 ( 1)  0.061 +-  0.038
 186 Y   0.41753 0.36598 0.14453 0.04860 0.01582 0.00513 0.00166 0.00053 0.00016 0.00004 0.00000 ( 1)  0.141 +-  0.102
 187 I   0.85947 0.10878 0.02268 0.00611 0.00193 0.00067 0.00024 0.00009 0.00003 0.00001 0.00000 ( 1)  0.069 +-  0.053
 188 T   0.26915 0.31072 0.20463 0.11184 0.05619 0.02684 0.01231 0.00538 0.00217 0.00067 0.00010 ( 2)  0.205 +-  0.149
 189 N   0.92976 0.06196 0.00699 0.00105 0.00019 0.00004 0.00001 0.00000 0.00000 0.00000 0.00000 ( 1)  0.058 +-  0.031
 190 I   0.92666 0.06409 0.00769 0.00125 0.00024 0.00005 0.00001 0.00000 0.00000 0.00000 0.00000 ( 1)  0.058 +-  0.032
 191 S   0.88521 0.09547 0.01538 0.00303 0.00068 0.00017 0.00005 0.00001 0.00000 0.00000 0.00000 ( 1)  0.064 +-  0.043
 192 A   0.46437 0.29148 0.13683 0.06050 0.02656 0.01169 0.00513 0.00221 0.00089 0.00028 0.00005 ( 1)  0.147 +-  0.124
 193 T   0.33124 0.37544 0.18144 0.07128 0.02621 0.00942 0.00333 0.00115 0.00038 0.00010 0.00001 ( 2)  0.164 +-  0.115
 194 V   0.01281 0.14127 0.22270 0.21223 0.16322 0.11075 0.06846 0.03878 0.01964 0.00750 0.00263 ( 3)  0.388 +-  0.193
 195 Q   0.00562 0.05939 0.12944 0.17007 0.17347 0.15158 0.11862 0.08429 0.05321 0.02506 0.02925 ( 5)  0.516 +-  0.264
 196 I   0.00000 0.00150 0.01854 0.06539 0.12742 0.17487 0.18860 0.16776 0.12279 0.06234 0.07079 ( 7)  0.699 +-  0.278
 197 N   0.00002 0.00676 0.04571 0.11002 0.16407 0.18473 0.17144 0.13603 0.09149 0.04395 0.04578 ( 6)  0.628 +-  0.263
 198 G   0.00249 0.04657 0.12084 0.17359 0.18545 0.16461 0.12760 0.08785 0.05268 0.02315 0.01518 ( 5)  0.510 +-  0.230
 199 E   0.00064 0.02993 0.10203 0.16383 0.18570 0.17182 0.13801 0.09824 0.06082 0.02753 0.02144 ( 5)  0.539 +-  0.239
 200 N   0.00761 0.11271 0.21349 0.22364 0.17836 0.12127 0.07364 0.04048 0.01972 0.00720 0.00185 ( 4)  0.401 +-  0.186
 201 T   0.09114 0.34467 0.28929 0.15759 0.07118 0.02913 0.01119 0.00407 0.00136 0.00036 0.00002 ( 2)  0.244 +-  0.133
 202 D   0.12865 0.30604 0.25874 0.15711 0.08177 0.03899 0.01748 0.00739 0.00287 0.00086 0.00010 ( 2)  0.251 +-  0.151
 203 T   0.00000 0.00099 0.01289 0.04751 0.09699 0.14096 0.16329 0.15839 0.12836 0.07328 0.17735 (11)  0.811 +-  0.358
 204 T   0.05075 0.24701 0.27084 0.19447 0.11645 0.06329 0.03223 0.01544 0.00676 0.00229 0.00048 ( 3)  0.304 +-  0.165
 205 P   0.65331 0.20296 0.08075 0.03457 0.01548 0.00712 0.00331 0.00153 0.00067 0.00023 0.00008 ( 1)  0.110 +-  0.108
 206 L   0.76442 0.16597 0.04700 0.01474 0.00500 0.00180 0.00068 0.00026 0.00010 0.00003 0.00000 ( 1)  0.084 +-  0.074
 207 Y   0.00487 0.07781 0.16169 0.19000 0.17439 0.13999 0.10265 0.06937 0.04204 0.01915 0.01803 ( 4)  0.474 +-  0.242
 208 F   0.46675 0.33914 0.12554 0.04375 0.01569 0.00579 0.00217 0.00081 0.00028 0.00008 0.00001 ( 1)  0.133 +-  0.104
 209 K   0.09162 0.32954 0.27804 0.15937 0.07865 0.03623 0.01603 0.00682 0.00271 0.00085 0.00014 ( 2)  0.253 +-  0.144
 210 E   0.08001 0.30423 0.27242 0.16716 0.08971 0.04575 0.02273 0.01093 0.00491 0.00172 0.00044 ( 2)  0.271 +-  0.158
 211 N   0.00795 0.11199 0.20973 0.22049 0.17752 0.12231 0.07557 0.04248 0.02128 0.00803 0.00266 ( 4)  0.405 +-  0.191
 212 R   0.85029 0.11956 0.02309 0.00521 0.00133 0.00037 0.00011 0.00003 0.00001 0.00000 0.00000 ( 1)  0.069 +-  0.051
 213 P   0.01393 0.18417 0.28535 0.23473 0.14482 0.07628 0.03631 0.01593 0.00632 0.00193 0.00024 ( 3)  0.332 +-  0.155
 214 I   0.58767 0.25506 0.09659 0.03710 0.01448 0.00568 0.00221 0.00084 0.00030 0.00008 0.00001 ( 1)  0.117 +-  0.102
 215 -   0.20480 0.14241 0.12022 0.10389 0.08992 0.07707 0.06466 0.05213 0.03875 0.02203 0.08412 ( 1)  0.443 +-  0.409
 216 -   0.20480 0.14241 0.12022 0.10389 0.08992 0.07707 0.06466 0.05213 0.03875 0.02203 0.08412 ( 1)  0.443 +-  0.409
 217 -   0.20480 0.14241 0.12022 0.10389 0.08992 0.07707 0.06466 0.05213 0.03875 0.02203 0.08412 ( 1)  0.443 +-  0.409
 218 T   0.00000 0.00086 0.01163 0.04575 0.09859 0.14842 0.17482 0.16956 0.13538 0.07504 0.13997 ( 7)  0.782 +-  0.331
 219 S   0.00014 0.02052 0.10222 0.18620 0.21173 0.18417 0.13439 0.08553 0.04712 0.01905 0.00891 ( 5)  0.513 +-  0.202
 220 T   0.33564 0.33313 0.17315 0.08340 0.04005 0.01915 0.00900 0.00408 0.00172 0.00056 0.00011 ( 1)  0.179 +-  0.139
 221 R   0.00001 0.00159 0.01238 0.03765 0.07277 0.10729 0.13106 0.13721 0.12181 0.07708 0.30115 (11)  0.927 +-  0.411
 222 -   0.11298 0.16893 0.17180 0.15098 0.12263 0.09420 0.06880 0.04737 0.02969 0.01414 0.01850 ( 3)  0.380 +-  0.271
 223 -   0.52182 0.22205 0.11609 0.06322 0.03511 0.01966 0.01097 0.00599 0.00306 0.00121 0.00082 ( 1)  0.154 +-  0.154
 224 -   0.02652 0.10443 0.15594 0.16935 0.15637 0.12996 0.09941 0.07004 0.04413 0.02082 0.02302 ( 4)  0.466 +-  0.266
 225 -   0.02833 0.11002 0.16182 0.17290 0.15691 0.12809 0.09618 0.06651 0.04113 0.01906 0.01906 ( 4)  0.454 +-  0.257
 226 -   0.01219 0.05739 0.10168 0.13027 0.14117 0.13704 0.12186 0.09936 0.07210 0.03883 0.08811 ( 5)  0.603 +-  0.351
 227 G   0.00000 0.00012 0.00272 0.01497 0.04205 0.08012 0.11749 0.14031 0.13678 0.09216 0.37327 (11)  1.016 +-  0.401
 228 V   0.15036 0.25672 0.20251 0.13848 0.09263 0.06184 0.04084 0.02613 0.01550 0.00709 0.00790 ( 2)  0.299 +-  0.227
 229 N   0.03954 0.29892 0.30944 0.18890 0.09337 0.04171 0.01758 0.00705 0.00263 0.00077 0.00009 ( 3)  0.275 +-  0.139
 230 K   0.00147 0.05591 0.15424 0.20362 0.19401 0.15412 0.10811 0.06812 0.03776 0.01550 0.00714 ( 4)  0.469 +-  0.207
 231 V   0.00024 0.01408 0.05846 0.11313 0.15332 0.16795 0.15780 0.12975 0.09165 0.04661 0.06702 ( 6)  0.640 +-  0.298
 232 I   0.56293 0.27127 0.10301 0.03854 0.01479 0.00581 0.00230 0.00090 0.00033 0.00010 0.00001 ( 1)  0.120 +-  0.104
 233 A   0.11104 0.34344 0.26791 0.14840 0.07229 0.03308 0.01453 0.00611 0.00238 0.00073 0.00010 ( 2)  0.244 +-  0.143
 234 -   0.29634 0.24869 0.16504 0.10661 0.06938 0.04536 0.02940 0.01849 0.01079 0.00485 0.00504 ( 1)  0.241 +-  0.214
 235 -   0.41927 0.36803 0.14263 0.04720 0.01535 0.00506 0.00168 0.00055 0.00017 0.00004 0.00000 ( 1)  0.140 +-  0.102
 236 -   0.84290 0.11685 0.02708 0.00822 0.00295 0.00117 0.00049 0.00021 0.00008 0.00003 0.00001 ( 1)  0.072 +-  0.060
 237 -   0.30603 0.28995 0.18812 0.10658 0.05643 0.02859 0.01393 0.00648 0.00278 0.00092 0.00019 ( 1)  0.202 +-  0.156

Positively selected sites

	Prob(w>1)  mean w

    18 V      0.515         1.132 +- 0.421
    51 A      0.874         1.435 +- 0.263
    53 F      0.752         1.344 +- 0.332
    66 R      0.777         1.363 +- 0.320
    87 N      0.911         1.462 +- 0.241
    90 V      0.875         1.435 +- 0.276
   112 V      0.643         1.255 +- 0.369
   128 T      0.566         1.183 +- 0.405
   140 R      0.524         1.151 +- 0.396
   148 G      0.608         1.227 +- 0.367
   157 K      0.587         1.202 +- 0.391

