Supplemental results for CODEML (seqf: algn  treef: tree)


dN/dS (w) for site classes (K=3)

p:   0.10760  0.49212  0.40028
w:   0.00382  0.23576  1.16327

Naive Empirical Bayes (NEB) probabilities for 3 classes & postmean_w & P(w>1)
(amino acids refer to 1st sequence: BT_Cry32Ha1)

   1 P   0.00020 0.41479 0.58501 ( 3)  0.778  0.585
   2 T   0.00001 0.74787 0.25212 ( 2)  0.470  0.252
   3 K   0.86113 0.13797 0.00090 ( 1)  0.037  0.001
   4 S   0.02275 0.91006 0.06719 ( 2)  0.293  0.067
   5 Q   0.05511 0.93347 0.01142 ( 2)  0.234  0.011
   6 L   0.51341 0.47422 0.01237 ( 1)  0.128  0.012
   7 T   0.76624 0.23143 0.00233 ( 1)  0.060  0.002
   8 R   0.56040 0.43287 0.00673 ( 1)  0.112  0.007
   9 I   0.00001 0.90734 0.09265 ( 2)  0.322  0.093
  10 V   0.00052 0.77108 0.22840 ( 2)  0.447  0.228
  11 Y   0.86224 0.13732 0.00044 ( 1)  0.036  0.000
  12 T   0.71244 0.28146 0.00610 ( 1)  0.076  0.006
  13 P   0.00077 0.96101 0.03822 ( 2)  0.271  0.038
  14 R   0.00091 0.93717 0.06193 ( 2)  0.293  0.062
  15 V   0.00035 0.91005 0.08960 ( 2)  0.319  0.090
  16 G   0.73552 0.26226 0.00222 ( 1)  0.067  0.002
  17 D   0.00001 0.74826 0.25174 ( 2)  0.469  0.252
  18 T   0.79192 0.20592 0.00216 ( 1)  0.054  0.002
  19 A   0.00000 0.22155 0.77845 ( 3)  0.958  0.778
  20 R   0.00000 0.06914 0.93086 ( 3)  1.099  0.931
  21 S   0.00081 0.97517 0.02402 ( 2)  0.258  0.024
  22 N   0.00001 0.65347 0.34651 ( 2)  0.557  0.347
  23 R   0.00000 0.19430 0.80570 ( 3)  0.983  0.806
  24 P   0.00000 0.51920 0.48080 ( 2)  0.682  0.481
  25 S   0.00008 0.77166 0.22825 ( 2)  0.447  0.228
  26 A   0.00000 0.56985 0.43015 ( 2)  0.635  0.430
  27 S   0.00063 0.90222 0.09716 ( 2)  0.326  0.097
  28 I   0.00054 0.60486 0.39460 ( 2)  0.602  0.395
  29 D   0.00001 0.42776 0.57224 ( 3)  0.767  0.572
  30 A   0.00000 0.12718 0.87282 ( 3)  1.045  0.873
  31 Q   0.00080 0.77427 0.22492 ( 2)  0.444  0.225
  32 E   0.83275 0.16666 0.00059 ( 1)  0.043  0.001
  33 N   0.00001 0.62441 0.37558 ( 2)  0.584  0.376
  34 N   0.00085 0.94399 0.05516 ( 2)  0.287  0.055
  35 I   0.07960 0.91672 0.00368 ( 2)  0.221  0.004
  36 V   0.06327 0.91758 0.01915 ( 2)  0.239  0.019
  37 S   0.00000 0.21572 0.78428 ( 3)  0.963  0.784
  38 S   0.00095 0.75332 0.24573 ( 2)  0.463  0.246
  39 P   0.02789 0.90958 0.06253 ( 2)  0.287  0.063
  40 -   0.10898 0.49589 0.39513 ( 2)  0.577  0.395
  41 -   0.10857 0.49478 0.39665 ( 2)  0.578  0.397
  42 R   0.00002 0.67380 0.32617 ( 2)  0.538  0.326
  43 L   0.59861 0.39780 0.00359 ( 1)  0.100  0.004
  44 F   0.86963 0.13005 0.00033 ( 1)  0.034  0.000
  45 A   0.00000 0.40304 0.59696 ( 3)  0.789  0.597
  46 W   0.52730 0.47101 0.00169 ( 1)  0.115  0.002
  47 L   0.60224 0.39326 0.00450 ( 1)  0.100  0.005
  48 R   0.00000 0.00931 0.99069 ( 3)  1.155  0.991
  49 M   0.00000 0.02405 0.97595 ( 3)  1.141  0.976
  50 V   0.00000 0.52434 0.47566 ( 2)  0.677  0.476
  51 D   0.00000 0.30914 0.69086 ( 3)  0.877  0.691
  52 V   0.00024 0.87855 0.12121 ( 2)  0.348  0.121
  53 S   0.00000 0.05684 0.94316 ( 3)  1.111  0.943
  54 L   0.01045 0.76803 0.22152 ( 2)  0.439  0.222
  55 Q   0.00007 0.44900 0.55093 ( 3)  0.747  0.551
  56 K   0.00000 0.22889 0.77111 ( 3)  0.951  0.771
  57 N   0.00001 0.74241 0.25758 ( 2)  0.475  0.258
  58 G   0.00000 0.06933 0.93067 ( 3)  1.099  0.931
  59 L   0.00000 0.17415 0.82585 ( 3)  1.002  0.826
  60 S   0.00024 0.46795 0.53181 ( 3)  0.729  0.532
  61 N   0.00048 0.81435 0.18517 ( 2)  0.407  0.185
  62 E   0.00000 0.40699 0.59301 ( 3)  0.786  0.593
  63 I   0.00022 0.57444 0.42533 ( 2)  0.630  0.425
  64 A   0.00000 0.21903 0.78097 ( 3)  0.960  0.781
  65 S   0.00000 0.35309 0.64691 ( 3)  0.836  0.647
  66 Y   0.00059 0.85729 0.14212 ( 2)  0.367  0.142
  67 -   0.41491 0.54918 0.03591 ( 2)  0.173  0.036
  68 -   0.00000 0.10913 0.89087 ( 3)  1.062  0.891
  69 -   0.28314 0.63911 0.07775 ( 2)  0.242  0.078
  70 -   0.00008 0.44828 0.55164 ( 3)  0.747  0.552
  71 -   0.00836 0.80363 0.18801 ( 2)  0.408  0.188
  72 -   0.00003 0.30152 0.69844 ( 3)  0.884  0.698
  73 -   0.00005 0.38380 0.61615 ( 3)  0.807  0.616
  74 -   0.30721 0.63376 0.05902 ( 2)  0.219  0.059
  75 -   0.24616 0.66600 0.08784 ( 2)  0.260  0.088
  76 K   0.00109 0.95050 0.04841 ( 2)  0.280  0.048
  77 Q   0.00000 0.05809 0.94191 ( 3)  1.109  0.942
  78 T   0.02987 0.88412 0.08601 ( 2)  0.309  0.086
  79 F   0.00060 0.89072 0.10868 ( 2)  0.336  0.109
  80 H   0.00036 0.82693 0.17271 ( 2)  0.396  0.173
  81 N   0.00215 0.93659 0.06126 ( 2)  0.292  0.061
  82 T   0.79137 0.20606 0.00257 ( 1)  0.055  0.003
  83 L   0.00003 0.19454 0.80543 ( 3)  0.983  0.805
  84 H   0.00000 0.05942 0.94058 ( 3)  1.108  0.941
  85 T   0.00000 0.04096 0.95904 ( 3)  1.125  0.959
  86 N   0.00000 0.00098 0.99902 ( 3)  1.162  0.999
  87 L   0.00000 0.26084 0.73916 ( 3)  0.921  0.739
  88 W   0.00016 0.82067 0.17917 ( 2)  0.402  0.179
  89 S   0.00931 0.83879 0.15190 ( 2)  0.374  0.152
  90 I   0.00067 0.96722 0.03210 ( 2)  0.265  0.032
  91 T   0.00024 0.83037 0.16939 ( 2)  0.393  0.169
  92 K   0.00001 0.58738 0.41262 ( 2)  0.618  0.413
  93 G   0.77975 0.21930 0.00095 ( 1)  0.056  0.001
  94 T   0.00000 0.03017 0.96983 ( 3)  1.135  0.970
  95 P   0.00000 0.03928 0.96072 ( 3)  1.127  0.961
  96 T   0.00000 0.24076 0.75924 ( 3)  0.940  0.759
  97 N   0.00000 0.06947 0.93053 ( 3)  1.099  0.931
  98 D   0.00000 0.23366 0.76634 ( 3)  0.947  0.766
  99 V   0.00084 0.92251 0.07665 ( 2)  0.307  0.077
 100 R   0.00009 0.67750 0.32241 ( 2)  0.535  0.322
 101 -   0.10760 0.49212 0.40028 ( 2)  0.582  0.400
 102 N   0.24305 0.63606 0.12089 ( 2)  0.292  0.121
 103 M   0.00090 0.25339 0.74570 ( 3)  0.927  0.746
 104 F   0.00239 0.46986 0.52774 ( 3)  0.725  0.528
 105 T   0.20215 0.63403 0.16382 ( 2)  0.341  0.164
 106 T   0.00155 0.33624 0.66222 ( 3)  0.850  0.662
 107 P   0.18351 0.62955 0.18694 ( 2)  0.367  0.187
 108 Y   0.00170 0.36370 0.63460 ( 3)  0.824  0.635
 109 -   0.10760 0.49212 0.40028 ( 2)  0.582  0.400
 110 F   0.00000 0.04989 0.95010 ( 3)  1.117  0.950
 111 P   0.00222 0.44636 0.55142 ( 3)  0.747  0.551
 112 Y   0.00001 0.13574 0.86425 ( 3)  1.037  0.864
 113 D   0.23959 0.64580 0.11461 ( 2)  0.286  0.115
 114 D   0.23959 0.64580 0.11461 ( 2)  0.286  0.115
 115 I   0.00189 0.39664 0.60147 ( 3)  0.793  0.601
 116 W   0.15292 0.59225 0.25483 ( 2)  0.437  0.255
 117 K   0.21385 0.63849 0.14767 ( 2)  0.323  0.148
 118 I   0.22159 0.64369 0.13472 ( 2)  0.309  0.135
 119 K   0.21385 0.63849 0.14767 ( 2)  0.323  0.148
 120 N   0.24305 0.63606 0.12089 ( 2)  0.292  0.121
 121 E   0.00001 0.09512 0.90488 ( 3)  1.075  0.905
 122 F   0.21754 0.65183 0.13063 ( 2)  0.306  0.131
 123 F   0.00000 0.03542 0.96458 ( 3)  1.130  0.965
 124 D   0.20241 0.63142 0.16618 ( 2)  0.343  0.166
 125 -   0.10760 0.49212 0.40028 ( 2)  0.582  0.400
 126 -   0.10760 0.49212 0.40028 ( 2)  0.582  0.400
 127 Y   0.00000 0.05391 0.94609 ( 3)  1.113  0.946
 128 D   0.00000 0.02237 0.97763 ( 3)  1.143  0.978
 129 S   0.00000 0.02136 0.97864 ( 3)  1.143  0.979
 130 P   0.01474 0.88485 0.10041 ( 2)  0.325  0.100
 131 -   0.10760 0.49212 0.40028 ( 2)  0.582  0.400
 132 -   0.10760 0.49212 0.40028 ( 2)  0.582  0.400
 133 F   0.00000 0.04058 0.95942 ( 3)  1.126  0.959
 134 D   0.00000 0.39652 0.60348 ( 3)  0.795  0.603
 135 D   0.00175 0.96866 0.02958 ( 2)  0.263  0.030
 136 L   0.00000 0.02182 0.97818 ( 3)  1.143  0.978
 137 A   0.00000 0.33471 0.66529 ( 3)  0.853  0.665
 138 V   0.00001 0.77461 0.22539 ( 2)  0.445  0.225
 139 D   0.00001 0.10276 0.89723 ( 3)  1.068  0.897
 140 N   0.00000 0.02043 0.97957 ( 3)  1.144  0.980
 141 W   0.41956 0.56792 0.01252 ( 2)  0.150  0.013
 142 T   0.16058 0.60016 0.23926 ( 2)  0.420  0.239
 143 F   0.00220 0.44014 0.55766 ( 3)  0.752  0.558
 144 S   0.20324 0.64170 0.15506 ( 2)  0.332  0.155
 145 F   0.17986 0.61791 0.20223 ( 2)  0.382  0.202
 146 R   0.00172 0.38010 0.61818 ( 3)  0.809  0.618
 147 Y   0.00001 0.10239 0.89760 ( 3)  1.068  0.898
 148 S   0.16414 0.60431 0.23155 ( 2)  0.412  0.232
 149 D   0.00000 0.02326 0.97674 ( 3)  1.142  0.977
 150 D   0.23959 0.64580 0.11461 ( 2)  0.286  0.115
 151 Q   0.18770 0.63390 0.17840 ( 2)  0.358  0.178
 152 Y   0.00001 0.11938 0.88061 ( 3)  1.053  0.881
 153 F   0.02166 0.87141 0.10692 ( 2)  0.330  0.107
 154 E   0.00000 0.00227 0.99773 ( 3)  1.161  0.998
 155 L   0.00000 0.25891 0.74109 ( 3)  0.923  0.741
 156 S   0.00000 0.15523 0.84477 ( 3)  1.019  0.845
 157 T   0.01900 0.78113 0.19987 ( 2)  0.417  0.200
 158 Y   0.00000 0.25728 0.74272 ( 3)  0.925  0.743
 159 D   0.00000 0.73409 0.26591 ( 2)  0.482  0.266
 160 K   0.00000 0.26941 0.73059 ( 3)  0.913  0.731
 161 S   0.07554 0.91744 0.00701 ( 2)  0.225  0.007
 162 V   0.00018 0.81100 0.18882 ( 2)  0.411  0.189
 163 T   0.04075 0.90293 0.05633 ( 2)  0.279  0.056
 164 R   0.72795 0.26901 0.00304 ( 1)  0.070  0.003
 165 F   0.00000 0.28132 0.71868 ( 3)  0.902  0.719
 166 Y   0.00000 0.30669 0.69331 ( 3)  0.879  0.693
 167 G   0.00000 0.50266 0.49733 ( 2)  0.697  0.497
 168 L   0.02756 0.95471 0.01774 ( 2)  0.246  0.018
 169 P   0.00000 0.24026 0.75974 ( 3)  0.940  0.760
 170 C   0.00000 0.24148 0.75852 ( 3)  0.939  0.759
 171 R   0.00001 0.87434 0.12565 ( 2)  0.352  0.126
 172 A   0.00000 0.38358 0.61641 ( 3)  0.807  0.616
 173 K   0.00002 0.81226 0.18772 ( 2)  0.410  0.188
 174 -   0.10760 0.49212 0.40028 ( 2)  0.582  0.400
 175 -   0.10760 0.49212 0.40028 ( 2)  0.582  0.400
 176 -   0.10760 0.49212 0.40028 ( 2)  0.582  0.400
 177 -   0.10760 0.49212 0.40028 ( 2)  0.582  0.400
 178 -   0.00385 0.55143 0.44472 ( 2)  0.647  0.445
 179 N   0.00000 0.27494 0.72506 ( 3)  0.908  0.725
 180 S   0.00000 0.04336 0.95664 ( 3)  1.123  0.957
 181 G   0.00000 0.15687 0.84313 ( 3)  1.018  0.843
 182 I   0.00107 0.90296 0.09596 ( 2)  0.325  0.096
 183 C   0.00000 0.33862 0.66138 ( 3)  0.849  0.661
 184 D   0.04568 0.93876 0.01555 ( 2)  0.240  0.016
 185 P   0.00030 0.73045 0.26925 ( 2)  0.485  0.269
 186 C   0.00001 0.85993 0.14006 ( 2)  0.366  0.140
 187 D   0.00134 0.93968 0.05898 ( 2)  0.290  0.059
 188 S   0.00000 0.16300 0.83700 ( 3)  1.012  0.837
 189 Q   0.00052 0.72952 0.26995 ( 2)  0.486  0.270
 190 N   0.16083 0.81475 0.02442 ( 2)  0.221  0.024
 191 P   0.00017 0.55603 0.44380 ( 2)  0.647  0.444
 192 C   0.08261 0.91300 0.00439 ( 2)  0.221  0.004
 193 R   0.00000 0.35003 0.64997 ( 3)  0.839  0.650
 194 K   0.00000 0.43160 0.56840 ( 3)  0.763  0.568
 195 E   0.00000 0.08350 0.91650 ( 3)  1.086  0.916
 196 L   0.00000 0.55526 0.44474 ( 2)  0.648  0.445
 197 P   0.00015 0.58137 0.41848 ( 2)  0.624  0.418
 198 N   0.00000 0.05664 0.94336 ( 3)  1.111  0.943
 199 T   0.00000 0.03946 0.96054 ( 3)  1.127  0.961
 200 T   0.00000 0.14054 0.85946 ( 3)  1.033  0.859
 201 -   0.10927 0.49668 0.39405 ( 2)  0.576  0.394
 202 -   0.11027 0.49935 0.39039 ( 2)  0.572  0.390
 203 -   0.00846 0.73423 0.25731 ( 2)  0.472  0.257
 204 -   0.35354 0.60998 0.03648 ( 2)  0.188  0.036
 205 -   0.00000 0.03505 0.96495 ( 3)  1.131  0.965
 206 M   0.00014 0.74962 0.25024 ( 2)  0.468  0.250
 207 P   0.00000 0.07141 0.92859 ( 3)  1.097  0.929
 208 C   0.00000 0.25618 0.74382 ( 3)  0.926  0.744
 209 E   0.00068 0.94486 0.05446 ( 2)  0.286  0.054
 210 D   0.00001 0.58245 0.41754 ( 2)  0.623  0.418
 211 K   0.00000 0.59776 0.40224 ( 2)  0.609  0.402
 212 R   0.00000 0.01520 0.98480 ( 3)  1.149  0.985
 213 L   0.05373 0.92585 0.02042 ( 2)  0.242  0.020
 214 Y   0.00000 0.11529 0.88471 ( 3)  1.056  0.885
 215 S   0.00003 0.92214 0.07783 ( 2)  0.308  0.078
 216 H   0.91651 0.08331 0.00018 ( 1)  0.023  0.000
 217 R   0.56040 0.43287 0.00673 ( 1)  0.112  0.007
 218 L   0.55682 0.42364 0.01954 ( 1)  0.125  0.020
 219 A   0.02582 0.90341 0.07076 ( 2)  0.295  0.071
 220 Y   0.00056 0.95180 0.04764 ( 2)  0.280  0.048
 221 M   0.00001 0.47476 0.52524 ( 3)  0.723  0.525
 222 G   0.00000 0.68959 0.31041 ( 2)  0.524  0.310
 223 A   0.00001 0.81843 0.18156 ( 2)  0.404  0.182
 224 G   0.04026 0.94645 0.01329 ( 2)  0.239  0.013
 225 E   0.00044 0.96350 0.03606 ( 2)  0.269  0.036
 226 N   0.00000 0.35872 0.64128 ( 3)  0.831  0.641
 227 V   0.00000 0.45436 0.54564 ( 3)  0.742  0.546
 228 Y   0.00000 0.30426 0.69574 ( 3)  0.881  0.696
 229 -   0.07157 0.89720 0.03123 ( 2)  0.248  0.031
 230 -   0.00001 0.16598 0.83401 ( 3)  1.009  0.834
 231 -   0.38641 0.58755 0.02604 ( 2)  0.170  0.026
 232 -   0.36956 0.60220 0.02824 ( 2)  0.176  0.028
 233 -   0.00753 0.79429 0.19817 ( 2)  0.418  0.198
 234 -   0.00008 0.49514 0.50479 ( 3)  0.704  0.505
 235 -   0.00036 0.85172 0.14792 ( 2)  0.373  0.148
 236 P   0.00000 0.08196 0.91804 ( 3)  1.087  0.918
 237 P   0.00096 0.96778 0.03126 ( 2)  0.265  0.031
 238 P   0.00056 0.92675 0.07269 ( 2)  0.303  0.073
 239 S   0.00000 0.19404 0.80596 ( 3)  0.983  0.806
 240 L   0.59861 0.39780 0.00359 ( 1)  0.100  0.004
 241 T   0.00030 0.74268 0.25701 ( 2)  0.474  0.257
 242 Y   0.00089 0.97400 0.02511 ( 2)  0.259  0.025
 243 S   0.00000 0.38422 0.61578 ( 3)  0.807  0.616
 244 A   0.00000 0.10140 0.89860 ( 3)  1.069  0.899
 245 Y   0.00075 0.91805 0.08120 ( 2)  0.311  0.081
 246 G   0.70731 0.28999 0.00270 ( 1)  0.074  0.003
 247 W   0.52730 0.47101 0.00169 ( 1)  0.115  0.002
 248 T   0.79205 0.20580 0.00215 ( 1)  0.054  0.002
 249 H   0.83410 0.16517 0.00073 ( 1)  0.043  0.001
 250 V   0.00000 0.38160 0.61840 ( 3)  0.809  0.618
 251 S   0.93087 0.06896 0.00017 ( 1)  0.020  0.000

Positively selected sites

	Prob(w>1)  mean w

     1 P      0.585         0.778
    19 A      0.778         0.958
    20 R      0.931         1.099
    23 R      0.806         0.983
    29 D      0.572         0.767
    30 A      0.873         1.045
    37 S      0.784         0.963
    45 A      0.597         0.789
    48 R      0.991**       1.155
    49 M      0.976*        1.141
    51 D      0.691         0.877
    53 S      0.943         1.111
    55 Q      0.551         0.747
    56 K      0.771         0.951
    58 G      0.931         1.099
    59 L      0.826         1.002
    60 S      0.532         0.729
    62 E      0.593         0.786
    64 A      0.781         0.960
    65 S      0.647         0.836
    68 -      0.891         1.062
    70 -      0.552         0.747
    72 -      0.698         0.884
    73 -      0.616         0.807
    77 Q      0.942         1.109
    83 L      0.805         0.983
    84 H      0.941         1.108
    85 T      0.959*        1.125
    86 N      0.999**       1.162
    87 L      0.739         0.921
    94 T      0.970*        1.135
    95 P      0.961*        1.127
    96 T      0.759         0.940
    97 N      0.931         1.099
    98 D      0.766         0.947
   103 M      0.746         0.927
   104 F      0.528         0.725
   106 T      0.662         0.850
   108 Y      0.635         0.824
   110 F      0.950*        1.117
   111 P      0.551         0.747
   112 Y      0.864         1.037
   115 I      0.601         0.793
   121 E      0.905         1.075
   123 F      0.965*        1.130
   127 Y      0.946         1.113
   128 D      0.978*        1.143
   129 S      0.979*        1.143
   133 F      0.959*        1.126
   134 D      0.603         0.795
   136 L      0.978*        1.143
   137 A      0.665         0.853
   139 D      0.897         1.068
   140 N      0.980*        1.144
   143 F      0.558         0.752
   146 R      0.618         0.809
   147 Y      0.898         1.068
   149 D      0.977*        1.142
   152 Y      0.881         1.053
   154 E      0.998**       1.161
   155 L      0.741         0.923
   156 S      0.845         1.019
   158 Y      0.743         0.925
   160 K      0.731         0.913
   165 F      0.719         0.902
   166 Y      0.693         0.879
   169 P      0.760         0.940
   170 C      0.759         0.939
   172 A      0.616         0.807
   179 N      0.725         0.908
   180 S      0.957*        1.123
   181 G      0.843         1.018
   183 C      0.661         0.849
   188 S      0.837         1.012
   193 R      0.650         0.839
   194 K      0.568         0.763
   195 E      0.916         1.086
   198 N      0.943         1.111
   199 T      0.961*        1.127
   200 T      0.859         1.033
   205 -      0.965*        1.131
   207 P      0.929         1.097
   208 C      0.744         0.926
   212 R      0.985*        1.149
   214 Y      0.885         1.056
   221 M      0.525         0.723
   226 N      0.641         0.831
   227 V      0.546         0.742
   228 Y      0.696         0.881
   230 -      0.834         1.009
   234 -      0.505         0.704
   236 P      0.918         1.087
   239 S      0.806         0.983
   243 S      0.616         0.807
   244 A      0.899         1.069
   250 V      0.618         0.809


lnL = -3372.079369

