Supplemental results for CODEML (seqf: algn  treef: tree)


dN/dS (w) for site classes (K=9)

p:   0.10336  0.10336  0.10336  0.10336  0.10336  0.10336  0.10336  0.10336  0.17314
w:   0.01712  0.04633  0.07657  0.11007  0.14910  0.19751  0.26444  0.38766  1.23872

Naive Empirical Bayes (NEB) probabilities for 9 classes & postmean_w & P(w>1)
(amino acids refer to 1st sequence: BT_Cry32Ma1)

   1 -   0.10336 0.10336 0.10336 0.10336 0.10336 0.10336 0.10336 0.10336 0.17314 ( 9)  0.344  0.173
   2 -   0.10336 0.10336 0.10336 0.10336 0.10336 0.10336 0.10336 0.10336 0.17314 ( 9)  0.344  0.173
   3 G   0.35006 0.23295 0.15739 0.10553 0.06929 0.04384 0.02591 0.01272 0.00232 ( 1)  0.074  0.002
   4 V   0.33607 0.22743 0.15658 0.10751 0.07287 0.04822 0.03043 0.01665 0.00424 ( 1)  0.080  0.004
   5 Q   0.01039 0.05305 0.10117 0.14265 0.17122 0.18294 0.17411 0.13468 0.02979 ( 6)  0.223  0.030
   6 V   0.00811 0.04241 0.08300 0.12072 0.15073 0.16999 0.17573 0.16049 0.08880 ( 7)  0.296  0.089
   7 E   0.06673 0.12290 0.14218 0.14398 0.13663 0.12427 0.10867 0.08857 0.06608 ( 4)  0.223  0.066
   8 L   0.31372 0.22474 0.16228 0.11572 0.08030 0.05312 0.03213 0.01532 0.00267 ( 1)  0.081  0.003
   9 S   0.29912 0.21894 0.16157 0.11802 0.08429 0.05787 0.03688 0.01917 0.00414 ( 1)  0.087  0.004
  10 R   0.32791 0.23048 0.16275 0.11298 0.07590 0.04828 0.02783 0.01242 0.00146 ( 1)  0.076  0.001
  11 E   0.39528 0.24226 0.15133 0.09388 0.05702 0.03333 0.01808 0.00787 0.00095 ( 1)  0.064  0.001
  12 V   0.35392 0.23423 0.15725 0.10470 0.06824 0.04283 0.02502 0.01191 0.00190 ( 1)  0.073  0.002
  13 Y   0.39124 0.24144 0.15215 0.09534 0.05844 0.03431 0.01846 0.00775 0.00086 ( 1)  0.064  0.001
  14 S   0.00436 0.02559 0.05599 0.09124 0.12833 0.16446 0.19592 0.21230 0.12182 ( 8)  0.352  0.122
  15 T   0.33681 0.22677 0.15568 0.10685 0.07263 0.04840 0.03095 0.01731 0.00460 ( 1)  0.081  0.005
  16 V   0.08591 0.15514 0.17303 0.16578 0.14552 0.11885 0.08907 0.05515 0.01154 ( 3)  0.145  0.012
  17 Y   0.36504 0.23801 0.15745 0.10305 0.06557 0.03961 0.02160 0.00883 0.00084 ( 1)  0.068  0.001
  18 G   0.35235 0.23426 0.15763 0.10500 0.06835 0.04283 0.02508 0.01228 0.00222 ( 1)  0.073  0.002
  19 R   0.35717 0.23804 0.15973 0.10533 0.06712 0.04041 0.02199 0.00921 0.00100 ( 1)  0.070  0.001
  20 G   0.00869 0.04512 0.08783 0.12717 0.15801 0.17689 0.18003 0.15669 0.05958 ( 7)  0.264  0.060
  21 G   0.06498 0.12366 0.14528 0.14706 0.13723 0.12063 0.10019 0.07669 0.08427 ( 4)  0.239  0.084
  22 S   0.00001 0.00020 0.00091 0.00240 0.00498 0.00934 0.01775 0.04266 0.92177 ( 9)  1.166  0.922
  23 N   0.00164 0.01795 0.04586 0.07667 0.10492 0.12871 0.14890 0.16897 0.30637 ( 9)  0.538  0.306
  24 N   0.10796 0.17901 0.18543 0.16610 0.13687 0.10502 0.07337 0.04066 0.00558 ( 3)  0.126  0.006
  25 -   0.10433 0.10425 0.10415 0.10405 0.10393 0.10378 0.10358 0.10321 0.16871 ( 9)  0.338  0.169
  26 -   0.10497 0.10482 0.10467 0.10450 0.10430 0.10406 0.10373 0.10312 0.16584 ( 9)  0.335  0.166
  27 -   0.10497 0.10482 0.10467 0.10450 0.10430 0.10406 0.10373 0.10312 0.16584 ( 9)  0.335  0.166
  28 -   0.10637 0.10609 0.10580 0.10548 0.10511 0.10465 0.10402 0.10287 0.15959 ( 9)  0.328  0.160
  29 -   0.10414 0.10407 0.10400 0.10391 0.10382 0.10370 0.10354 0.10325 0.16957 ( 9)  0.339  0.170
  30 S   0.00352 0.02193 0.05040 0.08570 0.12513 0.16559 0.20238 0.22201 0.12334 ( 8)  0.358  0.123
  31 S   0.00048 0.00708 0.02360 0.05072 0.08785 0.13366 0.18608 0.24058 0.26995 ( 9)  0.524  0.270
  32 F   0.00005 0.00110 0.00515 0.01446 0.03171 0.06048 0.10696 0.18989 0.59020 ( 9)  0.852  0.590
  33 D   0.01939 0.08293 0.13465 0.16312 0.16954 0.15834 0.13373 0.09556 0.04274 ( 5)  0.214  0.043
  34 A   0.07984 0.14596 0.16518 0.16116 0.14481 0.12206 0.09579 0.06465 0.02056 ( 3)  0.160  0.021
  35 I   0.09644 0.17142 0.18670 0.17277 0.14421 0.10950 0.07361 0.03828 0.00707 ( 3)  0.129  0.007
  36 E   0.38200 0.24120 0.15457 0.09797 0.06045 0.03559 0.01919 0.00811 0.00093 ( 1)  0.066  0.001
  37 S   0.07839 0.14561 0.16700 0.16465 0.14885 0.12525 0.09659 0.06120 0.01247 ( 3)  0.151  0.012
  38 Q   0.00010 0.00149 0.00512 0.01166 0.02218 0.03880 0.06673 0.12705 0.72687 ( 9)  0.980  0.727
  39 I   0.01117 0.05319 0.09606 0.13012 0.15278 0.16400 0.16409 0.14903 0.07957 ( 7)  0.279  0.080
  40 V   0.07749 0.14089 0.16013 0.15826 0.14517 0.12577 0.10190 0.07078 0.01961 ( 3)  0.163  0.020
  41 R   0.32173 0.22573 0.16014 0.11255 0.07740 0.05130 0.03186 0.01661 0.00268 ( 1)  0.080  0.003
  42 P   0.00710 0.03782 0.07532 0.11139 0.14132 0.16184 0.16991 0.15911 0.13620 ( 7)  0.348  0.136
  43 P   0.29467 0.21936 0.16392 0.12069 0.08630 0.05870 0.03633 0.01735 0.00268 ( 1)  0.085  0.003
  44 H   0.42629 0.24900 0.14726 0.08571 0.04828 0.02581 0.01257 0.00474 0.00036 ( 1)  0.057  0.000
  45 L   0.27398 0.20978 0.16177 0.12356 0.09233 0.06632 0.04414 0.02372 0.00439 ( 1)  0.094  0.004
  46 V   0.33372 0.22831 0.15848 0.10930 0.07397 0.04837 0.02963 0.01509 0.00313 ( 1)  0.079  0.003
  47 T   0.06498 0.12796 0.15478 0.16057 0.15256 0.13493 0.10971 0.07458 0.01992 ( 4)  0.169  0.020
  48 E   0.00489 0.03119 0.07074 0.11569 0.15866 0.19195 0.20590 0.17949 0.04149 ( 7)  0.257  0.041
  49 L   0.28459 0.21514 0.16329 0.12225 0.08908 0.06198 0.03958 0.02013 0.00397 ( 1)  0.090  0.004
  50 T   0.30615 0.21630 0.15562 0.11205 0.08009 0.05639 0.03851 0.02396 0.01094 ( 1)  0.096  0.011
  51 N   0.00811 0.03758 0.06777 0.09392 0.11561 0.13360 0.14901 0.16360 0.23080 ( 9)  0.450  0.231
  52 L   0.30159 0.22074 0.16280 0.11863 0.08418 0.05701 0.03533 0.01720 0.00251 ( 1)  0.084  0.003
  53 K   0.00575 0.03036 0.06152 0.09464 0.12754 0.15849 0.18494 0.19878 0.13798 ( 8)  0.364  0.138
  54 I   0.08512 0.14587 0.15779 0.15011 0.13474 0.11702 0.09870 0.07711 0.03355 ( 3)  0.178  0.034
  55 E   0.00917 0.04530 0.08513 0.12055 0.14857 0.16785 0.17661 0.16686 0.07995 ( 7)  0.288  0.080
  56 Q   0.05728 0.11877 0.15016 0.16180 0.15843 0.14267 0.11550 0.07383 0.02156 ( 4)  0.173  0.022
  57 G   0.00194 0.01410 0.03703 0.07029 0.11205 0.15898 0.20554 0.23839 0.16167 ( 8)  0.406  0.162
  58 A   0.00383 0.02132 0.04501 0.07196 0.10122 0.13304 0.16881 0.21188 0.24293 ( 9)  0.481  0.243
  59 T   0.00009 0.00168 0.00664 0.01673 0.03406 0.06182 0.10640 0.18979 0.58278 ( 9)  0.843  0.583
  60 L   0.00050 0.00470 0.01384 0.02845 0.04910 0.07694 0.11492 0.17545 0.53610 ( 9)  0.789  0.536
  61 D   0.00086 0.01183 0.03729 0.07572 0.12342 0.17496 0.22201 0.24371 0.11020 ( 8)  0.354  0.110
  62 M   0.00007 0.00130 0.00544 0.01421 0.02956 0.05429 0.09399 0.16942 0.63171 ( 9)  0.890  0.632
  63 E   0.00602 0.03486 0.07450 0.11729 0.15713 0.18787 0.20132 0.17779 0.04323 ( 7)  0.257  0.043
  64 Q   0.00052 0.00327 0.00787 0.01465 0.02457 0.03968 0.06519 0.12241 0.72184 ( 9)  0.973  0.722
  65 I   0.00378 0.02139 0.04588 0.07426 0.10508 0.13753 0.17110 0.20471 0.23628 ( 9)  0.473  0.236
  66 Q   0.00366 0.02056 0.04371 0.07016 0.09873 0.12929 0.16272 0.20185 0.26933 ( 9)  0.507  0.269
  67 Y   0.00001 0.00035 0.00187 0.00569 0.01351 0.02846 0.05785 0.13054 0.76171 ( 9)  1.018  0.762
  68 -   0.10446 0.10436 0.10425 0.10414 0.10401 0.10384 0.10362 0.10320 0.16812 ( 9)  0.338  0.168
  69 P   0.00435 0.02421 0.05081 0.08000 0.10950 0.13778 0.16345 0.18394 0.24596 ( 9)  0.477  0.246
  70 K   0.00017 0.00262 0.00909 0.02053 0.03789 0.06265 0.09840 0.16009 0.60857 ( 9)  0.863  0.609
  71 Y   0.08634 0.15186 0.16689 0.15924 0.14079 0.11746 0.09189 0.06299 0.02254 ( 3)  0.160  0.023
  72 M   0.00001 0.00034 0.00198 0.00642 0.01594 0.03437 0.06972 0.15053 0.72069 ( 9)  0.980  0.721
  73 K   0.00576 0.03402 0.07334 0.11573 0.15482 0.18463 0.19791 0.17814 0.05563 ( 7)  0.270  0.056
  74 V   0.07782 0.13758 0.15202 0.14639 0.13186 0.11424 0.09648 0.07870 0.06490 ( 3)  0.214  0.065
  75 T   0.07421 0.13919 0.16130 0.16099 0.14776 0.12691 0.10096 0.06819 0.02050 ( 3)  0.163  0.021
  76 N   0.45599 0.24217 0.13497 0.07682 0.04415 0.02523 0.01379 0.00616 0.00071 ( 1)  0.056  0.001
  77 T   0.31589 0.22038 0.15645 0.11101 0.07805 0.05389 0.03587 0.02130 0.00715 ( 1)  0.089  0.007
  78 L   0.35713 0.23813 0.15989 0.10549 0.06721 0.04038 0.02184 0.00904 0.00089 ( 1)  0.069  0.001
  79 H   0.00135 0.01728 0.05038 0.09425 0.14077 0.18162 0.20796 0.20381 0.10258 ( 7)  0.333  0.103
  80 Y   0.00051 0.00737 0.02444 0.05231 0.09034 0.13711 0.19034 0.24447 0.25310 ( 9)  0.507  0.253
  81 V   0.08331 0.14753 0.16239 0.15480 0.13687 0.11500 0.09232 0.06831 0.03947 ( 3)  0.181  0.039
  82 G   0.33659 0.22976 0.15873 0.10867 0.07282 0.04706 0.02850 0.01458 0.00329 ( 1)  0.078  0.003
  83 S   0.00896 0.04747 0.09363 0.13643 0.16918 0.18674 0.18339 0.14500 0.02920 ( 6)  0.228  0.029
  84 S   0.07051 0.13486 0.15911 0.16146 0.15046 0.13088 0.10498 0.07053 0.01721 ( 4)  0.162  0.017
  85 S   0.00002 0.00028 0.00104 0.00257 0.00533 0.01037 0.02064 0.05080 0.90895 ( 9)  1.154  0.909
  86 T   0.34642 0.23133 0.15698 0.10597 0.07030 0.04519 0.02732 0.01381 0.00268 ( 1)  0.076  0.003
  87 W   0.00661 0.03621 0.07411 0.11270 0.14717 0.17355 0.18717 0.17630 0.08618 ( 7)  0.301  0.086
  88 E   0.35417 0.23364 0.15663 0.10432 0.06814 0.04299 0.02539 0.01247 0.00224 ( 1)  0.073  0.002
  89 Q   0.01145 0.05703 0.10629 0.14662 0.17228 0.18043 0.16867 0.12889 0.02835 ( 6)  0.218  0.028
  90 S   0.07992 0.14654 0.16650 0.16319 0.14726 0.12433 0.09684 0.06264 0.01279 ( 3)  0.151  0.013
  91 S   0.09398 0.15933 0.16921 0.15673 0.13567 0.11230 0.08879 0.06274 0.02125 ( 3)  0.156  0.021
  92 S   0.07449 0.14081 0.16393 0.16381 0.14994 0.12770 0.09982 0.06469 0.01479 ( 3)  0.156  0.015
  93 A   0.00680 0.03558 0.06997 0.10274 0.13038 0.15107 0.16370 0.16547 0.17430 ( 9)  0.391  0.174
  94 I   0.08825 0.15146 0.16318 0.15375 0.13582 0.11529 0.09422 0.07028 0.02774 ( 3)  0.167  0.028
  95 P   0.00055 0.00740 0.02300 0.04621 0.07503 0.10744 0.14223 0.18244 0.41570 ( 9)  0.663  0.416
  96 I   0.06912 0.13507 0.16091 0.16358 0.15176 0.13070 0.10313 0.06734 0.01839 ( 4)  0.162  0.018
  97 R   0.00543 0.03170 0.06779 0.10657 0.14287 0.17221 0.18964 0.18382 0.09997 ( 7)  0.319  0.100
  98 P   0.00603 0.03255 0.06593 0.09969 0.13033 0.15567 0.17397 0.18131 0.15453 ( 8)  0.376  0.155
  99 I   0.00084 0.01122 0.03455 0.06866 0.10982 0.15350 0.19401 0.21997 0.20745 ( 8)  0.451  0.207
 100 T   0.00611 0.03230 0.06440 0.09619 0.12458 0.14775 0.16437 0.17192 0.19237 ( 9)  0.413  0.192
 101 Q   0.00006 0.00089 0.00319 0.00767 0.01549 0.02905 0.05433 0.11619 0.77314 ( 9)  1.026  0.773
 102 I   0.06580 0.12684 0.15033 0.15348 0.14490 0.12964 0.11021 0.08454 0.03427 ( 4)  0.187  0.034
 103 H   0.01586 0.07428 0.13009 0.16788 0.18317 0.17590 0.14731 0.09440 0.01113 ( 5)  0.184  0.011
 104 T   0.08997 0.14735 0.15550 0.14676 0.13242 0.11650 0.09955 0.07796 0.03398 ( 3)  0.178  0.034
 105 I   0.05214 0.09903 0.11789 0.12315 0.12145 0.11659 0.11098 0.10660 0.15217 ( 9)  0.328  0.152
 106 P   0.00467 0.02512 0.05074 0.07659 0.10013 0.12010 0.13648 0.15258 0.33358 ( 9)  0.561  0.334
 107 A   0.06934 0.13365 0.15830 0.16090 0.15002 0.13060 0.10517 0.07182 0.02020 ( 4)  0.166  0.020
 108 N   0.00102 0.01301 0.03823 0.07302 0.11297 0.15393 0.19164 0.21818 0.19800 ( 8)  0.439  0.198
 109 N   0.01775 0.07833 0.13063 0.16214 0.17240 0.16465 0.14217 0.10304 0.02888 ( 5)  0.203  0.029
 110 I   0.38574 0.23804 0.15039 0.09517 0.05976 0.03683 0.02168 0.01073 0.00165 ( 1)  0.068  0.002
 111 G   0.01873 0.08217 0.13658 0.16907 0.17884 0.16854 0.14056 0.09187 0.01364 ( 5)  0.183  0.014
 112 N   0.01813 0.08099 0.13656 0.17075 0.18149 0.17058 0.14025 0.08821 0.01304 ( 5)  0.181  0.013
 113 L   0.07594 0.14436 0.16805 0.16707 0.15137 0.12691 0.09696 0.06036 0.00897 ( 3)  0.147  0.009
 114 S   0.00629 0.03440 0.07054 0.10787 0.14221 0.17019 0.18772 0.18383 0.09696 ( 7)  0.315  0.097
 115 L   0.29328 0.21878 0.16384 0.12089 0.08662 0.05904 0.03664 0.01769 0.00322 ( 1)  0.086  0.003
 116 S   0.00001 0.00026 0.00147 0.00465 0.01143 0.02481 0.05203 0.12253 0.78280 ( 9)  1.038  0.783
 117 Q   0.04100 0.08728 0.11418 0.12891 0.13489 0.13433 0.12873 0.11833 0.11233 ( 5)  0.293  0.112
 118 L   0.00129 0.00757 0.01688 0.02871 0.04351 0.06289 0.09136 0.14748 0.60031 ( 9)  0.849  0.600
 119 D   0.00002 0.00083 0.00496 0.01611 0.03870 0.07790 0.14046 0.24084 0.48018 ( 9)  0.749  0.480
 120 V   0.07014 0.12625 0.14206 0.13952 0.12851 0.11439 0.10013 0.08684 0.09217 ( 3)  0.249  0.092
 121 P   0.33819 0.23481 0.16335 0.11126 0.07288 0.04472 0.02435 0.00966 0.00079 ( 1)  0.072  0.001
 122 Y   0.00056 0.00739 0.02250 0.04435 0.07078 0.09988 0.13095 0.16868 0.45489 ( 9)  0.701  0.455
 123 R   0.00026 0.00407 0.01448 0.03332 0.06217 0.10284 0.15833 0.23671 0.38783 ( 9)  0.649  0.388
 124 F   0.09649 0.17199 0.18796 0.17459 0.14614 0.11083 0.07341 0.03542 0.00317 ( 3)  0.124  0.003
 125 S   0.08008 0.14800 0.16887 0.16558 0.14875 0.12421 0.09482 0.05899 0.01070 ( 3)  0.147  0.011
 126 F   0.30930 0.22283 0.16195 0.11643 0.08167 0.05481 0.03379 0.01643 0.00279 ( 1)  0.083  0.003
 127 Y   0.01279 0.06158 0.11150 0.14996 0.17241 0.17727 0.16322 0.12282 0.02845 ( 6)  0.215  0.028
 128 N   0.07612 0.14145 0.16300 0.16217 0.14859 0.12735 0.10063 0.06600 0.01468 ( 3)  0.156  0.015
 129 K   0.00004 0.00131 0.00654 0.01835 0.03914 0.07158 0.12028 0.20061 0.54214 ( 9)  0.804  0.542
 130 D   0.01204 0.05728 0.10311 0.13884 0.16136 0.17012 0.16441 0.13728 0.05556 ( 6)  0.249  0.056
 131 D   0.00003 0.00103 0.00539 0.01587 0.03542 0.06755 0.11782 0.20232 0.55456 ( 9)  0.817  0.555
 132 A   0.00014 0.00221 0.00776 0.01770 0.03312 0.05609 0.09190 0.16192 0.62916 ( 9)  0.885  0.629
 133 L   0.00007 0.00110 0.00401 0.00969 0.01950 0.03597 0.06498 0.12982 0.73487 ( 9)  0.989  0.735
 134 I   0.01051 0.04973 0.08946 0.12111 0.14277 0.15480 0.15771 0.14821 0.12569 ( 7)  0.329  0.126
 135 A   0.00106 0.01401 0.04251 0.08298 0.12978 0.17617 0.21354 0.22376 0.11618 ( 8)  0.354  0.116
 136 A   0.00114 0.00760 0.01884 0.03502 0.05690 0.08613 0.12647 0.19120 0.47670 ( 9)  0.729  0.477
 137 V   0.19944 0.17571 0.15442 0.13416 0.11427 0.09411 0.07263 0.04639 0.00888 ( 1)  0.122  0.009
 138 G   0.15933 0.14925 0.13957 0.12968 0.11916 0.10744 0.09338 0.07276 0.02943 ( 1)  0.163  0.029
 139 A   0.00009 0.00075 0.00230 0.00521 0.01037 0.01951 0.03708 0.08253 0.84216 ( 9)  1.091  0.842
 140 E   0.12080 0.11879 0.11675 0.11454 0.11202 0.10899 0.10497 0.09801 0.10511 ( 1)  0.263  0.105
 141 F   0.00598 0.01609 0.02645 0.03779 0.05082 0.06674 0.08827 0.12653 0.58133 ( 9)  0.820  0.581
 142 P   0.11904 0.11730 0.11553 0.11360 0.11140 0.10873 0.10517 0.09895 0.11029 ( 1)  0.270  0.110
 143 P   0.11571 0.11440 0.11306 0.11160 0.10992 0.10787 0.10512 0.10025 0.12207 ( 9)  0.284  0.122
 144 N   0.00015 0.00243 0.00887 0.02093 0.04023 0.06928 0.11338 0.19109 0.55365 ( 9)  0.813  0.554
 145 T   0.00006 0.00097 0.00342 0.00801 0.01566 0.02825 0.05068 0.10435 0.78861 ( 9)  1.040  0.789
 146 V   0.00045 0.00682 0.02348 0.05187 0.09198 0.14254 0.20047 0.25638 0.22600 ( 8)  0.482  0.226
 147 T   0.00000 0.00003 0.00021 0.00073 0.00198 0.00481 0.01158 0.03439 0.94626 ( 9)  1.190  0.946
 148 W   0.00695 0.03751 0.07582 0.11405 0.14749 0.17247 0.18470 0.17323 0.08777 ( 7)  0.301  0.088
 149 N   0.10696 0.17853 0.18544 0.16609 0.13659 0.10455 0.07312 0.04134 0.00738 ( 3)  0.128  0.007
 150 G   0.00470 0.02709 0.05839 0.09379 0.13002 0.16410 0.19210 0.20338 0.12643 ( 8)  0.354  0.126
 151 I   0.07085 0.13728 0.16313 0.16577 0.15358 0.13148 0.10207 0.06381 0.01202 ( 4)  0.154  0.012
 152 P   0.07596 0.14415 0.16784 0.16710 0.15169 0.12734 0.09715 0.05988 0.00889 ( 3)  0.147  0.009
 153 K   0.00956 0.04912 0.09432 0.13409 0.16257 0.17605 0.17112 0.13936 0.06381 ( 6)  0.262  0.064
 154 A   0.00010 0.00152 0.00545 0.01276 0.02459 0.04296 0.07271 0.13353 0.70637 ( 9)  0.960  0.706
 155 E   0.00930 0.04997 0.09870 0.14269 0.17411 0.18754 0.17797 0.13385 0.02587 ( 6)  0.220  0.026
 156 D   0.00071 0.00987 0.03128 0.06404 0.10571 0.15300 0.20142 0.24085 0.19312 ( 8)  0.442  0.193
 157 S   0.01597 0.07380 0.12808 0.16440 0.17927 0.17328 0.14785 0.09973 0.01762 ( 5)  0.192  0.018
 158 N   0.13729 0.19769 0.18257 0.14985 0.11713 0.08913 0.06572 0.04359 0.01703 ( 2)  0.132  0.017
 159 Q   0.04427 0.09809 0.13177 0.15090 0.15775 0.15332 0.13707 0.10287 0.02396 ( 5)  0.192  0.024
 160 N   0.01033 0.05248 0.09975 0.14048 0.16883 0.18124 0.17414 0.13725 0.03550 ( 6)  0.230  0.035
 161 S   0.01270 0.06265 0.11543 0.15684 0.18051 0.18337 0.16298 0.11131 0.01421 ( 6)  0.196  0.014
 162 -   0.10507 0.10492 0.10475 0.10458 0.10437 0.10411 0.10375 0.10310 0.16535 ( 9)  0.335  0.165
 163 -   0.10421 0.10413 0.10405 0.10396 0.10386 0.10373 0.10355 0.10323 0.16929 ( 9)  0.339  0.169
 164 -   0.10384 0.10380 0.10375 0.10370 0.10364 0.10357 0.10347 0.10329 0.17093 ( 9)  0.341  0.171
 165 -   0.10495 0.10480 0.10465 0.10449 0.10429 0.10405 0.10372 0.10312 0.16592 ( 9)  0.335  0.166
 166 H   0.42613 0.24894 0.14726 0.08574 0.04833 0.02585 0.01261 0.00477 0.00037 ( 1)  0.057  0.000
 167 H   0.08704 0.15921 0.17902 0.17187 0.14975 0.11941 0.08457 0.04511 0.00403 ( 3)  0.132  0.004
 168 L   0.26949 0.20977 0.16368 0.12591 0.09421 0.06719 0.04373 0.02207 0.00394 ( 1)  0.093  0.004
 169 S   0.06906 0.13174 0.15501 0.15690 0.14598 0.12716 0.10306 0.07286 0.03824 ( 4)  0.186  0.038
 170 Y   0.39105 0.24137 0.15215 0.09538 0.05850 0.03437 0.01852 0.00780 0.00088 ( 1)  0.065  0.001
 171 V   0.37871 0.23861 0.15319 0.09786 0.06142 0.03733 0.02131 0.01005 0.00151 ( 1)  0.068  0.002
 172 G   0.00111 0.01396 0.04080 0.07749 0.11923 0.16131 0.19859 0.22047 0.16705 ( 8)  0.407  0.167
 173 A   0.30099 0.21588 0.15728 0.11438 0.08228 0.05792 0.03910 0.02336 0.00881 ( 1)  0.094  0.009
 174 L   0.06251 0.12446 0.15205 0.15924 0.15270 0.13635 0.11212 0.07772 0.02285 ( 4)  0.174  0.023
 175 G   0.00057 0.00733 0.02189 0.04300 0.06947 0.10102 0.13925 0.19340 0.42407 ( 9)  0.674  0.424
 176 T   0.00933 0.04755 0.09114 0.13014 0.15965 0.17654 0.17736 0.15183 0.05645 ( 7)  0.258  0.056
 177 Q   0.01052 0.05306 0.10020 0.14024 0.16755 0.17899 0.17175 0.13719 0.04050 ( 6)  0.235  0.041
 178 S   0.00038 0.00525 0.01686 0.03533 0.06048 0.09264 0.13379 0.19349 0.46179 ( 9)  0.715  0.462
 179 S   0.05613 0.11082 0.13535 0.14302 0.14013 0.13032 0.11563 0.09542 0.07318 ( 4)  0.237  0.073
 180 A   0.08098 0.15052 0.17189 0.16785 0.14936 0.12276 0.09148 0.05485 0.01031 ( 3)  0.145  0.010
 181 G   0.17278 0.15872 0.14550 0.13229 0.11859 0.10379 0.08668 0.06303 0.01863 ( 1)  0.145  0.019
 182 F   0.00095 0.00644 0.01624 0.03076 0.05103 0.07914 0.11985 0.19015 0.50543 ( 9)  0.760  0.505
 183 P   0.00000 0.00003 0.00020 0.00074 0.00212 0.00550 0.01422 0.04534 0.93185 ( 9)  1.177  0.932
 184 W   0.00000 0.00009 0.00041 0.00120 0.00292 0.00662 0.01521 0.04348 0.93007 ( 9)  1.175  0.930
 185 -   0.10336 0.10336 0.10336 0.10336 0.10336 0.10336 0.10336 0.10336 0.17314 ( 9)  0.344  0.173
 186 T   0.00693 0.03784 0.07710 0.11668 0.15143 0.17712 0.18865 0.17299 0.07127 ( 7)  0.283  0.071
 187 Y   0.39105 0.24137 0.15215 0.09538 0.05850 0.03437 0.01852 0.00780 0.00088 ( 1)  0.065  0.001
 188 P   0.00413 0.02426 0.05317 0.08685 0.12256 0.15778 0.18933 0.20874 0.15316 ( 8)  0.385  0.153
 189 T   0.00007 0.00117 0.00447 0.01112 0.02273 0.04197 0.07470 0.14256 0.70120 ( 9)  0.957  0.701
 190 E   0.00000 0.00000 0.00001 0.00004 0.00022 0.00093 0.00372 0.01903 0.97604 ( 9)  1.218  0.976
 191 L   0.00283 0.01696 0.03809 0.06406 0.09375 0.12662 0.16276 0.20395 0.29098 ( 9)  0.532  0.291
 192 L   0.05806 0.11755 0.14596 0.15554 0.15214 0.13917 0.11815 0.08613 0.02730 ( 4)  0.183  0.027
 193 G   0.33683 0.23060 0.15954 0.10921 0.07299 0.04684 0.02791 0.01362 0.00245 ( 1)  0.077  0.002
 194 E   0.01118 0.05647 0.10650 0.14828 0.17533 0.18380 0.17022 0.12487 0.02335 ( 6)  0.212  0.023
 195 W   0.24511 0.20203 0.16564 0.13319 0.10356 0.07606 0.04997 0.02357 0.00087 ( 1)  0.095  0.001
 196 G   0.33905 0.23135 0.15952 0.10878 0.07239 0.04621 0.02734 0.01317 0.00218 ( 1)  0.076  0.002
 197 F   0.01536 0.07245 0.12777 0.16603 0.18245 0.17655 0.14914 0.09685 0.01340 ( 5)  0.187  0.013
 198 G   0.38277 0.24074 0.15385 0.09738 0.06016 0.03567 0.01962 0.00875 0.00107 ( 1)  0.066  0.001
 199 W   0.24511 0.20203 0.16564 0.13319 0.10356 0.07606 0.04997 0.02357 0.00087 ( 1)  0.095  0.001
 200 L   0.26891 0.20914 0.16314 0.12556 0.09412 0.06740 0.04426 0.02292 0.00454 ( 1)  0.094  0.005
 201 H   0.38730 0.24471 0.15593 0.09751 0.05869 0.03309 0.01651 0.00590 0.00036 ( 1)  0.063  0.000
 202 N   0.01578 0.07223 0.12466 0.15978 0.17488 0.17089 0.14930 0.10669 0.02580 ( 5)  0.203  0.026
 203 -   0.10336 0.10336 0.10336 0.10336 0.10336 0.10336 0.10336 0.10336 0.17314 ( 9)  0.344  0.173

Positively selected sites

	Prob(w>1)  mean w

    22 S      0.922         1.166
    32 F      0.590         0.852
    38 Q      0.727         0.980
    59 T      0.583         0.843
    60 L      0.536         0.789
    62 M      0.632         0.890
    64 Q      0.722         0.973
    67 Y      0.762         1.018
    70 K      0.609         0.863
    72 M      0.721         0.980
    85 S      0.909         1.154
   101 Q      0.773         1.026
   116 S      0.783         1.038
   118 L      0.600         0.849
   129 K      0.542         0.804
   131 D      0.555         0.817
   132 A      0.629         0.885
   133 L      0.735         0.989
   139 A      0.842         1.091
   141 F      0.581         0.820
   144 N      0.554         0.813
   145 T      0.789         1.040
   147 T      0.946         1.190
   154 A      0.706         0.960
   182 F      0.505         0.760
   183 P      0.932         1.177
   184 W      0.930         1.175
   189 T      0.701         0.957
   190 E      0.976*        1.218


lnL = -2306.402176

Bayes Empirical Bayes (BEB) probabilities for 11 classes (class) & postmean_w
(amino acids refer to 1st sequence: BT_Cry32Ma1)

   1 -   0.39261 0.13722 0.09772 0.07614 0.06143 0.05020 0.04094 0.03285 0.02535 0.01825 0.06729 ( 1)  0.369 +-  0.541
   2 -   0.39261 0.13722 0.09772 0.07614 0.06143 0.05020 0.04094 0.03285 0.02535 0.01825 0.06729 ( 1)  0.369 +-  0.541
   3 G   0.85152 0.09412 0.02817 0.01175 0.00600 0.00343 0.00207 0.00128 0.00077 0.00044 0.00045 ( 1)  0.077 +-  0.087
   4 V   0.83253 0.09888 0.03256 0.01490 0.00818 0.00494 0.00313 0.00200 0.00126 0.00074 0.00089 ( 1)  0.083 +-  0.105
   5 Q   0.25123 0.25029 0.18401 0.11898 0.07503 0.04736 0.02998 0.01885 0.01156 0.00680 0.00591 ( 1)  0.257 +-  0.221
   6 V   0.19132 0.20947 0.17306 0.12772 0.09230 0.06645 0.04754 0.03347 0.02274 0.01466 0.02126 ( 2)  0.331 +-  0.298
   7 E   0.47846 0.17995 0.10504 0.06865 0.04825 0.03526 0.02610 0.01916 0.01357 0.00902 0.01655 ( 1)  0.221 +-  0.285
   8 L   0.82596 0.10866 0.03470 0.01429 0.00699 0.00385 0.00228 0.00140 0.00085 0.00049 0.00052 ( 1)  0.081 +-  0.093
   9 S   0.80696 0.11404 0.03934 0.01743 0.00905 0.00520 0.00317 0.00199 0.00123 0.00072 0.00086 ( 1)  0.087 +-  0.107
  10 R   0.84316 0.10254 0.03032 0.01178 0.00552 0.00292 0.00166 0.00097 0.00056 0.00031 0.00025 ( 1)  0.076 +-  0.081
  11 E   0.88594 0.07831 0.02026 0.00762 0.00357 0.00189 0.00107 0.00062 0.00036 0.00020 0.00018 ( 1)  0.068 +-  0.067
  12 V   0.85601 0.09276 0.02731 0.01114 0.00551 0.00304 0.00178 0.00107 0.00064 0.00036 0.00039 ( 1)  0.075 +-  0.083
  13 Y   0.88391 0.08027 0.02074 0.00759 0.00345 0.00179 0.00100 0.00058 0.00033 0.00018 0.00016 ( 1)  0.068 +-  0.066
  14 S   0.10944 0.16658 0.17473 0.15073 0.11953 0.09044 0.06612 0.04671 0.03146 0.01990 0.02435 ( 3)  0.393 +-  0.299
  15 T   0.83050 0.09864 0.03304 0.01541 0.00858 0.00523 0.00333 0.00214 0.00135 0.00080 0.00098 ( 1)  0.084 +-  0.108
  16 V   0.60365 0.19288 0.08985 0.04687 0.02664 0.01597 0.00985 0.00612 0.00373 0.00217 0.00227 ( 1)  0.139 +-  0.163
  17 Y   0.87000 0.08934 0.02403 0.00868 0.00380 0.00189 0.00102 0.00058 0.00033 0.00018 0.00015 ( 1)  0.070 +-  0.068
  18 G   0.85470 0.09272 0.02728 0.01133 0.00579 0.00332 0.00202 0.00124 0.00075 0.00043 0.00042 ( 1)  0.076 +-  0.086
  19 R   0.86709 0.09092 0.02431 0.00890 0.00404 0.00210 0.00118 0.00068 0.00039 0.00021 0.00017 ( 1)  0.071 +-  0.071
  20 G   0.20683 0.22307 0.18087 0.12892 0.08876 0.06050 0.04097 0.02740 0.01779 0.01105 0.01383 ( 2)  0.303 +-  0.268
  21 G   0.48909 0.18331 0.09935 0.06114 0.04200 0.03098 0.02367 0.01819 0.01362 0.00962 0.02904 ( 1)  0.237 +-  0.361
  22 S   0.00098 0.00695 0.01536 0.02561 0.03732 0.04896 0.05869 0.06462 0.06476 0.05702 0.61975 (11)  1.607 +-  1.078
  23 N   0.08210 0.14221 0.13926 0.12242 0.10508 0.08884 0.07381 0.05978 0.04632 0.03344 0.10674 ( 2)  0.558 +-  0.544
  24 N   0.67234 0.17737 0.07354 0.03498 0.01827 0.01013 0.00584 0.00343 0.00199 0.00111 0.00100 ( 1)  0.115 +-  0.132
  25 -   0.39617 0.13806 0.09804 0.07616 0.06127 0.04992 0.04060 0.03249 0.02500 0.01795 0.06435 ( 1)  0.361 +-  0.525
  26 -   0.39848 0.13861 0.09824 0.07618 0.06117 0.04975 0.04038 0.03225 0.02477 0.01775 0.06241 ( 1)  0.356 +-  0.515
  27 -   0.39848 0.13861 0.09824 0.07618 0.06117 0.04975 0.04038 0.03225 0.02477 0.01775 0.06241 ( 1)  0.356 +-  0.515
  28 -   0.40354 0.13978 0.09866 0.07618 0.06091 0.04933 0.03988 0.03171 0.02426 0.01732 0.05844 ( 1)  0.345 +-  0.494
  29 -   0.39547 0.13790 0.09798 0.07617 0.06131 0.04998 0.04067 0.03256 0.02507 0.01801 0.06487 ( 1)  0.362 +-  0.528
  30 S   0.09411 0.16182 0.17894 0.15682 0.12402 0.09287 0.06710 0.04692 0.03139 0.01982 0.02619 ( 3)  0.402 +-  0.305
  31 S   0.03048 0.10817 0.15236 0.15411 0.13620 0.11236 0.08866 0.06727 0.04852 0.03258 0.06930 ( 4)  0.533 +-  0.422
  32 F   0.00490 0.03918 0.08357 0.11166 0.12149 0.11832 0.10725 0.09164 0.07319 0.05293 0.19586 (11)  0.815 +-  0.691
  33 D   0.37463 0.24302 0.14202 0.08399 0.05266 0.03464 0.02346 0.01604 0.01078 0.00695 0.01182 ( 1)  0.226 +-  0.256
  34 A   0.56949 0.19191 0.09556 0.05346 0.03253 0.02081 0.01363 0.00895 0.00573 0.00349 0.00445 ( 1)  0.157 +-  0.193
  35 I   0.65922 0.18983 0.07563 0.03392 0.01730 0.00975 0.00585 0.00361 0.00220 0.00129 0.00140 ( 1)  0.117 +-  0.137
  36 E   0.88030 0.08256 0.02142 0.00788 0.00360 0.00187 0.00105 0.00061 0.00035 0.00019 0.00017 ( 1)  0.069 +-  0.068
  37 S   0.57559 0.19950 0.09795 0.05233 0.02993 0.01791 0.01099 0.00679 0.00412 0.00239 0.00250 ( 1)  0.147 +-  0.170
  38 Q   0.00717 0.03117 0.05951 0.08275 0.09834 0.10578 0.10552 0.09824 0.08438 0.06436 0.26279 (11)  0.915 +-  0.687
  39 I   0.23491 0.21038 0.16107 0.11747 0.08558 0.06213 0.04459 0.03131 0.02113 0.01346 0.01796 ( 1)  0.309 +-  0.288
  40 V   0.55153 0.19289 0.10124 0.05834 0.03575 0.02270 0.01465 0.00944 0.00593 0.00354 0.00398 ( 1)  0.162 +-  0.192
  41 R   0.82716 0.10468 0.03412 0.01504 0.00793 0.00459 0.00277 0.00168 0.00100 0.00055 0.00047 ( 1)  0.082 +-  0.096
  42 P   0.17073 0.19644 0.16683 0.12556 0.09300 0.06937 0.05195 0.03854 0.02769 0.01885 0.04104 ( 2)  0.379 +-  0.381
  43 P   0.81017 0.11679 0.03907 0.01624 0.00781 0.00418 0.00240 0.00143 0.00086 0.00049 0.00056 ( 1)  0.084 +-  0.097
  44 H   0.90984 0.06667 0.01449 0.00480 0.00205 0.00101 0.00054 0.00030 0.00016 0.00008 0.00006 ( 1)  0.063 +-  0.052
  45 L   0.77969 0.12516 0.04676 0.02148 0.01122 0.00639 0.00383 0.00236 0.00143 0.00082 0.00085 ( 1)  0.093 +-  0.113
  46 V   0.83635 0.10033 0.03193 0.01381 0.00717 0.00413 0.00252 0.00157 0.00096 0.00056 0.00067 ( 1)  0.080 +-  0.097
  47 T   0.51747 0.20724 0.11143 0.06329 0.03799 0.02373 0.01515 0.00971 0.00609 0.00365 0.00425 ( 1)  0.170 +-  0.195
  48 E   0.14885 0.22736 0.20795 0.15078 0.10041 0.06464 0.04098 0.02563 0.01562 0.00919 0.00859 ( 2)  0.309 +-  0.236
  49 L   0.79622 0.12051 0.04224 0.01846 0.00938 0.00529 0.00319 0.00199 0.00122 0.00071 0.00079 ( 1)  0.089 +-  0.107
  50 T   0.79389 0.10827 0.04032 0.02054 0.01242 0.00820 0.00563 0.00389 0.00261 0.00164 0.00257 ( 1)  0.098 +-  0.143
  51 N   0.15868 0.15321 0.13731 0.11709 0.09852 0.08181 0.06659 0.05260 0.03957 0.02766 0.06696 ( 1)  0.454 +-  0.446
  52 L   0.81409 0.11398 0.03799 0.01599 0.00785 0.00428 0.00249 0.00148 0.00088 0.00049 0.00048 ( 1)  0.083 +-  0.096
  53 K   0.12919 0.16677 0.16683 0.14232 0.11326 0.08671 0.06450 0.04653 0.03210 0.02080 0.03100 ( 3)  0.396 +-  0.326
  54 I   0.55085 0.17397 0.09425 0.05949 0.04020 0.02783 0.01929 0.01319 0.00869 0.00538 0.00685 ( 1)  0.177 +-  0.221
  55 E   0.19934 0.20259 0.16991 0.12921 0.09498 0.06843 0.04840 0.03342 0.02218 0.01393 0.01761 ( 2)  0.326 +-  0.286
  56 Q   0.49647 0.22092 0.12075 0.06577 0.03709 0.02195 0.01361 0.00872 0.00561 0.00350 0.00560 ( 1)  0.173 +-  0.203
  57 G   0.06011 0.14160 0.17555 0.16190 0.13250 0.10226 0.07602 0.05458 0.03738 0.02401 0.03408 ( 3)  0.440 +-  0.320
  58 A   0.08655 0.12609 0.14224 0.13777 0.12317 0.10409 0.08393 0.06457 0.04680 0.03126 0.05354 ( 3)  0.480 +-  0.375
  59 T   0.00744 0.04288 0.08509 0.11320 0.12536 0.12472 0.11498 0.09914 0.07914 0.05657 0.15148 (11)  0.723 +-  0.511
  60 L   0.02070 0.06414 0.09823 0.11314 0.11539 0.10997 0.09970 0.08603 0.06961 0.05106 0.17203 (11)  0.739 +-  0.609
  61 D   0.05362 0.15966 0.19500 0.17260 0.13412 0.09779 0.06864 0.04668 0.03045 0.01884 0.02261 ( 3)  0.410 +-  0.286
  62 M   0.00606 0.03891 0.07850 0.10521 0.11813 0.11997 0.11334 0.10026 0.08205 0.05994 0.17763 (11)  0.765 +-  0.541
  63 E   0.16309 0.22297 0.20130 0.14729 0.09928 0.06460 0.04129 0.02597 0.01589 0.00937 0.00894 ( 2)  0.307 +-  0.240
  64 Q   0.01488 0.03464 0.05883 0.08016 0.09570 0.10393 0.10456 0.09795 0.08442 0.06445 0.26048 (11)  0.910 +-  0.701
  65 I   0.08927 0.13427 0.14867 0.13856 0.11962 0.09871 0.07864 0.06038 0.04403 0.02982 0.05803 ( 3)  0.477 +-  0.393
  66 Q   0.08506 0.12538 0.14007 0.13420 0.11946 0.10128 0.08247 0.06443 0.04763 0.03255 0.06747 ( 3)  0.501 +-  0.413
  67 Y   0.00179 0.01879 0.04933 0.08051 0.10433 0.11736 0.11925 0.11113 0.09434 0.07022 0.23296 (11)  0.878 +-  0.605
  68 -   0.39663 0.13817 0.09809 0.07617 0.06126 0.04989 0.04056 0.03244 0.02496 0.01791 0.06391 ( 1)  0.360 +-  0.523
  69 P   0.10427 0.14483 0.14858 0.13103 0.10942 0.08902 0.07103 0.05531 0.04130 0.02888 0.07632 ( 3)  0.494 +-  0.470
  70 K   0.01217 0.05112 0.08599 0.10471 0.11149 0.11023 0.10319 0.09157 0.07585 0.05655 0.19713 (11)  0.785 +-  0.605
  71 Y   0.58302 0.18451 0.09066 0.05116 0.03182 0.02090 0.01405 0.00942 0.00613 0.00376 0.00458 ( 1)  0.156 +-  0.194
  72 M   0.00169 0.02133 0.05728 0.09063 0.11255 0.12172 0.11970 0.10870 0.09046 0.06647 0.20946 (11)  0.837 +-  0.578
  73 K   0.15788 0.21768 0.19596 0.14500 0.10029 0.06760 0.04493 0.02938 0.01861 0.01128 0.01139 ( 2)  0.318 +-  0.252
  74 V   0.52287 0.17078 0.09227 0.05976 0.04276 0.03188 0.02395 0.01775 0.01266 0.00846 0.01687 ( 1)  0.209 +-  0.288
  75 T   0.55043 0.19772 0.10143 0.05700 0.03443 0.02179 0.01413 0.00920 0.00586 0.00355 0.00446 ( 1)  0.162 +-  0.195
  76 N   0.90815 0.06321 0.01607 0.00619 0.00292 0.00154 0.00086 0.00049 0.00028 0.00015 0.00014 ( 1)  0.065 +-  0.061
  77 T   0.80815 0.10563 0.03782 0.01855 0.01079 0.00686 0.00453 0.00301 0.00195 0.00118 0.00152 ( 1)  0.091 +-  0.124
  78 L   0.86752 0.09104 0.02419 0.00877 0.00395 0.00204 0.00114 0.00065 0.00037 0.00020 0.00015 ( 1)  0.071 +-  0.070
  79 H   0.08246 0.19354 0.19842 0.15782 0.11624 0.08321 0.05859 0.04047 0.02702 0.01721 0.02502 ( 3)  0.385 +-  0.302
  80 Y   0.03170 0.11107 0.15570 0.15672 0.13760 0.11265 0.08817 0.06633 0.04742 0.03157 0.06108 ( 4)  0.517 +-  0.395
  81 V   0.56301 0.17817 0.08983 0.05372 0.03571 0.02498 0.01778 0.01259 0.00864 0.00558 0.00998 ( 1)  0.177 +-  0.243
  82 G   0.83983 0.09861 0.03073 0.01326 0.00699 0.00412 0.00257 0.00163 0.00102 0.00059 0.00065 ( 1)  0.080 +-  0.096
  83 S   0.22643 0.24773 0.19290 0.12788 0.08062 0.05008 0.03097 0.01902 0.01144 0.00666 0.00627 ( 2)  0.266 +-  0.223
  84 S   0.53891 0.20282 0.10611 0.05959 0.03553 0.02203 0.01394 0.00884 0.00548 0.00324 0.00352 ( 1)  0.162 +-  0.187
  85 S   0.00139 0.00767 0.01827 0.03144 0.04543 0.05821 0.06790 0.07282 0.07118 0.06112 0.56456 (11)  1.501 +-  1.039
  86 T   0.84633 0.09554 0.02957 0.01268 0.00655 0.00376 0.00227 0.00140 0.00085 0.00049 0.00055 ( 1)  0.078 +-  0.092
  87 W   0.16319 0.20290 0.18129 0.13840 0.10044 0.07152 0.05034 0.03483 0.02329 0.01480 0.01900 ( 2)  0.340 +-  0.284
  88 E   0.85401 0.09267 0.02764 0.01154 0.00588 0.00336 0.00203 0.00125 0.00076 0.00043 0.00041 ( 1)  0.076 +-  0.086
  89 Q   0.26869 0.25150 0.17866 0.11398 0.07173 0.04537 0.02879 0.01813 0.01110 0.00652 0.00552 ( 1)  0.250 +-  0.218
  90 S   0.57582 0.19646 0.09751 0.05300 0.03076 0.01859 0.01149 0.00712 0.00433 0.00250 0.00242 ( 1)  0.148 +-  0.171
  91 S   0.59987 0.17527 0.08611 0.04987 0.03150 0.02073 0.01383 0.00918 0.00590 0.00358 0.00417 ( 1)  0.152 +-  0.191
  92 S   0.55995 0.20162 0.10124 0.05509 0.03210 0.01957 0.01223 0.00769 0.00474 0.00279 0.00299 ( 1)  0.153 +-  0.178
  93 A   0.15605 0.17666 0.15541 0.12426 0.09770 0.07638 0.05913 0.04487 0.03275 0.02250 0.05430 ( 2)  0.421 +-  0.432
  94 I   0.57237 0.17566 0.09077 0.05502 0.03611 0.02449 0.01672 0.01129 0.00737 0.00453 0.00566 ( 1)  0.166 +-  0.209
  95 P   0.03298 0.09718 0.12374 0.12236 0.11187 0.09876 0.08481 0.07046 0.05562 0.04055 0.16166 (11)  0.709 +-  0.691
  96 I   0.54321 0.20557 0.10514 0.05765 0.03371 0.02063 0.01301 0.00829 0.00522 0.00315 0.00442 ( 1)  0.161 +-  0.193
  97 R   0.14245 0.19520 0.18119 0.14172 0.10504 0.07626 0.05459 0.03830 0.02589 0.01659 0.02277 ( 2)  0.359 +-  0.299
  98 P   0.14110 0.17365 0.16132 0.13287 0.10574 0.08261 0.06326 0.04709 0.03346 0.02224 0.03667 ( 2)  0.399 +-  0.345
  99 I   0.05085 0.14326 0.17188 0.15495 0.12604 0.09810 0.07448 0.05523 0.03945 0.02661 0.05913 ( 3)  0.484 +-  0.410
 100 T   0.14099 0.16782 0.15426 0.12709 0.10220 0.08147 0.06416 0.04937 0.03636 0.02503 0.05126 ( 2)  0.425 +-  0.388
 101 Q   0.00436 0.02222 0.04857 0.07481 0.09560 0.10802 0.11123 0.10552 0.09143 0.06960 0.26863 (11)  0.935 +-  0.674
 102 I   0.49982 0.19227 0.10804 0.06740 0.04472 0.03048 0.02088 0.01415 0.00927 0.00573 0.00724 ( 1)  0.191 +-  0.226
 103 H   0.35576 0.27474 0.16446 0.09051 0.05010 0.02832 0.01627 0.00940 0.00535 0.00295 0.00213 ( 1)  0.198 +-  0.179
 104 T   0.55289 0.17065 0.09467 0.06009 0.04042 0.02782 0.01921 0.01311 0.00865 0.00537 0.00711 ( 1)  0.178 +-  0.224
 105 I   0.38515 0.15913 0.10454 0.07806 0.06225 0.05079 0.04131 0.03286 0.02496 0.01759 0.04335 ( 1)  0.316 +-  0.397
 106 P   0.11110 0.13726 0.12968 0.11206 0.09664 0.08375 0.07202 0.06039 0.04819 0.03548 0.11343 ( 2)  0.559 +-  0.554
 107 A   0.53374 0.20193 0.10602 0.06023 0.03652 0.02308 0.01489 0.00961 0.00607 0.00364 0.00426 ( 1)  0.166 +-  0.195
 108 N   0.05835 0.14670 0.16940 0.15249 0.12552 0.09899 0.07584 0.05639 0.04010 0.02674 0.04949 ( 3)  0.465 +-  0.371
 109 N   0.35711 0.24811 0.15087 0.09080 0.05659 0.03621 0.02346 0.01516 0.00957 0.00579 0.00632 ( 1)  0.220 +-  0.220
 110 I   0.87211 0.08213 0.02385 0.01004 0.00510 0.00285 0.00168 0.00100 0.00059 0.00033 0.00032 ( 1)  0.072 +-  0.079
 111 G   0.38251 0.26303 0.15390 0.08578 0.04852 0.02810 0.01656 0.00983 0.00575 0.00326 0.00277 ( 1)  0.195 +-  0.185
 112 N   0.38210 0.26994 0.15589 0.08431 0.04625 0.02617 0.01523 0.00901 0.00529 0.00303 0.00279 ( 1)  0.192 +-  0.182
 113 L   0.57475 0.20381 0.09898 0.05213 0.02939 0.01727 0.01034 0.00619 0.00361 0.00201 0.00152 ( 1)  0.144 +-  0.159
 114 S   0.15250 0.19293 0.17797 0.14038 0.10465 0.07599 0.05415 0.03775 0.02534 0.01612 0.02222 ( 2)  0.356 +-  0.300
 115 L   0.80814 0.11720 0.03936 0.01648 0.00804 0.00439 0.00258 0.00158 0.00097 0.00056 0.00070 ( 1)  0.085 +-  0.100
 116 S   0.00136 0.01615 0.04478 0.07585 0.10113 0.11623 0.11997 0.11306 0.09672 0.07228 0.24247 (11)  0.897 +-  0.612
 117 Q   0.35007 0.17937 0.12306 0.08929 0.06795 0.05279 0.04090 0.03101 0.02249 0.01520 0.02788 ( 1)  0.295 +-  0.334
 118 L   0.03319 0.05914 0.08153 0.09689 0.10568 0.10759 0.10295 0.09251 0.07698 0.05726 0.18628 (11)  0.757 +-  0.586
 119 D   0.00367 0.04550 0.10413 0.13655 0.14179 0.13081 0.11227 0.09099 0.06908 0.04775 0.11746 ( 5)  0.664 +-  0.476
 120 V   0.48198 0.16671 0.09510 0.06479 0.04856 0.03774 0.02942 0.02252 0.01654 0.01132 0.02533 ( 1)  0.243 +-  0.332
 121 P   0.85690 0.09841 0.02688 0.00951 0.00405 0.00198 0.00105 0.00059 0.00033 0.00017 0.00014 ( 1)  0.072 +-  0.070
 122 Y   0.03395 0.09488 0.11814 0.11676 0.10813 0.09745 0.08578 0.07310 0.05912 0.04393 0.16875 (11)  0.710 +-  0.649
 123 R   0.01705 0.07437 0.12325 0.14137 0.13757 0.12225 0.10224 0.08119 0.06064 0.04154 0.09853 ( 4)  0.612 +-  0.469
 124 F   0.66577 0.19360 0.07627 0.03253 0.01520 0.00769 0.00413 0.00229 0.00128 0.00069 0.00055 ( 1)  0.111 +-  0.118
 125 S   0.58404 0.19921 0.09630 0.05069 0.02858 0.01686 0.01020 0.00622 0.00372 0.00213 0.00205 ( 1)  0.143 +-  0.163
 126 F   0.82031 0.11061 0.03637 0.01529 0.00752 0.00411 0.00241 0.00146 0.00088 0.00051 0.00055 ( 1)  0.082 +-  0.095
 127 Y   0.28875 0.25169 0.17346 0.10914 0.06797 0.04259 0.02682 0.01684 0.01035 0.00613 0.00626 ( 1)  0.243 +-  0.222
 128 N   0.56008 0.19929 0.10156 0.05593 0.03270 0.01988 0.01236 0.00773 0.00474 0.00277 0.00297 ( 1)  0.154 +-  0.178
 129 K   0.00594 0.04840 0.09506 0.11995 0.12599 0.11994 0.10691 0.09009 0.07106 0.05088 0.16578 (11)  0.747 +-  0.598
 130 D   0.26020 0.22853 0.16748 0.11447 0.07759 0.05268 0.03578 0.02409 0.01579 0.00991 0.01349 ( 1)  0.279 +-  0.268
 131 D   0.00469 0.04385 0.09257 0.12039 0.12769 0.12178 0.10855 0.09150 0.07224 0.05177 0.16496 (11)  0.746 +-  0.584
 132 A   0.01015 0.04402 0.07830 0.10188 0.11461 0.11750 0.11205 0.09985 0.08216 0.06021 0.17927 (11)  0.765 +-  0.551
 133 L   0.00530 0.02738 0.05733 0.08346 0.10153 0.11046 0.11065 0.10294 0.08799 0.06650 0.24647 (11)  0.891 +-  0.648
 134 I   0.21867 0.19619 0.15386 0.11537 0.08640 0.06473 0.04829 0.03556 0.02535 0.01714 0.03845 ( 1)  0.357 +-  0.380
 135 A   0.06500 0.17266 0.19476 0.16477 0.12570 0.09166 0.06512 0.04514 0.03014 0.01910 0.02595 ( 3)  0.404 +-  0.300
 136 A   0.03160 0.07193 0.10490 0.11972 0.12093 0.11326 0.10023 0.08414 0.06619 0.04735 0.13974 (11)  0.676 +-  0.550
 137 V   0.67169 0.15601 0.07505 0.04044 0.02312 0.01372 0.00832 0.00508 0.00304 0.00174 0.00178 ( 1)  0.124 +-  0.153
 138 G   0.57149 0.16111 0.09296 0.05909 0.03918 0.02650 0.01803 0.01216 0.00795 0.00490 0.00663 ( 1)  0.172 +-  0.220
 139 A   0.00366 0.01528 0.03394 0.05393 0.07163 0.08466 0.09159 0.09155 0.08371 0.06734 0.40273 (11)  1.189 +-  0.891
 140 E   0.45239 0.14940 0.10059 0.07414 0.05662 0.04383 0.03389 0.02580 0.01891 0.01296 0.03148 ( 1)  0.271 +-  0.367
 141 F   0.06485 0.06666 0.07758 0.08297 0.08438 0.08259 0.07799 0.07067 0.06036 0.04692 0.28502 (11)  0.951 +-  0.938
 142 P   0.44674 0.14853 0.10066 0.07465 0.05735 0.04464 0.03469 0.02654 0.01954 0.01345 0.03320 ( 1)  0.277 +-  0.373
 143 P   0.43567 0.14649 0.10038 0.07527 0.05846 0.04599 0.03613 0.02793 0.02077 0.01444 0.03847 ( 1)  0.291 +-  0.398
 144 N   0.01070 0.05086 0.09201 0.11623 0.12462 0.12142 0.11047 0.09454 0.07525 0.05392 0.14998 (11)  0.713 +-  0.522
 145 T   0.00483 0.02291 0.04663 0.06912 0.08731 0.09911 0.10342 0.09988 0.08830 0.06869 0.30980 (11)  1.007 +-  0.750
 146 V   0.02930 0.11222 0.16237 0.16362 0.14177 0.11386 0.08728 0.06433 0.04511 0.02954 0.05061 ( 4)  0.498 +-  0.358
 147 T   0.00018 0.00282 0.00975 0.02003 0.03214 0.04440 0.05505 0.06221 0.06370 0.05711 0.65261 (11)  1.658 +-  1.060
 148 W   0.16890 0.20357 0.17935 0.13624 0.09888 0.07062 0.04993 0.03472 0.02334 0.01490 0.01957 ( 2)  0.338 +-  0.287
 149 N   0.66977 0.17668 0.07310 0.03520 0.01887 0.01083 0.00648 0.00394 0.00237 0.00136 0.00142 ( 1)  0.118 +-  0.140
 150 G   0.11732 0.17127 0.17455 0.14750 0.11540 0.08675 0.06344 0.04509 0.03072 0.01974 0.02821 ( 3)  0.392 +-  0.315
 151 I   0.55386 0.20886 0.10494 0.05565 0.03132 0.01845 0.01118 0.00685 0.00413 0.00239 0.00238 ( 1)  0.151 +-  0.170
 152 P   0.57490 0.20461 0.09942 0.05199 0.02903 0.01692 0.01008 0.00602 0.00352 0.00196 0.00156 ( 1)  0.143 +-  0.158
 153 K   0.22953 0.23460 0.17759 0.11932 0.07924 0.05340 0.03650 0.02498 0.01675 0.01079 0.01730 ( 2)  0.294 +-  0.285
 154 A   0.00721 0.03385 0.06376 0.08606 0.09969 0.10520 0.10347 0.09536 0.08134 0.06186 0.26219 (11)  0.919 +-  0.719
 155 E   0.24197 0.25873 0.19146 0.12145 0.07431 0.04538 0.02784 0.01706 0.01027 0.00599 0.00553 ( 2)  0.254 +-  0.216
 156 D   0.04328 0.13283 0.17033 0.16104 0.13494 0.10640 0.08063 0.05894 0.04108 0.02680 0.04372 ( 3)  0.469 +-  0.349
 157 S   0.34825 0.26529 0.16205 0.09271 0.05379 0.03198 0.01935 0.01177 0.00704 0.00407 0.00370 ( 1)  0.209 +-  0.197
 158 N   0.69904 0.14543 0.06217 0.03387 0.02077 0.01350 0.00901 0.00604 0.00396 0.00245 0.00375 ( 1)  0.123 +-  0.172
 159 Q   0.41208 0.21849 0.13906 0.08675 0.05458 0.03471 0.02215 0.01402 0.00862 0.00505 0.00448 ( 1)  0.206 +-  0.209
 160 N   0.24712 0.24559 0.18272 0.11999 0.07669 0.04894 0.03129 0.01991 0.01239 0.00744 0.00792 ( 1)  0.264 +-  0.234
 161 S   0.30368 0.27162 0.18020 0.10536 0.06011 0.03443 0.01990 0.01155 0.00661 0.00368 0.00286 ( 1)  0.219 +-  0.190
 162 -   0.39887 0.13870 0.09828 0.07618 0.06115 0.04972 0.04034 0.03221 0.02473 0.01772 0.06210 ( 1)  0.355 +-  0.513
 163 -   0.39570 0.13795 0.09800 0.07616 0.06129 0.04996 0.04065 0.03253 0.02504 0.01799 0.06474 ( 1)  0.362 +-  0.528
 164 -   0.39438 0.13764 0.09789 0.07616 0.06136 0.05007 0.04078 0.03267 0.02518 0.01810 0.06578 ( 1)  0.365 +-  0.533
 165 -   0.39841 0.13859 0.09824 0.07618 0.06118 0.04975 0.04039 0.03226 0.02478 0.01776 0.06247 ( 1)  0.356 +-  0.515
 166 H   0.90966 0.06673 0.01453 0.00482 0.00207 0.00102 0.00055 0.00030 0.00017 0.00009 0.00006 ( 1)  0.063 +-  0.053
 167 H   0.62733 0.20091 0.08763 0.04079 0.02029 0.01064 0.00580 0.00322 0.00178 0.00094 0.00068 ( 1)  0.122 +-  0.131
 168 L   0.78168 0.12782 0.04665 0.02043 0.01010 0.00548 0.00318 0.00192 0.00117 0.00068 0.00088 ( 1)  0.091 +-  0.110
 169 S   0.52308 0.19563 0.10322 0.05997 0.03800 0.02556 0.01776 0.01243 0.00851 0.00552 0.01031 ( 1)  0.185 +-  0.247
 170 Y   0.88365 0.08035 0.02080 0.00763 0.00348 0.00181 0.00101 0.00059 0.00034 0.00018 0.00016 ( 1)  0.068 +-  0.066
 171 V   0.87221 0.08402 0.02351 0.00948 0.00468 0.00258 0.00151 0.00090 0.00053 0.00030 0.00030 ( 1)  0.072 +-  0.077
 172 G   0.06299 0.15555 0.17684 0.15611 0.12570 0.09689 0.07256 0.05278 0.03676 0.02409 0.03972 ( 3)  0.441 +-  0.342
 173 A   0.79390 0.11125 0.04108 0.02030 0.01184 0.00756 0.00505 0.00340 0.00224 0.00138 0.00199 ( 1)  0.096 +-  0.133
 174 L   0.50461 0.20759 0.11367 0.06558 0.04002 0.02544 0.01652 0.01075 0.00684 0.00414 0.00485 ( 1)  0.176 +-  0.203
 175 G   0.03214 0.08910 0.11877 0.12551 0.12098 0.11038 0.09624 0.08002 0.06247 0.04448 0.11990 ( 4)  0.631 +-  0.511
 176 T   0.21836 0.22631 0.17944 0.12605 0.08588 0.05810 0.03914 0.02609 0.01691 0.01050 0.01323 ( 2)  0.295 +-  0.265
 177 Q   0.24780 0.24200 0.17891 0.11838 0.07710 0.05045 0.03312 0.02158 0.01368 0.00831 0.00868 ( 1)  0.268 +-  0.239
 178 S   0.02320 0.07763 0.11317 0.12453 0.12203 0.11207 0.09815 0.08208 0.06460 0.04642 0.13611 (11)  0.666 +-  0.536
 179 S   0.44038 0.18668 0.11270 0.07448 0.05280 0.03890 0.02901 0.02140 0.01522 0.01015 0.01826 ( 1)  0.237 +-  0.293
 180 A   0.59460 0.20025 0.09353 0.04767 0.02629 0.01532 0.00924 0.00565 0.00341 0.00197 0.00207 ( 1)  0.138 +-  0.160
 181 G   0.60857 0.16116 0.08754 0.05257 0.03306 0.02129 0.01385 0.00896 0.00564 0.00336 0.00400 ( 1)  0.152 +-  0.192
 182 F   0.02679 0.06451 0.09873 0.11738 0.12259 0.11783 0.10625 0.09026 0.07136 0.05089 0.13342 (11)  0.672 +-  0.504
 183 P   0.00020 0.00341 0.01334 0.02937 0.04839 0.06663 0.08070 0.08787 0.08580 0.07238 0.51191 (11)  1.387 +-  0.937
 184 W   0.00050 0.00464 0.01442 0.02856 0.04480 0.06050 0.07311 0.08026 0.07951 0.06846 0.54523 (11)  1.441 +-  0.960
 185 -   0.39261 0.13722 0.09772 0.07614 0.06143 0.05020 0.04094 0.03285 0.02535 0.01825 0.06729 ( 1)  0.369 +-  0.541
 186 T   0.17208 0.21070 0.18497 0.13831 0.09801 0.06800 0.04659 0.03142 0.02053 0.01281 0.01658 ( 2)  0.327 +-  0.279
 187 Y   0.88365 0.08035 0.02080 0.00763 0.00348 0.00181 0.00101 0.00059 0.00034 0.00018 0.00016 ( 1)  0.068 +-  0.066
 188 P   0.10371 0.15920 0.16870 0.14743 0.11890 0.09189 0.06888 0.05003 0.03472 0.02261 0.03394 ( 3)  0.415 +-  0.328
 189 T   0.00554 0.03098 0.06425 0.09030 0.10567 0.11108 0.10822 0.09862 0.08315 0.06249 0.23969 (11)  0.877 +-  0.658
 190 E   0.00000 0.00035 0.00311 0.01060 0.02293 0.03804 0.05284 0.06406 0.06840 0.06259 0.67709 (11)  1.689 +-  1.026
 191 L   0.07091 0.11952 0.14010 0.13581 0.12122 0.10314 0.08454 0.06664 0.04975 0.03432 0.07406 ( 3)  0.519 +-  0.423
 192 L   0.47756 0.20662 0.11877 0.07153 0.04516 0.02941 0.01941 0.01277 0.00817 0.00496 0.00565 ( 1)  0.189 +-  0.213
 193 G   0.84316 0.09885 0.03022 0.01259 0.00636 0.00360 0.00216 0.00133 0.00080 0.00046 0.00048 ( 1)  0.078 +-  0.089
 194 E   0.27102 0.26019 0.18383 0.11394 0.06879 0.04164 0.02540 0.01550 0.00930 0.00541 0.00498 ( 1)  0.241 +-  0.211
 195 W   0.76331 0.14143 0.05366 0.02265 0.01010 0.00467 0.00222 0.00107 0.00052 0.00024 0.00014 ( 1)  0.091 +-  0.094
 196 G   0.84567 0.09806 0.02966 0.01223 0.00611 0.00342 0.00204 0.00124 0.00074 0.00042 0.00041 ( 1)  0.077 +-  0.087
 197 F   0.34724 0.27352 0.16608 0.09242 0.05172 0.02961 0.01728 0.01017 0.00591 0.00333 0.00273 ( 1)  0.203 +-  0.185
 198 G   0.87874 0.08222 0.02179 0.00836 0.00399 0.00214 0.00122 0.00071 0.00041 0.00022 0.00020 ( 1)  0.070 +-  0.070
 199 W   0.76331 0.14143 0.05366 0.02265 0.01010 0.00467 0.00222 0.00107 0.00052 0.00024 0.00014 ( 1)  0.091 +-  0.094
 200 L   0.77890 0.12763 0.04708 0.02101 0.01065 0.00594 0.00354 0.00218 0.00135 0.00079 0.00094 ( 1)  0.093 +-  0.112
 201 H   0.89058 0.07996 0.01873 0.00603 0.00241 0.00111 0.00056 0.00030 0.00016 0.00008 0.00006 ( 1)  0.066 +-  0.056
 202 N   0.33550 0.25498 0.16025 0.09586 0.05852 0.03662 0.02327 0.01478 0.00919 0.00549 0.00555 ( 1)  0.223 +-  0.215
 203 -   0.39261 0.13722 0.09772 0.07614 0.06143 0.05020 0.04094 0.03285 0.02535 0.01825 0.06729 ( 1)  0.369 +-  0.541

Positively selected sites

	Prob(w>1)  mean w

    22 S      0.620         1.607 +- 1.078
    85 S      0.565         1.501 +- 1.039
   147 T      0.653         1.658 +- 1.060
   183 P      0.512         1.387 +- 0.937
   184 W      0.545         1.441 +- 0.960
   190 E      0.677         1.689 +- 1.026

