Supplemental results for CODEML (seqf: algn  treef: tree)


dN/dS (w) for site classes (K=8)

p:   0.12500  0.12500  0.12500  0.12500  0.12500  0.12500  0.12500  0.12500
w:   0.01759  0.10920  0.24786  0.41308  0.58700  0.75221  0.89085  0.98242

Naive Empirical Bayes (NEB) probabilities for 8 classes & postmean_w
(amino acids refer to 1st sequence: BT_Cry40Aa1)

   1 -   0.49080 0.26468 0.11756 0.05395 0.02893 0.01854 0.01383 0.01172 ( 1)  0.144
   2 S   0.00032 0.03101 0.11365 0.17114 0.18542 0.17770 0.16505 0.15571 ( 5)  0.645
   3 L   0.00000 0.00203 0.03762 0.12943 0.20488 0.22361 0.20971 0.19273 ( 6)  0.728
   4 G   0.00000 0.00081 0.03842 0.16593 0.24475 0.22524 0.17849 0.14637 ( 5)  0.694
   5 G   0.00000 0.00266 0.05759 0.18194 0.23912 0.21310 0.16796 0.13762 ( 5)  0.675
   6 I   0.00000 0.02734 0.28272 0.35429 0.19290 0.08247 0.03782 0.02246 ( 4)  0.450
   7 N   0.00000 0.00000 0.00128 0.02828 0.12564 0.23952 0.29728 0.30799 ( 8)  0.833
   8 T   0.00000 0.00000 0.00055 0.01574 0.08642 0.20572 0.31443 0.37714 ( 8)  0.863
   9 L   0.00000 0.00354 0.07999 0.22716 0.25689 0.19600 0.13511 0.10132 ( 5)  0.632
  10 F   0.00000 0.00000 0.00160 0.02840 0.11837 0.22955 0.29893 0.32315 ( 8)  0.838
  11 S   0.00000 0.00000 0.00010 0.00616 0.05476 0.17771 0.32777 0.43350 ( 8)  0.886
  12 I   0.00013 0.14572 0.45576 0.26422 0.08983 0.02831 0.01052 0.00550 ( 3)  0.327
  13 I   0.00296 0.43838 0.43857 0.09991 0.01600 0.00299 0.00081 0.00036 ( 3)  0.211
  14 G   0.00000 0.00000 0.00004 0.00308 0.03825 0.15669 0.33206 0.46987 ( 8)  0.899
  15 K   0.00000 0.00001 0.00395 0.06509 0.19694 0.26381 0.25002 0.22018 ( 6)  0.781
  16 L   0.00000 0.00055 0.03265 0.16846 0.26303 0.23343 0.17102 0.13087 ( 5)  0.689
  17 I   0.00000 0.00008 0.00875 0.07284 0.18016 0.24416 0.25255 0.24147 ( 7)  0.784
  18 -   0.00002 0.00313 0.02289 0.06750 0.13136 0.20192 0.26521 0.30797 ( 8)  0.802
  19 P   0.00043 0.04683 0.17980 0.24133 0.20561 0.14611 0.10172 0.07818 ( 4)  0.547
  20 T   0.00014 0.05977 0.27241 0.29799 0.18476 0.09677 0.05303 0.03514 ( 4)  0.460
  21 N   0.00000 0.00035 0.02094 0.11832 0.22228 0.24334 0.21282 0.18195 ( 6)  0.736
  22 H   0.00000 0.00359 0.13931 0.34434 0.26915 0.13677 0.06677 0.04008 ( 4)  0.537
  23 Q   0.00000 0.00000 0.00014 0.00954 0.07902 0.21460 0.32495 0.37176 ( 8)  0.866
  24 S   0.00000 0.00025 0.03740 0.19936 0.27387 0.22058 0.15361 0.11493 ( 5)  0.668
  25 V   0.01310 0.47363 0.38428 0.10148 0.02053 0.00474 0.00150 0.00073 ( 2)  0.207
  26 S   0.00000 0.00327 0.09452 0.27903 0.28106 0.17682 0.10008 0.06523 ( 5)  0.590
  27 A   0.00000 0.00006 0.01637 0.14549 0.27247 0.25055 0.18038 0.13468 ( 5)  0.706
  28 L   0.35117 0.48271 0.13597 0.02468 0.00429 0.00085 0.00022 0.00009 ( 2)  0.106
  29 S   0.53842 0.41511 0.04411 0.00225 0.00010 0.00001 0.00000 0.00000 ( 1)  0.067
  30 I   0.00037 0.28964 0.52909 0.15278 0.02362 0.00352 0.00072 0.00026 ( 3)  0.243
  31 C   0.00000 0.00498 0.14133 0.33538 0.26925 0.13999 0.06843 0.04064 ( 4)  0.538
  32 D   0.00406 0.50967 0.40675 0.07042 0.00790 0.00097 0.00017 0.00006 ( 2)  0.191
  33 L   0.49617 0.43549 0.06222 0.00548 0.00054 0.00008 0.00002 0.00001 ( 1)  0.074
  34 L   0.00000 0.00116 0.05718 0.22302 0.27586 0.20782 0.13669 0.09829 ( 5)  0.643
  35 S   0.00000 0.00269 0.09884 0.30099 0.28962 0.16785 0.08695 0.05307 ( 4)  0.575
  36 I   0.14290 0.65611 0.17748 0.02103 0.00214 0.00027 0.00005 0.00002 ( 2)  0.128
  37 I   0.93915 0.05964 0.00119 0.00002 0.00000 0.00000 0.00000 0.00000 ( 1)  0.023
  38 R   0.00000 0.02260 0.33338 0.39671 0.16969 0.05233 0.01725 0.00805 ( 4)  0.411
  39 K   0.00000 0.00286 0.12724 0.34744 0.28008 0.13945 0.06523 0.03771 ( 4)  0.540
  40 E   0.00000 0.00039 0.02291 0.12721 0.23249 0.24448 0.20419 0.16834 ( 6)  0.726
  41 V   0.01048 0.42707 0.40882 0.12190 0.02468 0.00509 0.00138 0.00059 ( 2)  0.219
  42 A   0.00000 0.00022 0.02818 0.17288 0.27505 0.23649 0.16535 0.12182 ( 5)  0.685
  43 D   0.00000 0.00099 0.06274 0.24939 0.28959 0.19845 0.11884 0.07999 ( 5)  0.622
  44 S   0.00000 0.00016 0.02490 0.17278 0.28247 0.23908 0.16297 0.11764 ( 5)  0.684
  45 V   0.00001 0.05429 0.39948 0.34776 0.13298 0.04203 0.01542 0.00803 ( 3)  0.380
  46 L   0.00362 0.28165 0.43192 0.19256 0.06009 0.01898 0.00728 0.00390 ( 3)  0.277
  47 S   0.00000 0.00011 0.03140 0.21623 0.30449 0.22143 0.13492 0.09142 ( 5)  0.652
  48 D   0.00000 0.00000 0.00014 0.00746 0.06324 0.19216 0.32831 0.40870 ( 8)  0.879
  49 A   0.00030 0.10560 0.35870 0.29330 0.14053 0.05886 0.02689 0.01583 ( 3)  0.388
  50 I   0.00000 0.00000 0.00086 0.03137 0.14776 0.25712 0.28654 0.27635 ( 7)  0.820
  51 C   0.00000 0.00001 0.00380 0.05386 0.16809 0.25090 0.26743 0.25591 ( 7)  0.800
  52 R   0.00000 0.00031 0.04931 0.26910 0.31858 0.19620 0.10321 0.06330 ( 5)  0.612
  53 F   0.70199 0.28544 0.01232 0.00025 0.00001 0.00000 0.00000 0.00000 ( 1)  0.047
  54 L   0.12500 0.12500 0.12500 0.12500 0.12500 0.12500 0.12500 0.12500 ( 3)  0.500
  55 D   0.00000 0.00208 0.08011 0.26571 0.28682 0.18764 0.10762 0.07003 ( 5)  0.604
  56 G   0.00008 0.11943 0.48036 0.28773 0.08212 0.02066 0.00650 0.00311 ( 3)  0.324
  57 K   0.00000 0.00054 0.03918 0.18426 0.26155 0.22331 0.16394 0.12723 ( 5)  0.678
  58 L   0.00000 0.00019 0.01973 0.12276 0.22198 0.23710 0.21136 0.18687 ( 6)  0.736
  59 K   0.00000 0.00000 0.00007 0.00502 0.04933 0.16976 0.32795 0.44788 ( 8)  0.891
  60 N   0.00000 0.00089 0.07019 0.26822 0.28842 0.18793 0.11030 0.07406 ( 5)  0.610
  61 Y   0.13816 0.66651 0.17465 0.01866 0.00175 0.00021 0.00004 0.00001 ( 2)  0.127
  62 R   0.00000 0.00000 0.00188 0.04156 0.15765 0.25328 0.27721 0.26841 ( 7)  0.811
  63 E   0.00000 0.00000 0.00005 0.00481 0.05414 0.18614 0.33363 0.42123 ( 8)  0.885
  64 Y   0.01376 0.20582 0.29592 0.21750 0.12615 0.06986 0.04160 0.02939 ( 3)  0.378
  65 Y   0.88951 0.10538 0.00493 0.00017 0.00001 0.00000 0.00000 0.00000 ( 1)  0.028
  66 L   0.84989 0.13891 0.01055 0.00061 0.00004 0.00000 0.00000 0.00000 ( 1)  0.033
  67 P   0.00000 0.00000 0.00000 0.00002 0.00228 0.04160 0.25801 0.69808 ( 8)  0.948
  68 Y   0.00001 0.04782 0.40095 0.35924 0.13280 0.03927 0.01336 0.00656 ( 3)  0.379
  69 L   0.00091 0.14690 0.40491 0.27787 0.10946 0.03764 0.01458 0.00772 ( 3)  0.344
  70 E   0.00000 0.00000 0.00003 0.00355 0.04545 0.17237 0.33390 0.44471 ( 8)  0.892
  71 A   0.00000 0.00000 0.00000 0.00037 0.01120 0.08938 0.30925 0.58981 ( 8)  0.929
  72 W   0.02492 0.34160 0.37750 0.17443 0.05599 0.01680 0.00586 0.00290 ( 3)  0.257
  73 L   0.00000 0.00292 0.11432 0.30641 0.27317 0.15970 0.08734 0.05613 ( 4)  0.569
  74 K   0.00000 0.00026 0.03896 0.21460 0.29124 0.21846 0.13906 0.09742 ( 5)  0.653
  75 D   0.00000 0.00014 0.01572 0.10840 0.21703 0.24561 0.22063 0.19248 ( 6)  0.746
  76 G   0.00000 0.00012 0.00921 0.07099 0.17834 0.24633 0.25459 0.24042 ( 7)  0.785
  77 K   0.00000 0.00013 0.00996 0.07078 0.16700 0.23323 0.25777 0.26113 ( 8)  0.791
  78 P   0.10264 0.32490 0.27613 0.15203 0.07297 0.03621 0.02063 0.01449 ( 2)  0.271
  79 L   0.00000 0.00357 0.03854 0.11139 0.17807 0.21432 0.22642 0.22769 ( 8)  0.747
  80 Q   0.00008 0.01010 0.05304 0.11205 0.16370 0.20080 0.22410 0.23613 ( 8)  0.739
  81 K   0.00070 0.02002 0.06782 0.12052 0.16193 0.19144 0.21232 0.22525 ( 8)  0.718
  82 T   0.00070 0.02058 0.07160 0.12899 0.17120 0.19457 0.20462 0.20773 ( 8)  0.707
  83 -   0.12500 0.12500 0.12500 0.12500 0.12500 0.12500 0.12500 0.12500 ( 3)  0.500
  84 N   0.00000 0.00664 0.21402 0.39370 0.22654 0.09350 0.04144 0.02416 ( 4)  0.480
  85 N   0.00000 0.00000 0.00003 0.00404 0.05114 0.18391 0.33501 0.42588 ( 8)  0.887
  86 S   0.00000 0.00000 0.00000 0.00004 0.00320 0.05131 0.27573 0.66973 ( 8)  0.944
  87 D   0.00000 0.00000 0.00000 0.00032 0.01081 0.08849 0.30834 0.59204 ( 8)  0.929
  88 I   0.00001 0.03064 0.24989 0.33385 0.20677 0.09919 0.04922 0.03043 ( 4)  0.473
  89 G   0.00000 0.00000 0.00000 0.00063 0.01544 0.10350 0.31630 0.56413 ( 8)  0.923
  90 Q   0.00000 0.00000 0.00083 0.02806 0.13708 0.25263 0.29328 0.28812 ( 7)  0.827
  91 L   0.00000 0.03657 0.31806 0.35128 0.17608 0.07042 0.03037 0.01722 ( 4)  0.428
  92 V   0.00000 0.00046 0.04777 0.22627 0.28369 0.20909 0.13561 0.09710 ( 5)  0.645
  93 K   0.00000 0.00000 0.00005 0.00394 0.04479 0.16759 0.33193 0.45171 ( 8)  0.893
  94 Y   0.00000 0.00005 0.01050 0.10345 0.23119 0.25695 0.21760 0.18027 ( 6)  0.745
  95 F   0.01243 0.49295 0.39312 0.08618 0.01265 0.00202 0.00046 0.00018 ( 2)  0.197
  96 E   0.00000 0.00001 0.00416 0.07078 0.20779 0.26610 0.24269 0.20847 ( 6)  0.773
  97 L   0.00000 0.00000 0.00000 0.00000 0.00075 0.02505 0.22599 0.74820 ( 8)  0.956
  98 S   0.00000 0.00020 0.02847 0.17351 0.26618 0.23008 0.16938 0.13218 ( 5)  0.689
  99 E   0.17572 0.68295 0.13091 0.00972 0.00063 0.00006 0.00001 0.00000 ( 2)  0.115
 100 R   0.00000 0.00006 0.01089 0.09685 0.22077 0.25704 0.22496 0.18943 ( 6)  0.752
 101 D   0.00000 0.00000 0.00166 0.04259 0.16092 0.25305 0.27507 0.26671 ( 7)  0.810
 102 F   0.00858 0.37289 0.40528 0.15254 0.04246 0.01201 0.00416 0.00207 ( 3)  0.244
 103 N   0.00000 0.00093 0.08995 0.34751 0.31076 0.15045 0.06516 0.03523 ( 4)  0.554
 104 E   0.00000 0.00000 0.00048 0.01282 0.07334 0.19077 0.31815 0.40444 ( 8)  0.873
 105 I   0.00000 0.00344 0.11598 0.31294 0.27627 0.15643 0.08281 0.05213 ( 4)  0.563
 106 L   0.29834 0.49796 0.16581 0.03137 0.00517 0.00098 0.00026 0.00011 ( 2)  0.118
 107 -   0.23702 0.20284 0.16089 0.12290 0.09333 0.07244 0.05895 0.05162 ( 1)  0.329
 108 -   0.00743 0.04301 0.08776 0.12885 0.16029 0.18108 0.19300 0.19857 ( 8)  0.677
 109 -   0.19130 0.17421 0.15138 0.12832 0.10809 0.09208 0.08065 0.07397 ( 1)  0.390
 110 -   0.25085 0.21135 0.16357 0.12114 0.08886 0.06661 0.05256 0.04506 ( 1)  0.311
 111 -   0.20984 0.18588 0.15531 0.12614 0.10207 0.08406 0.07181 0.06488 ( 1)  0.365
 112 -   0.19664 0.17771 0.15273 0.12787 0.10643 0.08969 0.07789 0.07105 ( 1)  0.383
 113 -   0.01686 0.08452 0.14036 0.16416 0.16418 0.15379 0.14212 0.13401 ( 5)  0.582
 114 G   0.00000 0.00002 0.01165 0.13412 0.27508 0.25761 0.18458 0.13695 ( 5)  0.713
 115 G   0.00000 0.01661 0.23468 0.36750 0.22025 0.09454 0.04207 0.02434 ( 4)  0.474
 116 S   0.00000 0.00001 0.00427 0.06410 0.19493 0.26537 0.25173 0.21960 ( 6)  0.782
 117 L   0.15664 0.68075 0.14888 0.01265 0.00095 0.00010 0.00002 0.00001 ( 2)  0.120
 118 A   0.00000 0.00192 0.06903 0.22632 0.26391 0.20059 0.13670 0.10151 ( 5)  0.638
 119 R   0.00000 0.00040 0.04030 0.22319 0.30494 0.21848 0.12865 0.08404 ( 5)  0.643
 120 N   0.00000 0.00000 0.00000 0.00064 0.01682 0.11177 0.32388 0.54688 ( 8)  0.920
 121 N   0.00000 0.00330 0.14308 0.35489 0.26559 0.13105 0.06369 0.03842 ( 4)  0.531
 122 A   0.00000 0.01054 0.17946 0.34207 0.24835 0.12387 0.05997 0.03573 ( 4)  0.514
 123 Q   0.00049 0.15941 0.45410 0.27078 0.08393 0.02185 0.00654 0.00290 ( 3)  0.316
 124 I   0.02913 0.66129 0.27093 0.03422 0.00371 0.00055 0.00013 0.00005 ( 2)  0.157
 125 L   0.00024 0.09463 0.36077 0.31083 0.14357 0.05483 0.02268 0.01245 ( 3)  0.386
 126 L   0.80833 0.17197 0.01813 0.00144 0.00012 0.00001 0.00000 0.00000 ( 1)  0.038
 127 L   0.77846 0.19299 0.02558 0.00264 0.00028 0.00004 0.00001 0.00000 ( 1)  0.042
 128 P   0.83522 0.15202 0.01208 0.00064 0.00003 0.00000 0.00000 0.00000 ( 1)  0.035
 129 Y   0.00002 0.04200 0.28115 0.33352 0.19346 0.08689 0.03987 0.02310 ( 4)  0.449
 130 F   0.00035 0.28977 0.53943 0.14617 0.02063 0.00288 0.00057 0.00020 ( 3)  0.241
 131 C   0.00000 0.00003 0.00632 0.06639 0.17827 0.24759 0.25678 0.24462 ( 7)  0.789
 132 A   0.00006 0.09541 0.46059 0.31885 0.09505 0.02192 0.00577 0.00235 ( 3)  0.336
 133 S   0.00011 0.14640 0.50402 0.26079 0.06668 0.01545 0.00451 0.00204 ( 3)  0.305
 134 C   0.14382 0.67906 0.16223 0.01390 0.00091 0.00007 0.00001 0.00000 ( 2)  0.123
 135 K   0.00004 0.15652 0.55109 0.22669 0.04965 0.01117 0.00332 0.00153 ( 3)  0.289
 136 C   0.00000 0.00037 0.02178 0.12357 0.22698 0.24137 0.20807 0.17786 ( 6)  0.731
 137 Q   0.61384 0.36007 0.02527 0.00079 0.00002 0.00000 0.00000 0.00000 ( 1)  0.057
 138 L   0.82166 0.16200 0.01520 0.00105 0.00008 0.00001 0.00000 0.00000 ( 1)  0.036
 139 L   0.00000 0.00536 0.10938 0.27194 0.26448 0.17317 0.10431 0.07136 ( 4)  0.589
 140 L   0.00193 0.33878 0.45054 0.15290 0.03890 0.01095 0.00395 0.00205 ( 3)  0.248
 141 L   0.82056 0.16282 0.01545 0.00108 0.00008 0.00001 0.00000 0.00000 ( 1)  0.037
 142 R   0.04025 0.46655 0.36158 0.10512 0.02093 0.00411 0.00104 0.00042 ( 2)  0.201
 143 D   0.94633 0.05276 0.00090 0.00001 0.00000 0.00000 0.00000 0.00000 ( 1)  0.023
 144 A   0.00181 0.36860 0.49130 0.11990 0.01577 0.00208 0.00040 0.00014 ( 3)  0.223
 145 V   0.00000 0.03868 0.36338 0.37755 0.15256 0.04568 0.01504 0.00711 ( 4)  0.395
 146 Q   0.00000 0.00002 0.00587 0.07176 0.19662 0.25936 0.24747 0.21890 ( 6)  0.777
 147 Y   0.02535 0.64328 0.29196 0.03598 0.00306 0.00030 0.00005 0.00001 ( 2)  0.160
 148 E   0.00000 0.00032 0.03617 0.20883 0.29721 0.22371 0.13900 0.09475 ( 5)  0.655
 149 E   0.00000 0.00001 0.00378 0.06400 0.19588 0.26418 0.25106 0.22109 ( 6)  0.782
 150 Q   0.00000 0.00000 0.00015 0.00922 0.07334 0.20291 0.32407 0.39032 ( 8)  0.872
 151 W   0.00062 0.07056 0.25391 0.28594 0.19015 0.10370 0.05732 0.03779 ( 4)  0.467
 152 F   0.00000 0.00000 0.00158 0.03630 0.15053 0.25613 0.28386 0.27161 ( 7)  0.816
 153 P   0.00000 0.00013 0.01915 0.13558 0.24464 0.24199 0.19631 0.16220 ( 5)  0.721
 154 F   0.00000 0.00000 0.00095 0.02113 0.10215 0.21964 0.30779 0.34834 ( 8)  0.851
 155 L   0.00000 0.00002 0.00380 0.04667 0.14562 0.23512 0.27875 0.29002 ( 8)  0.816
 156 S   0.00000 0.00002 0.00435 0.05203 0.15476 0.23792 0.27235 0.27856 ( 8)  0.809
 157 A   0.00000 0.00024 0.02421 0.14507 0.24500 0.23722 0.19103 0.15722 ( 5)  0.713
 158 E   0.00000 0.00074 0.05161 0.22065 0.27697 0.20932 0.13921 0.10151 ( 5)  0.648
 159 N   0.00000 0.00732 0.12847 0.28150 0.25390 0.16208 0.09833 0.06840 ( 4)  0.575
 160 V   0.00000 0.00031 0.01304 0.07385 0.16511 0.23122 0.25687 0.25961 ( 8)  0.788
 161 R   0.00000 0.00007 0.00615 0.05418 0.15327 0.23822 0.27273 0.27539 ( 8)  0.807
 162 S   0.00000 0.00051 0.01343 0.06713 0.15150 0.22399 0.26431 0.27913 ( 8)  0.798
 163 E   0.00037 0.12257 0.38613 0.28745 0.12384 0.04736 0.02049 0.01180 ( 3)  0.366
 164 L   0.00001 0.00618 0.07102 0.18769 0.23700 0.20795 0.16078 0.12936 ( 5)  0.662
 165 I   0.00000 0.00744 0.09924 0.23182 0.24687 0.18680 0.12973 0.09810 ( 5)  0.619
 166 S   0.11388 0.34514 0.27710 0.14360 0.06455 0.02972 0.01566 0.01035 ( 2)  0.252
 167 P   0.00082 0.07958 0.25202 0.26963 0.18283 0.10647 0.06381 0.04484 ( 4)  0.471
 168 N   0.00202 0.04795 0.12807 0.17760 0.18532 0.17048 0.15117 0.13740 ( 5)  0.617
 169 S   0.00426 0.09532 0.21673 0.23217 0.17862 0.12219 0.08485 0.06587 ( 4)  0.497
 170 G   0.00013 0.01822 0.09898 0.18505 0.21005 0.18967 0.15947 0.13844 ( 5)  0.647
 171 C   0.15066 0.14506 0.13702 0.12810 0.11942 0.11180 0.10583 0.10209 ( 1)  0.454
 172 D   0.16307 0.15414 0.14171 0.12844 0.11608 0.10567 0.09783 0.09305 ( 1)  0.434
 173 F   0.15936 0.15147 0.14038 0.12841 0.11711 0.10748 0.10015 0.09564 ( 1)  0.440
 174 T   0.00000 0.00001 0.00644 0.10360 0.25786 0.27033 0.20554 0.15621 ( 6)  0.736
 175 G   0.00000 0.00000 0.00049 0.01802 0.10191 0.22578 0.31091 0.34290 ( 8)  0.851
 176 D   0.00000 0.00416 0.15381 0.36487 0.26691 0.12399 0.05524 0.03102 ( 4)  0.519
 177 Y   0.02180 0.60762 0.31793 0.04691 0.00496 0.00062 0.00012 0.00004 ( 2)  0.168
 178 Y   0.00000 0.00000 0.00006 0.00485 0.05205 0.18019 0.33217 0.43069 ( 8)  0.887
 179 E   0.00000 0.00000 0.00005 0.00395 0.04190 0.15740 0.32735 0.46935 ( 8)  0.897
 180 R   0.00000 0.01018 0.16256 0.31049 0.24638 0.14095 0.07818 0.05126 ( 4)  0.540
 181 L   0.07487 0.57641 0.28351 0.05537 0.00812 0.00130 0.00029 0.00011 ( 2)  0.164
 182 K   0.00000 0.00238 0.09291 0.28659 0.28241 0.17399 0.09786 0.06385 ( 4)  0.588
 183 C   0.00000 0.00000 0.00062 0.02201 0.11351 0.23212 0.30419 0.32756 ( 8)  0.843
 184 K   0.00000 0.00003 0.01009 0.11438 0.25434 0.26231 0.20244 0.15641 ( 6)  0.730
 185 I   0.00014 0.15426 0.47205 0.25199 0.08052 0.02556 0.00999 0.00549 ( 3)  0.319
 186 A   0.00000 0.00000 0.00077 0.02025 0.10743 0.23179 0.30890 0.33086 ( 8)  0.846
 187 E   0.00000 0.00000 0.00061 0.01886 0.10096 0.22182 0.30981 0.34795 ( 8)  0.852
 188 Y   0.55848 0.39887 0.04035 0.00218 0.00012 0.00001 0.00000 0.00000 ( 1)  0.064
 189 T   0.00005 0.07528 0.35237 0.30915 0.15104 0.06425 0.02993 0.01793 ( 3)  0.405
 190 D   0.00121 0.52936 0.41585 0.04927 0.00382 0.00039 0.00007 0.00002 ( 2)  0.184
 191 Y   0.01907 0.57653 0.33990 0.05686 0.00658 0.00084 0.00016 0.00006 ( 2)  0.176
 192 C   0.82452 0.15897 0.01517 0.00121 0.00012 0.00002 0.00000 0.00000 ( 1)  0.036
 193 E   0.00000 0.00002 0.00964 0.09728 0.20895 0.24251 0.22975 0.21186 ( 6)  0.760
 194 Y   0.00000 0.00000 0.00003 0.00400 0.05188 0.18529 0.33480 0.42400 ( 8)  0.886
 195 W   0.00000 0.00018 0.01195 0.08315 0.18969 0.24532 0.24395 0.22576 ( 6)  0.772
 196 Y   0.89693 0.09884 0.00411 0.00012 0.00000 0.00000 0.00000 0.00000 ( 1)  0.028
 197 Q   0.00001 0.06848 0.38877 0.30204 0.13280 0.05792 0.03004 0.01993 ( 3)  0.396
 198 A   0.00000 0.00000 0.00027 0.01142 0.07654 0.20053 0.32020 0.39103 ( 8)  0.870
 199 G   0.89916 0.09709 0.00366 0.00009 0.00000 0.00000 0.00000 0.00000 ( 1)  0.027
 200 L   0.38593 0.48892 0.10989 0.01352 0.00148 0.00020 0.00004 0.00001 ( 2)  0.094
 201 N   0.00501 0.55925 0.37417 0.05509 0.00564 0.00068 0.00012 0.00004 ( 2)  0.181
 202 Q   0.00000 0.00196 0.05611 0.19358 0.25281 0.21372 0.15815 0.12368 ( 5)  0.666
 203 I   0.02697 0.63038 0.28591 0.04681 0.00760 0.00163 0.00049 0.00023 ( 2)  0.166
 204 K   0.01254 0.46512 0.39471 0.10386 0.01885 0.00359 0.00093 0.00039 ( 2)  0.207
 205 Q   0.00000 0.00000 0.00007 0.00466 0.04663 0.16735 0.32981 0.45148 ( 8)  0.893
 206 A   0.00000 0.00000 0.00080 0.01701 0.08606 0.20236 0.31287 0.38091 ( 8)  0.863
 207 G   0.83285 0.15268 0.01342 0.00095 0.00008 0.00001 0.00000 0.00000 ( 1)  0.035
 208 T   0.00000 0.00163 0.07733 0.24684 0.26365 0.18908 0.12678 0.09470 ( 5)  0.624
 209 G   0.00000 0.00014 0.04270 0.27261 0.32085 0.19374 0.10384 0.06612 ( 5)  0.615
 210 A   0.00016 0.18202 0.53429 0.22748 0.04551 0.00801 0.00183 0.00070 ( 3)  0.281
 211 D   0.00000 0.00000 0.00055 0.02663 0.14394 0.26265 0.29119 0.27503 ( 7)  0.823
 212 T   0.00000 0.00000 0.00045 0.02182 0.12308 0.24457 0.30109 0.30899 ( 8)  0.837
 213 W   0.59490 0.28144 0.09121 0.02405 0.00598 0.00161 0.00054 0.00026 ( 1)  0.079
 214 A   0.00000 0.00095 0.03069 0.13405 0.22644 0.23618 0.20145 0.17024 ( 6)  0.720
 215 K   0.00028 0.25442 0.54658 0.16872 0.02550 0.00358 0.00069 0.00024 ( 3)  0.251
 216 F   0.92668 0.07149 0.00180 0.00003 0.00000 0.00000 0.00000 0.00000 ( 1)  0.025
 217 N   0.04636 0.73568 0.19821 0.01816 0.00143 0.00014 0.00002 0.00001 ( 2)  0.139
 218 K   0.00000 0.00062 0.06600 0.29490 0.31332 0.18046 0.09066 0.05404 ( 5)  0.592
 219 F   0.04121 0.74009 0.20318 0.01464 0.00080 0.00006 0.00001 0.00000 ( 2)  0.138
 220 R   0.74862 0.21254 0.03394 0.00425 0.00054 0.00008 0.00002 0.00001 ( 1)  0.047
 221 R   0.02144 0.58516 0.33624 0.05147 0.00505 0.00053 0.00008 0.00003 ( 2)  0.172
 222 E   0.00299 0.44796 0.44448 0.09137 0.01136 0.00147 0.00027 0.00009 ( 2)  0.205
 223 M   0.91697 0.08079 0.00220 0.00003 0.00000 0.00000 0.00000 0.00000 ( 1)  0.026
 224 T   0.86852 0.12381 0.00734 0.00031 0.00001 0.00000 0.00000 0.00000 ( 1)  0.031
 225 L   0.04855 0.48426 0.34259 0.09831 0.02037 0.00427 0.00115 0.00049 ( 2)  0.196
 226 T   0.00000 0.00006 0.01275 0.11487 0.24264 0.25635 0.20713 0.16620 ( 6)  0.734
 227 V   0.90007 0.09594 0.00387 0.00011 0.00000 0.00000 0.00000 0.00000 ( 1)  0.027
 228 L   0.78818 0.18635 0.02302 0.00220 0.00022 0.00003 0.00001 0.00000 ( 1)  0.041
 229 D   0.95534 0.04412 0.00053 0.00000 0.00000 0.00000 0.00000 0.00000 ( 1)  0.022
 230 I   0.02015 0.57871 0.33740 0.05634 0.00639 0.00080 0.00015 0.00005 ( 2)  0.175
 231 I   0.13187 0.64921 0.18950 0.02536 0.00327 0.00057 0.00015 0.00007 ( 2)  0.133
 232 A   0.00000 0.02872 0.31339 0.37805 0.17974 0.06343 0.02410 0.01257 ( 4)  0.424
 233 I   0.00003 0.06201 0.36541 0.33972 0.14865 0.05261 0.02059 0.01099 ( 3)  0.394
 234 F   0.03986 0.72811 0.21300 0.01770 0.00120 0.00011 0.00002 0.00001 ( 2)  0.141
 235 Q   0.00649 0.35133 0.44713 0.15578 0.03162 0.00582 0.00134 0.00050 ( 3)  0.238
 236 T   0.00000 0.00215 0.13690 0.37303 0.27143 0.12513 0.05756 0.03380 ( 4)  0.526


lnL = -8722.261759

