Supplemental results for CODEML (seqf: algn  treef: tree)


dN/dS (w) for site classes (K=8)

p:   0.12500  0.12500  0.12500  0.12500  0.12500  0.12500  0.12500  0.12500
w:   0.00290  0.02648  0.07455  0.14856  0.25099  0.38621  0.56282  0.80462

Naive Empirical Bayes (NEB) probabilities for 8 classes & postmean_w
(amino acids refer to 1st sequence: BT_Cry19Aa1)

   1 E   0.00000 0.00000 0.00012 0.00375 0.03494 0.14571 0.33628 0.47919 ( 8)  0.640
   2 V   0.47049 0.32098 0.14905 0.04732 0.01037 0.00160 0.00018 0.00001 ( 1)  0.031
   3 K   0.45341 0.31840 0.15693 0.05468 0.01368 0.00252 0.00035 0.00004 ( 1)  0.034
   4 T   0.00011 0.00770 0.04649 0.12286 0.20393 0.24374 0.22205 0.15313 ( 6)  0.415
   5 E   0.42671 0.31385 0.16910 0.06659 0.01912 0.00398 0.00059 0.00006 ( 1)  0.039
   6 L   0.29259 0.25566 0.19467 0.12878 0.07356 0.03584 0.01447 0.00442 ( 1)  0.085
   7 T   0.44626 0.31393 0.15772 0.05893 0.01747 0.00444 0.00103 0.00021 ( 1)  0.037
   8 R   0.35582 0.28961 0.19105 0.10162 0.04321 0.01443 0.00364 0.00061 ( 1)  0.057
   9 E   0.42671 0.31385 0.16910 0.06659 0.01912 0.00398 0.00059 0.00006 ( 1)  0.039
  10 I   0.49283 0.32127 0.13724 0.03933 0.00794 0.00122 0.00016 0.00002 ( 1)  0.029
  11 Y   0.45500 0.31650 0.15467 0.05480 0.01489 0.00336 0.00067 0.00012 ( 1)  0.035
  12 S   0.30980 0.26548 0.19461 0.12189 0.06503 0.02928 0.01086 0.00304 ( 1)  0.077
  13 D   0.53320 0.32046 0.11616 0.02598 0.00377 0.00039 0.00003 0.00000 ( 1)  0.024
  14 V   0.36438 0.29262 0.18839 0.09724 0.04019 0.01321 0.00337 0.00061 ( 1)  0.055
  15 I   0.05294 0.31018 0.36108 0.19643 0.06282 0.01378 0.00240 0.00036 ( 3)  0.087
  16 N   0.54479 0.31779 0.10978 0.02365 0.00352 0.00042 0.00005 0.00001 ( 1)  0.023
  17 G   0.00000 0.00029 0.01063 0.07465 0.20764 0.30288 0.26360 0.14030 ( 6)  0.442
  18 E   0.00000 0.00126 0.03452 0.16285 0.28595 0.26819 0.16848 0.07876 ( 5)  0.360
  19 I   0.00000 0.00005 0.00242 0.02316 0.09548 0.22206 0.32999 0.32684 ( 7)  0.562
  20 Y   0.00000 0.00147 0.02102 0.08736 0.18617 0.25707 0.25694 0.18997 ( 6)  0.458
  21 G   0.00022 0.01563 0.08579 0.19511 0.26143 0.23428 0.14643 0.06110 ( 5)  0.323
  22 L   0.00000 0.00010 0.00425 0.03601 0.12778 0.25139 0.31470 0.26577 ( 7)  0.526
  23 M   0.00000 0.00212 0.03050 0.12404 0.24344 0.28257 0.21261 0.10471 ( 6)  0.395
  24 -   0.00308 0.02673 0.06815 0.11707 0.16249 0.19587 0.21301 0.21360 ( 8)  0.431
  25 T   0.00000 0.00011 0.00237 0.01658 0.06371 0.16297 0.30623 0.44803 ( 8)  0.614
  26 P   0.00015 0.01078 0.06089 0.14667 0.21820 0.23395 0.19639 0.13296 ( 6)  0.389
  27 Y   0.00000 0.00003 0.00325 0.03995 0.15772 0.28895 0.30210 0.20799 ( 7)  0.495
  28 F   0.00000 0.00000 0.00039 0.00695 0.04443 0.14766 0.31458 0.48598 ( 8)  0.637
  29 S   0.00002 0.01061 0.10515 0.25759 0.28704 0.19721 0.10086 0.04152 ( 5)  0.285
  30 F   0.00121 0.06838 0.25123 0.32396 0.21993 0.09637 0.03111 0.00782 ( 4)  0.185
  31 E   0.00000 0.00003 0.00185 0.02039 0.08849 0.20652 0.31575 0.36696 ( 8)  0.578
  32 K   0.00000 0.00061 0.01123 0.06225 0.17158 0.27986 0.28877 0.18570 ( 7)  0.473
  33 A   0.00001 0.00380 0.04686 0.15687 0.25358 0.25428 0.18270 0.10191 ( 6)  0.374
  34 E   0.42671 0.31385 0.16910 0.06659 0.01912 0.00398 0.00059 0.00006 ( 1)  0.039
  35 S   0.00033 0.02199 0.11102 0.22470 0.26295 0.20697 0.11940 0.05264 ( 5)  0.298
  36 L   0.02812 0.19467 0.31258 0.26492 0.13979 0.04802 0.01058 0.00132 ( 3)  0.129
  37 Y   0.47405 0.31986 0.14647 0.04660 0.01077 0.00193 0.00029 0.00004 ( 1)  0.031
  38 T   0.40537 0.30745 0.17654 0.07694 0.02561 0.00658 0.00131 0.00020 ( 1)  0.044
  39 R   0.23806 0.21609 0.17891 0.13664 0.09774 0.06625 0.04229 0.02403 ( 1)  0.133
  40 A   0.00000 0.00002 0.00115 0.01316 0.06588 0.18649 0.33505 0.39825 ( 8)  0.600
  41 P   0.41125 0.30999 0.17525 0.07399 0.02319 0.00534 0.00089 0.00010 ( 1)  0.042
  42 H   0.49198 0.32291 0.13837 0.03869 0.00710 0.00087 0.00007 0.00000 ( 1)  0.028
  43 L   0.00008 0.00598 0.03643 0.09879 0.17318 0.22860 0.24413 0.21281 ( 7)  0.458
  44 F   0.32749 0.27535 0.19420 0.11466 0.05640 0.02283 0.00737 0.00171 ( 1)  0.068
  45 T   0.49415 0.32149 0.13667 0.03877 0.00765 0.00112 0.00013 0.00001 ( 1)  0.028
  46 W   0.25280 0.22995 0.18964 0.14105 0.09377 0.05485 0.02733 0.01061 ( 1)  0.111
  47 L   0.34665 0.28518 0.19232 0.10592 0.04734 0.01695 0.00471 0.00092 ( 1)  0.060
  48 K   0.00372 0.03330 0.08785 0.15172 0.19999 0.21196 0.18387 0.12760 ( 6)  0.368
  49 G   0.30942 0.26607 0.19595 0.12289 0.06497 0.02841 0.00987 0.00242 ( 1)  0.076
  50 F   0.02853 0.19965 0.32103 0.26491 0.13247 0.04294 0.00924 0.00124 ( 3)  0.125
  51 R   0.00005 0.00602 0.05385 0.17125 0.27770 0.26771 0.16308 0.06035 ( 5)  0.343
  52 F   0.49646 0.32256 0.13585 0.03734 0.00683 0.00087 0.00008 0.00001 ( 1)  0.028
  53 V   0.38176 0.30022 0.18483 0.08869 0.03293 0.00934 0.00196 0.00027 ( 1)  0.049
  54 T   0.34781 0.28281 0.18832 0.10431 0.04889 0.01955 0.00658 0.00172 ( 1)  0.063
  55 N   0.54479 0.31779 0.10978 0.02365 0.00352 0.00042 0.00005 0.00001 ( 1)  0.023
  56 S   0.00000 0.00036 0.01228 0.08359 0.22340 0.30743 0.24881 0.12413 ( 6)  0.428
  57 I   0.02663 0.18552 0.30245 0.26413 0.14741 0.05615 0.01499 0.00273 ( 3)  0.136
  58 S   0.00002 0.00873 0.09356 0.25186 0.30245 0.21037 0.09922 0.03379 ( 5)  0.285
  59 Y   0.00000 0.00000 0.00012 0.00384 0.03545 0.14690 0.33677 0.47692 ( 8)  0.639
  60 -   0.33922 0.28067 0.19190 0.10858 0.05103 0.02005 0.00666 0.00188 ( 1)  0.065
  61 -   0.00000 0.00012 0.00295 0.02092 0.07350 0.16659 0.29041 0.44551 ( 8)  0.608
  62 -   0.00000 0.00000 0.00011 0.00224 0.01840 0.08525 0.26531 0.62869 ( 8)  0.693
  63 -   0.00004 0.00291 0.01977 0.06208 0.12900 0.20490 0.26969 0.31162 ( 8)  0.525
  64 -   0.25009 0.22237 0.17719 0.12907 0.08884 0.06025 0.04185 0.03035 ( 1)  0.133
  65 -   0.00625 0.05230 0.12277 0.18422 0.20925 0.19107 0.14416 0.08997 ( 5)  0.318
  66 W   0.25280 0.22995 0.18964 0.14105 0.09377 0.05485 0.02733 0.01061 ( 1)  0.111
  67 T   0.00000 0.00140 0.02099 0.09182 0.20191 0.27448 0.25216 0.15725 ( 6)  0.440
  68 F   0.03770 0.24272 0.33953 0.23898 0.10319 0.03027 0.00654 0.00108 ( 3)  0.109
  69 L   0.34994 0.28682 0.19193 0.10440 0.04582 0.01599 0.00429 0.00079 ( 1)  0.059
  70 S   0.00054 0.03346 0.14949 0.25753 0.25408 0.17328 0.09189 0.03974 ( 4)  0.265
  71 G   0.39573 0.30470 0.18019 0.08180 0.02843 0.00750 0.00146 0.00019 ( 1)  0.046
  72 G   0.00000 0.00000 0.00003 0.00179 0.02410 0.12666 0.33376 0.51366 ( 8)  0.656
  73 Q   0.00000 0.00127 0.01978 0.09060 0.20670 0.28462 0.25407 0.14295 ( 6)  0.435
  74 N   0.06420 0.35273 0.36309 0.16688 0.04395 0.00789 0.00113 0.00014 ( 3)  0.076
  75 K   0.00087 0.05232 0.21512 0.32014 0.24911 0.11799 0.03684 0.00760 ( 4)  0.200
  76 Y   0.00099 0.05837 0.22941 0.32246 0.23768 0.10905 0.03439 0.00765 ( 4)  0.194
  77 S   0.00078 0.04751 0.19930 0.30711 0.25318 0.13175 0.04783 0.01253 ( 4)  0.213
  78 Y   0.00000 0.00004 0.00391 0.04375 0.15858 0.27736 0.29546 0.22090 ( 7)  0.498
  79 T   0.00030 0.02009 0.10157 0.20857 0.25369 0.21411 0.13590 0.06576 ( 5)  0.315
  80 N   0.00000 0.00000 0.00007 0.00212 0.01984 0.08901 0.26094 0.62802 ( 8)  0.692
  81 -   0.12500 0.12500 0.12500 0.12500 0.12500 0.12500 0.12500 0.12500 ( 3)  0.282
  82 N   0.00000 0.00000 0.00000 0.00012 0.00332 0.03606 0.20597 0.75453 ( 8)  0.738
  83 S   0.00000 0.00000 0.00004 0.00268 0.03650 0.16701 0.35659 0.43719 ( 8)  0.627
  84 S   0.00000 0.00000 0.00005 0.00204 0.02277 0.11144 0.30511 0.55860 ( 8)  0.670
  85 I   0.00002 0.01196 0.12223 0.30245 0.31570 0.17557 0.05928 0.01279 ( 5)  0.245
  86 N   0.00000 0.00000 0.00001 0.00054 0.00974 0.06835 0.25871 0.66265 ( 8)  0.708
  87 E   0.00000 0.00000 0.00016 0.00425 0.03402 0.13086 0.30782 0.52289 ( 8)  0.654
  88 G   0.01305 0.10416 0.21733 0.26241 0.21353 0.12341 0.05142 0.01469 ( 4)  0.200
  89 S   0.00069 0.04312 0.18993 0.30996 0.26659 0.13724 0.04411 0.00836 ( 4)  0.213
  90 F   0.46470 0.31851 0.15069 0.05051 0.01259 0.00251 0.00043 0.00006 ( 1)  0.033
  91 R   0.00000 0.00000 0.00000 0.00000 0.00030 0.00773 0.10354 0.88843 ( 8)  0.776
  92 G   0.32575 0.27281 0.19195 0.11440 0.05821 0.02526 0.00914 0.00249 ( 1)  0.071
  93 Q   0.00000 0.00011 0.00317 0.02532 0.09486 0.21184 0.31984 0.34487 ( 8)  0.567
  94 D   0.00001 0.00709 0.08103 0.23666 0.30769 0.22563 0.10711 0.03479 ( 5)  0.294
  95 T   0.00000 0.00020 0.00791 0.05991 0.18249 0.29448 0.28520 0.16981 ( 6)  0.466
  96 D   0.00000 0.00002 0.00196 0.02793 0.13053 0.28210 0.33213 0.22534 ( 7)  0.514
  97 Y   0.00001 0.00668 0.07708 0.22900 0.30536 0.23104 0.11312 0.03771 ( 5)  0.300
  98 G   0.01968 0.15025 0.28203 0.28307 0.17490 0.06949 0.01784 0.00274 ( 4)  0.150
  99 G   0.01213 0.09532 0.19736 0.24506 0.21568 0.14158 0.06936 0.02351 ( 4)  0.220
 100 T   0.00002 0.00272 0.02964 0.11051 0.21585 0.26758 0.23161 0.14208 ( 6)  0.421
 101 S   0.00000 0.00004 0.00391 0.04633 0.17543 0.30564 0.29578 0.17286 ( 6)  0.475
 102 S   0.03764 0.24297 0.34111 0.24029 0.10268 0.02895 0.00563 0.00073 ( 3)  0.108
 103 T   0.00000 0.00004 0.00314 0.03595 0.13761 0.26255 0.30946 0.25126 ( 7)  0.518
 104 I   0.00000 0.00030 0.01033 0.06749 0.17829 0.26616 0.27228 0.20515 ( 7)  0.477
 105 N   0.00000 0.00005 0.00410 0.04566 0.16579 0.28913 0.29659 0.19869 ( 7)  0.487
 106 I   0.00002 0.01013 0.10555 0.27194 0.30700 0.19660 0.08352 0.02525 ( 5)  0.269
 107 P   0.00000 0.00000 0.00000 0.00017 0.00417 0.04223 0.22541 0.72802 ( 8)  0.730
 108 S   0.00000 0.00000 0.00004 0.00233 0.02921 0.14201 0.34418 0.48223 ( 8)  0.644
 109 N   0.00000 0.00000 0.00012 0.00402 0.03833 0.15814 0.34769 0.45171 ( 8)  0.630
 110 S   0.00000 0.00021 0.00399 0.02406 0.08028 0.18182 0.30728 0.40236 ( 8)  0.591
 111 Y   0.00001 0.00592 0.06968 0.21368 0.29861 0.24025 0.12628 0.04556 ( 5)  0.313
 112 V   0.00000 0.00038 0.01405 0.09546 0.24429 0.31201 0.23022 0.10359 ( 6)  0.410
 113 Y   0.00118 0.06757 0.25314 0.33167 0.22337 0.09214 0.02585 0.00509 ( 4)  0.180
 114 N   0.00000 0.00155 0.04114 0.18413 0.30077 0.25678 0.14713 0.06850 ( 5)  0.343
 115 L   0.31812 0.26436 0.18649 0.11595 0.06514 0.03245 0.01343 0.00406 ( 1)  0.079
 116 W   0.00003 0.00280 0.02064 0.06986 0.15095 0.23451 0.27572 0.24549 ( 7)  0.493
 117 T   0.00025 0.01709 0.09030 0.19643 0.25398 0.22565 0.14691 0.06939 ( 5)  0.326
 118 E   0.03510 0.23008 0.33326 0.24628 0.11230 0.03441 0.00745 0.00112 ( 3)  0.114
 119 N   0.00040 0.02616 0.12797 0.24566 0.26792 0.19392 0.10063 0.03734 ( 5)  0.276
 120 Y   0.00128 0.07266 0.26783 0.33949 0.21528 0.08054 0.01967 0.00325 ( 4)  0.171
 121 E   0.00037 0.02470 0.12382 0.24600 0.27616 0.19980 0.09788 0.03127 ( 5)  0.273
 122 Y   0.00000 0.00000 0.00001 0.00090 0.01422 0.09004 0.29603 0.59880 ( 8)  0.687
 123 I   0.00147 0.08146 0.28560 0.33915 0.20111 0.07140 0.01699 0.00281 ( 4)  0.164
 124 Y   0.00055 0.03447 0.15668 0.27301 0.26521 0.16845 0.07640 0.02524 ( 4)  0.248
 125 P   0.36316 0.29241 0.18902 0.09789 0.04045 0.01320 0.00330 0.00056 ( 1)  0.055
 126 W   0.00000 0.00035 0.00634 0.03605 0.11003 0.21966 0.31141 0.31616 ( 8)  0.548
 127 G   0.00000 0.00000 0.00001 0.00050 0.01003 0.07405 0.27616 0.63925 ( 8)  0.701
 128 D   0.00175 0.09487 0.31568 0.34374 0.17917 0.05332 0.01017 0.00130 ( 4)  0.149
 129 P   0.00000 0.00126 0.01927 0.08633 0.19474 0.27221 0.25848 0.16771 ( 6)  0.449
 130 V   0.00000 0.00004 0.00227 0.02415 0.10561 0.24497 0.33829 0.28467 ( 7)  0.544
 131 N   0.06420 0.35273 0.36309 0.16688 0.04395 0.00789 0.00113 0.00014 ( 3)  0.076
 132 I   0.00147 0.08146 0.28560 0.33915 0.20111 0.07140 0.01699 0.00281 ( 4)  0.164
 133 T   0.00004 0.00389 0.03582 0.12499 0.23396 0.27343 0.21471 0.11316 ( 6)  0.398
 134 K   0.00000 0.00154 0.02602 0.12077 0.25412 0.29503 0.20909 0.09341 ( 6)  0.390
 135 M   0.00002 0.01112 0.11375 0.28460 0.30832 0.18704 0.07441 0.02075 ( 5)  0.259
 136 N   0.00151 0.08175 0.27834 0.32829 0.20296 0.07967 0.02246 0.00503 ( 4)  0.170
 137 F   0.47027 0.32052 0.14897 0.04766 0.01066 0.00170 0.00019 0.00001 ( 1)  0.031
 138 S   0.01265 0.09728 0.20597 0.26763 0.22904 0.12873 0.04765 0.01103 ( 4)  0.201
 139 V   0.00000 0.00000 0.00011 0.00345 0.03247 0.13866 0.33170 0.49362 ( 8)  0.646
 140 T   0.01692 0.12565 0.23422 0.25351 0.19241 0.11058 0.04971 0.01699 ( 4)  0.191
 141 D   0.00188 0.09917 0.31689 0.33452 0.17602 0.05666 0.01273 0.00212 ( 4)  0.151
 142 N   0.54479 0.31779 0.10978 0.02365 0.00352 0.00042 0.00005 0.00001 ( 1)  0.023
 143 N   0.00082 0.04880 0.20132 0.30729 0.25230 0.13046 0.04681 0.01220 ( 4)  0.212
 144 S   0.00000 0.00000 0.00055 0.01254 0.07855 0.21583 0.33813 0.35440 ( 8)  0.580
 145 S   0.00018 0.01257 0.06880 0.15898 0.22602 0.23163 0.18519 0.11662 ( 6)  0.373
 146 K   0.00000 0.00000 0.00000 0.00028 0.00668 0.05887 0.25946 0.67470 ( 8)  0.713
 147 E   0.00000 0.00173 0.02468 0.10209 0.21289 0.27619 0.24185 0.14057 ( 6)  0.426
 148 L   0.00000 0.00000 0.00000 0.00027 0.00578 0.05101 0.24025 0.70268 ( 8)  0.722
 149 I   0.00000 0.00035 0.01104 0.06832 0.18010 0.27510 0.27540 0.18969 ( 7)  0.470
 150 Y   0.03498 0.22853 0.33053 0.24598 0.11433 0.03614 0.00818 0.00134 ( 3)  0.116
 151 G   0.00055 0.03524 0.16450 0.28973 0.27536 0.16133 0.06022 0.01308 ( 4)  0.232
 152 -   0.12500 0.12500 0.12500 0.12500 0.12500 0.12500 0.12500 0.12500 ( 3)  0.282
 153 -   0.00466 0.03897 0.09225 0.14303 0.17615 0.18815 0.18438 0.17241 ( 6)  0.389
 154 -   0.00296 0.02581 0.06636 0.11525 0.16179 0.19693 0.21533 0.21557 ( 8)  0.434
 155 A   0.00000 0.00027 0.00521 0.03192 0.10280 0.21224 0.31040 0.33717 ( 8)  0.559
 156 H   0.00000 0.00000 0.00008 0.00290 0.02955 0.13382 0.33174 0.50192 ( 8)  0.650
 157 R   0.00001 0.00371 0.04813 0.17014 0.28282 0.27220 0.16397 0.05901 ( 5)  0.345
 158 T   0.00000 0.00002 0.00139 0.01623 0.07678 0.19780 0.32725 0.38053 ( 8)  0.589
 159 N   0.54479 0.31779 0.10978 0.02365 0.00352 0.00042 0.00005 0.00001 ( 1)  0.023
 160 K   0.00000 0.00002 0.00133 0.01578 0.07660 0.20138 0.33244 0.37244 ( 8)  0.586
 161 P   0.43834 0.31708 0.16471 0.06090 0.01581 0.00281 0.00033 0.00002 ( 1)  0.036
 162 V   0.00001 0.00681 0.08126 0.24418 0.31602 0.22233 0.09891 0.03047 ( 5)  0.288
 163 V   0.47586 0.32153 0.14643 0.04513 0.00951 0.00139 0.00015 0.00001 ( 1)  0.031
 164 R   0.00011 0.00810 0.04915 0.13009 0.21384 0.24854 0.21468 0.13550 ( 6)  0.403
 165 T   0.39274 0.30307 0.18035 0.08311 0.02992 0.00852 0.00194 0.00034 ( 1)  0.047
 166 D   0.06456 0.35563 0.36562 0.16509 0.04134 0.00679 0.00087 0.00010 ( 3)  0.075
 167 F   0.48945 0.32217 0.13940 0.03999 0.00778 0.00108 0.00011 0.00001 ( 1)  0.029
 168 D   0.00243 0.12307 0.36008 0.32885 0.14147 0.03627 0.00679 0.00105 ( 3)  0.133
 169 F   0.49646 0.32256 0.13585 0.03734 0.00683 0.00087 0.00008 0.00001 ( 1)  0.028
 170 L   0.02684 0.18602 0.30130 0.26262 0.14763 0.05716 0.01557 0.00286 ( 3)  0.137
 171 T   0.00000 0.00028 0.00994 0.06862 0.18961 0.28335 0.26949 0.17870 ( 6)  0.463
 172 N   0.05095 0.29709 0.34805 0.19961 0.07444 0.02218 0.00610 0.00159 ( 3)  0.096
 173 K   0.03712 0.24003 0.33842 0.24071 0.10506 0.03100 0.00663 0.00103 ( 3)  0.110
 174 E   0.00000 0.00041 0.01429 0.09374 0.23668 0.30595 0.23459 0.11434 ( 6)  0.417
 175 G   0.00017 0.01214 0.06858 0.16418 0.23895 0.24214 0.17954 0.09429 ( 6)  0.360
 176 T   0.00151 0.08261 0.28470 0.33271 0.19792 0.07445 0.02105 0.00505 ( 4)  0.167
 177 E   0.00007 0.00580 0.04106 0.12486 0.22404 0.26593 0.21807 0.12018 ( 6)  0.400
 178 L   0.00000 0.00070 0.01155 0.05859 0.15417 0.25493 0.28890 0.23116 ( 7)  0.495
 179 A   0.00010 0.00740 0.04536 0.12192 0.20497 0.24607 0.22279 0.15140 ( 6)  0.415
 180 K   0.02498 0.17536 0.29100 0.26278 0.15549 0.06533 0.02039 0.00468 ( 3)  0.145
 181 Y   0.01497 0.11247 0.21530 0.24396 0.19853 0.12566 0.06386 0.02526 ( 4)  0.210
 182 N   0.06664 0.35983 0.35954 0.16088 0.04280 0.00849 0.00154 0.00028 ( 2)  0.076
 183 D   0.00132 0.07417 0.26772 0.33424 0.21325 0.08308 0.02204 0.00419 ( 4)  0.173
 184 Y   0.45288 0.31653 0.15593 0.05562 0.01505 0.00328 0.00061 0.00010 ( 1)  0.035
 185 N   0.00124 0.07253 0.27295 0.34250 0.20920 0.07674 0.02035 0.00450 ( 4)  0.170
 186 H   0.47626 0.32116 0.14594 0.04513 0.00975 0.00155 0.00020 0.00002 ( 1)  0.031
 187 I   0.50411 0.32169 0.13153 0.03522 0.00646 0.00088 0.00010 0.00001 ( 1)  0.027
 188 L   0.32797 0.27607 0.19486 0.11477 0.05590 0.02212 0.00684 0.00146 ( 1)  0.067
 189 S   0.32613 0.27414 0.19347 0.11472 0.05719 0.02391 0.00826 0.00219 ( 1)  0.070
 190 Y   0.00038 0.02604 0.13265 0.26084 0.27957 0.18788 0.08559 0.02704 ( 5)  0.262
 191 M   0.00001 0.00306 0.04217 0.16041 0.28458 0.28391 0.16920 0.05666 ( 5)  0.349
 192 L   0.32340 0.27350 0.19495 0.11665 0.05816 0.02381 0.00773 0.00179 ( 1)  0.070
 193 I   0.00000 0.00159 0.02323 0.09840 0.20833 0.27320 0.24440 0.15084 ( 6)  0.433
 194 N   0.00145 0.08078 0.28559 0.34114 0.20157 0.07033 0.01639 0.00275 ( 4)  0.163
 195 -   0.25009 0.22237 0.17719 0.12907 0.08884 0.06025 0.04185 0.03035 ( 1)  0.133
 196 -   0.27761 0.24007 0.18104 0.12188 0.07651 0.04778 0.03179 0.02333 ( 1)  0.113
 197 -   0.16521 0.16069 0.15190 0.13936 0.12379 0.10602 0.08678 0.06625 ( 1)  0.211
 198 G   0.00029 0.01903 0.09627 0.19839 0.24564 0.21670 0.14735 0.07634 ( 5)  0.327
 199 E   0.00000 0.00007 0.00251 0.02244 0.09176 0.21676 0.33018 0.33628 ( 8)  0.567
 200 T   0.33864 0.28004 0.19168 0.10908 0.05181 0.02051 0.00663 0.00161 ( 1)  0.065
 201 F   0.00000 0.00056 0.01867 0.11393 0.26238 0.30462 0.20832 0.09151 ( 6)  0.393
 202 G   0.02249 0.16089 0.27733 0.26499 0.16829 0.07596 0.02470 0.00535 ( 3)  0.154
 203 Q   0.00026 0.01753 0.09225 0.19890 0.25378 0.22273 0.14484 0.06971 ( 5)  0.324
 204 K   0.00029 0.02032 0.11003 0.23723 0.28426 0.21280 0.10363 0.03145 ( 5)  0.281
 205 R   0.00024 0.01611 0.08198 0.17434 0.23086 0.22434 0.17071 0.10141 ( 5)  0.355
 206 H   0.33255 0.27815 0.19399 0.11245 0.05387 0.02105 0.00651 0.00143 ( 1)  0.066
 207 G   0.41715 0.31193 0.17335 0.07108 0.02125 0.00453 0.00066 0.00006 ( 1)  0.040
 208 Y   0.48563 0.32099 0.14091 0.04199 0.00886 0.00141 0.00018 0.00002 ( 1)  0.030
 209 S   0.01183 0.09241 0.18998 0.23583 0.21133 0.14609 0.07962 0.03291 ( 4)  0.232
 210 F   0.49646 0.32256 0.13585 0.03734 0.00683 0.00087 0.00008 0.00001 ( 1)  0.028
 211 A   0.03103 0.20936 0.32079 0.25641 0.12814 0.04292 0.00987 0.00148 ( 3)  0.123
 212 F   0.48966 0.32206 0.13924 0.03998 0.00783 0.00110 0.00012 0.00001 ( 1)  0.029
 213 T   0.37766 0.29697 0.18389 0.09039 0.03574 0.01157 0.00310 0.00067 ( 1)  0.052
 214 H   0.50156 0.32323 0.13340 0.03517 0.00594 0.00065 0.00005 0.00000 ( 1)  0.027
 215 S   0.52047 0.32236 0.12319 0.02918 0.00435 0.00042 0.00003 0.00000 ( 1)  0.025
 216 S   0.38879 0.30043 0.18047 0.08547 0.03234 0.00980 0.00232 0.00038 ( 1)  0.049


lnL = -3695.009194

