Supplemental results for CODEML (seqf: algn  treef: tree)


dN/dS (w) for site classes (K=3)

p:   0.67381  0.25803  0.06816
w:   0.10985  1.00000  1.00000

Naive Empirical Bayes (NEB) probabilities for 3 classes & postmean_w
(amino acids refer to 1st sequence: BT_Cry21Aa1)

   1 -   0.72935 0.21410 0.05655 ( 1)  0.351
   2 -   0.36262 0.50420 0.13318 ( 2)  0.677
   3 -   0.44619 0.43809 0.11572 ( 1)  0.603
   4 -   0.97702 0.01818 0.00480 ( 1)  0.130
   5 -   0.97789 0.01749 0.00462 ( 1)  0.130
   6 -   0.98062 0.01533 0.00405 ( 1)  0.127
   7 -   0.80086 0.15753 0.04161 ( 1)  0.287
   8 N   0.98959 0.00823 0.00217 ( 1)  0.119
   9 M   0.98029 0.01559 0.00412 ( 1)  0.127
  10 F   0.99936 0.00051 0.00013 ( 1)  0.110
  11 V   0.94702 0.04191 0.01107 ( 1)  0.157
  12 D   0.99672 0.00259 0.00068 ( 1)  0.113
  13 F   0.99949 0.00040 0.00011 ( 1)  0.110
  14 I   0.99777 0.00176 0.00047 ( 1)  0.112
  15 F   0.98977 0.00809 0.00214 ( 1)  0.119
  16 P   0.99951 0.00039 0.00010 ( 1)  0.110
  17 K   0.98846 0.00913 0.00241 ( 1)  0.120
  18 L   0.99973 0.00021 0.00006 ( 1)  0.110
  19 F   0.99982 0.00015 0.00004 ( 1)  0.110
  20 G   0.99232 0.00607 0.00160 ( 1)  0.117
  21 R   0.00913 0.78382 0.20705 ( 2)  0.992
  22 G   0.58818 0.32577 0.08605 ( 1)  0.476
  23 S   0.97146 0.02258 0.00596 ( 1)  0.135
  24 -   0.67619 0.25615 0.06766 ( 1)  0.398
  25 Q   0.06933 0.73620 0.19447 ( 2)  0.938
  26 Q   0.63457 0.28907 0.07636 ( 1)  0.435
  27 N   0.96806 0.02526 0.00667 ( 1)  0.138
  28 A   0.00160 0.78978 0.20862 ( 2)  0.999
  29 Q   0.94335 0.04481 0.01184 ( 1)  0.160
  30 A   0.41864 0.45988 0.12148 ( 2)  0.627
  31 Q   0.84257 0.12453 0.03289 ( 1)  0.250
  32 F   0.99795 0.00162 0.00043 ( 1)  0.112
  33 F   0.99959 0.00032 0.00009 ( 1)  0.110
  34 E   0.99076 0.00731 0.00193 ( 1)  0.118
  35 L   0.73972 0.20589 0.05439 ( 1)  0.342
  36 I   0.99983 0.00013 0.00003 ( 1)  0.110
  37 I   0.93444 0.05186 0.01370 ( 1)  0.168
  38 E   0.99099 0.00713 0.00188 ( 1)  0.118
  39 K   0.99758 0.00191 0.00051 ( 1)  0.112
  40 V   0.99915 0.00067 0.00018 ( 1)  0.111
  41 K   0.99957 0.00034 0.00009 ( 1)  0.110
  42 E   0.84255 0.12455 0.03290 ( 1)  0.250
  43 L   0.99664 0.00265 0.00070 ( 1)  0.113
  44 V   0.99651 0.00276 0.00073 ( 1)  0.113
  45 D   0.99775 0.00178 0.00047 ( 1)  0.112
  46 E   0.92371 0.06035 0.01594 ( 1)  0.178
  47 D   0.24926 0.59387 0.15687 ( 2)  0.778
  48 F   0.99991 0.00007 0.00002 ( 1)  0.110
  49 R   0.10885 0.70494 0.18621 ( 2)  0.903
  50 N   0.17975 0.64885 0.17140 ( 2)  0.840
  51 F   0.85557 0.11425 0.03018 ( 1)  0.238
  52 T   0.96706 0.02606 0.00688 ( 1)  0.139
  53 L   0.36852 0.49953 0.13195 ( 2)  0.672
  54 N   0.99172 0.00655 0.00173 ( 1)  0.117
  55 N   0.00692 0.78557 0.20751 ( 2)  0.994
  56 L   0.99977 0.00018 0.00005 ( 1)  0.110
  57 L   0.69234 0.24337 0.06429 ( 1)  0.384
  58 N   0.23861 0.60229 0.15910 ( 2)  0.788
  59 Y   0.24106 0.60035 0.15858 ( 2)  0.785
  60 L   0.06903 0.73644 0.19453 ( 2)  0.939
  61 D   0.92353 0.06049 0.01598 ( 1)  0.178
  62 G   0.99998 0.00001 0.00000 ( 1)  0.110
  63 M   0.99492 0.00402 0.00106 ( 1)  0.114
  64 Q   0.00750 0.78511 0.20739 ( 2)  0.993
  65 T   0.22687 0.61158 0.16155 ( 2)  0.798
  66 A   0.00299 0.78868 0.20833 ( 2)  0.997
  67 L   0.29234 0.55979 0.14787 ( 2)  0.740
  68 S   0.32555 0.53352 0.14093 ( 2)  0.710
  69 H   0.35125 0.51319 0.13556 ( 2)  0.687
  70 F   0.99825 0.00138 0.00037 ( 1)  0.111
  71 Q   0.75860 0.19096 0.05044 ( 1)  0.325
  72 N   0.01459 0.77950 0.20591 ( 2)  0.987
  73 D   0.01393 0.78003 0.20604 ( 2)  0.988
  74 V   0.99879 0.00096 0.00025 ( 1)  0.111
  75 Q   0.81083 0.14964 0.03953 ( 1)  0.278
  76 I   0.32249 0.53594 0.14157 ( 2)  0.713
  77 A   0.38379 0.48745 0.12876 ( 2)  0.658
  78 I   0.97964 0.01611 0.00425 ( 1)  0.128
  79 C   0.79088 0.16542 0.04370 ( 1)  0.296
  80 Q   0.19762 0.63472 0.16766 ( 2)  0.824
  81 G   0.99670 0.00261 0.00069 ( 1)  0.113
  82 E   0.98664 0.01057 0.00279 ( 1)  0.122
  83 Q   0.90873 0.07220 0.01907 ( 1)  0.191
  84 P   0.76227 0.18805 0.04967 ( 1)  0.321
  85 G   0.75702 0.19221 0.05077 ( 1)  0.326
  86 L   0.79189 0.16462 0.04349 ( 1)  0.295
  87 M   0.29429 0.55825 0.14746 ( 2)  0.738
  88 L   0.97182 0.02229 0.00589 ( 1)  0.135
  89 D   0.96258 0.02960 0.00782 ( 1)  0.143
  90 Q   0.04018 0.75926 0.20056 ( 2)  0.964
  91 T   0.76541 0.18557 0.04902 ( 1)  0.319
  92 P   0.18180 0.64723 0.17097 ( 2)  0.838
  93 T   0.11642 0.69895 0.18463 ( 2)  0.896
  94 A   0.96787 0.02542 0.00671 ( 1)  0.138
  95 C   0.01841 0.77648 0.20511 ( 2)  0.984
  96 T   0.97537 0.01948 0.00515 ( 1)  0.132
  97 P   0.99990 0.00008 0.00002 ( 1)  0.110
  98 T   0.99225 0.00613 0.00162 ( 1)  0.117
  99 T   0.00152 0.78984 0.20864 ( 2)  0.999
 100 D   0.00526 0.78688 0.20786 ( 2)  0.995
 101 H   0.09390 0.71677 0.18934 ( 2)  0.916
 102 L   0.98976 0.00810 0.00214 ( 1)  0.119
 103 I   0.00235 0.78919 0.20846 ( 2)  0.998
 104 S   0.06907 0.73641 0.19452 ( 2)  0.939
 105 V   0.99622 0.00299 0.00079 ( 1)  0.113
 106 R   0.00864 0.78421 0.20715 ( 2)  0.992
 107 E   0.11906 0.69687 0.18408 ( 2)  0.894
 108 S   0.06168 0.74225 0.19607 ( 2)  0.945
 109 F   0.99612 0.00307 0.00081 ( 1)  0.113
 110 K   0.78668 0.16874 0.04457 ( 1)  0.300
 111 D   0.00218 0.78932 0.20850 ( 2)  0.998
 112 A   0.30881 0.54677 0.14443 ( 2)  0.725
 113 R   0.87523 0.09870 0.02607 ( 1)  0.221
 114 T   0.95925 0.03224 0.00852 ( 1)  0.146
 115 T   0.35856 0.50741 0.13403 ( 2)  0.681
 116 I   0.94883 0.04048 0.01069 ( 1)  0.155
 117 E   0.73235 0.21173 0.05593 ( 1)  0.348
 118 T   0.39811 0.47612 0.12577 ( 2)  0.646
 119 A   0.01539 0.77887 0.20574 ( 2)  0.986
 120 L   0.94392 0.04436 0.01172 ( 1)  0.160
 121 P   0.99805 0.00154 0.00041 ( 1)  0.112
 122 H   0.98877 0.00888 0.00235 ( 1)  0.120
 123 F   1.00000 0.00000 0.00000 ( 1)  0.110
 124 K   0.48626 0.40639 0.10735 ( 1)  0.567
 125 N   0.40085 0.47395 0.12519 ( 2)  0.643
 126 P   0.65627 0.27191 0.07182 ( 1)  0.416
 127 M   0.61753 0.30255 0.07992 ( 1)  0.450
 128 L   0.67381 0.25803 0.06816 ( 1)  0.400
 129 S   0.67381 0.25803 0.06816 ( 1)  0.400
 130 T   0.78573 0.16950 0.04477 ( 1)  0.301
 131 N   0.83031 0.13423 0.03546 ( 1)  0.261
 132 D   0.33633 0.52499 0.13868 ( 2)  0.701
 133 N   0.28283 0.56731 0.14986 ( 2)  0.748
 134 T   0.75659 0.19255 0.05086 ( 1)  0.327
 135 P   0.90848 0.07240 0.01912 ( 1)  0.191
 136 D   0.21438 0.62146 0.16416 ( 2)  0.809
 137 F   0.93700 0.04984 0.01316 ( 1)  0.166
 138 N   0.83031 0.13423 0.03546 ( 1)  0.261
 139 S   0.54285 0.36163 0.09552 ( 1)  0.517
 140 D   0.98594 0.01112 0.00294 ( 1)  0.122
 141 T   0.63511 0.28865 0.07625 ( 1)  0.435
 142 V   0.81354 0.14750 0.03896 ( 1)  0.276
 143 L   0.91512 0.06714 0.01774 ( 1)  0.185
 144 L   0.93244 0.05344 0.01412 ( 1)  0.170
 145 T   0.08499 0.72381 0.19120 ( 2)  0.924
 146 L   0.92535 0.05905 0.01560 ( 1)  0.176
 147 P   1.00000 0.00000 0.00000 ( 1)  0.110
 148 M   0.37410 0.49512 0.13079 ( 2)  0.667
 149 Y   0.99853 0.00116 0.00031 ( 1)  0.111
 150 T   0.15588 0.66773 0.17638 ( 2)  0.861
 151 T   0.18312 0.64619 0.17069 ( 2)  0.837
 152 G   0.71321 0.22686 0.05993 ( 1)  0.365
 153 A   0.97552 0.01937 0.00512 ( 1)  0.132
 154 T   0.99966 0.00027 0.00007 ( 1)  0.110
 155 L   0.99995 0.00004 0.00001 ( 1)  0.110
 156 N   0.86633 0.10574 0.02793 ( 1)  0.229
 157 L   0.99993 0.00006 0.00002 ( 1)  0.110
 158 I   0.93983 0.04760 0.01257 ( 1)  0.163
 159 L   0.66562 0.26451 0.06987 ( 1)  0.408
 160 H   0.97619 0.01884 0.00498 ( 1)  0.131
 161 Q   0.99878 0.00097 0.00026 ( 1)  0.111
 162 G   0.96887 0.02462 0.00650 ( 1)  0.138
 163 Y   0.98345 0.01309 0.00346 ( 1)  0.125
 164 I   0.99970 0.00023 0.00006 ( 1)  0.110
 165 Q   0.73337 0.21092 0.05571 ( 1)  0.347
 166 F   0.35250 0.51220 0.13530 ( 2)  0.686
 167 A   0.98707 0.01023 0.00270 ( 1)  0.121
 168 E   0.94121 0.04651 0.01229 ( 1)  0.162
 169 R   0.99886 0.00090 0.00024 ( 1)  0.111
 170 W   0.99917 0.00066 0.00017 ( 1)  0.111
 171 K   0.57948 0.33265 0.08787 ( 1)  0.484
 172 S   0.81693 0.14481 0.03825 ( 1)  0.273
 173 V   0.67787 0.25482 0.06731 ( 1)  0.397
 174 -   0.67381 0.25803 0.06816 ( 1)  0.400
 175 -   0.67381 0.25803 0.06816 ( 1)  0.400
 176 -   0.65839 0.27023 0.07138 ( 1)  0.414
 177 -   0.35620 0.50927 0.13453 ( 2)  0.683
 178 -   0.41687 0.46128 0.12185 ( 2)  0.629
 179 -   0.09853 0.71311 0.18837 ( 2)  0.912
 180 -   0.53195 0.37025 0.09780 ( 1)  0.526
 181 -   0.56672 0.34274 0.09054 ( 1)  0.496
 182 -   0.22252 0.61502 0.16246 ( 2)  0.802
 183 N   0.49158 0.40219 0.10624 ( 1)  0.562
 184 Y   0.02270 0.77309 0.20421 ( 2)  0.980
 185 D   0.28343 0.56684 0.14973 ( 2)  0.748
 186 E   0.40979 0.46688 0.12333 ( 2)  0.635
 187 S   0.00687 0.78561 0.20752 ( 2)  0.994
 188 F   0.69538 0.24097 0.06365 ( 1)  0.381
 189 I   0.68523 0.24900 0.06577 ( 1)  0.390
 190 N   0.99031 0.00767 0.00202 ( 1)  0.118
 191 Q   0.02670 0.76992 0.20338 ( 2)  0.976
 192 T   0.62847 0.29390 0.07763 ( 1)  0.441
 193 K   0.96081 0.03100 0.00819 ( 1)  0.145
 194 V   0.05027 0.75128 0.19845 ( 2)  0.955
 195 D   0.99610 0.00308 0.00081 ( 1)  0.113
 196 L   0.99859 0.00111 0.00029 ( 1)  0.111
 197 Q   0.90771 0.07300 0.01928 ( 1)  0.192
 198 R   0.72374 0.21853 0.05773 ( 1)  0.356
 199 R   0.06294 0.74126 0.19580 ( 2)  0.944
 200 I   0.99797 0.00160 0.00042 ( 1)  0.112
 201 Q   0.59742 0.31846 0.08412 ( 1)  0.468
 202 D   0.14068 0.67976 0.17956 ( 2)  0.875
 203 Y   0.75385 0.19472 0.05144 ( 1)  0.329
 204 S   0.99860 0.00111 0.00029 ( 1)  0.111
 205 T   0.99337 0.00524 0.00138 ( 1)  0.116
 206 T   0.22758 0.61101 0.16140 ( 2)  0.797
 207 V   0.99965 0.00027 0.00007 ( 1)  0.110
 208 S   0.81626 0.14535 0.03839 ( 1)  0.273
 209 T   0.66882 0.26198 0.06920 ( 1)  0.405
 210 T   0.72238 0.21961 0.05801 ( 1)  0.357
 211 F   0.99995 0.00004 0.00001 ( 1)  0.110
 212 E   0.96407 0.02843 0.00751 ( 1)  0.142
 213 K   0.88398 0.09178 0.02424 ( 1)  0.213
 214 -   0.99653 0.00275 0.00073 ( 1)  0.113
 215 -   0.95279 0.03735 0.00986 ( 1)  0.152
 216 -   0.67381 0.25803 0.06816 ( 1)  0.400
 217 -   0.67381 0.25803 0.06816 ( 1)  0.400
 218 -   0.67381 0.25803 0.06816 ( 1)  0.400
 219 F   0.16419 0.66116 0.17465 ( 2)  0.854
 220 K   0.01456 0.77952 0.20591 ( 2)  0.987
 221 P   0.99788 0.00168 0.00044 ( 1)  0.112
 222 T   0.96477 0.02787 0.00736 ( 1)  0.141
 223 L   0.04457 0.75579 0.19964 ( 2)  0.960
 224 N   0.00959 0.78346 0.20695 ( 2)  0.991
 225 P   0.51764 0.38157 0.10079 ( 1)  0.539
 226 S   0.14960 0.67271 0.17770 ( 2)  0.867
 227 N   0.84666 0.12130 0.03204 ( 1)  0.246
 228 K   0.63430 0.28928 0.07641 ( 1)  0.435
 229 E   0.00133 0.78999 0.20868 ( 2)  0.999
 230 S   0.04080 0.75877 0.20043 ( 2)  0.964
 231 V   0.84833 0.11998 0.03169 ( 1)  0.245
 232 N   0.83183 0.13303 0.03514 ( 1)  0.260
 233 K   0.79507 0.16211 0.04282 ( 1)  0.292
 234 Y   0.99852 0.00117 0.00031 ( 1)  0.111
 235 N   0.91192 0.06968 0.01840 ( 1)  0.188
 236 R   0.15627 0.66743 0.17630 ( 2)  0.861
 237 Y   0.99999 0.00001 0.00000 ( 1)  0.110
 238 V   0.92202 0.06169 0.01629 ( 1)  0.179
 239 R   0.96308 0.02921 0.00772 ( 1)  0.143
 240 S   0.22513 0.61296 0.16191 ( 2)  0.800
 241 M   0.99997 0.00002 0.00001 ( 1)  0.110
 242 T   0.99992 0.00007 0.00002 ( 1)  0.110
 243 L   0.94164 0.04617 0.01220 ( 1)  0.162
 244 Q   0.00700 0.78551 0.20749 ( 2)  0.994
 245 S   1.00000 0.00000 0.00000 ( 1)  0.110
 246 L   0.99998 0.00001 0.00000 ( 1)  0.110
 247 D   0.99997 0.00002 0.00001 ( 1)  0.110
 248 I   0.99351 0.00514 0.00136 ( 1)  0.116
 249 A   0.99905 0.00075 0.00020 ( 1)  0.111
 250 A   0.99978 0.00017 0.00005 ( 1)  0.110
 251 T   0.99137 0.00682 0.00180 ( 1)  0.118
 252 W   0.99538 0.00365 0.00097 ( 1)  0.114
 253 P   0.99998 0.00001 0.00000 ( 1)  0.110
 254 T   0.99947 0.00042 0.00011 ( 1)  0.110

Positively selected sites

	Prob(w>1)  mean w



lnL = -4679.914995

Bayes Empirical Bayes (BEB) probabilities for 3 classes (class) & postmean_w
(amino acids refer to 1st sequence: BT_Cry21Aa1)

   1 -   0.80439 0.15512 0.04049 ( 1)  0.503 +-  1.257
   2 -   0.56084 0.34649 0.09267 ( 1)  0.951 +-  1.804
   3 -   0.62387 0.29691 0.07922 ( 1)  0.835 +-  1.692
   4 -   0.97649 0.01963 0.00387 ( 1)  0.187 +-  0.390
   5 -   0.98731 0.01163 0.00106 ( 1)  0.165 +-  0.210
   6 -   0.97802 0.01838 0.00360 ( 1)  0.184 +-  0.376
   7 -   0.87932 0.10188 0.01879 ( 1)  0.332 +-  0.841
   8 N   0.99109 0.00837 0.00053 ( 1)  0.159 +-  0.133
   9 M   0.99086 0.00884 0.00031 ( 1)  0.158 +-  0.095
  10 F   0.99916 0.00081 0.00003 ( 1)  0.151 +-  0.033
  11 V   0.97100 0.02732 0.00169 ( 1)  0.179 +-  0.222
  12 D   0.99732 0.00254 0.00015 ( 1)  0.153 +-  0.065
  13 F   0.99938 0.00060 0.00001 ( 1)  0.151 +-  0.023
  14 I   0.99725 0.00259 0.00016 ( 1)  0.153 +-  0.072
  15 F   0.99283 0.00678 0.00038 ( 1)  0.157 +-  0.114
  16 P   0.99963 0.00035 0.00001 ( 1)  0.150 +-  0.022
  17 K   0.99402 0.00571 0.00027 ( 1)  0.156 +-  0.093
  18 L   0.99974 0.00025 0.00001 ( 1)  0.150 +-  0.015
  19 F   0.99973 0.00025 0.00001 ( 1)  0.150 +-  0.020
  20 G   0.99640 0.00342 0.00018 ( 1)  0.153 +-  0.066
  21 R   0.03924 0.59935 0.36141 ( 2)  2.761 +-  2.984
  22 G   0.76168 0.22453 0.01379 ( 1)  0.374 +-  0.495
  23 S   0.98018 0.01869 0.00112 ( 1)  0.169 +-  0.176
  24 -   0.75794 0.19363 0.04842 ( 1)  0.574 +-  1.344
  25 Q   0.30828 0.63921 0.05252 ( 2)  0.854 +-  0.880
  26 Q   0.85987 0.13402 0.00612 ( 1)  0.280 +-  0.390
  27 N   0.98326 0.01607 0.00067 ( 1)  0.166 +-  0.159
  28 A   0.01483 0.79323 0.19194 ( 2)  1.764 +-  2.070
  29 Q   0.97562 0.02310 0.00128 ( 1)  0.173 +-  0.186
  30 A   0.71067 0.27193 0.01740 ( 1)  0.432 +-  0.609
  31 Q   0.93149 0.06474 0.00378 ( 1)  0.215 +-  0.299
  32 F   0.99714 0.00271 0.00015 ( 1)  0.153 +-  0.066
  33 F   0.99958 0.00039 0.00003 ( 1)  0.150 +-  0.030
  34 E   0.99351 0.00613 0.00036 ( 1)  0.156 +-  0.102
  35 L   0.91194 0.08417 0.00389 ( 1)  0.232 +-  0.323
  36 I   0.99976 0.00023 0.00001 ( 1)  0.150 +-  0.020
  37 I   0.96499 0.03285 0.00216 ( 1)  0.185 +-  0.254
  38 E   0.99466 0.00508 0.00026 ( 1)  0.155 +-  0.091
  39 K   0.99823 0.00170 0.00007 ( 1)  0.152 +-  0.050
  40 V   0.99886 0.00107 0.00007 ( 1)  0.151 +-  0.044
  41 K   0.99959 0.00040 0.00002 ( 1)  0.150 +-  0.023
  42 E   0.93500 0.06201 0.00299 ( 1)  0.211 +-  0.277
  43 L   0.99785 0.00199 0.00016 ( 1)  0.152 +-  0.076
  44 V   0.99709 0.00277 0.00014 ( 1)  0.153 +-  0.067
  45 D   0.99783 0.00205 0.00011 ( 1)  0.152 +-  0.060
  46 E   0.96796 0.02788 0.00416 ( 1)  0.192 +-  0.374
  47 D   0.58615 0.36372 0.05013 ( 1)  0.680 +-  1.190
  48 F   0.99990 0.00010 0.00000 ( 1)  0.150 +-  0.011
  49 R   0.37529 0.58261 0.04210 ( 2)  0.757 +-  0.737
  50 N   0.51746 0.45081 0.03172 ( 1)  0.613 +-  0.656
  51 F   0.92338 0.07207 0.00454 ( 1)  0.226 +-  0.351
  52 T   0.98406 0.01501 0.00093 ( 1)  0.166 +-  0.173
  53 L   0.61965 0.35133 0.02902 ( 1)  0.535 +-  0.735
  54 N   0.99292 0.00660 0.00049 ( 1)  0.158 +-  0.128
  55 N   0.04722 0.78468 0.16810 ( 2)  1.644 +-  1.992
  56 L   0.99976 0.00023 0.00001 ( 1)  0.150 +-  0.017
  57 L   0.82847 0.15132 0.02020 ( 1)  0.363 +-  0.762
  58 N   0.56734 0.39125 0.04141 ( 1)  0.659 +-  1.079
  59 Y   0.48192 0.37708 0.14100 ( 1)  1.257 +-  2.162
  60 L   0.28314 0.66121 0.05565 ( 2)  0.886 +-  0.916
  61 D   0.95216 0.04479 0.00305 ( 1)  0.198 +-  0.298
  62 G   0.99998 0.00002 0.00000 ( 1)  0.150 +-  0.005
  63 M   0.99741 0.00251 0.00008 ( 1)  0.152 +-  0.050
  64 Q   0.05575 0.86241 0.08184 ( 2)  1.147 +-  0.997
  65 T   0.45346 0.48769 0.05885 ( 2)  0.789 +-  1.128
  66 A   0.01309 0.51369 0.47322 ( 2)  3.532 +-  3.344
  67 L   0.62691 0.34541 0.02768 ( 1)  0.527 +-  0.720
  68 S   0.33528 0.23135 0.43337 ( 3)  3.208 +-  3.592
  69 H   0.64957 0.32469 0.02574 ( 1)  0.508 +-  0.742
  70 F   0.99845 0.00147 0.00008 ( 1)  0.151 +-  0.048
  71 Q   0.92087 0.07633 0.00280 ( 1)  0.222 +-  0.284
  72 N   0.09213 0.78654 0.12133 ( 2)  1.367 +-  1.642
  73 D   0.09763 0.81886 0.08350 ( 2)  1.163 +-  1.214
  74 V   0.99901 0.00096 0.00003 ( 1)  0.151 +-  0.034
  75 Q   0.92417 0.07177 0.00406 ( 1)  0.222 +-  0.312
  76 I   0.62555 0.34506 0.02939 ( 1)  0.550 +-  0.846
  77 A   0.68330 0.29289 0.02381 ( 1)  0.473 +-  0.702
  78 I   0.98831 0.01122 0.00047 ( 1)  0.161 +-  0.130
  79 C   0.87782 0.11430 0.00788 ( 1)  0.268 +-  0.401
  80 Q   0.36170 0.57562 0.06267 ( 2)  0.842 +-  0.992
  81 G   0.99699 0.00281 0.00019 ( 1)  0.153 +-  0.078
  82 E   0.99094 0.00885 0.00021 ( 1)  0.158 +-  0.093
  83 Q   0.95418 0.04347 0.00235 ( 1)  0.193 +-  0.242
  84 P   0.84465 0.14364 0.01171 ( 1)  0.308 +-  0.505
  85 G   0.84139 0.14702 0.01159 ( 1)  0.308 +-  0.478
  86 L   0.86572 0.12523 0.00905 ( 1)  0.284 +-  0.464
  87 M   0.46987 0.44664 0.08349 ( 1)  0.905 +-  1.477
  88 L   0.97831 0.01998 0.00171 ( 1)  0.173 +-  0.207
  89 D   0.97023 0.02769 0.00208 ( 1)  0.181 +-  0.255
  90 Q   0.13487 0.68785 0.17729 ( 2)  1.622 +-  2.093
  91 T   0.84052 0.12998 0.02949 ( 1)  0.407 +-  1.016
  92 P   0.24217 0.33841 0.41942 ( 3)  3.137 +-  3.465
  93 T   0.18843 0.44070 0.37087 ( 2)  2.890 +-  3.317
  94 A   0.97771 0.01949 0.00280 ( 1)  0.180 +-  0.321
  95 C   0.11594 0.78039 0.10367 ( 2)  1.222 +-  1.358
  96 T   0.98620 0.01325 0.00055 ( 1)  0.163 +-  0.136
  97 P   0.99990 0.00009 0.00000 ( 1)  0.150 +-  0.011
  98 T   0.99413 0.00554 0.00033 ( 1)  0.156 +-  0.100
  99 T   0.00898 0.73027 0.26075 ( 2)  2.152 +-  2.483
 100 D   0.03464 0.69930 0.26606 ( 2)  2.174 +-  2.522
 101 H   0.31968 0.62734 0.05298 ( 2)  0.856 +-  0.947
 102 L   0.99274 0.00680 0.00046 ( 1)  0.157 +-  0.110
 103 I   0.02234 0.80847 0.16920 ( 2)  1.657 +-  1.959
 104 S   0.26286 0.67140 0.06575 ( 2)  0.938 +-  1.017
 105 V   0.99727 0.00258 0.00015 ( 1)  0.153 +-  0.065
 106 R   0.03954 0.62403 0.33643 ( 2)  2.572 +-  2.846
 107 E   0.39511 0.55662 0.04827 ( 2)  0.786 +-  0.946
 108 S   0.29523 0.65917 0.04560 ( 2)  0.846 +-  0.824
 109 F   0.99686 0.00299 0.00015 ( 1)  0.153 +-  0.066
 110 K   0.90319 0.09058 0.00623 ( 1)  0.248 +-  0.418
 111 D   0.01964 0.82079 0.15957 ( 2)  1.610 +-  1.895
 112 A   0.64304 0.33662 0.02034 ( 1)  0.495 +-  0.645
 113 R   0.94906 0.04585 0.00509 ( 1)  0.213 +-  0.439
 114 T   0.97572 0.02255 0.00173 ( 1)  0.175 +-  0.227
 115 T   0.64217 0.29588 0.06195 ( 1)  0.701 +-  1.381
 116 I   0.96542 0.03192 0.00266 ( 1)  0.187 +-  0.290
 117 E   0.90694 0.08814 0.00491 ( 1)  0.240 +-  0.361
 118 T   0.70199 0.27465 0.02336 ( 1)  0.464 +-  0.742
 119 A   0.05452 0.72958 0.21590 ( 2)  1.874 +-  2.271
 120 L   0.97426 0.02430 0.00144 ( 1)  0.175 +-  0.193
 121 P   0.99863 0.00131 0.00005 ( 1)  0.151 +-  0.040
 122 H   0.99480 0.00500 0.00020 ( 1)  0.155 +-  0.080
 123 F   0.99999 0.00001 0.00000 ( 1)  0.150 +-  0.004
 124 K   0.73845 0.24546 0.01608 ( 1)  0.413 +-  0.642
 125 N   0.68864 0.28726 0.02410 ( 1)  0.485 +-  0.804
 126 P   0.82230 0.16103 0.01668 ( 1)  0.340 +-  0.592
 127 M   0.81711 0.17335 0.00954 ( 1)  0.320 +-  0.432
 128 L   0.75396 0.19461 0.05143 ( 1)  0.596 +-  1.402
 129 S   0.75396 0.19461 0.05143 ( 1)  0.596 +-  1.402
 130 T   0.85995 0.12892 0.01113 ( 1)  0.299 +-  0.544
 131 N   0.88867 0.10172 0.00961 ( 1)  0.276 +-  0.556
 132 D   0.51132 0.40501 0.08367 ( 1)  0.907 +-  1.598
 133 N   0.44755 0.44917 0.10328 ( 2)  1.029 +-  1.696
 134 T   0.83713 0.14681 0.01605 ( 1)  0.338 +-  0.673
 135 P   0.93745 0.05881 0.00373 ( 1)  0.210 +-  0.290
 136 D   0.43080 0.51015 0.05905 ( 2)  0.823 +-  1.193
 137 F   0.94272 0.05336 0.00392 ( 1)  0.209 +-  0.331
 138 N   0.88867 0.10172 0.00961 ( 1)  0.276 +-  0.556
 139 S   0.73092 0.24096 0.02812 ( 1)  0.470 +-  0.890
 140 D   0.98533 0.01363 0.00104 ( 1)  0.165 +-  0.158
 141 T   0.84922 0.14362 0.00716 ( 1)  0.292 +-  0.431
 142 V   0.90430 0.08446 0.01124 ( 1)  0.268 +-  0.574
 143 L   0.96435 0.03421 0.00143 ( 1)  0.183 +-  0.204
 144 L   0.96393 0.03348 0.00259 ( 1)  0.187 +-  0.257
 145 T   0.25647 0.62568 0.11785 ( 2)  1.226 +-  1.700
 146 L   0.95986 0.03731 0.00283 ( 1)  0.190 +-  0.261
 147 P   1.00000 0.00000 0.00000 ( 1)  0.150 +-  0.002
 148 M   0.71213 0.27583 0.01204 ( 1)  0.411 +-  0.481
 149 Y   0.99857 0.00136 0.00007 ( 1)  0.151 +-  0.045
 150 T   0.47619 0.47660 0.04721 ( 2)  0.762 +-  1.163
 151 T   0.54064 0.43120 0.02816 ( 1)  0.607 +-  0.769
 152 G   0.87615 0.10525 0.01860 ( 1)  0.326 +-  0.782
 153 A   0.98527 0.01360 0.00113 ( 1)  0.166 +-  0.191
 154 T   0.99955 0.00044 0.00002 ( 1)  0.150 +-  0.024
 155 L   0.99995 0.00005 0.00000 ( 1)  0.150 +-  0.007
 156 N   0.95226 0.04489 0.00285 ( 1)  0.199 +-  0.306
 157 L   0.99988 0.00011 0.00000 ( 1)  0.150 +-  0.012
 158 I   0.97267 0.02563 0.00169 ( 1)  0.178 +-  0.229
 159 L   0.87285 0.12132 0.00583 ( 1)  0.269 +-  0.379
 160 H   0.98338 0.01583 0.00079 ( 1)  0.166 +-  0.153
 161 Q   0.99922 0.00075 0.00002 ( 1)  0.151 +-  0.028
 162 G   0.97785 0.02040 0.00175 ( 1)  0.173 +-  0.217
 163 Y   0.99006 0.00945 0.00050 ( 1)  0.160 +-  0.125
 164 I   0.99937 0.00059 0.00004 ( 1)  0.151 +-  0.036
 165 Q   0.91107 0.08411 0.00483 ( 1)  0.235 +-  0.337
 166 F   0.66495 0.29961 0.03545 ( 1)  0.552 +-  0.991
 167 A   0.99438 0.00549 0.00013 ( 1)  0.155 +-  0.083
 168 E   0.96984 0.02819 0.00197 ( 1)  0.181 +-  0.238
 169 R   0.99891 0.00104 0.00005 ( 1)  0.151 +-  0.035
 170 W   0.99940 0.00060 0.00000 ( 1)  0.151 +-  0.021
 171 K   0.82597 0.16240 0.01163 ( 1)  0.327 +-  0.555
 172 S   0.91279 0.07913 0.00807 ( 1)  0.249 +-  0.492
 173 V   0.87209 0.12084 0.00707 ( 1)  0.275 +-  0.431
 174 -   0.75396 0.19461 0.05143 ( 1)  0.596 +-  1.402
 175 -   0.75396 0.19461 0.05143 ( 1)  0.596 +-  1.402
 176 -   0.75571 0.19283 0.05147 ( 1)  0.595 +-  1.404
 177 -   0.54197 0.35865 0.09938 ( 1)  1.000 +-  1.862
 178 -   0.63099 0.29341 0.07560 ( 1)  0.811 +-  1.654
 179 -   0.22394 0.57478 0.20128 ( 2)  1.770 +-  2.454
 180 -   0.70734 0.23076 0.06189 ( 1)  0.685 +-  1.524
 181 -   0.72005 0.22180 0.05815 ( 1)  0.656 +-  1.480
 182 -   0.46494 0.42555 0.10951 ( 1)  1.099 +-  1.893
 183 N   0.62389 0.27593 0.10017 ( 1)  0.961 +-  1.941
 184 Y   0.12150 0.78804 0.09046 ( 2)  1.165 +-  1.267
 185 D   0.59131 0.37569 0.03299 ( 1)  0.590 +-  0.891
 186 E   0.71311 0.26062 0.02627 ( 1)  0.464 +-  0.785
 187 S   0.03086 0.58088 0.38826 ( 2)  2.950 +-  3.090
 188 F   0.87223 0.12157 0.00620 ( 1)  0.271 +-  0.402
 189 I   0.84792 0.14150 0.01058 ( 1)  0.307 +-  0.535
 190 N   0.99354 0.00605 0.00041 ( 1)  0.157 +-  0.116
 191 Q   0.17222 0.77099 0.05679 ( 2)  0.974 +-  0.845
 192 T   0.87184 0.12091 0.00725 ( 1)  0.276 +-  0.441
 193 K   0.97489 0.02369 0.00142 ( 1)  0.175 +-  0.207
 194 V   0.21628 0.64627 0.13744 ( 2)  1.373 +-  1.886
 195 D   0.99616 0.00364 0.00020 ( 1)  0.154 +-  0.080
 196 L   0.99899 0.00095 0.00007 ( 1)  0.151 +-  0.042
 197 Q   0.96064 0.03733 0.00202 ( 1)  0.187 +-  0.225
 198 R   0.86935 0.11167 0.01898 ( 1)  0.327 +-  0.755
 199 R   0.21901 0.72053 0.06046 ( 2)  0.924 +-  0.774
 200 I   0.99713 0.00270 0.00018 ( 1)  0.153 +-  0.075
 201 Q   0.79496 0.18723 0.01780 ( 1)  0.381 +-  0.724
 202 D   0.34538 0.51440 0.14022 ( 2)  1.271 +-  1.913
 203 Y   0.91388 0.08259 0.00354 ( 1)  0.231 +-  0.326
 204 S   0.99869 0.00126 0.00006 ( 1)  0.151 +-  0.040
 205 T   0.99448 0.00522 0.00030 ( 1)  0.155 +-  0.096
 206 T   0.59141 0.38098 0.02761 ( 1)  0.566 +-  0.783
 207 V   0.99947 0.00049 0.00003 ( 1)  0.151 +-  0.030
 208 S   0.91989 0.07595 0.00416 ( 1)  0.226 +-  0.324
 209 T   0.88736 0.10849 0.00415 ( 1)  0.254 +-  0.358
 210 T   0.87932 0.11297 0.00771 ( 1)  0.271 +-  0.455
 211 F   0.99989 0.00010 0.00000 ( 1)  0.150 +-  0.012
 212 E   0.98201 0.01683 0.00116 ( 1)  0.168 +-  0.178
 213 K   0.93941 0.05738 0.00321 ( 1)  0.209 +-  0.303
 214 -   0.99718 0.00269 0.00013 ( 1)  0.153 +-  0.076
 215 -   0.95503 0.03660 0.00837 ( 1)  0.226 +-  0.583
 216 -   0.75396 0.19461 0.05143 ( 1)  0.596 +-  1.402
 217 -   0.75396 0.19461 0.05143 ( 1)  0.596 +-  1.402
 218 -   0.75396 0.19461 0.05143 ( 1)  0.596 +-  1.402
 219 F   0.44154 0.49433 0.06413 ( 2)  0.805 +-  1.111
 220 K   0.09236 0.82693 0.08070 ( 2)  1.142 +-  1.133
 221 P   0.99870 0.00125 0.00005 ( 1)  0.151 +-  0.037
 222 T   0.98235 0.01712 0.00053 ( 1)  0.166 +-  0.137
 223 L   0.20884 0.73360 0.05756 ( 2)  0.961 +-  0.944
 224 N   0.01827 0.32007 0.66166 ( 3)  4.780 +-  3.546
 225 P   0.72446 0.22030 0.05523 ( 1)  0.637 +-  1.443
 226 S   0.08981 0.24208 0.66811 ( 3)  4.787 +-  3.617
 227 N   0.92492 0.06731 0.00776 ( 1)  0.242 +-  0.516
 228 K   0.81016 0.16489 0.02495 ( 1)  0.405 +-  0.903
 229 E   0.00274 0.22596 0.77131 ( 3)  5.459 +-  3.428
 230 S   0.19719 0.71318 0.08963 ( 2)  1.095 +-  1.269
 231 V   0.92623 0.06328 0.01049 ( 1)  0.252 +-  0.594
 232 N   0.89266 0.09837 0.00898 ( 1)  0.267 +-  0.508
 233 K   0.87909 0.09527 0.02564 ( 1)  0.362 +-  0.957
 234 Y   0.99875 0.00119 0.00006 ( 1)  0.151 +-  0.043
 235 N   0.95486 0.03920 0.00594 ( 1)  0.217 +-  0.529
 236 R   0.41450 0.49896 0.08654 ( 2)  0.954 +-  1.461
 237 Y   0.99998 0.00002 0.00000 ( 1)  0.150 +-  0.005
 238 V   0.94862 0.04719 0.00418 ( 1)  0.205 +-  0.342
 239 R   0.98741 0.01239 0.00021 ( 1)  0.161 +-  0.100
 240 S   0.55208 0.39291 0.05501 ( 1)  0.718 +-  1.192
 241 M   0.99998 0.00002 0.00000 ( 1)  0.150 +-  0.005
 242 T   0.99983 0.00016 0.00001 ( 1)  0.150 +-  0.016
 243 L   0.96958 0.02905 0.00137 ( 1)  0.178 +-  0.195
 244 Q   0.03142 0.58304 0.38554 ( 2)  2.944 +-  3.094
 245 S   1.00000 0.00000 0.00000 ( 1)  0.150 +-  0.003
 246 L   0.99998 0.00002 0.00000 ( 1)  0.150 +-  0.005
 247 D   0.99992 0.00007 0.00001 ( 1)  0.150 +-  0.014
 248 I   0.99460 0.00510 0.00030 ( 1)  0.155 +-  0.099
 249 A   0.99908 0.00088 0.00004 ( 1)  0.151 +-  0.034
 250 A   0.99981 0.00018 0.00001 ( 1)  0.150 +-  0.014
 251 T   0.99522 0.00452 0.00026 ( 1)  0.155 +-  0.090
 252 W   0.99761 0.00238 0.00001 ( 1)  0.152 +-  0.042
 253 P   0.99998 0.00002 0.00000 ( 1)  0.150 +-  0.005
 254 T   0.99909 0.00085 0.00005 ( 1)  0.151 +-  0.040

Positively selected sites

	Prob(w>1)  mean w

   224 N      0.662         4.780 +- 3.546
   226 S      0.668         4.787 +- 3.617
   229 E      0.771         5.459 +- 3.428

