Supplemental results for CODEML (seqf: algn  treef: tree)


dN/dS (w) for site classes (K=3)

p:   0.43422  0.47710  0.08868
w:   0.03140  0.41346  3.32593

Naive Empirical Bayes (NEB) probabilities for 3 classes & postmean_w & P(w>1)
(amino acids refer to 1st sequence: BT_Cry19Ca1)

   1 -   0.80848 0.16885 0.02267 ( 1)  0.171  0.023
   2 -   0.03196 0.80234 0.16570 ( 2)  0.884  0.166
   3 F   0.00185 0.63116 0.36699 ( 2)  1.482  0.367
   4 D   0.95913 0.04031 0.00056 ( 1)  0.049  0.001
   5 K   0.03277 0.96081 0.00643 ( 2)  0.420  0.006
   6 I   0.78082 0.21881 0.00037 ( 1)  0.116  0.000
   7 T   0.97877 0.02122 0.00000 ( 1)  0.040  0.000
   8 Q   0.96501 0.03499 0.00000 ( 1)  0.045  0.000
   9 I   0.78910 0.21073 0.00017 ( 1)  0.112  0.000
  10 P   0.98083 0.01917 0.00000 ( 1)  0.039  0.000
  11 A   0.96414 0.03586 0.00000 ( 1)  0.045  0.000
  12 V   0.96374 0.03626 0.00000 ( 1)  0.045  0.000
  13 K   0.98571 0.01429 0.00000 ( 1)  0.037  0.000
  14 S   0.03595 0.96364 0.00041 ( 2)  0.401  0.000
  15 S   0.00000 0.13400 0.86600 ( 3)  2.936  0.866
  16 D   0.00000 0.16606 0.83394 ( 3)  2.842  0.834
  17 W   0.17313 0.82472 0.00215 ( 2)  0.354  0.002
  18 L   0.00013 0.95512 0.04475 ( 2)  0.544  0.045
  19 F   0.16964 0.82877 0.00159 ( 2)  0.353  0.002
  20 Y   0.01733 0.98209 0.00058 ( 2)  0.409  0.001
  21 G   0.76334 0.23665 0.00001 ( 1)  0.122  0.000
  22 N   0.00481 0.99457 0.00062 ( 2)  0.413  0.001
  23 L   0.23851 0.76136 0.00013 ( 2)  0.323  0.000
  24 L   0.70569 0.29431 0.00001 ( 1)  0.144  0.000
  25 K   0.00015 0.90332 0.09653 ( 2)  0.695  0.097
  26 G   0.98450 0.01550 0.00000 ( 1)  0.037  0.000
  27 P   0.97955 0.02045 0.00000 ( 1)  0.039  0.000
  28 G   0.97853 0.02147 0.00000 ( 1)  0.040  0.000
  29 H   0.98737 0.01263 0.00000 ( 1)  0.036  0.000
  30 T   0.97556 0.02443 0.00000 ( 1)  0.041  0.000
  31 G   0.98372 0.01628 0.00000 ( 1)  0.038  0.000
  32 G   0.95666 0.04334 0.00000 ( 1)  0.048  0.000
  33 D   0.98621 0.01379 0.00000 ( 1)  0.037  0.000
  34 L   0.93977 0.06022 0.00002 ( 1)  0.054  0.000
  35 V   0.96445 0.03555 0.00000 ( 1)  0.045  0.000
  36 F   0.00167 0.99785 0.00048 ( 2)  0.414  0.000
  37 L   0.97944 0.02056 0.00000 ( 1)  0.039  0.000
  38 D   0.00062 0.99260 0.00678 ( 2)  0.433  0.007
  39 N   0.97241 0.02755 0.00004 ( 1)  0.042  0.000
  40 G   0.00008 0.84277 0.15715 ( 2)  0.871  0.157
  41 N   0.00001 0.90395 0.09604 ( 2)  0.693  0.096
  42 N   0.00016 0.96969 0.03015 ( 2)  0.501  0.030
  43 F   0.00043 0.97941 0.02016 ( 2)  0.472  0.020
  44 N   0.00001 0.13717 0.86282 ( 3)  2.926  0.863
  45 V   0.12994 0.86982 0.00024 ( 2)  0.365  0.000
  46 R   0.00000 0.63533 0.36466 ( 2)  1.476  0.365
  47 V   0.15225 0.84766 0.00009 ( 2)  0.356  0.000
  48 N   0.00131 0.98043 0.01826 ( 2)  0.466  0.018
  49 F   0.53924 0.45979 0.00097 ( 1)  0.210  0.001
  50 -   0.11500 0.87189 0.01311 ( 2)  0.408  0.013
  51 -   0.65874 0.34097 0.00029 ( 1)  0.163  0.000
  52 -   0.74854 0.25141 0.00005 ( 1)  0.128  0.000
  53 -   0.73431 0.26561 0.00008 ( 1)  0.133  0.000
  54 -   0.70926 0.29068 0.00006 ( 1)  0.143  0.000
  55 -   0.57913 0.41654 0.00432 ( 1)  0.205  0.004
  56 -   0.15509 0.84302 0.00190 ( 2)  0.360  0.002
  57 -   0.76560 0.23437 0.00004 ( 1)  0.121  0.000
  58 -   0.12383 0.86916 0.00701 ( 2)  0.387  0.007
  59 P   0.08556 0.91088 0.00355 ( 2)  0.391  0.004
  60 V   0.01512 0.95101 0.03386 ( 2)  0.506  0.034
  61 Q   0.59060 0.40940 0.00000 ( 1)  0.188  0.000
  62 S   0.00031 0.95291 0.04679 ( 2)  0.550  0.047
  63 Y   0.97187 0.02813 0.00000 ( 1)  0.042  0.000
  64 R   0.13476 0.86516 0.00008 ( 2)  0.362  0.000
  65 V   0.01536 0.98186 0.00278 ( 2)  0.416  0.003
  66 R   0.86494 0.13473 0.00033 ( 1)  0.084  0.000
  67 I   0.38403 0.61567 0.00030 ( 2)  0.268  0.000
  68 R   0.96241 0.03759 0.00000 ( 1)  0.046  0.000
  69 Y   0.98080 0.01920 0.00000 ( 1)  0.039  0.000
  70 A   0.98689 0.01311 0.00000 ( 1)  0.036  0.000
  71 A   0.75401 0.24595 0.00004 ( 1)  0.126  0.000
  72 D   0.65616 0.34383 0.00001 ( 1)  0.163  0.000
  73 G   0.44774 0.55223 0.00003 ( 2)  0.242  0.000
  74 N   0.00020 0.96956 0.03023 ( 2)  0.501  0.030
  75 G   0.00639 0.99259 0.00102 ( 2)  0.414  0.001
  76 E   0.26616 0.73381 0.00003 ( 2)  0.312  0.000
  77 M   0.62902 0.37065 0.00033 ( 1)  0.174  0.000
  78 A   0.00574 0.99346 0.00080 ( 2)  0.414  0.001
  79 I   0.66419 0.33535 0.00046 ( 1)  0.161  0.000
  80 S   0.08295 0.91331 0.00374 ( 2)  0.393  0.004
  81 V   0.08113 0.91850 0.00037 ( 2)  0.384  0.000
  82 D   0.00027 0.98613 0.01359 ( 2)  0.453  0.014
  83 G   0.00523 0.98271 0.01206 ( 2)  0.447  0.012
  84 T   0.00000 0.00298 0.99702 ( 3)  3.317  0.997
  85 -   0.60579 0.39247 0.00174 ( 1)  0.187  0.002
  86 -   0.53688 0.45058 0.01254 ( 1)  0.245  0.013
  87 -   0.00109 0.86911 0.12981 ( 2)  0.791  0.130
  88 -   0.14876 0.84434 0.00690 ( 2)  0.377  0.007
  89 L   0.00000 0.00015 0.99985 ( 3)  3.325  1.000
  90 Y   0.02520 0.97466 0.00014 ( 2)  0.404  0.000
  91 T   0.16509 0.83105 0.00387 ( 2)  0.362  0.004
  92 P   0.01547 0.98171 0.00282 ( 2)  0.416  0.003
  93 F   0.98891 0.01109 0.00000 ( 1)  0.036  0.000
  94 N   0.00000 0.10423 0.89577 ( 3)  3.022  0.896
  95 V   0.09513 0.90436 0.00051 ( 2)  0.379  0.001
  96 E   0.79945 0.20054 0.00001 ( 1)  0.108  0.000
  97 R   0.00036 0.95914 0.04050 ( 2)  0.531  0.041
  98 T   0.97697 0.02303 0.00000 ( 1)  0.040  0.000
  99 F   0.98891 0.01109 0.00000 ( 1)  0.036  0.000
 100 S   0.08384 0.90814 0.00802 ( 2)  0.405  0.008
 101 N   0.05589 0.94402 0.00009 ( 2)  0.392  0.000
 102 N   0.00008 0.80587 0.19405 ( 2)  0.979  0.194
 103 N   0.98956 0.01044 0.00000 ( 1)  0.035  0.000
 104 Y   0.85535 0.14465 0.00000 ( 1)  0.087  0.000
 105 -   0.18420 0.81408 0.00172 ( 2)  0.348  0.002
 106 -   0.75176 0.24818 0.00006 ( 1)  0.126  0.000
 107 -   0.65767 0.34200 0.00033 ( 1)  0.163  0.000
 108 N   0.74752 0.25240 0.00008 ( 1)  0.128  0.000
 109 D   0.99222 0.00778 0.00000 ( 1)  0.034  0.000
 110 L   0.94032 0.05967 0.00001 ( 1)  0.054  0.000
 111 K   0.81764 0.18235 0.00001 ( 1)  0.101  0.000
 112 F   0.30996 0.68665 0.00339 ( 2)  0.305  0.003
 113 E   0.62422 0.37448 0.00130 ( 1)  0.179  0.001
 114 D   0.78098 0.21859 0.00043 ( 1)  0.116  0.000
 115 F   0.98351 0.01649 0.00000 ( 1)  0.038  0.000
 116 K   0.84807 0.15191 0.00001 ( 1)  0.089  0.000
 117 V   0.00820 0.99080 0.00100 ( 2)  0.413  0.001
 118 I   0.19483 0.80509 0.00008 ( 2)  0.339  0.000
 119 D   0.79165 0.20802 0.00032 ( 1)  0.112  0.000
 120 T   0.13794 0.86184 0.00022 ( 2)  0.361  0.000
 121 P   0.00000 0.29049 0.70951 ( 3)  2.480  0.710
 122 L   0.07002 0.92913 0.00085 ( 2)  0.389  0.001
 123 I   0.97685 0.02315 0.00000 ( 1)  0.040  0.000
 124 Y   0.10750 0.89244 0.00006 ( 2)  0.373  0.000
 125 N   0.77937 0.22061 0.00002 ( 1)  0.116  0.000
 126 A   0.01464 0.98495 0.00041 ( 2)  0.409  0.000
 127 S   0.01661 0.98159 0.00179 ( 2)  0.412  0.002
 128 Y   0.00004 0.71767 0.28228 ( 2)  1.236  0.282
 129 E   0.00117 0.99689 0.00194 ( 2)  0.419  0.002
 130 G   0.00985 0.97460 0.01555 ( 2)  0.455  0.016
 131 A   0.02508 0.97482 0.00010 ( 2)  0.404  0.000
 132 K   0.13329 0.86645 0.00026 ( 2)  0.363  0.000
 133 S   0.19055 0.80929 0.00017 ( 2)  0.341  0.000
 134 I   0.73881 0.26095 0.00024 ( 1)  0.132  0.000
 135 F   0.00197 0.99700 0.00102 ( 2)  0.416  0.001
 136 L   0.70528 0.29471 0.00001 ( 1)  0.144  0.000
 137 -   0.00003 0.36311 0.63686 ( 3)  2.268  0.637
 138 -   0.01608 0.96761 0.01630 ( 2)  0.455  0.016
 139 -   0.00000 0.03384 0.96616 ( 3)  3.227  0.966
 140 -   0.63026 0.36899 0.00074 ( 1)  0.175  0.001
 141 -   0.00007 0.13310 0.86683 ( 3)  2.938  0.867
 142 Y   0.00001 0.88373 0.11627 ( 2)  0.752  0.116
 143 N   0.00000 0.06151 0.93849 ( 3)  3.147  0.938
 144 N   0.00000 0.00190 0.99810 ( 3)  3.320  0.998
 145 S   0.00000 0.09480 0.90520 ( 3)  3.050  0.905
 146 N   0.76576 0.23421 0.00003 ( 1)  0.121  0.000
 147 K   0.00001 0.91447 0.08551 ( 2)  0.663  0.086
 148 R   0.50102 0.49892 0.00007 ( 1)  0.222  0.000
 149 V   0.62405 0.37556 0.00039 ( 1)  0.176  0.000
 150 I   0.97685 0.02315 0.00000 ( 1)  0.040  0.000
 151 I   0.98220 0.01780 0.00000 ( 1)  0.038  0.000
 152 D   0.97160 0.02838 0.00002 ( 1)  0.042  0.000
 153 K   0.89443 0.10556 0.00000 ( 1)  0.072  0.000
 154 I   0.95622 0.04363 0.00015 ( 1)  0.049  0.000
 155 E   0.98059 0.01941 0.00000 ( 1)  0.039  0.000
 156 F   0.74534 0.25462 0.00004 ( 1)  0.129  0.000
 157 I   0.00137 0.98036 0.01827 ( 2)  0.466  0.018
 158 -   0.64066 0.35873 0.00061 ( 1)  0.170  0.001

Positively selected sites

	Prob(w>1)  mean w

    15 S      0.866         2.936
    16 D      0.834         2.842
    44 N      0.863         2.926
    84 T      0.997**       3.317
    89 L      1.000**       3.325
    94 N      0.896         3.022
   121 P      0.710         2.480
   137 -      0.637         2.268
   139 -      0.966*        3.227
   141 -      0.867         2.938
   143 N      0.938         3.147
   144 N      0.998**       3.320
   145 S      0.905         3.050


lnL = -2287.420439

