Supplemental results for CODEML (seqf: algn  treef: tree)


dN/dS (w) for site classes (K=9)

p:   0.11259  0.11259  0.11259  0.11259  0.11259  0.11259  0.11259  0.11259  0.09929
w:   0.00056  0.00952  0.03576  0.08615  0.16792  0.29054  0.46971  0.74490  1.21563

Naive Empirical Bayes (NEB) probabilities for 9 classes & postmean_w & P(w>1)
(amino acids refer to 1st sequence: BT_Cry1Ba1)

   1 N   0.00000 0.00012 0.00514 0.04621 0.16890 0.31023 0.30326 0.14484 0.02130 ( 6)  0.399  0.021
   2 T   0.20310 0.19717 0.18083 0.15329 0.11751 0.07929 0.04510 0.01941 0.00430 ( 1)  0.105  0.004
   3 S   0.00000 0.00010 0.00441 0.04076 0.15532 0.30168 0.31480 0.15962 0.02331 ( 7)  0.413  0.023
   4 A   0.00001 0.00179 0.02122 0.08892 0.20069 0.27988 0.24889 0.13099 0.02762 ( 6)  0.372  0.028
   5 Q   0.21802 0.21028 0.18920 0.15457 0.11153 0.06865 0.03408 0.01186 0.00182 ( 1)  0.088  0.002
   6 L   0.23638 0.22528 0.19595 0.15075 0.10006 0.05603 0.02563 0.00858 0.00135 ( 1)  0.075  0.001
   7 T   0.27504 0.25650 0.20928 0.14203 0.07639 0.03079 0.00856 0.00135 0.00007 ( 1)  0.049  0.000
   8 R   0.25662 0.24232 0.20494 0.14881 0.08891 0.04151 0.01395 0.00276 0.00018 ( 1)  0.058  0.000
   9 E   0.00283 0.04521 0.14085 0.23747 0.26079 0.19326 0.09305 0.02455 0.00200 ( 5)  0.190  0.002
  10 V   0.00001 0.00242 0.02812 0.11294 0.23753 0.29678 0.22278 0.08851 0.01091 ( 6)  0.321  0.011
  11 Y   0.26450 0.24852 0.20717 0.14633 0.08364 0.03658 0.01122 0.00194 0.00010 ( 1)  0.054  0.000
  12 T   0.27498 0.25646 0.20926 0.14205 0.07642 0.03082 0.00858 0.00135 0.00007 ( 1)  0.049  0.000
  13 D   0.00170 0.02776 0.09159 0.17255 0.22722 0.22172 0.16023 0.07900 0.01823 ( 5)  0.277  0.018
  14 A   0.00001 0.00186 0.02214 0.09269 0.20830 0.28693 0.24737 0.12033 0.02036 ( 6)  0.358  0.020
  15 I   0.28576 0.26456 0.21125 0.13752 0.06908 0.02509 0.00597 0.00074 0.00003 ( 1)  0.044  0.000
  16 G   0.20089 0.19526 0.17968 0.15325 0.11855 0.08092 0.04663 0.02031 0.00451 ( 1)  0.108  0.005
  17 A   0.00000 0.00003 0.00139 0.01464 0.06880 0.18283 0.30073 0.30177 0.12980 ( 8)  0.590  0.130
  18 T   0.00001 0.00204 0.02395 0.09835 0.21500 0.28635 0.23897 0.11474 0.02060 ( 6)  0.351  0.021
  19 G   0.00000 0.00000 0.00012 0.00304 0.02720 0.11902 0.28762 0.37991 0.18308 ( 8)  0.680  0.183
  20 V   0.00000 0.00107 0.01320 0.05943 0.15023 0.24653 0.27364 0.19462 0.06128 ( 7)  0.450  0.061
  21 N   0.00000 0.00000 0.00000 0.00008 0.00261 0.02978 0.15751 0.41590 0.39412 ( 8)  0.872  0.394
  22 -   0.00000 0.00000 0.00000 0.00005 0.00097 0.00992 0.06090 0.25791 0.67025 ( 9)  1.039  0.670
  23 -   0.00000 0.00000 0.00003 0.00078 0.00819 0.04562 0.15723 0.35833 0.42982 ( 9)  0.878  0.430
  24 M   0.00000 0.00007 0.00318 0.03089 0.12691 0.27418 0.32938 0.19990 0.03548 ( 7)  0.450  0.035
  25 A   0.00000 0.00007 0.00306 0.02963 0.12166 0.26419 0.32425 0.21057 0.04657 ( 7)  0.466  0.047
  26 S   0.00368 0.05791 0.17330 0.27055 0.26238 0.16159 0.05958 0.01056 0.00046 ( 4)  0.157  0.000
  27 M   0.00128 0.02107 0.07169 0.14299 0.20547 0.22577 0.18933 0.11144 0.03097 ( 6)  0.325  0.031
  28 N   0.00353 0.05568 0.16727 0.26352 0.26053 0.16702 0.06702 0.01440 0.00102 ( 4)  0.165  0.001
  29 W   0.18128 0.17762 0.16732 0.14920 0.12392 0.09386 0.06263 0.03375 0.01042 ( 1)  0.136  0.010
  30 Y   0.00001 0.00204 0.02403 0.09937 0.21881 0.29209 0.24002 0.10792 0.01572 ( 6)  0.343  0.016
  31 -   0.11259 0.11259 0.11259 0.11259 0.11259 0.11259 0.11259 0.11259 0.09929 ( 7)  0.324  0.099
  32 -   0.11259 0.11259 0.11259 0.11259 0.11259 0.11259 0.11259 0.11259 0.09929 ( 7)  0.324  0.099
  33 N   0.29776 0.27317 0.21242 0.13151 0.06099 0.01974 0.00401 0.00040 0.00001 ( 1)  0.040  0.000
  34 N   0.29776 0.27317 0.21242 0.13151 0.06099 0.01974 0.00401 0.00040 0.00001 ( 1)  0.040  0.000
  35 N   0.29776 0.27317 0.21242 0.13151 0.06099 0.01974 0.00401 0.00040 0.00001 ( 1)  0.040  0.000
  36 A   0.00298 0.04741 0.14656 0.24351 0.26140 0.18768 0.08682 0.02190 0.00175 ( 5)  0.184  0.002
  37 P   0.26488 0.24882 0.20728 0.14620 0.08338 0.03634 0.01109 0.00191 0.00010 ( 1)  0.054  0.000
  38 S   0.18381 0.17990 0.16892 0.14973 0.12321 0.09215 0.06052 0.03202 0.00976 ( 1)  0.132  0.010
  39 F   0.24728 0.23479 0.20181 0.15113 0.09490 0.04770 0.01785 0.00417 0.00036 ( 1)  0.064  0.000
  40 S   0.25505 0.24104 0.20440 0.14918 0.08992 0.04257 0.01463 0.00301 0.00021 ( 1)  0.059  0.000
  41 A   0.00000 0.00001 0.00035 0.00414 0.02335 0.08124 0.19553 0.34191 0.35347 ( 9)  0.804  0.353
  42 I   0.28436 0.26353 0.21107 0.13819 0.07004 0.02576 0.00624 0.00079 0.00003 ( 1)  0.045  0.000
  43 E   0.21411 0.20690 0.18718 0.15452 0.11337 0.07151 0.03674 0.01343 0.00222 ( 1)  0.092  0.002
  44 A   0.00000 0.00007 0.00326 0.03134 0.12712 0.27111 0.32416 0.20192 0.04102 ( 7)  0.455  0.041
  45 A   0.22755 0.21838 0.19367 0.15397 0.10646 0.06169 0.02825 0.00884 0.00119 ( 1)  0.080  0.001
  46 A   0.00000 0.00006 0.00279 0.02739 0.11515 0.25793 0.32816 0.22023 0.04829 ( 7)  0.474  0.048
  47 I   0.00000 0.00001 0.00033 0.00392 0.02256 0.08039 0.19797 0.34960 0.34523 ( 8)  0.801  0.345
  48 R   0.21421 0.20684 0.18675 0.15371 0.11254 0.07120 0.03728 0.01452 0.00295 ( 1)  0.094  0.003
  49 S   0.00000 0.00000 0.00000 0.00001 0.00036 0.00579 0.04883 0.25383 0.69118 ( 9)  1.054  0.691
  50 P   0.20273 0.19687 0.18071 0.15340 0.11779 0.07959 0.04527 0.01940 0.00424 ( 1)  0.105  0.004
  51 H   0.27405 0.25588 0.20943 0.14281 0.07712 0.03100 0.00843 0.00123 0.00005 ( 1)  0.049  0.000
  52 L   0.22990 0.22042 0.19490 0.15401 0.10536 0.05996 0.02663 0.00788 0.00094 ( 1)  0.077  0.001
  53 L   0.25213 0.23873 0.20354 0.15006 0.09186 0.04442 0.01569 0.00333 0.00024 ( 1)  0.061  0.000
  54 D   0.28914 0.26707 0.21181 0.13604 0.06677 0.02336 0.00523 0.00058 0.00002 ( 1)  0.043  0.000
  55 F   0.27729 0.25835 0.21013 0.14156 0.07491 0.02917 0.00755 0.00101 0.00003 ( 1)  0.048  0.000
  56 L   0.00000 0.00117 0.01434 0.06392 0.15901 0.25472 0.27266 0.18280 0.05138 ( 7)  0.433  0.051
  57 E   0.27073 0.25333 0.20867 0.14407 0.07940 0.03292 0.00936 0.00146 0.00007 ( 1)  0.051  0.000
  58 Q   0.00000 0.00118 0.01452 0.06498 0.16223 0.25985 0.27512 0.17753 0.04459 ( 7)  0.425  0.045
  59 L   0.00267 0.04273 0.13426 0.23007 0.25923 0.19929 0.10083 0.02840 0.00251 ( 5)  0.198  0.003
  60 T   0.00285 0.04543 0.14092 0.23606 0.25781 0.19165 0.09490 0.02745 0.00293 ( 5)  0.193  0.003
  61 I   0.28576 0.26456 0.21125 0.13752 0.06908 0.02509 0.00597 0.00074 0.00003 ( 1)  0.044  0.000
  62 F   0.00000 0.00037 0.00482 0.02419 0.07276 0.15411 0.24521 0.29371 0.20482 ( 8)  0.642  0.205
  63 S   0.20761 0.20116 0.18344 0.15382 0.11585 0.07614 0.04168 0.01691 0.00338 ( 1)  0.100  0.003
  64 A   0.00000 0.00000 0.00000 0.00007 0.00143 0.01471 0.08578 0.31306 0.58496 ( 9)  0.989  0.585
  65 S   0.00157 0.02561 0.08549 0.16448 0.22326 0.22606 0.16948 0.08529 0.01877 ( 6)  0.287  0.019
  66 S   0.00001 0.00161 0.01939 0.08285 0.19252 0.27882 0.25825 0.13929 0.02727 ( 6)  0.379  0.027
  67 R   0.20835 0.20184 0.18398 0.15408 0.11573 0.07564 0.04097 0.01628 0.00313 ( 1)  0.098  0.003
  68 W   0.18128 0.17762 0.16732 0.14920 0.12392 0.09386 0.06263 0.03375 0.01042 ( 1)  0.136  0.010
  69 S   0.28702 0.26556 0.21163 0.13714 0.06821 0.02427 0.00553 0.00062 0.00002 ( 1)  0.044  0.000
  70 N   0.00000 0.00002 0.00086 0.00946 0.04764 0.14031 0.26718 0.33260 0.20193 ( 8)  0.668  0.202
  71 T   0.28274 0.26224 0.21059 0.13869 0.07114 0.02680 0.00681 0.00095 0.00004 ( 1)  0.046  0.000
  72 R   0.00060 0.01020 0.03756 0.08593 0.14949 0.20819 0.23107 0.19195 0.08502 ( 7)  0.449  0.085
  73 H   0.00001 0.00184 0.02192 0.09182 0.20662 0.28556 0.24801 0.12266 0.02155 ( 6)  0.360  0.022
  74 M   0.25937 0.24460 0.20604 0.14834 0.08721 0.03952 0.01257 0.00223 0.00011 ( 1)  0.056  0.000
  75 T   0.00377 0.05928 0.17641 0.27269 0.26086 0.15828 0.05782 0.01040 0.00050 ( 4)  0.156  0.000
  76 Y   0.00000 0.00002 0.00092 0.01014 0.05153 0.15197 0.28390 0.33126 0.17026 ( 8)  0.641  0.170
  77 W   0.18128 0.17762 0.16732 0.14920 0.12392 0.09386 0.06263 0.03375 0.01042 ( 1)  0.136  0.010
  78 R   0.00000 0.00000 0.00000 0.00005 0.00105 0.01078 0.06577 0.27190 0.65045 ( 9)  1.027  0.650
  79 G   0.23947 0.22843 0.19900 0.15285 0.09986 0.05307 0.02136 0.00545 0.00051 ( 1)  0.070  0.001
  80 H   0.26337 0.24765 0.20690 0.14674 0.08442 0.03725 0.01154 0.00202 0.00011 ( 1)  0.055  0.000
  81 T   0.00000 0.00003 0.00154 0.01619 0.07583 0.19903 0.31615 0.29072 0.10050 ( 7)  0.559  0.101
  82 I   0.00253 0.04068 0.12871 0.22351 0.25725 0.20402 0.10783 0.03234 0.00313 ( 5)  0.205  0.003
  83 Q   0.00000 0.00000 0.00016 0.00386 0.03298 0.13580 0.30436 0.36635 0.15648 ( 8)  0.651  0.156
  84 S   0.00000 0.00001 0.00025 0.00307 0.01815 0.06723 0.17534 0.33927 0.39667 ( 9)  0.840  0.397
  85 R   0.17765 0.17426 0.16469 0.14781 0.12413 0.09572 0.06574 0.03725 0.01275 ( 1)  0.143  0.013
  86 P   0.00000 0.00005 0.00209 0.02114 0.09297 0.22365 0.31830 0.25867 0.08313 ( 7)  0.526  0.083
  87 I   0.28436 0.26353 0.21107 0.13819 0.07004 0.02576 0.00624 0.00079 0.00003 ( 1)  0.045  0.000
  88 G   0.00000 0.00002 0.00092 0.01019 0.05171 0.15229 0.28435 0.33153 0.16898 ( 8)  0.640  0.169
  89 G   0.20090 0.19528 0.17973 0.15333 0.11862 0.08095 0.04658 0.02020 0.00442 ( 1)  0.107  0.004
  90 G   0.00000 0.00000 0.00000 0.00000 0.00008 0.00215 0.02668 0.19672 0.77437 ( 9)  1.101  0.774
  91 L   0.00162 0.02653 0.08829 0.16886 0.22694 0.22618 0.16541 0.07987 0.01630 ( 5)  0.279  0.016
  92 N   0.00001 0.00335 0.03746 0.14035 0.26625 0.29144 0.18863 0.06509 0.00742 ( 6)  0.289  0.007
  93 T   0.00067 0.01116 0.03970 0.08619 0.14204 0.19142 0.21567 0.19821 0.11494 ( 7)  0.477  0.115
  94 S   0.00170 0.02778 0.09184 0.17357 0.22925 0.22362 0.15999 0.07624 0.01600 ( 5)  0.273  0.016
  95 T   0.26397 0.24799 0.20669 0.14610 0.08386 0.03718 0.01181 0.00224 0.00015 ( 1)  0.055  0.000
  96 H   0.00000 0.00110 0.01357 0.06106 0.15406 0.25166 0.27593 0.18951 0.05311 ( 7)  0.440  0.053
  97 G   0.24057 0.22933 0.19941 0.15262 0.09917 0.05231 0.02084 0.00525 0.00048 ( 1)  0.069  0.000
  98 A   0.00000 0.00000 0.00000 0.00000 0.00007 0.00200 0.02740 0.21210 0.75843 ( 9)  1.093  0.758
  99 T   0.20191 0.19608 0.18004 0.15298 0.11780 0.08011 0.04616 0.02029 0.00464 ( 1)  0.107  0.005
 100 -   0.11306 0.11305 0.11301 0.11294 0.11282 0.11264 0.11237 0.11197 0.09814 ( 1)  0.322  0.098
 101 N   0.29776 0.27317 0.21242 0.13151 0.06099 0.01974 0.00401 0.00040 0.00001 ( 1)  0.040  0.000
 102 T   0.00326 0.05171 0.15733 0.25391 0.26086 0.17680 0.07653 0.01816 0.00144 ( 5)  0.174  0.001
 103 S   0.00264 0.04227 0.13287 0.22797 0.25773 0.19980 0.10310 0.03051 0.00310 ( 5)  0.201  0.003
 104 I   0.28576 0.26456 0.21125 0.13752 0.06908 0.02509 0.00597 0.00074 0.00003 ( 1)  0.044  0.000
 105 N   0.00385 0.06045 0.17911 0.27467 0.25977 0.15550 0.05611 0.01004 0.00049 ( 4)  0.154  0.000
 106 P   0.26254 0.24697 0.20661 0.14693 0.08494 0.03781 0.01191 0.00216 0.00013 ( 1)  0.055  0.000
 107 V   0.26496 0.24889 0.20733 0.14621 0.08334 0.03627 0.01102 0.00188 0.00010 ( 1)  0.054  0.000
 108 T   0.00001 0.00253 0.02918 0.11564 0.23875 0.29266 0.21793 0.08979 0.01350 ( 6)  0.322  0.014
 109 L   0.00000 0.00084 0.01059 0.04917 0.13034 0.22893 0.27823 0.22238 0.07951 ( 7)  0.486  0.080
 110 R   0.00000 0.00000 0.00001 0.00032 0.00373 0.02397 0.10121 0.30801 0.56275 ( 9)  0.969  0.563
 111 F   0.21440 0.20691 0.18658 0.15332 0.11219 0.07119 0.03759 0.01483 0.00298 ( 1)  0.094  0.003
 112 A   0.00000 0.00000 0.00000 0.00003 0.00060 0.00680 0.04741 0.23337 0.71180 ( 9)  1.063  0.712
 113 S   0.00262 0.04200 0.13215 0.22716 0.25757 0.20052 0.10401 0.03089 0.00309 ( 5)  0.202  0.003
 114 R   0.21053 0.20378 0.18524 0.15433 0.11492 0.07410 0.03930 0.01508 0.00270 ( 1)  0.096  0.003
 115 D   0.19941 0.19399 0.17895 0.15330 0.11933 0.08207 0.04764 0.02079 0.00452 ( 1)  0.109  0.005
 116 V   0.00000 0.00004 0.00188 0.01933 0.08707 0.21619 0.31941 0.26916 0.08692 ( 7)  0.535  0.087
 117 Y   0.26450 0.24852 0.20717 0.14633 0.08364 0.03658 0.01122 0.00194 0.00010 ( 1)  0.054  0.000
 118 R   0.00166 0.02701 0.08960 0.17033 0.22706 0.22438 0.16328 0.07953 0.01716 ( 5)  0.278  0.017
 119 T   0.27903 0.25952 0.21007 0.14041 0.07367 0.02861 0.00754 0.00109 0.00005 ( 1)  0.047  0.000
 120 E   0.27073 0.25333 0.20867 0.14407 0.07940 0.03292 0.00936 0.00146 0.00007 ( 1)  0.051  0.000
 121 S   0.24186 0.23033 0.19973 0.15214 0.09822 0.05148 0.02048 0.00524 0.00052 ( 1)  0.068  0.001
 122 Y   0.00000 0.00000 0.00000 0.00008 0.00168 0.01577 0.08558 0.30316 0.59373 ( 9)  0.993  0.594
 123 A   0.26663 0.25014 0.20762 0.14548 0.08216 0.03538 0.01067 0.00183 0.00010 ( 1)  0.053  0.000
 124 G   0.20089 0.19526 0.17968 0.15325 0.11855 0.08092 0.04663 0.02031 0.00451 ( 1)  0.108  0.005
 125 V   0.00000 0.00001 0.00035 0.00420 0.02400 0.08446 0.20384 0.34922 0.33392 ( 8)  0.791  0.334
 126 L   0.00001 0.00307 0.03497 0.13466 0.26464 0.29918 0.19481 0.06294 0.00571 ( 6)  0.290  0.006
 127 L   0.00001 0.00161 0.01929 0.08209 0.18987 0.27433 0.25606 0.14385 0.03290 ( 6)  0.387  0.033
 128 W   0.00000 0.00084 0.01048 0.04824 0.12759 0.22661 0.28185 0.22815 0.07624 ( 7)  0.487  0.076
 129 G   0.13102 0.13039 0.12859 0.12521 0.11992 0.11242 0.10235 0.08869 0.06140 ( 1)  0.258  0.061
 130 I   0.13954 0.13855 0.13568 0.13036 0.12218 0.11093 0.09644 0.07802 0.04829 ( 1)  0.232  0.048
 131 Y   0.00000 0.00000 0.00002 0.00065 0.00694 0.03976 0.14296 0.34738 0.46229 ( 9)  0.901  0.462
 132 L   0.00001 0.00231 0.02693 0.10895 0.23188 0.29503 0.22759 0.09454 0.01275 ( 6)  0.328  0.013
 133 E   0.00000 0.00000 0.00005 0.00125 0.01257 0.06576 0.20501 0.39042 0.32495 ( 8)  0.803  0.325
 134 P   0.26842 0.25156 0.20814 0.14494 0.08097 0.03425 0.01002 0.00163 0.00008 ( 1)  0.052  0.000
 135 I   0.00001 0.00154 0.01857 0.07998 0.18803 0.27671 0.26155 0.14456 0.02905 ( 6)  0.385  0.029
 136 H   0.00374 0.05880 0.17532 0.27195 0.26137 0.15941 0.05844 0.01048 0.00049 ( 4)  0.156  0.000
 137 G   0.23745 0.22673 0.19811 0.15304 0.10097 0.05451 0.02251 0.00604 0.00064 ( 1)  0.071  0.001
 138 V   0.25619 0.24195 0.20474 0.14885 0.08916 0.04183 0.01420 0.00287 0.00020 ( 1)  0.059  0.000
 139 P   0.26842 0.25156 0.20814 0.14494 0.08097 0.03425 0.01002 0.00163 0.00008 ( 1)  0.052  0.000
 140 T   0.00000 0.00000 0.00001 0.00021 0.00267 0.01894 0.08877 0.29896 0.59045 ( 9)  0.988  0.590
 141 V   0.00001 0.00250 0.02904 0.11600 0.24177 0.29794 0.21901 0.08404 0.00969 ( 6)  0.315  0.010
 142 R   0.00000 0.00004 0.00202 0.02062 0.09204 0.22520 0.32458 0.26077 0.07473 ( 7)  0.520  0.075
 143 F   0.26135 0.24603 0.20627 0.14731 0.08574 0.03856 0.01233 0.00228 0.00014 ( 1)  0.056  0.000
 144 N   0.00365 0.05749 0.17192 0.26834 0.26095 0.16265 0.06216 0.01215 0.00070 ( 4)  0.160  0.001
 145 F   0.00000 0.00065 0.00825 0.03903 0.10711 0.19907 0.26576 0.25184 0.12829 ( 7)  0.548  0.128
 146 T   0.00000 0.00000 0.00012 0.00287 0.02537 0.11040 0.27028 0.37786 0.21309 ( 8)  0.704  0.213
 147 N   0.00000 0.00003 0.00129 0.01373 0.06561 0.17811 0.29989 0.30736 0.13399 ( 8)  0.597  0.134
 148 P   0.00000 0.00065 0.00820 0.03889 0.10705 0.19959 0.26687 0.25201 0.12675 ( 7)  0.547  0.127
 149 Q   0.00000 0.00000 0.00000 0.00006 0.00111 0.01109 0.06726 0.27668 0.64380 ( 9)  1.024  0.644
 150 N   0.00000 0.00009 0.00378 0.03527 0.13689 0.27644 0.31318 0.19077 0.04357 ( 7)  0.449  0.044
 151 I   0.00000 0.00000 0.00000 0.00001 0.00035 0.00545 0.04575 0.24202 0.70642 ( 9)  1.062  0.706
 152 S   0.00000 0.00000 0.00000 0.00025 0.00449 0.03537 0.14998 0.37372 0.43617 ( 9)  0.890  0.436
 153 D   0.00079 0.01310 0.04589 0.09690 0.15314 0.19541 0.20694 0.18039 0.10743 ( 7)  0.455  0.107
 154 R   0.00001 0.00172 0.02052 0.08695 0.19927 0.28257 0.25383 0.13100 0.02413 ( 6)  0.370  0.024
 155 G   0.00000 0.00000 0.00014 0.00337 0.02925 0.12387 0.28988 0.37398 0.17952 ( 8)  0.674  0.180
 156 T   0.00000 0.00000 0.00000 0.00001 0.00051 0.00765 0.06002 0.28210 0.64971 ( 9)  1.030  0.650
 157 A   0.00000 0.00000 0.00001 0.00050 0.00820 0.05797 0.21013 0.41094 0.31224 ( 8)  0.803  0.312
 158 N   0.00000 0.00000 0.00000 0.00000 0.00007 0.00146 0.01706 0.14398 0.83742 ( 9)  1.134  0.837
 159 Y   0.25859 0.24385 0.20543 0.14810 0.08756 0.04033 0.01336 0.00261 0.00017 ( 1)  0.057  0.000
 160 S   0.00000 0.00005 0.00228 0.02263 0.09702 0.22648 0.31375 0.25272 0.08506 ( 7)  0.523  0.085
 161 Q   0.00000 0.00000 0.00000 0.00024 0.00430 0.03464 0.15033 0.37992 0.43055 ( 9)  0.888  0.431
 162 P   0.00000 0.00031 0.00407 0.02073 0.06386 0.14005 0.23409 0.30137 0.23552 ( 8)  0.674  0.236
 163 Y   0.26450 0.24852 0.20717 0.14633 0.08364 0.03658 0.01122 0.00194 0.00010 ( 1)  0.054  0.000
 164 E   0.00000 0.00000 0.00000 0.00010 0.00207 0.01997 0.10754 0.34926 0.52106 ( 9)  0.950  0.521
 165 S   0.00000 0.00105 0.01305 0.05930 0.15169 0.25165 0.27954 0.19210 0.05162 ( 7)  0.441  0.052
 166 P   0.00000 0.00006 0.00250 0.02495 0.10741 0.24875 0.33032 0.23303 0.05300 ( 7)  0.486  0.053
 167 G   0.19002 0.18555 0.17307 0.15145 0.12202 0.08837 0.05529 0.02707 0.00716 ( 1)  0.122  0.007
 168 L   0.00000 0.00081 0.01013 0.04709 0.12534 0.22201 0.27467 0.22871 0.09124 ( 7)  0.500  0.091
 169 Q   0.24386 0.23206 0.20074 0.15209 0.09719 0.04997 0.01916 0.00454 0.00038 ( 1)  0.066  0.000
 170 L   0.22794 0.21873 0.19393 0.15406 0.10634 0.06140 0.02791 0.00859 0.00111 ( 1)  0.079  0.001
 171 K   0.00000 0.00000 0.00001 0.00035 0.00455 0.03206 0.13753 0.37030 0.45519 ( 9)  0.904  0.455
 172 D   0.28914 0.26707 0.21181 0.13604 0.06677 0.02336 0.00523 0.00058 0.00002 ( 1)  0.043  0.000
 173 S   0.24177 0.23026 0.19970 0.15215 0.09827 0.05154 0.02052 0.00526 0.00052 ( 1)  0.068  0.001
 174 E   0.27073 0.25333 0.20867 0.14407 0.07940 0.03292 0.00936 0.00146 0.00007 ( 1)  0.051  0.000
 175 T   0.00332 0.05251 0.15902 0.25461 0.25918 0.17463 0.07617 0.01886 0.00170 ( 5)  0.174  0.002
 176 E   0.27073 0.25333 0.20867 0.14407 0.07940 0.03292 0.00936 0.00146 0.00007 ( 1)  0.051  0.000
 177 L   0.22797 0.21878 0.19398 0.15412 0.10638 0.06137 0.02783 0.00850 0.00107 ( 1)  0.079  0.001
 178 P   0.25851 0.24381 0.20549 0.14822 0.08763 0.04030 0.01329 0.00258 0.00017 ( 1)  0.057  0.000
 179 P   0.26383 0.24801 0.20702 0.14658 0.08409 0.03696 0.01141 0.00200 0.00011 ( 1)  0.054  0.000
 180 E   0.27069 0.25330 0.20866 0.14408 0.07942 0.03294 0.00937 0.00146 0.00007 ( 1)  0.051  0.000
 181 T   0.00292 0.04660 0.14417 0.24017 0.25948 0.18911 0.09046 0.02467 0.00240 ( 5)  0.189  0.002
 182 T   0.00311 0.04937 0.15137 0.24788 0.26058 0.18249 0.08257 0.02083 0.00181 ( 5)  0.181  0.002
 183 E   0.00250 0.04021 0.12731 0.22141 0.25576 0.20454 0.11010 0.03444 0.00372 ( 5)  0.208  0.004
 184 R   0.00094 0.01556 0.05424 0.11325 0.17515 0.21446 0.20978 0.15491 0.06171 ( 6)  0.393  0.062
 185 P   0.26109 0.24586 0.20628 0.14748 0.08593 0.03864 0.01232 0.00227 0.00013 ( 1)  0.056  0.000
 186 N   0.00418 0.06523 0.19049 0.28413 0.25693 0.14394 0.04733 0.00746 0.00031 ( 4)  0.145  0.000
 187 Y   0.26450 0.24852 0.20717 0.14633 0.08364 0.03658 0.01122 0.00194 0.00010 ( 1)  0.054  0.000
 188 E   0.27073 0.25333 0.20867 0.14407 0.07940 0.03292 0.00936 0.00146 0.00007 ( 1)  0.051  0.000
 189 S   0.24718 0.23469 0.20173 0.15110 0.09495 0.04781 0.01795 0.00422 0.00037 ( 1)  0.064  0.000
 190 Y   0.25207 0.23859 0.20325 0.14971 0.09171 0.04463 0.01609 0.00363 0.00031 ( 1)  0.062  0.000
 191 S   0.28702 0.26556 0.21163 0.13714 0.06821 0.02427 0.00553 0.00062 0.00002 ( 1)  0.044  0.000
 192 H   0.27615 0.25748 0.20987 0.14198 0.07568 0.02983 0.00787 0.00109 0.00004 ( 1)  0.048  0.000
 193 R   0.26140 0.24609 0.20635 0.14737 0.08574 0.03848 0.01223 0.00223 0.00013 ( 1)  0.056  0.000
 194 L   0.22795 0.21876 0.19396 0.15410 0.10637 0.06139 0.02785 0.00853 0.00108 ( 1)  0.079  0.001
 195 S   0.26608 0.24971 0.20746 0.14564 0.08252 0.03572 0.01086 0.00189 0.00011 ( 1)  0.053  0.000
 196 H   0.00249 0.04006 0.12689 0.22091 0.25560 0.20488 0.11063 0.03477 0.00379 ( 5)  0.209  0.004
 197 I   0.28436 0.26353 0.21107 0.13819 0.07004 0.02576 0.00624 0.00079 0.00003 ( 1)  0.045  0.000
 198 G   0.00182 0.02968 0.09767 0.18279 0.23712 0.22404 0.15146 0.06472 0.01069 ( 5)  0.257  0.011
 199 I   0.00000 0.00040 0.00516 0.02564 0.07595 0.15770 0.24544 0.28835 0.20136 ( 8)  0.636  0.201
 200 I   0.27494 0.25640 0.20920 0.14202 0.07647 0.03091 0.00863 0.00136 0.00007 ( 1)  0.049  0.000
 201 L   0.00000 0.00000 0.00004 0.00101 0.01033 0.05549 0.18083 0.37538 0.37692 ( 9)  0.841  0.377
 202 Q   0.00000 0.00000 0.00000 0.00030 0.00521 0.04062 0.16796 0.39363 0.39228 ( 8)  0.862  0.392
 203 S   0.00000 0.00000 0.00002 0.00062 0.00655 0.03738 0.13508 0.33730 0.48304 ( 9)  0.914  0.483
 204 R   0.00000 0.00002 0.00104 0.01144 0.05738 0.16541 0.29715 0.32285 0.14471 ( 8)  0.615  0.145
 205 V   0.00000 0.00037 0.00489 0.02458 0.07406 0.15697 0.24894 0.29410 0.19608 ( 8)  0.635  0.196
 206 N   0.00000 0.00000 0.00022 0.00514 0.04212 0.16290 0.33222 0.34424 0.11317 ( 8)  0.605  0.113
 207 V   0.00287 0.04587 0.14260 0.23943 0.26118 0.19164 0.09098 0.02353 0.00187 ( 5)  0.188  0.002
 208 P   0.00087 0.01452 0.05105 0.10810 0.17024 0.21261 0.21225 0.16113 0.06924 ( 6)  0.406  0.069
 209 V   0.26105 0.24581 0.20621 0.14743 0.08596 0.03873 0.01240 0.00229 0.00013 ( 1)  0.056  0.000
 210 Y   0.26450 0.24852 0.20717 0.14633 0.08364 0.03658 0.01122 0.00194 0.00010 ( 1)  0.054  0.000
 211 S   0.26954 0.25240 0.20834 0.14444 0.08019 0.03365 0.00977 0.00158 0.00008 ( 1)  0.052  0.000
 212 W   0.18128 0.17762 0.16732 0.14920 0.12392 0.09386 0.06263 0.03375 0.01042 ( 1)  0.136  0.010
 213 T   0.20466 0.19858 0.18183 0.15362 0.11708 0.07823 0.04380 0.01834 0.00386 ( 1)  0.103  0.004
 214 H   0.25695 0.24251 0.20485 0.14846 0.08858 0.04143 0.01409 0.00290 0.00021 ( 1)  0.059  0.000
 215 R   0.25087 0.23778 0.20328 0.15059 0.09278 0.04515 0.01597 0.00334 0.00022 ( 1)  0.062  0.000
 216 S   0.28702 0.26556 0.21163 0.13714 0.06821 0.02427 0.00553 0.00062 0.00002 ( 1)  0.044  0.000

Positively selected sites

	Prob(w>1)  mean w

    22 -      0.670         1.039
    49 S      0.691         1.054
    64 A      0.585         0.989
    78 R      0.650         1.027
    90 G      0.774         1.101
    98 A      0.758         1.093
   110 R      0.563         0.969
   112 A      0.712         1.063
   122 Y      0.594         0.993
   140 T      0.590         0.988
   149 Q      0.644         1.024
   151 I      0.706         1.062
   156 T      0.650         1.030
   158 N      0.837         1.134
   164 E      0.521         0.950


lnL = -3552.315295

Bayes Empirical Bayes (BEB) probabilities for 11 classes (class) & postmean_w
(amino acids refer to 1st sequence: BT_Cry1Ba1)

   1 N   0.05201 0.14191 0.19526 0.18404 0.14529 0.10416 0.07069 0.04667 0.03082 0.02487 0.00428 ( 3)  0.397 +-  0.228
   2 T   0.70854 0.12759 0.06456 0.03713 0.02272 0.01444 0.00944 0.00634 0.00440 0.00368 0.00116 ( 1)  0.122 +-  0.155
   3 S   0.04501 0.12952 0.18680 0.18348 0.15001 0.11064 0.07675 0.05144 0.03426 0.02766 0.00443 ( 3)  0.411 +-  0.230
   4 A   0.14945 0.17187 0.17758 0.14890 0.11329 0.08189 0.05761 0.04014 0.02829 0.02433 0.00665 ( 3)  0.350 +-  0.251
   5 Q   0.74281 0.12443 0.05844 0.03117 0.01767 0.01041 0.00630 0.00391 0.00251 0.00194 0.00040 ( 1)  0.107 +-  0.130
   6 L   0.77494 0.11661 0.05036 0.02526 0.01374 0.00788 0.00470 0.00290 0.00186 0.00145 0.00031 ( 1)  0.097 +-  0.116
   7 T   0.84618 0.09916 0.03285 0.01253 0.00516 0.00224 0.00101 0.00048 0.00024 0.00014 0.00001 ( 1)  0.075 +-  0.071
   8 R   0.81735 0.10899 0.04081 0.01744 0.00796 0.00379 0.00187 0.00095 0.00050 0.00032 0.00003 ( 1)  0.082 +-  0.085
   9 E   0.54354 0.19911 0.11562 0.06456 0.03546 0.01938 0.01062 0.00587 0.00333 0.00228 0.00022 ( 1)  0.152 +-  0.154
  10 V   0.19180 0.20229 0.19133 0.14642 0.10135 0.06643 0.04225 0.02653 0.01681 0.01299 0.00181 ( 2)  0.298 +-  0.218
  11 Y   0.83054 0.10496 0.03725 0.01510 0.00655 0.00297 0.00139 0.00068 0.00034 0.00021 0.00001 ( 1)  0.078 +-  0.078
  12 T   0.84609 0.09919 0.03288 0.01255 0.00516 0.00224 0.00102 0.00048 0.00024 0.00014 0.00001 ( 1)  0.075 +-  0.071
  13 D   0.40174 0.18265 0.13256 0.09271 0.06387 0.04381 0.03012 0.02090 0.01484 0.01279 0.00400 ( 1)  0.232 +-  0.230
  14 A   0.15556 0.17802 0.18234 0.15088 0.11274 0.07964 0.05449 0.03673 0.02494 0.02058 0.00409 ( 3)  0.337 +-  0.239
  15 I   0.86235 0.09308 0.02834 0.00992 0.00374 0.00149 0.00062 0.00027 0.00012 0.00007 0.00000 ( 1)  0.071 +-  0.063
  16 G   0.70384 0.12818 0.06550 0.03799 0.02340 0.01496 0.00983 0.00662 0.00460 0.00386 0.00121 ( 1)  0.124 +-  0.157
  17 A   0.01483 0.05603 0.10433 0.13201 0.13872 0.13108 0.11600 0.09863 0.08264 0.08110 0.04463 ( 5)  0.580 +-  0.306
  18 T   0.16633 0.18382 0.18286 0.14787 0.10864 0.07592 0.05168 0.03486 0.02380 0.01983 0.00439 ( 2)  0.329 +-  0.239
  19 G   0.00182 0.02024 0.06049 0.10214 0.13039 0.14125 0.13768 0.12517 0.10953 0.10899 0.06228 ( 6)  0.664 +-  0.303
  20 V   0.09725 0.12906 0.15246 0.14527 0.12480 0.10119 0.07933 0.06115 0.04732 0.04407 0.01810 ( 3)  0.432 +-  0.288
  21 N   0.00002 0.00167 0.01240 0.03692 0.07057 0.10411 0.12990 0.14474 0.15015 0.16955 0.17996 (11)  0.858 +-  0.348
  22 -   0.00001 0.00060 0.00382 0.01162 0.02458 0.04204 0.06258 0.08483 0.10854 0.15292 0.50846 (11)  1.158 +-  0.413
  23 -   0.00044 0.00607 0.02211 0.04551 0.07083 0.09353 0.11104 0.12278 0.13032 0.15465 0.24269 (11)  0.894 +-  0.395
  24 M   0.03294 0.10441 0.16445 0.17542 0.15487 0.12262 0.09073 0.06444 0.04515 0.03787 0.00710 ( 4)  0.449 +-  0.241
  25 A   0.03164 0.10026 0.15834 0.17019 0.15219 0.12270 0.09297 0.06801 0.04935 0.04299 0.01135 ( 4)  0.463 +-  0.253
  26 S   0.61841 0.19530 0.09752 0.04687 0.02219 0.01047 0.00496 0.00238 0.00117 0.00070 0.00003 ( 1)  0.123 +-  0.123
  27 M   0.33375 0.16898 0.13543 0.10363 0.07741 0.05708 0.04186 0.03074 0.02294 0.02066 0.00752 ( 1)  0.279 +-  0.261
  28 N   0.60459 0.19491 0.10029 0.05013 0.02493 0.01248 0.00634 0.00329 0.00177 0.00117 0.00011 ( 1)  0.130 +-  0.132
  29 W   0.65565 0.13009 0.07238 0.04563 0.03049 0.02111 0.01498 0.01088 0.00815 0.00735 0.00331 ( 1)  0.148 +-  0.194
  30 Y   0.16733 0.18676 0.18651 0.15037 0.10939 0.07518 0.05000 0.03275 0.02158 0.01730 0.00284 ( 2)  0.322 +-  0.230
  31 -   0.44851 0.11132 0.07764 0.06133 0.05133 0.04447 0.03949 0.03583 0.03350 0.03767 0.05890 ( 1)  0.334 +-  0.402
  32 -   0.44851 0.11132 0.07764 0.06133 0.05133 0.04447 0.03949 0.03583 0.03350 0.03767 0.05890 ( 1)  0.334 +-  0.402
  33 N   0.87839 0.08600 0.02381 0.00761 0.00263 0.00096 0.00037 0.00015 0.00006 0.00003 0.00000 ( 1)  0.068 +-  0.056
  34 N   0.87839 0.08600 0.02381 0.00761 0.00263 0.00096 0.00037 0.00015 0.00006 0.00003 0.00000 ( 1)  0.068 +-  0.056
  35 N   0.87839 0.08600 0.02381 0.00761 0.00263 0.00096 0.00037 0.00015 0.00006 0.00003 0.00000 ( 1)  0.068 +-  0.056
  36 A   0.55745 0.19865 0.11235 0.06123 0.03291 0.01764 0.00950 0.00518 0.00291 0.00198 0.00019 ( 1)  0.146 +-  0.149
  37 P   0.83118 0.10475 0.03707 0.01499 0.00648 0.00293 0.00137 0.00067 0.00034 0.00021 0.00001 ( 1)  0.078 +-  0.078
  38 S   0.66180 0.12983 0.07148 0.04463 0.02957 0.02031 0.01432 0.01034 0.00770 0.00692 0.00311 ( 1)  0.145 +-  0.190
  39 F   0.80070 0.11338 0.04509 0.02046 0.00992 0.00502 0.00263 0.00142 0.00080 0.00054 0.00006 ( 1)  0.087 +-  0.095
  40 S   0.81446 0.10974 0.04155 0.01796 0.00830 0.00401 0.00200 0.00103 0.00055 0.00036 0.00003 ( 1)  0.083 +-  0.087
  41 A   0.00391 0.01878 0.04367 0.06859 0.08895 0.10317 0.11146 0.11503 0.11620 0.13402 0.19622 (11)  0.816 +-  0.402
  42 I   0.86043 0.09389 0.02889 0.01021 0.00389 0.00156 0.00065 0.00028 0.00013 0.00007 0.00000 ( 1)  0.071 +-  0.064
  43 E   0.73433 0.12552 0.06014 0.03271 0.01890 0.01134 0.00699 0.00442 0.00288 0.00227 0.00050 ( 1)  0.110 +-  0.135
  44 A   0.03365 0.10492 0.16329 0.17299 0.15247 0.12116 0.09046 0.06517 0.04656 0.03997 0.00936 ( 4)  0.453 +-  0.248
  45 A   0.76234 0.12124 0.05416 0.02756 0.01494 0.00844 0.00492 0.00294 0.00183 0.00137 0.00025 ( 1)  0.099 +-  0.118
  46 A   0.02893 0.09448 0.15318 0.16843 0.15354 0.12573 0.09641 0.07110 0.05182 0.04512 0.01126 ( 4)  0.471 +-  0.253
  47 I   0.00369 0.01820 0.04320 0.06894 0.09047 0.10573 0.11462 0.11825 0.11893 0.13603 0.18192 (11)  0.805 +-  0.392
  48 R   0.73293 0.12479 0.05985 0.03276 0.01915 0.01168 0.00737 0.00479 0.00323 0.00265 0.00081 ( 1)  0.112 +-  0.140
  49 S   0.00000 0.00021 0.00205 0.00800 0.01986 0.03785 0.06064 0.08631 0.11382 0.16263 0.50861 (11)  1.163 +-  0.398
  50 P   0.70799 0.12779 0.06474 0.03726 0.02279 0.01447 0.00945 0.00633 0.00438 0.00366 0.00113 ( 1)  0.122 +-  0.155
  51 H   0.84570 0.09978 0.03305 0.01252 0.00508 0.00216 0.00095 0.00043 0.00021 0.00012 0.00001 ( 1)  0.075 +-  0.071
  52 L   0.76763 0.12058 0.05311 0.02660 0.01417 0.00786 0.00448 0.00263 0.00159 0.00117 0.00018 ( 1)  0.097 +-  0.114
  53 L   0.80959 0.11119 0.04285 0.01883 0.00884 0.00432 0.00219 0.00114 0.00062 0.00040 0.00004 ( 1)  0.084 +-  0.089
  54 D   0.86741 0.09110 0.02692 0.00912 0.00332 0.00127 0.00051 0.00021 0.00009 0.00005 0.00000 ( 1)  0.070 +-  0.060
  55 F   0.85080 0.09797 0.03164 0.01167 0.00460 0.00190 0.00081 0.00036 0.00016 0.00009 0.00000 ( 1)  0.073 +-  0.068
  56 L   0.10494 0.13645 0.15807 0.14766 0.12433 0.09876 0.07581 0.05719 0.04330 0.03950 0.01400 ( 3)  0.415 +-  0.278
  57 E   0.84045 0.10161 0.03452 0.01341 0.00558 0.00243 0.00110 0.00051 0.00025 0.00015 0.00001 ( 1)  0.076 +-  0.073
  58 Q   0.10633 0.13895 0.16114 0.15009 0.12552 0.09868 0.07473 0.05546 0.04119 0.03681 0.01110 ( 3)  0.407 +-  0.269
  59 L   0.52688 0.19906 0.11915 0.06848 0.03866 0.02168 0.01216 0.00688 0.00398 0.00279 0.00029 ( 1)  0.159 +-  0.161
  60 T   0.54277 0.19703 0.11440 0.06444 0.03602 0.02019 0.01143 0.00658 0.00391 0.00283 0.00040 ( 1)  0.154 +-  0.159
  61 I   0.86235 0.09308 0.02834 0.00992 0.00374 0.00149 0.00062 0.00027 0.00012 0.00007 0.00000 ( 1)  0.071 +-  0.063
  62 F   0.03784 0.06296 0.09169 0.10709 0.11216 0.11023 0.10411 0.09603 0.08820 0.09492 0.09477 ( 5)  0.630 +-  0.377
  63 S   0.71908 0.12678 0.06278 0.03535 0.02117 0.01317 0.00843 0.00554 0.00376 0.00308 0.00086 ( 1)  0.117 +-  0.147
  64 A   0.00002 0.00094 0.00605 0.01812 0.03710 0.06058 0.08529 0.10856 0.12971 0.16957 0.38406 (11)  1.049 +-  0.403
  65 S   0.38215 0.18048 0.13525 0.09703 0.06815 0.04737 0.03282 0.02283 0.01617 0.01385 0.00390 ( 1)  0.242 +-  0.234
  66 S   0.13810 0.16474 0.17576 0.15142 0.11772 0.08642 0.06137 0.04287 0.03010 0.02561 0.00589 ( 3)  0.360 +-  0.250
  67 R   0.72117 0.12678 0.06252 0.03501 0.02084 0.01288 0.00818 0.00533 0.00359 0.00292 0.00078 ( 1)  0.116 +-  0.145
  68 W   0.65565 0.13009 0.07238 0.04563 0.03049 0.02111 0.01498 0.01088 0.00815 0.00735 0.00331 ( 1)  0.148 +-  0.194
  69 S   0.86473 0.09234 0.02769 0.00950 0.00349 0.00135 0.00054 0.00022 0.00010 0.00005 0.00000 ( 1)  0.070 +-  0.061
  70 N   0.00935 0.03874 0.07848 0.10785 0.12285 0.12562 0.12006 0.11003 0.09911 0.10342 0.08450 ( 6)  0.658 +-  0.343
  71 T   0.85742 0.09482 0.02971 0.01075 0.00421 0.00174 0.00075 0.00034 0.00016 0.00009 0.00001 ( 1)  0.072 +-  0.066
  72 R   0.19775 0.12830 0.12588 0.11441 0.09941 0.08396 0.06967 0.05734 0.04757 0.04716 0.02856 ( 1)  0.408 +-  0.328
  73 H   0.15412 0.17665 0.18137 0.15058 0.11300 0.08023 0.05522 0.03747 0.02562 0.02131 0.00443 ( 3)  0.340 +-  0.241
  74 M   0.82288 0.10774 0.03942 0.01639 0.00725 0.00333 0.00158 0.00077 0.00039 0.00023 0.00001 ( 1)  0.080 +-  0.081
  75 T   0.62459 0.19381 0.09549 0.04549 0.02144 0.01012 0.00482 0.00233 0.00116 0.00071 0.00004 ( 1)  0.122 +-  0.122
  76 Y   0.00995 0.04167 0.08470 0.11583 0.13037 0.13091 0.12225 0.10901 0.09524 0.09638 0.06369 ( 6)  0.629 +-  0.323
  77 W   0.65565 0.13009 0.07238 0.04563 0.03049 0.02111 0.01498 0.01088 0.00815 0.00735 0.00331 ( 1)  0.148 +-  0.194
  78 R   0.00002 0.00067 0.00429 0.01303 0.02745 0.04662 0.06878 0.09217 0.11627 0.16092 0.46978 (11)  1.124 +-  0.408
  79 G   0.78657 0.11691 0.04869 0.02307 0.01164 0.00611 0.00330 0.00184 0.00106 0.00073 0.00009 ( 1)  0.091 +-  0.102
  80 H   0.82877 0.10557 0.03774 0.01541 0.00672 0.00306 0.00144 0.00070 0.00035 0.00022 0.00001 ( 1)  0.079 +-  0.079
  81 T   0.01634 0.06148 0.11352 0.14157 0.14575 0.13420 0.11514 0.09450 0.07614 0.07190 0.02947 ( 5)  0.550 +-  0.285
  82 I   0.51229 0.19855 0.12191 0.07183 0.04154 0.02385 0.01369 0.00792 0.00468 0.00335 0.00038 ( 1)  0.165 +-  0.167
  83 Q   0.00235 0.02463 0.06990 0.11276 0.13820 0.14432 0.13607 0.12004 0.10222 0.09957 0.04994 ( 6)  0.637 +-  0.293
  84 S   0.00285 0.01452 0.03556 0.05860 0.07941 0.09589 0.10747 0.11468 0.11939 0.14117 0.23045 (11)  0.860 +-  0.411
  85 R   0.64565 0.12978 0.07325 0.04688 0.03185 0.02243 0.01621 0.01200 0.00917 0.00845 0.00434 ( 1)  0.155 +-  0.204
  86 P   0.02193 0.07602 0.13052 0.15235 0.14781 0.12919 0.10603 0.08391 0.06576 0.06122 0.02526 ( 4)  0.520 +-  0.281
  87 I   0.86043 0.09389 0.02889 0.01021 0.00389 0.00156 0.00065 0.00028 0.00013 0.00007 0.00000 ( 1)  0.071 +-  0.064
  88 G   0.01001 0.04182 0.08491 0.11604 0.13057 0.13109 0.12240 0.10909 0.09522 0.09624 0.06262 ( 6)  0.627 +-  0.322
  89 G   0.70401 0.12825 0.06552 0.03799 0.02338 0.01493 0.00979 0.00658 0.00457 0.00382 0.00117 ( 1)  0.123 +-  0.157
  90 G   0.00000 0.00004 0.00063 0.00323 0.00981 0.02185 0.03979 0.06315 0.09167 0.14320 0.62663 (11)  1.263 +-  0.381
  91 L   0.39164 0.18280 0.13526 0.09576 0.06632 0.04544 0.03101 0.02124 0.01482 0.01249 0.00322 ( 1)  0.235 +-  0.227
  92 N   0.24304 0.22531 0.19039 0.13244 0.08469 0.05204 0.03144 0.01897 0.01167 0.00881 0.00120 ( 1)  0.261 +-  0.204
  93 T   0.20462 0.12274 0.11616 0.10480 0.09218 0.07991 0.06877 0.05914 0.05156 0.05377 0.04635 ( 1)  0.434 +-  0.363
  94 S   0.40298 0.18405 0.13369 0.09324 0.06383 0.04338 0.02946 0.02014 0.01406 0.01189 0.00327 ( 1)  0.229 +-  0.225
  95 T   0.82866 0.10510 0.03765 0.01550 0.00686 0.00320 0.00155 0.00078 0.00041 0.00026 0.00003 ( 1)  0.079 +-  0.080
  96 H   0.09982 0.13215 0.15560 0.14750 0.12582 0.10104 0.07825 0.05941 0.04515 0.04121 0.01404 ( 3)  0.422 +-  0.278
  97 G   0.78859 0.11643 0.04819 0.02270 0.01139 0.00594 0.00320 0.00177 0.00101 0.00070 0.00008 ( 1)  0.090 +-  0.101
  98 A   0.00000 0.00004 0.00061 0.00336 0.01074 0.02470 0.04575 0.07292 0.10510 0.16102 0.57577 (11)  1.223 +-  0.378
  99 T   0.70541 0.12767 0.06499 0.03764 0.02320 0.01486 0.00979 0.00662 0.00463 0.00391 0.00127 ( 1)  0.123 +-  0.158
 100 -   0.45017 0.11159 0.07772 0.06131 0.05125 0.04435 0.03932 0.03564 0.03328 0.03737 0.05800 ( 1)  0.332 +-  0.400
 101 N   0.87839 0.08600 0.02381 0.00761 0.00263 0.00096 0.00037 0.00015 0.00006 0.00003 0.00000 ( 1)  0.068 +-  0.056
 102 T   0.58236 0.19662 0.10591 0.05532 0.02869 0.01493 0.00787 0.00422 0.00234 0.00159 0.00016 ( 1)  0.138 +-  0.141
 103 S   0.52295 0.19824 0.11937 0.06921 0.03952 0.02249 0.01284 0.00742 0.00440 0.00316 0.00040 ( 1)  0.161 +-  0.164
 104 I   0.86235 0.09308 0.02834 0.00992 0.00374 0.00149 0.00062 0.00027 0.00012 0.00007 0.00000 ( 1)  0.071 +-  0.063
 105 N   0.62998 0.19270 0.09382 0.04429 0.02074 0.00975 0.00463 0.00224 0.00112 0.00068 0.00004 ( 1)  0.120 +-  0.121
 106 P   0.82719 0.10596 0.03814 0.01570 0.00691 0.00318 0.00152 0.00075 0.00039 0.00024 0.00002 ( 1)  0.079 +-  0.080
 107 V   0.83139 0.10473 0.03703 0.01495 0.00645 0.00291 0.00136 0.00065 0.00033 0.00020 0.00001 ( 1)  0.078 +-  0.078
 108 T   0.19751 0.20344 0.18906 0.14317 0.09880 0.06506 0.04190 0.02685 0.01750 0.01401 0.00271 ( 2)  0.298 +-  0.223
 109 L   0.07943 0.11204 0.13999 0.14062 0.12693 0.10774 0.08808 0.07050 0.05639 0.05383 0.02445 ( 4)  0.467 +-  0.300
 110 R   0.00017 0.00267 0.01095 0.02532 0.04415 0.06507 0.08590 0.10521 0.12317 0.16017 0.37722 (11)  1.032 +-  0.415
 111 F   0.73246 0.12450 0.05981 0.03286 0.01931 0.01184 0.00750 0.00489 0.00331 0.00271 0.00078 ( 1)  0.112 +-  0.141
 112 A   0.00001 0.00036 0.00249 0.00821 0.01863 0.03390 0.05334 0.07597 0.10156 0.14880 0.55674 (11)  1.201 +-  0.403
 113 S   0.52109 0.19824 0.11979 0.06967 0.03990 0.02275 0.01301 0.00752 0.00445 0.00320 0.00039 ( 1)  0.162 +-  0.165
 114 R   0.72630 0.12638 0.06165 0.03414 0.02008 0.01226 0.00769 0.00494 0.00329 0.00263 0.00064 ( 1)  0.113 +-  0.141
 115 D   0.70084 0.12865 0.06617 0.03858 0.02386 0.01529 0.01005 0.00676 0.00470 0.00393 0.00118 ( 1)  0.125 +-  0.158
 116 V   0.01984 0.07092 0.12506 0.14943 0.14791 0.13144 0.10929 0.08732 0.06884 0.06417 0.02579 ( 4)  0.529 +-  0.281
 117 Y   0.83054 0.10496 0.03725 0.01510 0.00655 0.00297 0.00139 0.00068 0.00034 0.00021 0.00001 ( 1)  0.078 +-  0.078
 118 R   0.39567 0.18276 0.13418 0.09452 0.06532 0.04477 0.03065 0.02111 0.01484 0.01263 0.00357 ( 1)  0.234 +-  0.229
 119 T   0.85229 0.09693 0.03116 0.01153 0.00460 0.00194 0.00085 0.00039 0.00019 0.00011 0.00001 ( 1)  0.073 +-  0.068
 120 E   0.84045 0.10161 0.03452 0.01341 0.00558 0.00243 0.00110 0.00051 0.00025 0.00015 0.00001 ( 1)  0.076 +-  0.073
 121 S   0.79045 0.11572 0.04761 0.02235 0.01121 0.00587 0.00317 0.00177 0.00103 0.00072 0.00010 ( 1)  0.090 +-  0.101
 122 Y   0.00003 0.00111 0.00657 0.01861 0.03676 0.05875 0.08186 0.10399 0.12480 0.16482 0.40271 (11)  1.063 +-  0.409
 123 A   0.83370 0.10379 0.03635 0.01458 0.00627 0.00282 0.00132 0.00064 0.00032 0.00020 0.00001 ( 1)  0.078 +-  0.077
 124 G   0.70384 0.12818 0.06550 0.03799 0.02340 0.01496 0.00983 0.00662 0.00460 0.00386 0.00121 ( 1)  0.124 +-  0.157
 125 V   0.00395 0.01932 0.04541 0.07169 0.09301 0.10747 0.11523 0.11766 0.11727 0.13320 0.17579 (11)  0.795 +-  0.391
 126 L   0.23082 0.22420 0.19542 0.13801 0.08829 0.05359 0.03162 0.01847 0.01091 0.00788 0.00080 ( 1)  0.264 +-  0.199
 127 L   0.13723 0.16274 0.17311 0.14926 0.11662 0.08644 0.06226 0.04433 0.03188 0.02788 0.00823 ( 3)  0.366 +-  0.258
 128 W   0.07830 0.10959 0.13785 0.14023 0.12823 0.10991 0.09030 0.07225 0.05744 0.05421 0.02169 ( 4)  0.468 +-  0.295
 129 G   0.50998 0.12010 0.07948 0.05958 0.04733 0.03893 0.03282 0.02829 0.02514 0.02689 0.03146 ( 1)  0.264 +-  0.336
 130 I   0.53667 0.12313 0.07938 0.05798 0.04490 0.03601 0.02962 0.02491 0.02161 0.02258 0.02321 ( 1)  0.238 +-  0.309
 131 Y   0.00036 0.00511 0.01904 0.04013 0.06396 0.08649 0.10512 0.11896 0.12918 0.15666 0.27499 (11)  0.928 +-  0.404
 132 L   0.18471 0.19767 0.18972 0.14736 0.10357 0.06895 0.04456 0.02845 0.01834 0.01442 0.00227 ( 2)  0.305 +-  0.223
 133 E   0.00072 0.00940 0.03254 0.06348 0.09330 0.11587 0.12884 0.13292 0.13119 0.14474 0.14700 (11)  0.791 +-  0.355
 134 P   0.83683 0.10286 0.03552 0.01402 0.00592 0.00262 0.00120 0.00057 0.00028 0.00017 0.00001 ( 1)  0.077 +-  0.075
 135 I   0.13292 0.16090 0.17398 0.15172 0.11926 0.08842 0.06334 0.04460 0.03153 0.02697 0.00636 ( 3)  0.366 +-  0.252
 136 H   0.62244 0.19432 0.09618 0.04596 0.02170 0.01024 0.00487 0.00235 0.00117 0.00071 0.00004 ( 1)  0.122 +-  0.123
 137 G   0.78245 0.11764 0.04961 0.02383 0.01220 0.00651 0.00358 0.00203 0.00119 0.00085 0.00012 ( 1)  0.092 +-  0.105
 138 V   0.81641 0.10917 0.04103 0.01762 0.00809 0.00388 0.00193 0.00099 0.00053 0.00034 0.00003 ( 1)  0.082 +-  0.086
 139 P   0.83683 0.10286 0.03552 0.01402 0.00592 0.00262 0.00120 0.00057 0.00028 0.00017 0.00001 ( 1)  0.077 +-  0.075
 140 T   0.00011 0.00189 0.00843 0.02089 0.03851 0.05940 0.08137 0.10269 0.12316 0.16313 0.40042 (11)  1.057 +-  0.411
 141 V   0.19723 0.20576 0.19246 0.14561 0.09961 0.06451 0.04052 0.02512 0.01570 0.01197 0.00153 ( 2)  0.292 +-  0.215
 142 R   0.02123 0.07496 0.13064 0.15412 0.15045 0.13168 0.10766 0.08444 0.06523 0.05959 0.02001 ( 4)  0.514 +-  0.271
 143 F   0.82518 0.10658 0.03869 0.01605 0.00713 0.00331 0.00159 0.00079 0.00041 0.00026 0.00002 ( 1)  0.080 +-  0.081
 144 N   0.61493 0.19452 0.09790 0.04774 0.02308 0.01120 0.00550 0.00275 0.00142 0.00090 0.00006 ( 1)  0.125 +-  0.127
 145 F   0.06273 0.09258 0.12099 0.12761 0.12142 0.10907 0.09472 0.08084 0.06913 0.07031 0.05059 ( 4)  0.530 +-  0.340
 146 T   0.00174 0.01903 0.05647 0.09548 0.12296 0.13521 0.13450 0.12535 0.11283 0.11559 0.08084 ( 6)  0.689 +-  0.321
 147 N   0.01380 0.05330 0.10106 0.12983 0.13813 0.13181 0.11753 0.10049 0.08453 0.08312 0.04639 ( 5)  0.586 +-  0.308
 148 P   0.06240 0.09245 0.12117 0.12803 0.12190 0.10946 0.09494 0.08086 0.06899 0.06998 0.04981 ( 4)  0.530 +-  0.338
 149 Q   0.00002 0.00072 0.00448 0.01350 0.02837 0.04812 0.07087 0.09469 0.11896 0.16368 0.45659 (11)  1.113 +-  0.406
 150 N   0.03868 0.11399 0.16923 0.17264 0.14797 0.11545 0.08547 0.06164 0.04450 0.03896 0.01147 ( 4)  0.446 +-  0.254
 151 I   0.00000 0.00020 0.00190 0.00735 0.01823 0.03484 0.05619 0.08078 0.10788 0.15659 0.53605 (11)  1.186 +-  0.399
 152 S   0.00009 0.00309 0.01589 0.03904 0.06716 0.09389 0.11495 0.12886 0.13711 0.16154 0.23837 (11)  0.901 +-  0.383
 153 D   0.23054 0.13118 0.11853 0.10278 0.08747 0.07388 0.06236 0.05297 0.04594 0.04801 0.04633 ( 1)  0.412 +-  0.365
 154 R   0.14535 0.17043 0.17875 0.15138 0.11571 0.08355 0.05840 0.04019 0.02782 0.02337 0.00506 ( 3)  0.350 +-  0.245
 155 G   0.00204 0.02188 0.06352 0.10490 0.13170 0.14095 0.13623 0.12319 0.10749 0.10695 0.06114 ( 6)  0.659 +-  0.303
 156 T   0.00000 0.00031 0.00287 0.01069 0.02551 0.04676 0.07217 0.09900 0.12582 0.17297 0.44390 (11)  1.107 +-  0.394
 157 A   0.00018 0.00570 0.02675 0.06019 0.09481 0.12138 0.13604 0.13956 0.13580 0.14681 0.13277 (10)  0.786 +-  0.339
 158 N   0.00000 0.00003 0.00038 0.00179 0.00536 0.01226 0.02353 0.03999 0.06285 0.10759 0.74621 (11)  1.355 +-  0.354
 159 Y   0.82041 0.10796 0.03996 0.01691 0.00766 0.00363 0.00178 0.00090 0.00047 0.00030 0.00002 ( 1)  0.081 +-  0.084
 160 S   0.02379 0.07974 0.13334 0.15258 0.14601 0.12658 0.10355 0.08204 0.06462 0.06068 0.02707 ( 4)  0.517 +-  0.286
 161 Q   0.00008 0.00297 0.01555 0.03882 0.06758 0.09528 0.11724 0.13165 0.13984 0.16388 0.22710 (11)  0.893 +-  0.377
 162 P   0.03219 0.05524 0.08278 0.09943 0.10701 0.10800 0.10467 0.09901 0.09316 0.10236 0.11615 (11)  0.667 +-  0.391
 163 Y   0.83054 0.10496 0.03725 0.01510 0.00655 0.00297 0.00139 0.00068 0.00034 0.00021 0.00001 ( 1)  0.078 +-  0.078
 164 E   0.00003 0.00141 0.00859 0.02452 0.04801 0.07508 0.10124 0.12328 0.14066 0.17512 0.30205 (11)  0.974 +-  0.387
 165 S   0.09643 0.12992 0.15509 0.14850 0.12750 0.10273 0.07958 0.06028 0.04558 0.04131 0.01307 ( 3)  0.423 +-  0.275
 166 P   0.02606 0.08776 0.14630 0.16503 0.15396 0.12872 0.10049 0.07524 0.05550 0.04867 0.01228 ( 4)  0.482 +-  0.255
 167 G   0.67780 0.12967 0.06955 0.04228 0.02726 0.01822 0.01249 0.00876 0.00634 0.00553 0.00209 ( 1)  0.136 +-  0.176
 168 L   0.07611 0.10794 0.13571 0.13745 0.12535 0.10772 0.08934 0.07271 0.05925 0.05766 0.03076 ( 4)  0.482 +-  0.311
 169 Q   0.79496 0.11505 0.04664 0.02151 0.01056 0.00540 0.00284 0.00154 0.00086 0.00058 0.00006 ( 1)  0.088 +-  0.097
 170 L   0.76339 0.12119 0.05399 0.02737 0.01478 0.00830 0.00481 0.00286 0.00176 0.00131 0.00023 ( 1)  0.099 +-  0.117
 171 K   0.00018 0.00332 0.01488 0.03571 0.06228 0.08940 0.11268 0.12974 0.14106 0.16853 0.24222 (11)  0.909 +-  0.379
 172 D   0.86741 0.09110 0.02692 0.00912 0.00332 0.00127 0.00051 0.00021 0.00009 0.00005 0.00000 ( 1)  0.070 +-  0.060
 173 S   0.79029 0.11576 0.04765 0.02238 0.01123 0.00588 0.00318 0.00178 0.00103 0.00072 0.00010 ( 1)  0.090 +-  0.101
 174 E   0.84045 0.10161 0.03452 0.01341 0.00558 0.00243 0.00110 0.00051 0.00025 0.00015 0.00001 ( 1)  0.076 +-  0.073
 175 T   0.58563 0.19519 0.10445 0.05454 0.02843 0.01496 0.00800 0.00438 0.00248 0.00172 0.00021 ( 1)  0.137 +-  0.142
 176 E   0.84045 0.10161 0.03452 0.01341 0.00558 0.00243 0.00110 0.00051 0.00025 0.00015 0.00001 ( 1)  0.076 +-  0.073
 177 L   0.76359 0.12123 0.05399 0.02735 0.01474 0.00827 0.00477 0.00283 0.00174 0.00129 0.00021 ( 1)  0.099 +-  0.117
 178 P   0.82051 0.10802 0.03994 0.01687 0.00762 0.00360 0.00176 0.00089 0.00047 0.00030 0.00003 ( 1)  0.081 +-  0.084
 179 P   0.82951 0.10531 0.03753 0.01528 0.00665 0.00303 0.00143 0.00069 0.00035 0.00022 0.00002 ( 1)  0.079 +-  0.079
 180 E   0.84039 0.10163 0.03453 0.01342 0.00558 0.00243 0.00110 0.00051 0.00025 0.00015 0.00001 ( 1)  0.076 +-  0.073
 181 T   0.55116 0.19769 0.11304 0.06255 0.03428 0.01882 0.01043 0.00588 0.00342 0.00242 0.00031 ( 1)  0.150 +-  0.154
 182 T   0.56851 0.19734 0.10921 0.05854 0.03110 0.01658 0.00893 0.00489 0.00277 0.00192 0.00022 ( 1)  0.143 +-  0.147
 183 E   0.50828 0.19773 0.12215 0.07258 0.04242 0.02467 0.01438 0.00846 0.00510 0.00373 0.00049 ( 1)  0.168 +-  0.171
 184 R   0.26656 0.14771 0.12933 0.10792 0.08777 0.07035 0.05598 0.04452 0.03592 0.03483 0.01912 ( 1)  0.346 +-  0.307
 185 P   0.82499 0.10673 0.03875 0.01607 0.00712 0.00330 0.00158 0.00078 0.00040 0.00025 0.00002 ( 1)  0.080 +-  0.081
 186 N   0.65282 0.18925 0.08728 0.03907 0.01738 0.00778 0.00353 0.00163 0.00079 0.00046 0.00002 ( 1)  0.113 +-  0.112
 187 Y   0.83054 0.10496 0.03725 0.01510 0.00655 0.00297 0.00139 0.00068 0.00034 0.00021 0.00001 ( 1)  0.078 +-  0.078
 188 E   0.84045 0.10161 0.03452 0.01341 0.00558 0.00243 0.00110 0.00051 0.00025 0.00015 0.00001 ( 1)  0.076 +-  0.073
 189 S   0.80038 0.11341 0.04516 0.02052 0.00997 0.00506 0.00265 0.00143 0.00081 0.00055 0.00006 ( 1)  0.087 +-  0.095
 190 Y   0.80866 0.11103 0.04295 0.01903 0.00904 0.00450 0.00232 0.00124 0.00069 0.00047 0.00006 ( 1)  0.085 +-  0.091
 191 S   0.86473 0.09234 0.02769 0.00950 0.00349 0.00135 0.00054 0.00022 0.00010 0.00005 0.00000 ( 1)  0.070 +-  0.061
 192 H   0.84896 0.09861 0.03215 0.01198 0.00478 0.00199 0.00086 0.00039 0.00018 0.00010 0.00000 ( 1)  0.074 +-  0.069
 193 R   0.82545 0.10658 0.03864 0.01599 0.00708 0.00327 0.00156 0.00077 0.00040 0.00025 0.00002 ( 1)  0.080 +-  0.081
 194 L   0.76352 0.12122 0.05399 0.02736 0.01476 0.00828 0.00478 0.00284 0.00174 0.00129 0.00022 ( 1)  0.099 +-  0.117
 195 S   0.83276 0.10407 0.03660 0.01474 0.00637 0.00288 0.00135 0.00066 0.00033 0.00021 0.00002 ( 1)  0.078 +-  0.078
 196 H   0.50715 0.19768 0.12235 0.07283 0.04265 0.02484 0.01450 0.00855 0.00516 0.00378 0.00050 ( 1)  0.169 +-  0.171
 197 I   0.86043 0.09389 0.02889 0.01021 0.00389 0.00156 0.00065 0.00028 0.00013 0.00007 0.00000 ( 1)  0.071 +-  0.064
 198 G   0.42220 0.18889 0.13385 0.09072 0.06014 0.03943 0.02575 0.01687 0.01126 0.00907 0.00182 ( 1)  0.214 +-  0.210
 199 I   0.04031 0.06573 0.09412 0.10838 0.11218 0.10923 0.10245 0.09405 0.08616 0.09274 0.09463 ( 5)  0.625 +-  0.379
 200 I   0.84587 0.09923 0.03294 0.01260 0.00520 0.00226 0.00102 0.00048 0.00024 0.00014 0.00001 ( 1)  0.075 +-  0.072
 201 L   0.00058 0.00772 0.02728 0.05446 0.08212 0.10492 0.12038 0.12850 0.13154 0.15058 0.19192 (11)  0.840 +-  0.376
 202 Q   0.00011 0.00361 0.01839 0.04469 0.07572 0.10387 0.12433 0.13581 0.14032 0.16014 0.19300 (11)  0.857 +-  0.365
 203 S   0.00035 0.00481 0.01784 0.03759 0.06015 0.08192 0.10058 0.11525 0.12695 0.15637 0.29819 (11)  0.950 +-  0.410
 204 R   0.01125 0.04629 0.09243 0.12390 0.13640 0.13374 0.12175 0.10572 0.08987 0.08873 0.04992 ( 5)  0.603 +-  0.308
 205 V   0.03843 0.06407 0.09339 0.10901 0.11393 0.11157 0.10485 0.09611 0.08763 0.09355 0.08747 ( 5)  0.621 +-  0.370
 206 N   0.00316 0.03140 0.08472 0.12981 0.15098 0.14953 0.13367 0.11178 0.09027 0.08394 0.03074 ( 5)  0.595 +-  0.271
 207 V   0.54791 0.19912 0.11469 0.06353 0.03462 0.01878 0.01021 0.00561 0.00316 0.00216 0.00020 ( 1)  0.150 +-  0.152
 208 P   0.25382 0.14413 0.12842 0.10858 0.08927 0.07225 0.05805 0.04665 0.03809 0.03743 0.02332 ( 1)  0.360 +-  0.317
 209 V   0.82476 0.10675 0.03881 0.01612 0.00716 0.00333 0.00160 0.00079 0.00041 0.00026 0.00002 ( 1)  0.080 +-  0.081
 210 Y   0.83054 0.10496 0.03725 0.01510 0.00655 0.00297 0.00139 0.00068 0.00034 0.00021 0.00001 ( 1)  0.078 +-  0.078
 211 S   0.83841 0.10224 0.03506 0.01377 0.00580 0.00256 0.00117 0.00055 0.00027 0.00016 0.00001 ( 1)  0.076 +-  0.075
 212 W   0.65565 0.13009 0.07238 0.04563 0.03049 0.02111 0.01498 0.01088 0.00815 0.00735 0.00331 ( 1)  0.148 +-  0.194
 213 T   0.71248 0.12743 0.06398 0.03649 0.02213 0.01393 0.00902 0.00599 0.00412 0.00341 0.00101 ( 1)  0.120 +-  0.152
 214 H   0.81733 0.10871 0.04072 0.01747 0.00803 0.00387 0.00193 0.00100 0.00054 0.00035 0.00003 ( 1)  0.082 +-  0.086
 215 R   0.80787 0.11189 0.04338 0.01913 0.00898 0.00438 0.00220 0.00114 0.00061 0.00039 0.00003 ( 1)  0.084 +-  0.090
 216 S   0.86473 0.09234 0.02769 0.00950 0.00349 0.00135 0.00054 0.00022 0.00010 0.00005 0.00000 ( 1)  0.070 +-  0.061

Positively selected sites

	Prob(w>1)  mean w

    22 -      0.508         1.158 +- 0.413
    49 S      0.509         1.163 +- 0.398
    90 G      0.627         1.263 +- 0.381
    98 A      0.576         1.223 +- 0.378
   112 A      0.557         1.201 +- 0.403
   151 I      0.536         1.186 +- 0.399
   158 N      0.746         1.355 +- 0.354

