Supplemental results for CODEML (seqf: algn  treef: tree)


dN/dS (w) for site classes (K=3)

p:   0.20822  0.64049  0.15129
w:   0.00909  0.15105  0.83821

Naive Empirical Bayes (NEB) probabilities for 3 classes & postmean_w
(amino acids refer to 1st sequence: BT_Cry1Fa1)

   1 -   0.45521 0.50522 0.03957 ( 2)  0.114
   2 -   0.00010 0.49456 0.50535 ( 3)  0.498
   3 -   0.00193 0.72164 0.27643 ( 2)  0.341
   4 -   0.73853 0.26139 0.00008 ( 1)  0.046
   5 R   0.00049 0.96293 0.03658 ( 2)  0.176
   6 I   0.85866 0.14133 0.00002 ( 1)  0.029
   7 T   0.21243 0.78688 0.00068 ( 2)  0.121
   8 Q   0.53686 0.46264 0.00050 ( 1)  0.075
   9 I   0.21726 0.78214 0.00060 ( 2)  0.121
  10 P   0.63113 0.36875 0.00012 ( 1)  0.062
  11 L   0.00674 0.95647 0.03679 ( 2)  0.175
  12 V   0.76654 0.23342 0.00004 ( 1)  0.042
  13 K   0.63225 0.36756 0.00019 ( 1)  0.061
  14 A   0.13694 0.86165 0.00141 ( 2)  0.133
  15 H   0.00952 0.98929 0.00119 ( 2)  0.151
  16 T   0.15316 0.84484 0.00200 ( 2)  0.131
  17 L   0.00437 0.94573 0.04990 ( 2)  0.185
  18 Q   0.00000 0.06634 0.93366 ( 3)  0.793
  19 S   0.09724 0.90075 0.00200 ( 2)  0.139
  20 G   0.73416 0.26579 0.00005 ( 1)  0.047
  21 T   0.01667 0.98099 0.00234 ( 2)  0.150
  22 T   0.01041 0.97924 0.01035 ( 2)  0.157
  23 V   0.25349 0.74629 0.00022 ( 2)  0.115
  24 V   0.01555 0.98099 0.00346 ( 2)  0.151
  25 R   0.00000 0.05728 0.94272 ( 3)  0.799
  26 G   0.73345 0.26651 0.00004 ( 1)  0.047
  27 P   0.00647 0.98425 0.00929 ( 2)  0.157
  28 G   0.57769 0.42166 0.00064 ( 1)  0.069
  29 F   0.77014 0.22985 0.00001 ( 1)  0.042
  30 T   0.76219 0.23775 0.00006 ( 1)  0.043
  31 G   0.72257 0.27741 0.00002 ( 1)  0.048
  32 G   0.69028 0.30965 0.00007 ( 1)  0.053
  33 D   0.02194 0.97755 0.00051 ( 2)  0.148
  34 I   0.00745 0.96623 0.02633 ( 2)  0.168
  35 L   0.08880 0.90505 0.00615 ( 2)  0.143
  36 -   0.21268 0.64502 0.14230 ( 2)  0.219
  37 R   0.00000 0.21623 0.78376 ( 3)  0.690
  38 R   0.14429 0.85513 0.00058 ( 2)  0.131
  39 T   0.00057 0.96748 0.03196 ( 2)  0.173
  40 S   0.00073 0.99165 0.00762 ( 2)  0.156
  41 G   0.00032 0.81060 0.18908 ( 2)  0.281
  42 G   0.01114 0.98697 0.00190 ( 2)  0.151
  43 P   0.00013 0.71711 0.28276 ( 2)  0.345
  44 F   0.00041 0.91606 0.08353 ( 2)  0.208
  45 A   0.24176 0.75802 0.00022 ( 2)  0.117
  46 Y   0.00000 0.12810 0.87190 ( 3)  0.750
  47 T   0.00000 0.20869 0.79131 ( 3)  0.695
  48 I   0.00000 0.21233 0.78767 ( 3)  0.692
  49 V   0.76127 0.23869 0.00005 ( 1)  0.043
  50 N   0.00073 0.94824 0.05103 ( 2)  0.186
  51 I   0.00002 0.79432 0.20566 ( 2)  0.292
  52 N   0.00099 0.97770 0.02131 ( 2)  0.166
  53 G   0.00000 0.00119 0.99881 ( 3)  0.837
  54 -   0.22340 0.65400 0.12260 ( 2)  0.204
  55 Q   0.00000 0.00431 0.99569 ( 3)  0.835
  56 L   0.53292 0.46619 0.00089 ( 1)  0.076
  57 P   0.00507 0.97390 0.02102 ( 2)  0.165
  58 Q   0.56106 0.43871 0.00024 ( 1)  0.072
  59 R   0.53317 0.46577 0.00106 ( 1)  0.076
  60 Y   0.71932 0.28065 0.00003 ( 1)  0.049
  61 R   0.06544 0.92585 0.00871 ( 2)  0.148
  62 A   0.00938 0.98463 0.00599 ( 2)  0.154
  63 R   0.78952 0.21048 0.00001 ( 1)  0.039
  64 I   0.24811 0.75149 0.00040 ( 2)  0.116
  65 R   0.41458 0.57782 0.00760 ( 2)  0.097
  66 Y   0.67456 0.32534 0.00010 ( 1)  0.055
  67 A   0.00813 0.97054 0.02133 ( 2)  0.165
  68 S   0.74321 0.25677 0.00002 ( 1)  0.046
  69 T   0.81702 0.18296 0.00003 ( 1)  0.035
  70 T   0.83765 0.16234 0.00002 ( 1)  0.032
  71 N   0.08954 0.90664 0.00383 ( 2)  0.141
  72 L   0.00238 0.93263 0.06499 ( 2)  0.195
  73 R   0.50957 0.48960 0.00082 ( 1)  0.079
  74 I   0.00016 0.94501 0.05484 ( 2)  0.189
  75 Y   0.00494 0.93866 0.05639 ( 2)  0.189
  76 V   0.00040 0.94689 0.05271 ( 2)  0.187
  77 T   0.00033 0.86889 0.13078 ( 2)  0.241
  78 V   0.00000 0.71734 0.28266 ( 2)  0.345
  79 A   0.10006 0.89829 0.00165 ( 2)  0.138
  80 G   0.00545 0.97754 0.01701 ( 2)  0.162
  81 E   0.00000 0.06035 0.93965 ( 3)  0.797
  82 R   0.00434 0.96183 0.03383 ( 2)  0.174
  83 I   0.01746 0.97862 0.00392 ( 2)  0.151
  84 F   0.00045 0.96710 0.03245 ( 2)  0.173
  85 A   0.01318 0.98052 0.00631 ( 2)  0.154
  86 G   0.00045 0.94968 0.04987 ( 2)  0.185
  87 Q   0.00000 0.07417 0.92583 ( 3)  0.787
  88 F   0.00096 0.98560 0.01344 ( 2)  0.160
  89 N   0.01495 0.98040 0.00465 ( 2)  0.152
  90 K   0.81458 0.18541 0.00001 ( 1)  0.035
  91 T   0.78507 0.21489 0.00004 ( 1)  0.040
  92 M   0.07355 0.92615 0.00031 ( 2)  0.141
  93 D   0.00006 0.95292 0.04702 ( 2)  0.183
  94 T   0.00052 0.93957 0.05991 ( 2)  0.192
  95 G   0.00069 0.98307 0.01624 ( 2)  0.162
  96 D   0.00001 0.32602 0.67397 ( 3)  0.614
  97 P   0.00005 0.44815 0.55180 ( 3)  0.530
  98 L   0.07651 0.91948 0.00400 ( 2)  0.143
  99 T   0.15685 0.84207 0.00108 ( 2)  0.130
 100 F   0.00625 0.97746 0.01630 ( 2)  0.161
 101 Q   0.00017 0.86437 0.13546 ( 2)  0.244
 102 S   0.09180 0.90356 0.00464 ( 2)  0.141
 103 F   0.18016 0.81964 0.00019 ( 2)  0.126
 104 S   0.00003 0.82675 0.17322 ( 2)  0.270
 105 Y   0.00000 0.06445 0.93555 ( 3)  0.794
 106 A   0.16435 0.83506 0.00059 ( 2)  0.128
 107 T   0.83210 0.16788 0.00002 ( 1)  0.033
 108 I   0.02071 0.97674 0.00254 ( 2)  0.150
 109 N   0.00000 0.07094 0.92906 ( 3)  0.789
 110 T   0.01023 0.98184 0.00793 ( 2)  0.155
 111 A   0.00005 0.95397 0.04598 ( 2)  0.183
 112 F   0.01042 0.98637 0.00320 ( 2)  0.152
 113 T   0.01118 0.98313 0.00569 ( 2)  0.153
 114 F   0.66504 0.33477 0.00019 ( 1)  0.057
 115 P   0.00021 0.79434 0.20545 ( 2)  0.292
 116 M   0.00000 0.03515 0.96485 ( 3)  0.814
 117 S   0.00000 0.00372 0.99628 ( 3)  0.836
 118 Q   0.00000 0.00005 0.99995 ( 3)  0.838
 119 S   0.00108 0.99261 0.00630 ( 2)  0.155
 120 S   0.00001 0.60951 0.39048 ( 2)  0.419
 121 F   0.00006 0.41153 0.58841 ( 3)  0.555
 122 T   0.17117 0.82809 0.00074 ( 2)  0.127
 123 V   0.01288 0.98447 0.00265 ( 2)  0.151
 124 G   0.78943 0.21056 0.00001 ( 1)  0.039
 125 A   0.18746 0.81212 0.00042 ( 2)  0.125
 126 D   0.26067 0.73925 0.00009 ( 2)  0.114
 127 T   0.00002 0.54321 0.45677 ( 2)  0.465
 128 F   0.71868 0.28127 0.00005 ( 1)  0.049
 129 S   0.00000 0.14350 0.85650 ( 3)  0.740
 130 S   0.00593 0.97233 0.02174 ( 2)  0.165
 131 G   0.00004 0.94382 0.05614 ( 2)  0.190
 132 N   0.00053 0.97422 0.02525 ( 2)  0.168
 133 E   0.01178 0.98591 0.00231 ( 2)  0.151
 134 V   0.21619 0.78337 0.00044 ( 2)  0.121
 135 Y   0.71932 0.28065 0.00003 ( 1)  0.049
 136 I   0.00063 0.93339 0.06598 ( 2)  0.196
 137 D   0.84734 0.15265 0.00001 ( 1)  0.031
 138 R   0.00911 0.98690 0.00399 ( 2)  0.152
 139 F   0.00046 0.94891 0.05063 ( 2)  0.186
 140 E   0.79991 0.20008 0.00001 ( 1)  0.038
 141 L   0.00015 0.82990 0.16995 ( 2)  0.268
 142 I   0.72092 0.27877 0.00032 ( 1)  0.049
 143 P   0.20822 0.64049 0.15129 ( 2)  0.225

Positively selected sites

	Prob(w>1)  mean w



lnL = -2514.576662

