Supplemental results for CODEML (seqf: algn  treef: tree)


dN/dS (w) for site classes (K=2)

p:   0.55507  0.44493
w:   0.16636  1.00000

Naive Empirical Bayes (NEB) probabilities for 2 classes & postmean_w
(amino acids refer to 1st sequence: BT_Cry1Ba1)

   1 -   0.55507 0.44493 ( 1)  0.537
   2 -   0.55507 0.44493 ( 1)  0.537
   3 -   0.55507 0.44493 ( 1)  0.537
   4 -   0.55507 0.44493 ( 1)  0.537
   5 -   0.55507 0.44493 ( 1)  0.537
   6 -   0.89765 0.10235 ( 1)  0.252
   7 -   0.90288 0.09712 ( 1)  0.247
   8 -   0.38029 0.61971 ( 2)  0.683
   9 -   0.98691 0.01309 ( 1)  0.177
  10 R   0.98444 0.01556 ( 1)  0.179
  11 I   0.99997 0.00003 ( 1)  0.166
  12 T   0.99996 0.00004 ( 1)  0.166
  13 Q   0.99521 0.00479 ( 1)  0.170
  14 I   0.61265 0.38735 ( 1)  0.489
  15 P   0.99990 0.00010 ( 1)  0.166
  16 M   0.00004 0.99996 ( 2)  1.000
  17 V   0.99478 0.00522 ( 1)  0.171
  18 K   0.99916 0.00084 ( 1)  0.167
  19 A   0.98968 0.01032 ( 1)  0.175
  20 S   0.00507 0.99493 ( 2)  0.996
  21 E   0.00056 0.99944 ( 2)  1.000
  22 L   0.00521 0.99479 ( 2)  0.996
  23 P   0.00000 1.00000 ( 2)  1.000
  24 Q   0.00003 0.99997 ( 2)  1.000
  25 G   0.99994 0.00006 ( 1)  0.166
  26 T   0.01225 0.98775 ( 2)  0.990
  27 T   0.67093 0.32907 ( 1)  0.441
  28 V   0.20704 0.79296 ( 2)  0.827
  29 V   0.99658 0.00342 ( 1)  0.169
  30 R   0.90877 0.09123 ( 1)  0.242
  31 G   0.99962 0.00038 ( 1)  0.167
  32 P   0.99984 0.00016 ( 1)  0.166
  33 G   0.99992 0.00008 ( 1)  0.166
  34 F   0.99998 0.00002 ( 1)  0.166
  35 T   0.99990 0.00010 ( 1)  0.166
  36 G   0.99994 0.00006 ( 1)  0.166
  37 G   0.99805 0.00195 ( 1)  0.168
  38 D   0.99963 0.00037 ( 1)  0.167
  39 I   0.99195 0.00805 ( 1)  0.173
  40 L   0.89224 0.10776 ( 1)  0.256
  41 R   0.97418 0.02582 ( 1)  0.188
  42 R   0.99531 0.00469 ( 1)  0.170
  43 T   0.99685 0.00315 ( 1)  0.169
  44 N   0.00000 1.00000 ( 2)  1.000
  45 T   0.00014 0.99986 ( 2)  1.000
  46 -   0.69986 0.30014 ( 1)  0.417
  47 G   0.99945 0.00055 ( 1)  0.167
  48 G   0.00081 0.99919 ( 2)  0.999
  49 F   0.00314 0.99686 ( 2)  0.997
  50 G   0.96511 0.03489 ( 1)  0.195
  51 P   0.23106 0.76894 ( 2)  0.807
  52 I   0.99729 0.00271 ( 1)  0.169
  53 R   0.99934 0.00066 ( 1)  0.167
  54 V   0.99726 0.00274 ( 1)  0.169
  55 T   0.00039 0.99961 ( 2)  1.000
  56 V   0.63041 0.36959 ( 1)  0.474
  57 N   0.04174 0.95826 ( 2)  0.965
  58 G   0.00066 0.99934 ( 2)  0.999
  59 P   0.10243 0.89757 ( 2)  0.915
  60 L   0.96931 0.03069 ( 1)  0.192
  61 T   0.98985 0.01015 ( 1)  0.175
  62 Q   0.99965 0.00035 ( 1)  0.167
  63 R   0.07532 0.92468 ( 2)  0.937
  64 Y   0.99982 0.00018 ( 1)  0.167
  65 R   0.98398 0.01602 ( 1)  0.180
  66 I   0.98943 0.01057 ( 1)  0.175
  67 G   0.99984 0.00016 ( 1)  0.166
  68 F   0.01355 0.98645 ( 2)  0.989
  69 R   0.99960 0.00040 ( 1)  0.167
  70 Y   0.98833 0.01167 ( 1)  0.176
  71 A   0.99997 0.00003 ( 1)  0.166
  72 S   0.97058 0.02942 ( 1)  0.191
  73 T   0.99948 0.00052 ( 1)  0.167
  74 V   0.12208 0.87792 ( 2)  0.898
  75 D   0.98215 0.01785 ( 1)  0.181
  76 F   0.93946 0.06054 ( 1)  0.217
  77 D   0.00000 1.00000 ( 2)  1.000
  78 F   0.36318 0.63682 ( 2)  0.697
  79 F   0.00046 0.99954 ( 2)  1.000
  80 V   0.88384 0.11616 ( 1)  0.263
  81 S   0.00000 1.00000 ( 2)  1.000
  82 R   0.06798 0.93202 ( 2)  0.943
  83 G   0.06640 0.93360 ( 2)  0.945
  84 G   0.00010 0.99990 ( 2)  1.000
  85 T   0.02280 0.97720 ( 2)  0.981
  86 T   0.00047 0.99953 ( 2)  1.000
  87 -   0.70726 0.29274 ( 1)  0.410
  88 -   0.04594 0.95406 ( 2)  0.962
  89 V   0.67547 0.32453 ( 1)  0.437
  90 N   0.01017 0.98983 ( 2)  0.992
  91 N   0.00253 0.99747 ( 2)  0.998
  92 F   0.00838 0.99162 ( 2)  0.993
  93 R   0.00002 0.99998 ( 2)  1.000
  94 F   0.02113 0.97887 ( 2)  0.982
  95 L   0.00001 0.99999 ( 2)  1.000
  96 R   0.50624 0.49376 ( 1)  0.578
  97 T   0.99998 0.00002 ( 1)  0.166
  98 M   0.99999 0.00001 ( 1)  0.166
  99 N   0.00709 0.99291 ( 2)  0.994
 100 S   0.00318 0.99682 ( 2)  0.997
 101 G   0.99241 0.00759 ( 1)  0.173
 102 D   0.00001 0.99999 ( 2)  1.000
 103 E   0.98540 0.01460 ( 1)  0.179
 104 L   0.72041 0.27959 ( 1)  0.399
 105 K   0.60279 0.39721 ( 1)  0.497
 106 Y   0.92575 0.07425 ( 1)  0.228
 107 G   0.99441 0.00559 ( 1)  0.171
 108 N   0.80212 0.19788 ( 1)  0.331
 109 F   0.99802 0.00198 ( 1)  0.168
 110 V   0.00646 0.99354 ( 2)  0.995
 111 R   0.96878 0.03122 ( 1)  0.192
 112 R   0.04196 0.95804 ( 2)  0.965
 113 A   0.74844 0.25156 ( 1)  0.376
 114 F   0.94222 0.05778 ( 1)  0.215
 115 T   0.18842 0.81158 ( 2)  0.843
 116 T   0.87156 0.12844 ( 1)  0.273
 117 P   0.00270 0.99730 ( 2)  0.998
 118 -   0.55507 0.44493 ( 1)  0.537
 119 -   0.55507 0.44493 ( 1)  0.537
 120 -   0.55507 0.44493 ( 1)  0.537
 121 -   0.55507 0.44493 ( 1)  0.537
 122 -   0.55507 0.44493 ( 1)  0.537
 123 -   0.55507 0.44493 ( 1)  0.537
 124 F   0.99881 0.00119 ( 1)  0.167
 125 T   0.00027 0.99973 ( 2)  1.000
 126 F   0.77313 0.22687 ( 1)  0.355
 127 T   0.01822 0.98178 ( 2)  0.985
 128 Q   0.20256 0.79744 ( 2)  0.831
 129 I   0.01254 0.98746 ( 2)  0.990
 130 Q   0.08566 0.91434 ( 2)  0.929
 131 D   0.16302 0.83698 ( 2)  0.864
 132 I   0.00018 0.99982 ( 2)  1.000
 133 I   0.95978 0.04022 ( 1)  0.200
 134 R   0.51077 0.48923 ( 1)  0.574
 135 T   0.00058 0.99942 ( 2)  1.000
 136 S   0.00038 0.99962 ( 2)  1.000
 137 I   0.01730 0.98270 ( 2)  0.986
 138 Q   0.00065 0.99935 ( 2)  0.999
 139 G   0.00781 0.99219 ( 2)  0.993
 140 L   0.62438 0.37562 ( 1)  0.479
 141 S   0.09519 0.90481 ( 2)  0.921
 142 G   0.00031 0.99969 ( 2)  1.000
 143 N   0.92302 0.07698 ( 1)  0.231
 144 G   0.00062 0.99938 ( 2)  0.999
 145 E   0.98331 0.01669 ( 1)  0.180
 146 V   0.48147 0.51853 ( 2)  0.599
 147 Y   0.99860 0.00140 ( 1)  0.168
 148 I   0.06021 0.93979 ( 2)  0.950
 149 D   0.99999 0.00001 ( 1)  0.166
 150 K   0.98462 0.01538 ( 1)  0.179
 151 I   0.99863 0.00137 ( 1)  0.168
 152 E   0.99998 0.00002 ( 1)  0.166
 153 I   0.89485 0.10515 ( 1)  0.254
 154 I   0.88987 0.11013 ( 1)  0.258
 155 P   0.97074 0.02926 ( 1)  0.191


lnL = -4070.980711

