Supplemental results for CODEML (seqf: algn  treef: tree)


dN/dS (w) for site classes (K=3)

p:   0.30456  0.42144  0.27400
w:   0.07673  0.07673  0.61152

Naive Empirical Bayes (NEB) probabilities for 3 classes & postmean_w
(amino acids refer to 1st sequence: BT_Cry8Ba1)

   1 P   0.40221 0.55657 0.04122 ( 2)  0.099
   2 F   0.40434 0.55952 0.03614 ( 2)  0.096
   3 V   0.35055 0.48507 0.16438 ( 2)  0.165
   4 G   0.40409 0.55916 0.03675 ( 2)  0.096
   5 P   0.22130 0.30622 0.47248 ( 3)  0.329
   6 I   0.41059 0.56816 0.02125 ( 2)  0.088
   7 V   0.30563 0.42291 0.27146 ( 2)  0.222
   8 S   0.40738 0.56372 0.02890 ( 2)  0.092
   9 L   0.34088 0.47170 0.18741 ( 2)  0.177
  10 Y   0.40652 0.56253 0.03094 ( 2)  0.093
  11 T   0.34578 0.47848 0.17573 ( 2)  0.171
  12 Q   0.00135 0.00187 0.99678 ( 3)  0.610
  13 L   0.31484 0.43566 0.24949 ( 2)  0.210
  14 I   0.33974 0.47012 0.19014 ( 2)  0.178
  15 D   0.37279 0.51585 0.11137 ( 2)  0.136
  16 I   0.01515 0.02096 0.96389 ( 3)  0.592
  17 L   0.38433 0.53182 0.08385 ( 2)  0.122
  18 W   0.37545 0.51953 0.10502 ( 2)  0.133
  19 P   0.40746 0.56382 0.02872 ( 2)  0.092
  20 S   0.05807 0.08036 0.86157 ( 3)  0.537
  21 K   0.01527 0.02113 0.96359 ( 3)  0.592
  22 Q   0.00892 0.01235 0.97873 ( 3)  0.600
  23 K   0.10008 0.13849 0.76142 ( 3)  0.484
  24 S   0.41253 0.57084 0.01663 ( 2)  0.086
  25 Q   0.11307 0.15646 0.73047 ( 3)  0.467
  26 W   0.37545 0.51953 0.10502 ( 2)  0.133
  27 E   0.41067 0.56827 0.02105 ( 2)  0.088
  28 I   0.37028 0.51238 0.11734 ( 2)  0.139
  29 F   0.34643 0.47938 0.17419 ( 2)  0.170
  30 M   0.41395 0.57281 0.01324 ( 2)  0.084
  31 E   0.37470 0.51849 0.10681 ( 2)  0.134
  32 Q   0.40663 0.56268 0.03068 ( 2)  0.093
  33 V   0.40748 0.56386 0.02866 ( 2)  0.092
  34 E   0.41067 0.56827 0.02105 ( 2)  0.088
  35 E   0.15668 0.21681 0.62652 ( 3)  0.412
  36 L   0.38929 0.53868 0.07203 ( 2)  0.115
  37 I   0.40886 0.56576 0.02538 ( 2)  0.090
  38 N   0.38097 0.52717 0.09186 ( 2)  0.126
  39 Q   0.40663 0.56268 0.03068 ( 2)  0.093
  40 K   0.41091 0.56861 0.02048 ( 2)  0.088
  41 I   0.41187 0.56992 0.01821 ( 2)  0.086
  42 A   0.36406 0.50377 0.13217 ( 2)  0.147
  43 E   0.37160 0.51420 0.11420 ( 2)  0.138
  44 Y   0.28885 0.39970 0.31145 ( 2)  0.243
  45 A   0.36230 0.50134 0.13635 ( 2)  0.150
  46 R   0.39369 0.54477 0.06154 ( 2)  0.110
  47 N   0.01791 0.02478 0.95731 ( 3)  0.589
  48 K   0.33302 0.46083 0.20615 ( 2)  0.187
  49 A   0.39862 0.55159 0.04980 ( 2)  0.103
  50 L   0.40656 0.56259 0.03085 ( 2)  0.093
  51 S   0.27611 0.38207 0.34182 ( 2)  0.260
  52 E   0.36787 0.50904 0.12309 ( 2)  0.143
  53 L   0.39585 0.54776 0.05639 ( 2)  0.107
  54 E   0.35275 0.48812 0.15913 ( 2)  0.162
  55 G   0.39919 0.55238 0.04844 ( 2)  0.103
  56 L   0.39788 0.55057 0.05156 ( 2)  0.104
  57 G   0.40609 0.56194 0.03197 ( 2)  0.094
  58 N   0.38097 0.52717 0.09186 ( 2)  0.126
  59 N   0.12724 0.17607 0.69669 ( 3)  0.449
  60 Y   0.08864 0.12266 0.78869 ( 3)  0.499
  61 Q   0.13205 0.18273 0.68522 ( 3)  0.443
  62 L   0.30725 0.42516 0.26760 ( 2)  0.220
  63 Y   0.40652 0.56253 0.03094 ( 2)  0.093
  64 L   0.26465 0.36622 0.36913 ( 3)  0.274
  65 T   0.32585 0.45090 0.22324 ( 2)  0.196
  66 A   0.29751 0.41168 0.29081 ( 2)  0.232
  67 L   0.40656 0.56259 0.03085 ( 2)  0.093
  68 E   0.36523 0.50539 0.12939 ( 2)  0.146
  69 E   0.21456 0.29689 0.48855 ( 3)  0.338
  70 W   0.37545 0.51953 0.10502 ( 2)  0.133
  71 K   0.00984 0.01361 0.97655 ( 3)  0.599
  72 E   0.41067 0.56827 0.02105 ( 2)  0.088
  73 N   0.41298 0.57147 0.01555 ( 2)  0.085
  74 P   0.30209 0.41802 0.27990 ( 2)  0.226
  75 N   0.30369 0.42024 0.27606 ( 2)  0.224
  76 G   0.12550 0.17367 0.70083 ( 3)  0.452
  77 S   0.31340 0.43367 0.25293 ( 2)  0.212
  78 R   0.41086 0.56854 0.02060 ( 2)  0.088
  79 A   0.22247 0.30785 0.46968 ( 3)  0.328
  80 L   0.13432 0.18586 0.67982 ( 3)  0.440
  81 R   0.30366 0.42019 0.27615 ( 2)  0.224
  82 D   0.35248 0.48775 0.15977 ( 2)  0.162
  83 V   0.40378 0.55873 0.03749 ( 2)  0.097
  84 R   0.05813 0.08043 0.86144 ( 3)  0.537
  85 N   0.33164 0.45890 0.20946 ( 2)  0.189
  86 R   0.29899 0.41373 0.28728 ( 2)  0.230
  87 F   0.35095 0.48563 0.16343 ( 2)  0.164
  88 E   0.19888 0.27521 0.52591 ( 3)  0.358
  89 I   0.09453 0.13081 0.77465 ( 3)  0.491
  90 L   0.38580 0.53385 0.08035 ( 2)  0.120
  91 D   0.37040 0.51254 0.11706 ( 2)  0.139
  92 S   0.08638 0.11952 0.79410 ( 3)  0.501
  93 L   0.05637 0.07800 0.86564 ( 3)  0.540
  94 F   0.41213 0.57029 0.01758 ( 2)  0.086
  95 T   0.14226 0.19686 0.66088 ( 3)  0.430
  96 Q   0.06804 0.09416 0.83780 ( 3)  0.525
  97 Y   0.12722 0.17605 0.69673 ( 3)  0.449
  98 M   0.36103 0.49959 0.13938 ( 2)  0.151
  99 P   0.40781 0.56431 0.02787 ( 2)  0.092
 100 S   0.40590 0.56167 0.03243 ( 2)  0.094
 101 F   0.41213 0.57029 0.01758 ( 2)  0.086
 102 R   0.06759 0.09353 0.83888 ( 3)  0.525
 103 V   0.33720 0.46660 0.19620 ( 2)  0.182
 104 T   0.33305 0.46086 0.20608 ( 2)  0.187
 105 N   0.10438 0.14444 0.75117 ( 3)  0.478
 106 F   0.02013 0.02786 0.95201 ( 3)  0.586
 107 E   0.41067 0.56827 0.02105 ( 2)  0.088
 108 V   0.40834 0.56504 0.02662 ( 2)  0.091
 109 P   0.40930 0.56638 0.02432 ( 2)  0.090
 110 F   0.24117 0.33372 0.42511 ( 3)  0.304
 111 L   0.39448 0.54586 0.05966 ( 2)  0.109
 112 T   0.29941 0.41431 0.28628 ( 2)  0.230
 113 V   0.40748 0.56386 0.02866 ( 2)  0.092
 114 Y   0.40652 0.56253 0.03094 ( 2)  0.093
 115 T   0.32975 0.45629 0.21396 ( 2)  0.191
 116 M   0.05133 0.07103 0.87764 ( 3)  0.546
 117 A   0.41116 0.56895 0.01988 ( 2)  0.087
 118 A   0.40045 0.55413 0.04541 ( 2)  0.101
 119 N   0.40255 0.55703 0.04043 ( 2)  0.098
 120 L   0.39417 0.54543 0.06040 ( 2)  0.109
 121 H   0.41198 0.57008 0.01794 ( 2)  0.086
 122 L   0.39610 0.54811 0.05580 ( 2)  0.107
 123 L   0.38545 0.53337 0.08118 ( 2)  0.120
 124 L   0.39838 0.55126 0.05036 ( 2)  0.104
 125 L   0.39838 0.55126 0.05036 ( 2)  0.104
 126 R   0.06073 0.08403 0.85524 ( 3)  0.534
 127 D   0.40309 0.55777 0.03914 ( 2)  0.098
 128 A   0.40693 0.56309 0.02998 ( 2)  0.093
 129 S   0.39603 0.54801 0.05596 ( 2)  0.107
 130 I   0.40886 0.56576 0.02538 ( 2)  0.090
 131 F   0.41213 0.57029 0.01758 ( 2)  0.086
 132 G   0.41007 0.56743 0.02250 ( 2)  0.089
 133 E   0.34890 0.48279 0.16831 ( 2)  0.167
 134 E   0.40974 0.56698 0.02328 ( 2)  0.089
 135 W   0.37545 0.51953 0.10502 ( 2)  0.133
 136 G   0.40600 0.56181 0.03219 ( 2)  0.094
 137 L   0.06719 0.09297 0.83985 ( 3)  0.526
 138 S   0.31156 0.43113 0.25731 ( 2)  0.214
 139 T   0.33839 0.46826 0.19335 ( 2)  0.180
 140 S   0.00805 0.01114 0.98082 ( 3)  0.601
 141 T   0.06835 0.09458 0.83706 ( 3)  0.524
 142 I   0.40886 0.56576 0.02538 ( 2)  0.090
 143 N   0.11305 0.15643 0.73052 ( 3)  0.467
 144 N   0.20233 0.27998 0.51769 ( 3)  0.354
 145 Y   0.32214 0.44577 0.23209 ( 2)  0.201
 146 Y   0.40652 0.56253 0.03094 ( 2)  0.093
 147 N   0.21552 0.29824 0.48624 ( 3)  0.337
 148 R   0.40364 0.55853 0.03783 ( 2)  0.097
 149 Q   0.40260 0.55710 0.04030 ( 2)  0.098
 150 M   0.34746 0.48081 0.17173 ( 2)  0.169
 151 K   0.02673 0.03699 0.93628 ( 3)  0.577
 152 L   0.31033 0.42942 0.26025 ( 2)  0.216
 153 T   0.22734 0.31459 0.45807 ( 3)  0.322
 154 A   0.40091 0.55477 0.04432 ( 2)  0.100
 155 E   0.32863 0.45475 0.21662 ( 2)  0.193
 156 Y   0.40098 0.55485 0.04417 ( 2)  0.100
 157 S   0.40127 0.55527 0.04346 ( 2)  0.100
 158 D   0.41106 0.56881 0.02013 ( 2)  0.087
 159 H   0.32843 0.45447 0.21711 ( 2)  0.193
 160 C   0.40802 0.56461 0.02737 ( 2)  0.091
 161 V   0.40834 0.56504 0.02662 ( 2)  0.091
 162 K   0.28827 0.39890 0.31283 ( 2)  0.244
 163 W   0.37545 0.51953 0.10502 ( 2)  0.133
 164 Y   0.40652 0.56253 0.03094 ( 2)  0.093
 165 E   0.02032 0.02811 0.95157 ( 3)  0.586
 166 T   0.40835 0.56506 0.02659 ( 2)  0.091
 167 G   0.39678 0.54905 0.05417 ( 2)  0.106
 168 L   0.39838 0.55126 0.05036 ( 2)  0.104
 169 A   0.25315 0.35030 0.39656 ( 3)  0.289
 170 K   0.21197 0.29331 0.49472 ( 3)  0.341
 171 L   0.39838 0.55126 0.05036 ( 2)  0.104
 172 K   0.41091 0.56861 0.02048 ( 2)  0.088
 173 G   0.39740 0.54991 0.05269 ( 2)  0.105
 174 S   0.04974 0.06882 0.88144 ( 3)  0.548
 175 S   0.29536 0.40871 0.29593 ( 2)  0.235
 176 A   0.40850 0.56527 0.02623 ( 2)  0.091
 177 K   0.18360 0.25406 0.56234 ( 3)  0.377
 178 Q   0.04922 0.06811 0.88267 ( 3)  0.549
 179 W   0.37545 0.51953 0.10502 ( 2)  0.133
 180 I   0.08399 0.11622 0.79978 ( 3)  0.504
 181 D   0.12028 0.16643 0.71329 ( 3)  0.458
 182 Y   0.40652 0.56253 0.03094 ( 2)  0.093
 183 N   0.06723 0.09304 0.83973 ( 3)  0.526
 184 Q   0.02690 0.03722 0.93588 ( 3)  0.577
 185 F   0.39178 0.54213 0.06608 ( 2)  0.112
 186 R   0.39675 0.54900 0.05425 ( 2)  0.106
 187 R   0.41086 0.56854 0.02060 ( 2)  0.088
 188 E   0.41067 0.56827 0.02105 ( 2)  0.088
 189 M   0.41395 0.57281 0.01324 ( 2)  0.084
 190 T   0.41119 0.56900 0.01981 ( 2)  0.087
 191 L   0.39075 0.54070 0.06855 ( 2)  0.113
 192 T   0.00436 0.00603 0.98962 ( 3)  0.606
 193 V   0.39880 0.55185 0.04935 ( 2)  0.103
 194 L   0.39838 0.55126 0.05036 ( 2)  0.104
 195 D   0.41222 0.57042 0.01736 ( 2)  0.086
 196 V   0.11060 0.15305 0.73635 ( 3)  0.471
 197 V   0.23726 0.32832 0.43442 ( 3)  0.309
 198 A   0.31602 0.43730 0.24668 ( 2)  0.209
 199 L   0.39838 0.55126 0.05036 ( 2)  0.104
 200 F   0.41054 0.56808 0.02138 ( 2)  0.088
 201 S   0.34163 0.47273 0.18564 ( 2)  0.176
 202 N   0.01078 0.01492 0.97430 ( 3)  0.598

Positively selected sites

	Prob(w>1)  mean w



lnL = -1867.361931

