Supplemental results for CODEML (seqf: algn  treef: tree)


dN/dS (w) for site classes (K=3)

p:   0.71512  0.17067  0.11421
w:   0.14437  1.00000  1.00000

Naive Empirical Bayes (NEB) probabilities for 3 classes & postmean_w
(amino acids refer to 1st sequence: BT_Cry3Aa10)

   1 E   0.98533 0.00879 0.00588 ( 1)  0.157
   2 V   0.98834 0.00698 0.00467 ( 1)  0.154
   3 K   0.45692 0.32535 0.21773 ( 1)  0.609
   4 T   0.96940 0.01833 0.01227 ( 1)  0.171
   5 E   0.99817 0.00110 0.00074 ( 1)  0.146
   6 L   0.99097 0.00541 0.00362 ( 1)  0.152
   7 T   0.99778 0.00133 0.00089 ( 1)  0.146
   8 R   0.99920 0.00048 0.00032 ( 1)  0.145
   9 D   0.93162 0.04096 0.02741 ( 1)  0.203
  10 V   0.97888 0.01265 0.00847 ( 1)  0.162
  11 L   0.89982 0.06002 0.04016 ( 1)  0.230
  12 T   0.99723 0.00166 0.00111 ( 1)  0.147
  13 D   0.99949 0.00031 0.00021 ( 1)  0.145
  14 P   0.99824 0.00105 0.00071 ( 1)  0.146
  15 I   0.99864 0.00082 0.00055 ( 1)  0.146
  16 -   0.94485 0.03304 0.02211 ( 1)  0.192
  17 -   0.92643 0.04407 0.02949 ( 1)  0.207
  18 V   0.19048 0.48498 0.32455 ( 2)  0.837
  19 G   0.49246 0.30406 0.20348 ( 1)  0.579
  20 V   0.88727 0.06754 0.04519 ( 1)  0.241
  21 N   0.99853 0.00088 0.00059 ( 1)  0.146
  22 N   0.39395 0.36308 0.24297 ( 1)  0.663
  23 L   0.04194 0.57396 0.38410 ( 2)  0.964
  24 R   0.23308 0.45945 0.30746 ( 2)  0.801
  25 -   0.93859 0.03679 0.02462 ( 1)  0.197
  26 -   0.92645 0.04406 0.02949 ( 1)  0.207
  27 -   0.96358 0.02182 0.01460 ( 1)  0.176
  28 -   0.80447 0.11714 0.07839 ( 1)  0.312
  29 -   0.93859 0.03679 0.02462 ( 1)  0.197
  30 -   0.59783 0.24093 0.16123 ( 1)  0.488
  31 G   0.73219 0.16044 0.10737 ( 1)  0.374
  32 Y   0.94815 0.03106 0.02079 ( 1)  0.189
  33 G   0.99472 0.00316 0.00212 ( 1)  0.149
  34 T   0.07292 0.55540 0.37168 ( 2)  0.938
  35 T   0.08346 0.54909 0.36745 ( 2)  0.929
  36 F   0.99461 0.00323 0.00216 ( 1)  0.149
  37 S   0.04458 0.57238 0.38304 ( 2)  0.962
  38 N   0.00816 0.59420 0.39764 ( 2)  0.993
  39 I   0.99921 0.00047 0.00032 ( 1)  0.145
  40 E   0.97849 0.01288 0.00862 ( 1)  0.163
  41 N   0.99657 0.00206 0.00138 ( 1)  0.147
  42 -   0.10610 0.53552 0.35837 ( 2)  0.909
  43 Y   0.05998 0.56316 0.37687 ( 2)  0.949
  44 I   0.97811 0.01311 0.00877 ( 1)  0.163
  45 R   0.38566 0.36804 0.24629 ( 1)  0.670
  46 K   0.96746 0.01950 0.01305 ( 1)  0.172
  47 P   0.84202 0.09464 0.06333 ( 1)  0.280
  48 H   0.04125 0.57437 0.38437 ( 2)  0.965
  49 L   0.84470 0.09304 0.06226 ( 1)  0.277
  50 F   0.99922 0.00047 0.00031 ( 1)  0.145
  51 D   0.97709 0.01373 0.00918 ( 1)  0.164
  52 Y   0.74106 0.15513 0.10381 ( 1)  0.366
  53 L   0.67374 0.19546 0.13080 ( 1)  0.424
  54 H   0.03098 0.58053 0.38849 ( 2)  0.973
  55 R   0.00108 0.59844 0.40048 ( 2)  0.999
  56 I   0.82644 0.10398 0.06958 ( 1)  0.293
  57 Q   0.00904 0.59368 0.39729 ( 2)  0.992
  58 F   0.97701 0.01377 0.00922 ( 1)  0.164
  59 H   0.00251 0.59759 0.39991 ( 2)  0.998
  60 T   0.13068 0.52080 0.34852 ( 2)  0.888
  61 R   0.81301 0.11203 0.07497 ( 1)  0.304
  62 F   0.00001 0.59908 0.40091 ( 2)  1.000
  63 R   0.04446 0.57245 0.38309 ( 2)  0.962
  64 P   0.20791 0.47453 0.31756 ( 2)  0.822
  65 G   0.80489 0.11689 0.07822 ( 1)  0.311
  66 -   0.71512 0.17067 0.11421 ( 1)  0.388
  67 Y   0.27301 0.43553 0.29146 ( 2)  0.766
  68 Y   0.00147 0.59821 0.40032 ( 2)  0.999
  69 G   0.32947 0.40171 0.26882 ( 2)  0.718
  70 N   0.63806 0.21683 0.14510 ( 1)  0.454
  71 D   0.95969 0.02415 0.01616 ( 1)  0.179
  72 S   0.00204 0.59787 0.40009 ( 2)  0.998
  73 F   0.78514 0.12872 0.08614 ( 1)  0.328
  74 N   0.97861 0.01282 0.00858 ( 1)  0.163
  75 Y   0.99077 0.00553 0.00370 ( 1)  0.152
  76 W   0.88886 0.06658 0.04456 ( 1)  0.239
  77 S   0.12150 0.52630 0.35220 ( 2)  0.896
  78 G   0.99935 0.00039 0.00026 ( 1)  0.145
  79 N   0.99623 0.00226 0.00151 ( 1)  0.148
  80 Y   0.99618 0.00229 0.00153 ( 1)  0.148
  81 V   0.99918 0.00049 0.00033 ( 1)  0.145
  82 S   0.01203 0.59188 0.39609 ( 2)  0.990
  83 T   0.99930 0.00042 0.00028 ( 1)  0.145
  84 R   0.94274 0.03430 0.02295 ( 1)  0.193
  85 P   0.82352 0.10573 0.07075 ( 1)  0.295
  86 S   0.99235 0.00458 0.00307 ( 1)  0.151
  87 I   0.85849 0.08478 0.05673 ( 1)  0.265
  88 G   0.34238 0.39397 0.26365 ( 2)  0.707
  89 S   0.89291 0.06416 0.04293 ( 1)  0.236
  90 N   0.04127 0.57436 0.38436 ( 2)  0.965
  91 D   0.06887 0.55783 0.37330 ( 2)  0.941
  92 I   0.34242 0.39395 0.26363 ( 2)  0.707
  93 I   0.98560 0.00863 0.00578 ( 1)  0.157
  94 T   0.82451 0.10513 0.07035 ( 1)  0.295
  95 S   0.88069 0.07148 0.04783 ( 1)  0.246
  96 P   0.95935 0.02435 0.01630 ( 1)  0.179
  97 F   0.92942 0.04228 0.02830 ( 1)  0.205
  98 Y   0.99941 0.00035 0.00024 ( 1)  0.145
  99 G   0.99904 0.00058 0.00039 ( 1)  0.145
 100 N   0.70265 0.17814 0.11921 ( 1)  0.399
 101 K   0.87925 0.07234 0.04841 ( 1)  0.248
 102 S   0.99678 0.00193 0.00129 ( 1)  0.147
 103 S   0.40998 0.35348 0.23655 ( 1)  0.649
 104 E   0.05916 0.56365 0.37719 ( 2)  0.949
 105 P   0.30649 0.41547 0.27803 ( 2)  0.738
 106 V   0.66234 0.20229 0.13537 ( 1)  0.433
 107 Q   0.23407 0.45886 0.30707 ( 2)  0.800
 108 N   0.05731 0.56475 0.37793 ( 2)  0.951
 109 -   0.94708 0.03170 0.02122 ( 1)  0.190
 110 -   0.94622 0.03222 0.02156 ( 1)  0.190
 111 -   0.89949 0.06021 0.04029 ( 1)  0.230
 112 -   0.87272 0.07625 0.05103 ( 1)  0.253
 113 L   0.99557 0.00265 0.00178 ( 1)  0.148
 114 E   0.01462 0.59033 0.39505 ( 2)  0.987
 115 F   0.98126 0.01122 0.00751 ( 1)  0.160
 116 N   0.99579 0.00252 0.00169 ( 1)  0.148
 117 G   0.94484 0.03304 0.02211 ( 1)  0.192
 118 E   0.91152 0.05301 0.03547 ( 1)  0.220
 119 K   0.99313 0.00412 0.00276 ( 1)  0.150
 120 V   0.47968 0.31172 0.20860 ( 1)  0.590
 121 Y   0.95976 0.02411 0.01613 ( 1)  0.179
 122 R   0.94624 0.03221 0.02155 ( 1)  0.190
 123 A   0.16063 0.50286 0.33651 ( 2)  0.863
 124 V   0.98392 0.00963 0.00644 ( 1)  0.158
 125 A   0.99126 0.00524 0.00350 ( 1)  0.152
 126 N   0.95579 0.02649 0.01773 ( 1)  0.182
 127 T   0.34386 0.39309 0.26306 ( 2)  0.706
 128 N   0.98969 0.00617 0.00413 ( 1)  0.153
 129 L   0.46493 0.32056 0.21452 ( 1)  0.602
 130 A   0.99637 0.00217 0.00145 ( 1)  0.147
 131 V   0.85233 0.08847 0.05920 ( 1)  0.271
 132 W   0.54059 0.27523 0.18418 ( 1)  0.537
 133 P   0.85736 0.08546 0.05719 ( 1)  0.266
 134 -   0.00204 0.59787 0.40009 ( 2)  0.998
 135 -   0.86035 0.08366 0.05599 ( 1)  0.264
 136 -   0.87775 0.07324 0.04901 ( 1)  0.249
 137 -   0.69387 0.18340 0.12273 ( 1)  0.406
 138 -   0.71512 0.17067 0.11421 ( 1)  0.388
 139 S   0.01835 0.58809 0.39355 ( 2)  0.984
 140 A   0.06555 0.55982 0.37463 ( 2)  0.944
 141 V   0.39683 0.36135 0.24182 ( 1)  0.660
 142 Y   0.84422 0.09333 0.06245 ( 1)  0.278
 143 S   0.27525 0.43419 0.29056 ( 2)  0.764
 144 G   0.98120 0.01126 0.00754 ( 1)  0.160
 145 V   0.98153 0.01107 0.00740 ( 1)  0.160
 146 T   0.96118 0.02326 0.01556 ( 1)  0.178
 147 K   0.98375 0.00974 0.00651 ( 1)  0.158
 148 V   0.94205 0.03472 0.02323 ( 1)  0.194
 149 E   0.00168 0.59808 0.40024 ( 2)  0.999
 150 F   0.95831 0.02497 0.01671 ( 1)  0.180
 151 S   0.95435 0.02735 0.01830 ( 1)  0.183
 152 Q   0.96993 0.01801 0.01205 ( 1)  0.170
 153 Y   0.99918 0.00049 0.00033 ( 1)  0.145
 154 N   0.78643 0.12795 0.08562 ( 1)  0.327
 155 D   0.99739 0.00156 0.00105 ( 1)  0.147
 156 Q   0.91730 0.04955 0.03316 ( 1)  0.215
 157 T   0.08279 0.54949 0.36772 ( 2)  0.929
 158 D   0.96376 0.02171 0.01453 ( 1)  0.175
 159 E   0.99773 0.00136 0.00091 ( 1)  0.146
 160 A   0.02426 0.58456 0.39119 ( 2)  0.979
 161 S   0.81934 0.10823 0.07243 ( 1)  0.299
 162 T   0.99536 0.00278 0.00186 ( 1)  0.148
 163 Q   0.99476 0.00314 0.00210 ( 1)  0.149
 164 T   0.72891 0.16241 0.10868 ( 1)  0.376
 165 Y   0.85550 0.08657 0.05793 ( 1)  0.268
 166 D   0.96565 0.02058 0.01377 ( 1)  0.174
 167 S   0.99796 0.00122 0.00082 ( 1)  0.146
 168 K   0.84515 0.09277 0.06208 ( 1)  0.277
 169 R   0.14030 0.51503 0.34466 ( 2)  0.880
 170 N   0.85100 0.08927 0.05974 ( 1)  0.272
 171 V   0.39520 0.36233 0.24247 ( 1)  0.662
 172 G   0.92300 0.04613 0.03087 ( 1)  0.210
 173 A   0.02381 0.58482 0.39136 ( 2)  0.980
 174 V   0.14640 0.51139 0.34222 ( 2)  0.875
 175 -   0.95044 0.02969 0.01987 ( 1)  0.187
 176 -   0.90066 0.05951 0.03983 ( 1)  0.229
 177 -   0.00859 0.59394 0.39747 ( 2)  0.993
 178 -   0.71152 0.17282 0.11565 ( 1)  0.391
 179 S   0.00843 0.59404 0.39753 ( 2)  0.993
 180 W   0.00011 0.59903 0.40087 ( 2)  1.000
 181 D   0.99895 0.00063 0.00042 ( 1)  0.145
 182 S   0.99885 0.00069 0.00046 ( 1)  0.145
 183 I   0.99233 0.00459 0.00307 ( 1)  0.151
 184 D   0.99599 0.00241 0.00161 ( 1)  0.148
 185 Q   0.99318 0.00409 0.00273 ( 1)  0.150
 186 L   0.99411 0.00353 0.00236 ( 1)  0.149
 187 P   0.99652 0.00208 0.00139 ( 1)  0.147
 188 P   0.98057 0.01164 0.00779 ( 1)  0.161
 189 E   0.78804 0.12698 0.08498 ( 1)  0.326
 190 T   0.46887 0.31820 0.21294 ( 1)  0.599
 191 T   0.88070 0.07147 0.04783 ( 1)  0.246
 192 D   0.99968 0.00019 0.00013 ( 1)  0.145
 193 E   0.31745 0.40891 0.27364 ( 2)  0.728
 194 P   0.99455 0.00326 0.00218 ( 1)  0.149
 195 P   0.94197 0.03476 0.02326 ( 1)  0.194
 196 E   0.99118 0.00528 0.00353 ( 1)  0.152
 197 -   0.92300 0.04613 0.03087 ( 1)  0.210
 198 -   0.96358 0.02182 0.01460 ( 1)  0.176
 199 -   0.78735 0.12739 0.08525 ( 1)  0.326
 200 K   0.99344 0.00393 0.00263 ( 1)  0.150
 201 G   0.97558 0.01463 0.00979 ( 1)  0.165
 202 Y   0.99941 0.00035 0.00024 ( 1)  0.145
 203 S   0.99646 0.00212 0.00142 ( 1)  0.147
 204 H   0.99978 0.00013 0.00009 ( 1)  0.145
 205 Q   0.94972 0.03012 0.02016 ( 1)  0.187
 206 L   0.98871 0.00676 0.00453 ( 1)  0.154
 207 N   0.99953 0.00028 0.00019 ( 1)  0.145
 208 Y   0.98200 0.01078 0.00722 ( 1)  0.160
 209 V   0.95171 0.02893 0.01936 ( 1)  0.186
 210 M   0.02706 0.58288 0.39006 ( 2)  0.977
 211 C   0.79369 0.12360 0.08271 ( 1)  0.321
 212 F   0.99249 0.00450 0.00301 ( 1)  0.151
 213 L   0.76802 0.13897 0.09300 ( 1)  0.343
 214 M   0.24907 0.44987 0.30106 ( 2)  0.787
 215 Q   0.30949 0.41368 0.27683 ( 2)  0.735
 216 G   0.52089 0.28703 0.19208 ( 1)  0.554
 217 S   0.71321 0.17181 0.11498 ( 1)  0.390
 218 R   0.99394 0.00363 0.00243 ( 1)  0.150
 219 -   0.71512 0.17067 0.11421 ( 1)  0.388
 220 -   0.71512 0.17067 0.11421 ( 1)  0.388
 221 -   0.71512 0.17067 0.11421 ( 1)  0.388
 222 -   0.71512 0.17067 0.11421 ( 1)  0.388
 223 -   0.71512 0.17067 0.11421 ( 1)  0.388
 224 -   0.71512 0.17067 0.11421 ( 1)  0.388
 225 -   0.71512 0.17067 0.11421 ( 1)  0.388
 226 -   0.71512 0.17067 0.11421 ( 1)  0.388
 227 G   0.99904 0.00058 0.00039 ( 1)  0.145
 228 T   0.93500 0.03894 0.02606 ( 1)  0.200
 229 I   0.99770 0.00138 0.00092 ( 1)  0.146
 230 P   0.99894 0.00063 0.00042 ( 1)  0.145
 231 V   0.93783 0.03725 0.02492 ( 1)  0.198
 232 L   0.98762 0.00741 0.00496 ( 1)  0.155
 233 T   0.98473 0.00915 0.00612 ( 1)  0.157
 234 W   0.98241 0.01054 0.00705 ( 1)  0.159
 235 T   0.99887 0.00068 0.00045 ( 1)  0.145
 236 H   0.99978 0.00013 0.00009 ( 1)  0.145
 237 K   0.24435 0.45270 0.30295 ( 2)  0.791
 238 S   0.99951 0.00029 0.00020 ( 1)  0.145

Positively selected sites

	Prob(w>1)  mean w



lnL = -3556.802745

Bayes Empirical Bayes (BEB) probabilities for 3 classes (class) & postmean_w
(amino acids refer to 1st sequence: BT_Cry3Aa10)

   1 E   0.98747 0.01237 0.00016 ( 1)  0.161 +-  0.096
   2 V   0.99040 0.00953 0.00007 ( 1)  0.158 +-  0.084
   3 K   0.52531 0.46229 0.01240 ( 1)  0.564 +-  0.456
   4 T   0.97391 0.02563 0.00046 ( 1)  0.173 +-  0.139
   5 E   0.99838 0.00160 0.00001 ( 1)  0.151 +-  0.034
   6 L   0.99221 0.00769 0.00010 ( 1)  0.157 +-  0.076
   7 T   0.99804 0.00194 0.00002 ( 1)  0.152 +-  0.038
   8 R   0.99929 0.00070 0.00000 ( 1)  0.151 +-  0.023
   9 D   0.94416 0.05523 0.00061 ( 1)  0.198 +-  0.197
  10 V   0.98252 0.01731 0.00017 ( 1)  0.165 +-  0.113
  11 L   0.91766 0.08111 0.00123 ( 1)  0.221 +-  0.238
  12 T   0.99756 0.00242 0.00002 ( 1)  0.152 +-  0.042
  13 D   0.99954 0.00046 0.00000 ( 1)  0.150 +-  0.018
  14 P   0.99846 0.00153 0.00001 ( 1)  0.151 +-  0.033
  15 I   0.99879 0.00120 0.00001 ( 1)  0.151 +-  0.030
  16 -   0.95281 0.04624 0.00095 ( 1)  0.191 +-  0.188
  17 -   0.93692 0.06168 0.00140 ( 1)  0.205 +-  0.215
  18 V   0.23721 0.73261 0.03018 ( 2)  0.827 +-  0.438
  19 G   0.54754 0.43121 0.02125 ( 1)  0.558 +-  0.506
  20 V   0.90560 0.09213 0.00227 ( 1)  0.232 +-  0.261
  21 N   0.99869 0.00130 0.00001 ( 1)  0.151 +-  0.031
  22 N   0.45969 0.52347 0.01684 ( 2)  0.624 +-  0.465
  23 L   0.05482 0.88590 0.05928 ( 2)  1.026 +-  0.454
  24 R   0.27982 0.67544 0.04473 ( 2)  0.830 +-  0.613
  25 -   0.94713 0.05150 0.00137 ( 1)  0.196 +-  0.205
  26 -   0.93693 0.06166 0.00141 ( 1)  0.205 +-  0.215
  27 -   0.96859 0.03060 0.00081 ( 1)  0.178 +-  0.164
  28 -   0.82593 0.16464 0.00943 ( 1)  0.310 +-  0.384
  29 -   0.94713 0.05150 0.00137 ( 1)  0.196 +-  0.205
  30 -   0.64147 0.34114 0.01739 ( 1)  0.477 +-  0.499
  31 G   0.77270 0.22144 0.00586 ( 1)  0.348 +-  0.375
  32 Y   0.95788 0.04173 0.00039 ( 1)  0.186 +-  0.172
  33 G   0.99553 0.00444 0.00003 ( 1)  0.154 +-  0.057
  34 T   0.09140 0.84435 0.06425 ( 2)  1.005 +-  0.512
  35 T   0.11040 0.85820 0.03139 ( 2)  0.933 +-  0.340
  36 F   0.99535 0.00461 0.00005 ( 1)  0.154 +-  0.058
  37 S   0.05909 0.88665 0.05426 ( 2)  1.016 +-  0.457
  38 N   0.01059 0.88364 0.10577 ( 2)  1.164 +-  0.692
  39 I   0.99930 0.00069 0.00000 ( 1)  0.151 +-  0.023
  40 E   0.98212 0.01770 0.00018 ( 1)  0.165 +-  0.114
  41 N   0.99703 0.00294 0.00003 ( 1)  0.153 +-  0.047
  42 -   0.10030 0.63414 0.26557 ( 2)  1.796 +-  1.962
  43 Y   0.08170 0.89046 0.02784 ( 2)  0.952 +-  0.294
  44 I   0.98186 0.01795 0.00018 ( 1)  0.166 +-  0.115
  45 R   0.44928 0.53558 0.01514 ( 2)  0.629 +-  0.447
  46 K   0.97293 0.02675 0.00032 ( 1)  0.173 +-  0.140
  47 P   0.86740 0.12927 0.00332 ( 1)  0.265 +-  0.300
  48 H   0.05691 0.90527 0.03781 ( 2)  0.991 +-  0.355
  49 L   0.87024 0.12679 0.00297 ( 1)  0.262 +-  0.295
  50 F   0.99931 0.00068 0.00000 ( 1)  0.151 +-  0.022
  51 D   0.98133 0.01854 0.00013 ( 1)  0.166 +-  0.116
  52 Y   0.78631 0.21045 0.00324 ( 1)  0.334 +-  0.355
  53 L   0.71892 0.27178 0.00930 ( 1)  0.397 +-  0.410
  54 H   0.04333 0.91917 0.03750 ( 2)  1.006 +-  0.375
  55 R   0.00098 0.59388 0.40514 ( 2)  2.221 +-  2.011
  56 I   0.85724 0.14028 0.00248 ( 1)  0.273 +-  0.307
  57 Q   0.01256 0.93154 0.05590 ( 2)  1.043 +-  0.311
  58 F   0.98113 0.01872 0.00014 ( 1)  0.166 +-  0.117
  59 H   0.00341 0.89351 0.10308 ( 2)  1.139 +-  0.557
  60 T   0.15999 0.78069 0.05932 ( 2)  0.942 +-  0.551
  61 R   0.84276 0.15352 0.00372 ( 1)  0.286 +-  0.321
  62 F   0.00001 0.35484 0.64515 ( 3)  2.784 +-  2.027
  63 R   0.05132 0.80296 0.14572 ( 2)  1.277 +-  1.080
  64 P   0.24599 0.70690 0.04711 ( 2)  0.865 +-  0.644
  65 G   0.83383 0.16179 0.00438 ( 1)  0.295 +-  0.335
  66 -   0.72684 0.23616 0.03700 ( 1)  0.481 +-  0.835
  67 Y   0.33389 0.64771 0.01840 ( 2)  0.732 +-  0.441
  68 Y   0.00196 0.86884 0.12919 ( 2)  1.219 +-  0.780
  69 G   0.39266 0.59325 0.01409 ( 2)  0.676 +-  0.434
  70 N   0.68466 0.30232 0.01302 ( 1)  0.436 +-  0.475
  71 D   0.96632 0.03316 0.00052 ( 1)  0.179 +-  0.157
  72 S   0.00256 0.85571 0.14173 ( 2)  1.244 +-  0.831
  73 F   0.81915 0.17632 0.00452 ( 1)  0.307 +-  0.340
  74 N   0.98239 0.01744 0.00017 ( 1)  0.165 +-  0.113
  75 Y   0.99245 0.00751 0.00004 ( 1)  0.156 +-  0.074
  76 W   0.90741 0.09135 0.00124 ( 1)  0.229 +-  0.250
  77 S   0.15379 0.80401 0.04219 ( 2)  0.917 +-  0.462
  78 G   0.99942 0.00058 0.00000 ( 1)  0.150 +-  0.020
  79 N   0.99680 0.00318 0.00002 ( 1)  0.153 +-  0.048
  80 Y   0.99684 0.00315 0.00001 ( 1)  0.153 +-  0.048
  81 V   0.99927 0.00072 0.00000 ( 1)  0.151 +-  0.023
  82 S   0.01690 0.93731 0.04579 ( 2)  1.025 +-  0.264
  83 T   0.99938 0.00062 0.00000 ( 1)  0.151 +-  0.021
  84 R   0.95345 0.04609 0.00045 ( 1)  0.190 +-  0.181
  85 P   0.85728 0.14128 0.00144 ( 1)  0.272 +-  0.300
  86 S   0.99355 0.00640 0.00005 ( 1)  0.156 +-  0.068
  87 I   0.88499 0.11355 0.00146 ( 1)  0.249 +-  0.275
  88 G   0.41129 0.57756 0.01115 ( 2)  0.657 +-  0.432
  89 S   0.91065 0.08743 0.00191 ( 1)  0.227 +-  0.250
  90 N   0.05435 0.88824 0.05741 ( 2)  1.031 +-  0.492
  91 D   0.09003 0.86279 0.04718 ( 2)  0.973 +-  0.400
  92 I   0.40793 0.57728 0.01478 ( 2)  0.665 +-  0.446
  93 I   0.98780 0.01206 0.00014 ( 1)  0.160 +-  0.094
  94 T   0.85659 0.14107 0.00235 ( 1)  0.274 +-  0.306
  95 S   0.90363 0.09533 0.00105 ( 1)  0.233 +-  0.254
  96 P   0.96541 0.03409 0.00050 ( 1)  0.180 +-  0.158
  97 F   0.93946 0.05919 0.00136 ( 1)  0.202 +-  0.209
  98 Y   0.99948 0.00052 0.00000 ( 1)  0.150 +-  0.019
  99 G   0.99916 0.00084 0.00000 ( 1)  0.151 +-  0.025
 100 N   0.75389 0.24248 0.00363 ( 1)  0.362 +-  0.374
 101 K   0.90281 0.09626 0.00093 ( 1)  0.233 +-  0.254
 102 S   0.99721 0.00277 0.00002 ( 1)  0.152 +-  0.045
 103 S   0.47527 0.51182 0.01291 ( 2)  0.606 +-  0.448
 104 E   0.07987 0.88892 0.03121 ( 2)  0.959 +-  0.314
 105 P   0.37005 0.61435 0.01560 ( 2)  0.697 +-  0.436
 106 V   0.71539 0.27860 0.00601 ( 1)  0.397 +-  0.400
 107 Q   0.29546 0.69157 0.01298 ( 2)  0.757 +-  0.401
 108 N   0.07590 0.88345 0.04065 ( 2)  0.977 +-  0.374
 109 -   0.95431 0.04440 0.00129 ( 1)  0.190 +-  0.197
 110 -   0.95391 0.04510 0.00099 ( 1)  0.190 +-  0.187
 111 -   0.91292 0.08434 0.00273 ( 1)  0.227 +-  0.259
 112 -   0.88865 0.10687 0.00448 ( 1)  0.250 +-  0.308
 113 L   0.99616 0.00381 0.00003 ( 1)  0.153 +-  0.053
 114 E   0.02064 0.94454 0.03482 ( 2)  1.010 +-  0.232
 115 F   0.98492 0.01501 0.00007 ( 1)  0.163 +-  0.104
 116 N   0.99646 0.00352 0.00002 ( 1)  0.153 +-  0.051
 117 G   0.95491 0.04465 0.00044 ( 1)  0.189 +-  0.178
 118 E   0.92919 0.07020 0.00061 ( 1)  0.211 +-  0.220
 119 K   0.99420 0.00575 0.00005 ( 1)  0.155 +-  0.065
 120 V   0.54705 0.44348 0.00947 ( 1)  0.541 +-  0.438
 121 Y   0.96667 0.03290 0.00043 ( 1)  0.179 +-  0.155
 122 R   0.95650 0.04316 0.00034 ( 1)  0.187 +-  0.175
 123 A   0.20441 0.77056 0.02503 ( 2)  0.846 +-  0.388
 124 V   0.98675 0.01315 0.00010 ( 1)  0.161 +-  0.098
 125 A   0.99254 0.00739 0.00007 ( 1)  0.156 +-  0.074
 126 N   0.96463 0.03505 0.00032 ( 1)  0.180 +-  0.159
 127 T   0.40836 0.57372 0.01792 ( 2)  0.670 +-  0.471
 128 N   0.99141 0.00852 0.00007 ( 1)  0.157 +-  0.079
 129 L   0.53852 0.45469 0.00679 ( 1)  0.547 +-  0.433
 130 A   0.99683 0.00314 0.00003 ( 1)  0.153 +-  0.048
 131 V   0.88001 0.11828 0.00171 ( 1)  0.253 +-  0.281
 132 W   0.59992 0.39177 0.00831 ( 1)  0.496 +-  0.430
 133 P   0.88222 0.11590 0.00188 ( 1)  0.251 +-  0.279
 134 -   0.00103 0.34337 0.65560 ( 3)  3.193 +-  2.413
 135 -   0.87839 0.11617 0.00545 ( 1)  0.261 +-  0.329
 136 -   0.89688 0.10000 0.00313 ( 1)  0.241 +-  0.284
 137 -   0.73951 0.25419 0.00630 ( 1)  0.376 +-  0.391
 138 -   0.72684 0.23616 0.03700 ( 1)  0.481 +-  0.835
 139 S   0.01667 0.64541 0.33792 ( 2)  1.911 +-  1.720
 140 A   0.07483 0.79467 0.13049 ( 2)  1.195 +-  0.947
 141 V   0.45182 0.52474 0.02345 ( 2)  0.642 +-  0.508
 142 Y   0.86854 0.12871 0.00275 ( 1)  0.264 +-  0.297
 143 S   0.32119 0.64199 0.03682 ( 2)  0.770 +-  0.528
 144 G   0.98403 0.01581 0.00016 ( 1)  0.164 +-  0.108
 145 V   0.98426 0.01555 0.00019 ( 1)  0.163 +-  0.107
 146 T   0.96682 0.03259 0.00059 ( 1)  0.179 +-  0.157
 147 K   0.98610 0.01371 0.00019 ( 1)  0.162 +-  0.102
 148 V   0.95028 0.04861 0.00111 ( 1)  0.193 +-  0.193
 149 E   0.00230 0.90187 0.09582 ( 2)  1.128 +-  0.549
 150 F   0.96591 0.03373 0.00036 ( 1)  0.179 +-  0.156
 151 S   0.96217 0.03721 0.00062 ( 1)  0.183 +-  0.166
 152 Q   0.97488 0.02489 0.00023 ( 1)  0.171 +-  0.134
 153 Y   0.99927 0.00072 0.00000 ( 1)  0.151 +-  0.023
 154 N   0.82340 0.17337 0.00323 ( 1)  0.302 +-  0.333
 155 D   0.99783 0.00216 0.00001 ( 1)  0.152 +-  0.040
 156 Q   0.93345 0.06578 0.00077 ( 1)  0.207 +-  0.215
 157 T   0.09575 0.77665 0.12759 ( 2)  1.197 +-  1.044
 158 D   0.97054 0.02919 0.00027 ( 1)  0.175 +-  0.145
 159 E   0.99810 0.00189 0.00001 ( 1)  0.152 +-  0.037
 160 A   0.03280 0.90160 0.06560 ( 2)  1.066 +-  0.531
 161 S   0.85460 0.14410 0.00130 ( 1)  0.274 +-  0.302
 162 T   0.99608 0.00390 0.00002 ( 1)  0.153 +-  0.053
 163 Q   0.99558 0.00440 0.00003 ( 1)  0.154 +-  0.057
 164 T   0.77439 0.22130 0.00431 ( 1)  0.345 +-  0.365
 165 Y   0.87760 0.11845 0.00395 ( 1)  0.258 +-  0.301
 166 D   0.97201 0.02776 0.00023 ( 1)  0.174 +-  0.141
 167 S   0.99822 0.00177 0.00001 ( 1)  0.152 +-  0.036
 168 K   0.87610 0.12275 0.00115 ( 1)  0.256 +-  0.283
 169 R   0.18004 0.79836 0.02161 ( 2)  0.862 +-  0.360
 170 N   0.87732 0.12015 0.00254 ( 1)  0.257 +-  0.296
 171 V   0.47030 0.51993 0.00977 ( 2)  0.607 +-  0.442
 172 G   0.93710 0.06214 0.00076 ( 1)  0.204 +-  0.209
 173 A   0.03217 0.91493 0.05290 ( 2)  1.026 +-  0.347
 174 V   0.18587 0.78213 0.03200 ( 2)  0.872 +-  0.414
 175 -   0.95711 0.04184 0.00105 ( 1)  0.188 +-  0.184
 176 -   0.91389 0.08336 0.00275 ( 1)  0.226 +-  0.260
 177 -   0.00491 0.40416 0.59092 ( 3)  2.993 +-  2.404
 178 -   0.74773 0.24138 0.01089 ( 1)  0.379 +-  0.445
 179 S   0.00792 0.65052 0.34156 ( 2)  1.815 +-  1.496
 180 W   0.00011 0.63821 0.36168 ( 2)  1.814 +-  1.449
 181 D   0.99910 0.00089 0.00000 ( 1)  0.151 +-  0.026
 182 S   0.99899 0.00100 0.00001 ( 1)  0.151 +-  0.027
 183 I   0.99353 0.00642 0.00005 ( 1)  0.156 +-  0.069
 184 D   0.99654 0.00344 0.00003 ( 1)  0.153 +-  0.050
 185 Q   0.99425 0.00571 0.00005 ( 1)  0.155 +-  0.065
 186 L   0.99493 0.00502 0.00005 ( 1)  0.154 +-  0.061
 187 P   0.99699 0.00299 0.00003 ( 1)  0.153 +-  0.047
 188 P   0.98420 0.01571 0.00009 ( 1)  0.163 +-  0.107
 189 E   0.82349 0.17316 0.00335 ( 1)  0.302 +-  0.333
 190 T   0.53567 0.45422 0.01012 ( 1)  0.552 +-  0.442
 191 T   0.90139 0.09694 0.00167 ( 1)  0.235 +-  0.260
 192 D   0.99972 0.00028 0.00000 ( 1)  0.150 +-  0.014
 193 E   0.38278 0.60235 0.01487 ( 2)  0.686 +-  0.441
 194 P   0.99538 0.00459 0.00004 ( 1)  0.154 +-  0.058
 195 P   0.95236 0.04708 0.00056 ( 1)  0.191 +-  0.183
 196 E   0.99278 0.00719 0.00004 ( 1)  0.156 +-  0.072
 197 -   0.93385 0.06457 0.00159 ( 1)  0.208 +-  0.221
 198 -   0.96859 0.03060 0.00081 ( 1)  0.178 +-  0.164
 199 -   0.80603 0.17916 0.01481 ( 1)  0.342 +-  0.494
 200 K   0.99444 0.00552 0.00005 ( 1)  0.155 +-  0.064
 201 G   0.97986 0.01993 0.00021 ( 1)  0.167 +-  0.121
 202 Y   0.99948 0.00052 0.00000 ( 1)  0.150 +-  0.019
 203 S   0.99696 0.00301 0.00002 ( 1)  0.153 +-  0.047
 204 H   0.99981 0.00019 0.00000 ( 1)  0.150 +-  0.012
 205 Q   0.95831 0.04119 0.00049 ( 1)  0.186 +-  0.172
 206 L   0.99027 0.00961 0.00012 ( 1)  0.158 +-  0.084
 207 N   0.99959 0.00041 0.00000 ( 1)  0.150 +-  0.017
 208 Y   0.98469 0.01511 0.00020 ( 1)  0.163 +-  0.106
 209 V   0.95996 0.03956 0.00049 ( 1)  0.184 +-  0.169
 210 M   0.03783 0.93037 0.03180 ( 2)  0.991 +-  0.233
 211 C   0.83009 0.16753 0.00239 ( 1)  0.296 +-  0.324
 212 F   0.99364 0.00631 0.00005 ( 1)  0.155 +-  0.068
 213 L   0.80838 0.18840 0.00322 ( 1)  0.315 +-  0.341
 214 M   0.30990 0.67597 0.01413 ( 2)  0.745 +-  0.409
 215 Q   0.36626 0.61095 0.02278 ( 2)  0.707 +-  0.448
 216 G   0.59171 0.40212 0.00617 ( 1)  0.501 +-  0.426
 217 S   0.76041 0.23564 0.00395 ( 1)  0.356 +-  0.371
 218 R   0.99483 0.00513 0.00004 ( 1)  0.154 +-  0.061
 219 -   0.72684 0.23616 0.03700 ( 1)  0.481 +-  0.835
 220 -   0.72684 0.23616 0.03700 ( 1)  0.481 +-  0.835
 221 -   0.72684 0.23616 0.03700 ( 1)  0.481 +-  0.835
 222 -   0.72684 0.23616 0.03700 ( 1)  0.481 +-  0.835
 223 -   0.72684 0.23616 0.03700 ( 1)  0.481 +-  0.835
 224 -   0.72684 0.23616 0.03700 ( 1)  0.481 +-  0.835
 225 -   0.72684 0.23616 0.03700 ( 1)  0.481 +-  0.835
 226 -   0.72684 0.23616 0.03700 ( 1)  0.481 +-  0.835
 227 G   0.99916 0.00084 0.00000 ( 1)  0.151 +-  0.025
 228 T   0.94604 0.05324 0.00072 ( 1)  0.196 +-  0.195
 229 I   0.99798 0.00200 0.00002 ( 1)  0.152 +-  0.038
 230 P   0.99907 0.00092 0.00000 ( 1)  0.151 +-  0.026
 231 V   0.94711 0.05160 0.00129 ( 1)  0.196 +-  0.198
 232 L   0.98959 0.01030 0.00010 ( 1)  0.159 +-  0.087
 233 T   0.98756 0.01236 0.00008 ( 1)  0.161 +-  0.095
 234 W   0.98508 0.01479 0.00013 ( 1)  0.163 +-  0.104
 235 T   0.99900 0.00099 0.00001 ( 1)  0.151 +-  0.027
 236 H   0.99981 0.00019 0.00000 ( 1)  0.150 +-  0.012
 237 K   0.30723 0.67949 0.01328 ( 2)  0.748 +-  0.409
 238 S   0.99957 0.00043 0.00000 ( 1)  0.150 +-  0.018

Positively selected sites

	Prob(w>1)  mean w

    62 F      0.645         2.784 +- 2.027
   134 -      0.656         3.193 +- 2.413
   177 -      0.591         2.993 +- 2.404

