Supplemental results for CODEML (seqf: algn  treef: tree)


dN/dS (w) for site classes (K=4)

site class             0        1       2a       2b
proportion       0.64788  0.35212  0.00000  0.00000
background w     0.13872  1.00000  0.13872  1.00000
foreground w     0.13872  1.00000  1.00000  1.00000

Naive Empirical Bayes (NEB) probabilities for 4 classes
(amino acids refer to 1st sequence: BT_Cry69Aa1)

   1 -   0.55651 0.44349 0.00000 0.00000 ( 1)
   2 G   0.05680 0.94320 0.00000 0.00000 ( 2)
   3 T   0.08778 0.91222 0.00000 0.00000 ( 2)
   4 G   0.86230 0.13770 0.00000 0.00000 ( 1)
   5 V   0.59132 0.40868 0.00000 0.00000 ( 1)
   6 N   0.65696 0.34304 0.00000 0.00000 ( 1)
   7 I   0.97712 0.02288 0.00000 0.00000 ( 1)
   8 L   0.76460 0.23540 0.00000 0.00000 ( 1)
   9 G   0.77869 0.22131 0.00000 0.00000 ( 1)
  10 R   0.00067 0.99933 0.00000 0.00000 ( 2)
  11 I   0.88302 0.11698 0.00000 0.00000 ( 1)
  12 F   0.99881 0.00119 0.00000 0.00000 ( 1)
  13 G   0.39963 0.60037 0.00000 0.00000 ( 2)
  14 F   0.00178 0.99822 0.00000 0.00000 ( 2)
  15 L   0.81192 0.18808 0.00000 0.00000 ( 1)
  16 W   0.96082 0.03918 0.00000 0.00000 ( 1)
  17 P   0.99438 0.00562 0.00000 0.00000 ( 1)
  18 N   0.00192 0.99808 0.00000 0.00000 ( 2)
  19 P   0.04192 0.95808 0.00000 0.00000 ( 2)
  20 N   0.59387 0.40613 0.00000 0.00000 ( 1)
  21 E   0.85924 0.14076 0.00000 0.00000 ( 1)
  22 L   0.00037 0.99963 0.00000 0.00000 ( 2)
  23 N   0.48009 0.51991 0.00000 0.00000 ( 2)
  24 W   0.76198 0.23802 0.00000 0.00000 ( 1)
  25 V   0.93836 0.06164 0.00000 0.00000 ( 1)
  26 N   0.00642 0.99358 0.00000 0.00000 ( 2)
  27 L   0.62807 0.37193 0.00000 0.00000 ( 1)
  28 I   0.75039 0.24961 0.00000 0.00000 ( 1)
  29 R   0.91332 0.08668 0.00000 0.00000 ( 1)
  30 V   0.15514 0.84486 0.00000 0.00000 ( 2)
  31 V   0.93832 0.06168 0.00000 0.00000 ( 1)
  32 E   0.98376 0.01624 0.00000 0.00000 ( 1)
  33 A   0.00092 0.99908 0.00000 0.00000 ( 2)
  34 L   0.98780 0.01220 0.00000 0.00000 ( 1)
  35 I   0.99563 0.00437 0.00000 0.00000 ( 1)
  36 D   0.02276 0.97724 0.00000 0.00000 ( 2)
  37 Q   0.81888 0.18112 0.00000 0.00000 ( 1)
  38 R   0.00086 0.99914 0.00000 0.00000 ( 2)
  39 I   0.83434 0.16566 0.00000 0.00000 ( 1)
  40 E   0.00005 0.99995 0.00000 0.00000 ( 2)
  41 L   0.00010 0.99990 0.00000 0.00000 ( 2)
  42 Y   0.05454 0.94546 0.00000 0.00000 ( 2)
  43 A   0.45067 0.54933 0.00000 0.00000 ( 2)
  44 I   0.97326 0.02674 0.00000 0.00000 ( 1)
  45 E   0.00100 0.99900 0.00000 0.00000 ( 2)
  46 N   0.36839 0.63161 0.00000 0.00000 ( 2)
  47 A   0.18136 0.81864 0.00000 0.00000 ( 2)
  48 T   0.00163 0.99837 0.00000 0.00000 ( 2)
  49 S   0.00106 0.99894 0.00000 0.00000 ( 2)
  50 K   0.96410 0.03590 0.00000 0.00000 ( 1)
  51 L   0.93674 0.06326 0.00000 0.00000 ( 1)
  52 E   0.44965 0.55035 0.00000 0.00000 ( 2)
  53 G   0.98569 0.01431 0.00000 0.00000 ( 1)
  54 L   0.98156 0.01844 0.00000 0.00000 ( 1)
  55 R   0.66815 0.33185 0.00000 0.00000 ( 1)
  56 S   0.00325 0.99675 0.00000 0.00000 ( 2)
  57 V   0.94514 0.05486 0.00000 0.00000 ( 1)
  58 V   0.65376 0.34624 0.00000 0.00000 ( 1)
  59 S   0.05330 0.94670 0.00000 0.00000 ( 2)
  60 I   0.71465 0.28535 0.00000 0.00000 ( 1)
  61 Y   0.99792 0.00208 0.00000 0.00000 ( 1)
  62 N   0.94663 0.05337 0.00000 0.00000 ( 1)
  63 T   0.03407 0.96593 0.00000 0.00000 ( 2)
  64 A   0.99731 0.00269 0.00000 0.00000 ( 1)
  65 F   0.75742 0.24258 0.00000 0.00000 ( 1)
  66 N   0.00067 0.99933 0.00000 0.00000 ( 2)
  67 H   0.51723 0.48277 0.00000 0.00000 ( 1)
  68 W   0.96082 0.03918 0.00000 0.00000 ( 1)
  69 N   0.63262 0.36738 0.00000 0.00000 ( 1)
  70 A   0.25942 0.74058 0.00000 0.00000 ( 2)
  71 S   0.75834 0.24166 0.00000 0.00000 ( 1)
  72 E   0.74690 0.25310 0.00000 0.00000 ( 1)
  73 A   0.27054 0.72946 0.00000 0.00000 ( 2)
  74 S   0.95339 0.04661 0.00000 0.00000 ( 1)
  75 R   0.99783 0.00217 0.00000 0.00000 ( 1)
  76 R   0.01933 0.98067 0.00000 0.00000 ( 2)
  77 D   0.99310 0.00690 0.00000 0.00000 ( 1)
  78 D   0.00056 0.99944 0.00000 0.00000 ( 2)
  79 A   0.38533 0.61467 0.00000 0.00000 ( 2)
  80 L   0.91303 0.08697 0.00000 0.00000 ( 1)
  81 K   0.93423 0.06577 0.00000 0.00000 ( 1)
  82 E   0.27655 0.72345 0.00000 0.00000 ( 2)
  83 R   0.37173 0.62827 0.00000 0.00000 ( 2)
  84 V   0.99418 0.00582 0.00000 0.00000 ( 1)
  85 R   0.99756 0.00244 0.00000 0.00000 ( 1)
  86 T   0.00427 0.99573 0.00000 0.00000 ( 2)
  87 T   0.50301 0.49699 0.00000 0.00000 ( 1)
  88 F   0.99814 0.00186 0.00000 0.00000 ( 1)
  89 A   0.23370 0.76630 0.00000 0.00000 ( 2)
  90 D   0.85087 0.14913 0.00000 0.00000 ( 1)
  91 V   0.11336 0.88664 0.00000 0.00000 ( 2)
  92 D   0.99898 0.00102 0.00000 0.00000 ( 1)
  93 S   0.54538 0.45462 0.00000 0.00000 ( 1)
  94 A   0.94560 0.05440 0.00000 0.00000 ( 1)
  95 L   0.96887 0.03113 0.00000 0.00000 ( 1)
  96 A   0.94061 0.05939 0.00000 0.00000 ( 1)
  97 A   0.00002 0.99998 0.00000 0.00000 ( 2)
  98 A   0.07346 0.92654 0.00000 0.00000 ( 2)
  99 I   0.65591 0.34409 0.00000 0.00000 ( 1)
 100 P   0.99553 0.00447 0.00000 0.00000 ( 1)
 101 Q   0.70915 0.29085 0.00000 0.00000 ( 1)
 102 F   0.99881 0.00119 0.00000 0.00000 ( 1)
 103 R   0.99684 0.00316 0.00000 0.00000 ( 1)
 104 Q   0.59932 0.40068 0.00000 0.00000 ( 1)
 105 N   0.00030 0.99970 0.00000 0.00000 ( 2)
 106 R   0.01940 0.98060 0.00000 0.00000 ( 2)
 107 F   0.91849 0.08151 0.00000 0.00000 ( 1)
 108 Q   0.96797 0.03203 0.00000 0.00000 ( 1)
 109 Q   0.30935 0.69065 0.00000 0.00000 ( 2)
 110 Q   0.99495 0.00505 0.00000 0.00000 ( 1)
 111 L   0.60341 0.39659 0.00000 0.00000 ( 1)
 112 L   0.98301 0.01699 0.00000 0.00000 ( 1)
 113 L   0.39250 0.60750 0.00000 0.00000 ( 2)
 114 V   0.94730 0.05270 0.00000 0.00000 ( 1)
 115 Y   0.99792 0.00208 0.00000 0.00000 ( 1)
 116 A   0.96374 0.03626 0.00000 0.00000 ( 1)
 117 Q   0.92361 0.07639 0.00000 0.00000 ( 1)
 118 A   0.99170 0.00830 0.00000 0.00000 ( 1)
 119 A   0.96038 0.03962 0.00000 0.00000 ( 1)
 120 N   0.97170 0.02830 0.00000 0.00000 ( 1)
 121 M   0.60395 0.39605 0.00000 0.00000 ( 1)
 122 H   0.99905 0.00095 0.00000 0.00000 ( 1)
 123 L   0.98189 0.01811 0.00000 0.00000 ( 1)
 124 L   0.97621 0.02379 0.00000 0.00000 ( 1)
 125 V   0.91312 0.08688 0.00000 0.00000 ( 1)
 126 L   0.98307 0.01693 0.00000 0.00000 ( 1)
 127 R   0.96553 0.03447 0.00000 0.00000 ( 1)
 128 D   0.99898 0.00102 0.00000 0.00000 ( 1)
 129 A   0.98523 0.01477 0.00000 0.00000 ( 1)
 130 V   0.93292 0.06708 0.00000 0.00000 ( 1)
 131 I   0.93001 0.06999 0.00000 0.00000 ( 1)
 132 H   0.74270 0.25730 0.00000 0.00000 ( 1)
 133 G   0.98446 0.01554 0.00000 0.00000 ( 1)
 134 E   0.00014 0.99986 0.00000 0.00000 ( 2)
 135 A   0.02790 0.97210 0.00000 0.00000 ( 2)
 136 W   0.96082 0.03918 0.00000 0.00000 ( 1)
 137 G   0.99531 0.00469 0.00000 0.00000 ( 1)
 138 Y   0.04860 0.95140 0.00000 0.00000 ( 2)
 139 K   0.12089 0.87911 0.00000 0.00000 ( 2)
 140 S   0.00010 0.99990 0.00000 0.00000 ( 2)
 141 V   0.49980 0.50020 0.00000 0.00000 ( 2)
 142 T   0.84987 0.15013 0.00000 0.00000 ( 1)
 143 V   0.21653 0.78347 0.00000 0.00000 ( 2)
 144 D   0.01169 0.98831 0.00000 0.00000 ( 2)
 145 G   0.46210 0.53790 0.00000 0.00000 ( 2)
 146 F   0.01187 0.98813 0.00000 0.00000 ( 2)
 147 Y   0.99792 0.00208 0.00000 0.00000 ( 1)
 148 D   0.05358 0.94642 0.00000 0.00000 ( 2)
 149 R   0.93677 0.06323 0.00000 0.00000 ( 1)
 150 Q   0.86745 0.13255 0.00000 0.00000 ( 1)
 151 V   0.96340 0.03660 0.00000 0.00000 ( 1)
 152 C   0.11250 0.88750 0.00000 0.00000 ( 2)
 153 L   0.93690 0.06310 0.00000 0.00000 ( 1)
 154 I   0.91891 0.08109 0.00000 0.00000 ( 1)
 155 D   0.31654 0.68346 0.00000 0.00000 ( 2)
 156 A   0.85071 0.14929 0.00000 0.00000 ( 1)
 157 Y   0.99267 0.00733 0.00000 0.00000 ( 1)
 158 T   0.96036 0.03964 0.00000 0.00000 ( 1)
 159 E   0.96480 0.03520 0.00000 0.00000 ( 1)
 160 H   0.99905 0.00095 0.00000 0.00000 ( 1)
 161 C   0.99634 0.00366 0.00000 0.00000 ( 1)
 162 M   0.11955 0.88045 0.00000 0.00000 ( 2)
 163 T   0.00140 0.99860 0.00000 0.00000 ( 2)
 164 F   0.99772 0.00228 0.00000 0.00000 ( 1)
 165 Y   0.99792 0.00208 0.00000 0.00000 ( 1)
 166 R   0.94076 0.05924 0.00000 0.00000 ( 1)
 167 Q   0.98266 0.01734 0.00000 0.00000 ( 1)
 168 G   0.99844 0.00156 0.00000 0.00000 ( 1)
 169 L   0.96639 0.03361 0.00000 0.00000 ( 1)
 170 Q   0.24271 0.75729 0.00000 0.00000 ( 2)
 171 D   0.97197 0.02803 0.00000 0.00000 ( 1)
 172 L   0.68313 0.31687 0.00000 0.00000 ( 1)
 173 R   0.90647 0.09353 0.00000 0.00000 ( 1)
 174 N   0.00249 0.99751 0.00000 0.00000 ( 2)
 175 R   0.37062 0.62938 0.00000 0.00000 ( 2)
 176 G   0.29583 0.70417 0.00000 0.00000 ( 2)
 177 N   0.99801 0.00199 0.00000 0.00000 ( 1)
 178 -   0.68416 0.31584 0.00000 0.00000 ( 1)
 179 -   0.27300 0.72700 0.00000 0.00000 ( 2)
 180 W   0.96082 0.03918 0.00000 0.00000 ( 1)
 181 N   0.96526 0.03474 0.00000 0.00000 ( 1)
 182 A   0.87359 0.12641 0.00000 0.00000 ( 1)
 183 F   0.98629 0.01371 0.00000 0.00000 ( 1)
 184 N   0.99801 0.00199 0.00000 0.00000 ( 1)
 185 N   0.99665 0.00335 0.00000 0.00000 ( 1)
 186 Y   0.99792 0.00208 0.00000 0.00000 ( 1)
 187 R   0.99783 0.00217 0.00000 0.00000 ( 1)
 188 R   0.99756 0.00244 0.00000 0.00000 ( 1)
 189 N   0.19547 0.80453 0.00000 0.00000 ( 2)
 190 M   0.99908 0.00092 0.00000 0.00000 ( 1)
 191 T   0.97530 0.02470 0.00000 0.00000 ( 1)
 192 I   0.78556 0.21444 0.00000 0.00000 ( 1)
 193 A   0.12879 0.87121 0.00000 0.00000 ( 2)
 194 L   0.93005 0.06995 0.00000 0.00000 ( 1)
 195 L   0.97915 0.02085 0.00000 0.00000 ( 1)
 196 D   0.99793 0.00207 0.00000 0.00000 ( 1)
 197 I   0.84353 0.15647 0.00000 0.00000 ( 1)
 198 I   0.99153 0.00847 0.00000 0.00000 ( 1)
 199 S   0.97474 0.02526 0.00000 0.00000 ( 1)
 200 L   0.98529 0.01471 0.00000 0.00000 ( 1)
 201 F   0.99881 0.00119 0.00000 0.00000 ( 1)
 202 S   0.55872 0.44128 0.00000 0.00000 ( 1)
 203 N   0.61738 0.38262 0.00000 0.00000 ( 1)


lnL = -2921.045348

