Supplemental results for CODEML (seqf: algn  treef: tree)


dN/dS (w) for site classes (K=3)

p:   0.27419  0.59939  0.12642
w:   0.02045  0.16937  1.40922

Naive Empirical Bayes (NEB) probabilities for 3 classes & postmean_w & P(w>1)
(amino acids refer to 1st sequence: BT_Cry52Ca1)

   1 Q   0.05512 0.86300 0.08188 ( 2)  0.263  0.082
   2 V   0.91075 0.08878 0.00047 ( 1)  0.034  0.000
   3 K   0.72592 0.27333 0.00075 ( 1)  0.062  0.001
   4 S   0.06166 0.90930 0.02904 ( 2)  0.196  0.029
   5 E   0.02198 0.96694 0.01107 ( 2)  0.180  0.011
   6 -   0.09693 0.86462 0.03845 ( 2)  0.203  0.038
   7 -   0.16380 0.78132 0.05488 ( 2)  0.213  0.055
   8 -   0.05115 0.88631 0.06254 ( 2)  0.239  0.063
   9 -   0.74141 0.25026 0.00832 ( 1)  0.069  0.008
  10 L   0.05606 0.82130 0.12264 ( 2)  0.313  0.123
  11 T   0.97064 0.02909 0.00027 ( 1)  0.025  0.000
  12 R   0.99612 0.00386 0.00002 ( 1)  0.021  0.000
  13 E   0.11211 0.88188 0.00601 ( 2)  0.160  0.006
  14 I   0.56055 0.43619 0.00326 ( 1)  0.090  0.003
  15 Y   0.86219 0.13695 0.00086 ( 1)  0.042  0.001
  16 S   0.00588 0.96704 0.02708 ( 2)  0.202  0.027
  17 D   0.31915 0.67798 0.00287 ( 2)  0.125  0.003
  18 V   0.95873 0.04067 0.00061 ( 1)  0.027  0.001
  19 V   0.08374 0.86460 0.05167 ( 2)  0.221  0.052
  20 N   0.48749 0.51026 0.00225 ( 2)  0.100  0.002
  21 A   0.10645 0.86819 0.02536 ( 2)  0.185  0.025
  22 D   0.01195 0.95962 0.02843 ( 2)  0.203  0.028
  23 V   0.01718 0.88829 0.09453 ( 2)  0.284  0.095
  24 F   0.17157 0.74409 0.08434 ( 2)  0.248  0.084
  25 G   0.07346 0.78751 0.13903 ( 2)  0.331  0.139
  26 T   0.00306 0.46923 0.52770 ( 3)  0.823  0.528
  27 I   0.32790 0.62176 0.05034 ( 2)  0.183  0.050
  28 Y   0.34096 0.61777 0.04128 ( 2)  0.170  0.041
  29 T   0.03751 0.58227 0.38021 ( 2)  0.635  0.380
  30 D   0.36031 0.60937 0.03032 ( 2)  0.153  0.030
  31 N   0.01317 0.65471 0.33212 ( 2)  0.579  0.332
  32 N   0.00427 0.35632 0.63941 ( 3)  0.962  0.639
  33 R   0.43538 0.54314 0.02148 ( 2)  0.131  0.021
  34 N   0.66816 0.32564 0.00620 ( 1)  0.078  0.006
  35 E   0.00296 0.98735 0.00969 ( 2)  0.181  0.010
  36 E   0.13323 0.85177 0.01500 ( 2)  0.168  0.015
  37 L   0.00952 0.94100 0.04948 ( 2)  0.229  0.049
  38 Y   0.25169 0.74269 0.00562 ( 2)  0.139  0.006
  39 T   0.19516 0.77933 0.02551 ( 2)  0.172  0.026
  40 R   0.94159 0.05798 0.00043 ( 1)  0.030  0.000
  41 P   0.03440 0.92732 0.03828 ( 2)  0.212  0.038
  42 P   0.35923 0.61654 0.02423 ( 2)  0.146  0.024
  43 H   0.34952 0.61864 0.03184 ( 2)  0.157  0.032
  44 L   0.30817 0.62114 0.07069 ( 2)  0.211  0.071
  45 F   0.29445 0.61531 0.09024 ( 2)  0.237  0.090
  46 T   0.34984 0.61337 0.03679 ( 2)  0.163  0.037
  47 W   0.28540 0.60916 0.10544 ( 2)  0.258  0.105
  48 L   0.30817 0.62114 0.07069 ( 2)  0.211  0.071
  49 R   0.28911 0.61161 0.09928 ( 2)  0.249  0.099
  50 G   0.28409 0.70776 0.00815 ( 2)  0.137  0.008
  51 F   0.43880 0.55728 0.00392 ( 2)  0.109  0.004
  52 R   0.87167 0.12737 0.00097 ( 1)  0.041  0.001
  53 F   0.07977 0.91009 0.01014 ( 2)  0.170  0.010
  54 V   0.00193 0.76694 0.23113 ( 2)  0.456  0.231
  55 T   0.81167 0.18727 0.00106 ( 1)  0.050  0.001
  56 N   0.62796 0.36925 0.00280 ( 1)  0.079  0.003
  57 S   0.19020 0.80198 0.00782 ( 2)  0.151  0.008
  58 I   0.38145 0.61656 0.00199 ( 2)  0.115  0.002
  59 S   0.68264 0.29096 0.02639 ( 1)  0.100  0.026
  60 S   0.43489 0.50580 0.05931 ( 2)  0.178  0.059
  61 G   0.92993 0.06965 0.00042 ( 1)  0.031  0.000
  62 S   0.11080 0.61309 0.27611 ( 2)  0.495  0.276
  63 R   0.43630 0.50428 0.05941 ( 2)  0.178  0.059
  64 T   0.10329 0.88548 0.01123 ( 2)  0.168  0.011
  65 W   0.15529 0.82724 0.01747 ( 2)  0.168  0.017
  66 T   0.91691 0.08255 0.00054 ( 1)  0.033  0.001
  67 F   0.94337 0.05610 0.00053 ( 1)  0.030  0.001
  68 L   0.33805 0.65586 0.00608 ( 2)  0.127  0.006
  69 A   0.03611 0.90843 0.05545 ( 2)  0.233  0.055
  70 G   0.03134 0.95554 0.01312 ( 2)  0.181  0.013
  71 N   0.11497 0.87648 0.00855 ( 2)  0.163  0.009
  72 Q   0.99846 0.00154 0.00000 ( 1)  0.021  0.000
  73 -   0.57815 0.41606 0.00579 ( 1)  0.090  0.006
  74 -   0.29413 0.67821 0.02766 ( 2)  0.160  0.028
  75 -   0.00856 0.86640 0.12504 ( 2)  0.323  0.125
  76 -   0.31548 0.66775 0.01676 ( 2)  0.143  0.017
  77 -   0.00347 0.93522 0.06130 ( 2)  0.245  0.061
  78 -   0.38446 0.60130 0.01424 ( 2)  0.130  0.014
  79 N   0.00497 0.96904 0.02599 ( 2)  0.201  0.026
  80 K   0.66616 0.33202 0.00182 ( 1)  0.072  0.002
  81 Y   0.13332 0.85635 0.01033 ( 2)  0.162  0.010
  82 S   0.00447 0.88857 0.10695 ( 2)  0.301  0.107
  83 Y   0.01200 0.89459 0.09340 ( 2)  0.283  0.093
  84 T   0.11260 0.87141 0.01599 ( 2)  0.172  0.016
  85 R   0.00011 0.09478 0.90510 ( 3)  1.292  0.905
  86 D   0.00004 0.04245 0.95751 ( 3)  1.357  0.958
  87 N   0.46092 0.51774 0.02133 ( 2)  0.127  0.021
  88 R   0.00000 0.01495 0.98505 ( 3)  1.391  0.985
  89 I   0.54350 0.45216 0.00434 ( 1)  0.094  0.004
  90 I   0.03176 0.94556 0.02267 ( 2)  0.193  0.023
  91 Y   0.00007 0.31258 0.68735 ( 3)  1.022  0.687
  92 G   0.11431 0.87297 0.01273 ( 2)  0.168  0.013
  93 P   0.01903 0.96072 0.02025 ( 2)  0.192  0.020
  94 F   0.41971 0.53312 0.04717 ( 2)  0.165  0.047
  95 Y   0.00137 0.62694 0.37169 ( 2)  0.630  0.372
  96 G   0.94204 0.05676 0.00120 ( 1)  0.031  0.001
  97 Q   0.00223 0.79616 0.20160 ( 2)  0.419  0.202
  98 D   0.02763 0.93229 0.04007 ( 2)  0.215  0.040
  99 T   0.01663 0.97018 0.01319 ( 2)  0.183  0.013
 100 N   0.54508 0.45062 0.00430 ( 1)  0.094  0.004
 101 Y   0.94897 0.05077 0.00027 ( 1)  0.028  0.000
 102 G   0.00688 0.98429 0.00883 ( 2)  0.179  0.009
 103 G   0.05973 0.87952 0.06074 ( 2)  0.236  0.061
 104 T   0.01786 0.94700 0.03514 ( 2)  0.210  0.035
 105 S   0.02974 0.93032 0.03994 ( 2)  0.214  0.040
 106 S   0.00279 0.57762 0.41959 ( 2)  0.689  0.420
 107 D   0.02098 0.94476 0.03426 ( 2)  0.209  0.034
 108 T   0.00014 0.44689 0.55296 ( 3)  0.855  0.553
 109 D   0.17232 0.82128 0.00640 ( 2)  0.152  0.006
 110 F   0.00000 0.00907 0.99093 ( 3)  1.398  0.991
 111 A   0.00642 0.52972 0.46386 ( 2)  0.744  0.464
 112 E   0.18194 0.75619 0.06187 ( 2)  0.219  0.062
 113 D   0.00017 0.40813 0.59170 ( 3)  0.903  0.592
 114 S   0.00028 0.32581 0.67391 ( 3)  1.005  0.674
 115 Y   0.76720 0.23212 0.00068 ( 1)  0.056  0.001
 116 V   0.00043 0.25724 0.74233 ( 3)  1.090  0.742
 117 Y   0.29651 0.69302 0.01046 ( 2)  0.138  0.010
 118 N   0.41496 0.57595 0.00910 ( 2)  0.119  0.009
 119 L   0.26747 0.71529 0.01724 ( 2)  0.151  0.017
 120 -   0.35412 0.61053 0.03536 ( 2)  0.160  0.035
 121 -   0.33097 0.62286 0.04617 ( 2)  0.177  0.046
 122 -   0.05536 0.74561 0.19902 ( 2)  0.408  0.199
 123 W   0.00249 0.95232 0.04518 ( 2)  0.225  0.045
 124 T   0.00393 0.65215 0.34393 ( 2)  0.595  0.344
 125 K   0.55629 0.41196 0.03174 ( 1)  0.126  0.032
 126 N   0.00279 0.91445 0.08276 ( 2)  0.272  0.083
 127 Y   0.01654 0.96419 0.01927 ( 2)  0.191  0.019
 128 E   0.00455 0.89764 0.09781 ( 2)  0.290  0.098
 129 F   0.00288 0.94569 0.05143 ( 2)  0.233  0.051
 130 I   0.92734 0.07174 0.00092 ( 1)  0.032  0.001
 131 S   0.02019 0.96306 0.01675 ( 2)  0.187  0.017
 132 P   0.20917 0.77791 0.01291 ( 2)  0.154  0.013
 133 Y   0.05072 0.86183 0.08745 ( 2)  0.270  0.087
 134 T   0.57022 0.42837 0.00141 ( 1)  0.086  0.001
 135 D   0.14352 0.85316 0.00332 ( 2)  0.152  0.003
 136 P   0.17248 0.81068 0.01684 ( 2)  0.165  0.017
 137 V   0.18183 0.78072 0.03746 ( 2)  0.189  0.037
 138 N   0.94900 0.05051 0.00050 ( 1)  0.029  0.000
 139 I   0.00218 0.50580 0.49202 ( 2)  0.779  0.492
 140 T   0.10308 0.81824 0.07868 ( 2)  0.252  0.079
 141 -   0.48659 0.50645 0.00696 ( 2)  0.106  0.007
 142 -   0.00786 0.22991 0.76223 ( 3)  1.113  0.762
 143 -   0.07871 0.89605 0.02524 ( 2)  0.189  0.025
 144 -   0.03252 0.94286 0.02462 ( 2)  0.195  0.025
 145 -   0.00013 0.25123 0.74863 ( 3)  1.098  0.749
 146 -   0.06307 0.78115 0.15578 ( 2)  0.353  0.156
 147 -   0.34259 0.62365 0.03376 ( 2)  0.160  0.034
 148 -   0.38358 0.59627 0.02015 ( 2)  0.137  0.020
 149 -   0.04105 0.61786 0.34109 ( 2)  0.586  0.341
 150 K   0.00280 0.92266 0.07454 ( 2)  0.261  0.075
 151 I   0.04086 0.94091 0.01823 ( 2)  0.186  0.018
 152 N   0.91390 0.08571 0.00040 ( 1)  0.034  0.000
 153 F   0.00134 0.34711 0.65155 ( 3)  0.977  0.652
 154 S   0.05279 0.93768 0.00954 ( 2)  0.173  0.010
 155 V   0.00000 0.00685 0.99315 ( 3)  1.401  0.993
 156 T   0.90298 0.09635 0.00066 ( 1)  0.036  0.001
 157 N   0.00002 0.14093 0.85905 ( 3)  1.234  0.859
 158 N   0.88897 0.11050 0.00053 ( 1)  0.038  0.001
 159 N   0.88445 0.11396 0.00159 ( 1)  0.040  0.002
 160 S   0.00394 0.86855 0.12751 ( 2)  0.327  0.128
 161 S   0.00001 0.07039 0.92959 ( 3)  1.322  0.930
 162 K   0.00000 0.01054 0.98946 ( 3)  1.396  0.989
 163 D   0.00002 0.17154 0.82843 ( 3)  1.197  0.828
 164 E   0.00003 0.07761 0.92236 ( 3)  1.313  0.922
 165 T   0.00549 0.71728 0.27723 ( 2)  0.512  0.277
 166 Y   0.00069 0.89481 0.10449 ( 2)  0.299  0.104
 167 G   0.68726 0.30147 0.01127 ( 1)  0.081  0.011
 168 G   0.37249 0.61929 0.00822 ( 2)  0.124  0.008
 169 E   0.00235 0.88244 0.11521 ( 2)  0.312  0.115
 170 R   0.01947 0.96964 0.01090 ( 2)  0.180  0.011
 171 -   0.29604 0.61574 0.08821 ( 2)  0.235  0.088
 172 -   0.28474 0.60858 0.10668 ( 2)  0.259  0.107
 173 -   0.29284 0.61432 0.09284 ( 2)  0.241  0.093
 174 -   0.44357 0.47259 0.08383 ( 2)  0.207  0.084
 175 -   0.80795 0.16199 0.03006 ( 1)  0.086  0.030
 176 -   0.08074 0.79900 0.12025 ( 2)  0.306  0.120
 177 -   0.08771 0.80786 0.10443 ( 2)  0.286  0.104
 178 -   0.12937 0.76086 0.10977 ( 2)  0.286  0.110
 179 -   0.14453 0.76070 0.09478 ( 2)  0.265  0.095
 180 -   0.24643 0.66301 0.09056 ( 2)  0.245  0.091
 181 -   0.41129 0.50445 0.08427 ( 2)  0.213  0.084
 182 -   0.34806 0.55898 0.09296 ( 2)  0.233  0.093
 183 -   0.23651 0.65866 0.10483 ( 2)  0.264  0.105
 184 -   0.79309 0.17812 0.02878 ( 1)  0.087  0.029
 185 -   0.02253 0.79844 0.17903 ( 2)  0.388  0.179
 186 -   0.24768 0.63070 0.12162 ( 2)  0.283  0.122
 187 -   0.04241 0.80086 0.15673 ( 2)  0.357  0.157
 188 -   0.29250 0.61524 0.09226 ( 2)  0.240  0.092
 189 -   0.00279 0.41236 0.58484 ( 3)  0.894  0.585
 190 -   0.27419 0.59939 0.12642 ( 2)  0.285  0.126
 191 -   0.37111 0.55916 0.06974 ( 2)  0.201  0.070
 192 -   0.67550 0.27579 0.04871 ( 1)  0.129  0.049
 193 -   0.65494 0.28975 0.05531 ( 1)  0.140  0.055
 194 -   0.08288 0.78570 0.13142 ( 2)  0.320  0.131
 195 -   0.26857 0.62095 0.11048 ( 2)  0.266  0.110
 196 -   0.00493 0.37684 0.61823 ( 3)  0.935  0.618
 197 N   0.64228 0.35427 0.00344 ( 1)  0.078  0.003
 198 L   0.07057 0.80296 0.12647 ( 2)  0.316  0.126
 199 P   0.12119 0.86780 0.01101 ( 2)  0.165  0.011
 200 T   0.69512 0.30393 0.00095 ( 1)  0.067  0.001
 201 V   0.00699 0.96483 0.02817 ( 2)  0.203  0.028
 202 Q   0.36458 0.57003 0.06539 ( 2)  0.196  0.065
 203 T   0.49706 0.50038 0.00256 ( 2)  0.099  0.003
 204 N   0.78346 0.21129 0.00525 ( 1)  0.059  0.005
 205 F   0.94209 0.05758 0.00033 ( 1)  0.029  0.000
 206 D   0.13025 0.86817 0.00158 ( 2)  0.152  0.002
 207 F   0.29544 0.69280 0.01176 ( 2)  0.140  0.012
 208 L   0.93332 0.06620 0.00049 ( 1)  0.031  0.000
 209 T   0.07980 0.90491 0.01530 ( 2)  0.176  0.015
 210 N   0.05207 0.85257 0.09536 ( 2)  0.280  0.095
 211 K   0.06993 0.91226 0.01780 ( 2)  0.181  0.018
 212 V   0.00100 0.38048 0.61853 ( 3)  0.936  0.619
 213 G   0.01198 0.96111 0.02691 ( 2)  0.201  0.027
 214 N   0.00387 0.54246 0.45367 ( 2)  0.731  0.454
 215 G   0.04901 0.80696 0.14404 ( 2)  0.341  0.144
 216 S   0.02344 0.96314 0.01342 ( 2)  0.183  0.013
 217 P   0.14590 0.82171 0.03239 ( 2)  0.188  0.032
 218 T   0.00646 0.61494 0.37860 ( 2)  0.638  0.379
 219 Y   0.66684 0.32227 0.01090 ( 1)  0.084  0.011
 220 N   0.21992 0.76172 0.01836 ( 2)  0.159  0.018
 221 N   0.10412 0.77925 0.11663 ( 2)  0.298  0.117
 222 Y   0.12253 0.83728 0.04019 ( 2)  0.201  0.040
 223 -   0.76496 0.23266 0.00237 ( 1)  0.058  0.002
 224 -   0.15925 0.81635 0.02440 ( 2)  0.176  0.024
 225 -   0.01297 0.59833 0.38869 ( 2)  0.649  0.389
 226 -   0.81851 0.17750 0.00398 ( 1)  0.052  0.004
 227 -   0.78188 0.21448 0.00364 ( 1)  0.057  0.004
 228 N   0.01996 0.95364 0.02640 ( 2)  0.199  0.026
 229 H   0.90703 0.09281 0.00016 ( 1)  0.034  0.000
 230 I   0.04024 0.89292 0.06684 ( 2)  0.246  0.067
 231 L   0.51533 0.47716 0.00751 ( 1)  0.102  0.008
 232 S   0.03514 0.92939 0.03546 ( 2)  0.208  0.035
 233 Y   0.45766 0.53727 0.00507 ( 2)  0.108  0.005
 234 M   0.51036 0.48768 0.00196 ( 1)  0.096  0.002
 235 L   0.28855 0.69014 0.02131 ( 2)  0.153  0.021
 236 T   0.01734 0.90553 0.07714 ( 2)  0.262  0.077
 237 N   0.13963 0.85240 0.00797 ( 2)  0.158  0.008
 238 G   0.76362 0.23410 0.00228 ( 1)  0.058  0.002
 239 T   0.18501 0.79245 0.02254 ( 2)  0.170  0.023
 240 F   0.07663 0.60766 0.31571 ( 2)  0.549  0.316
 241 S   0.00564 0.64258 0.35177 ( 2)  0.605  0.352
 242 Q   0.00878 0.90915 0.08207 ( 2)  0.270  0.082
 243 K   0.48879 0.50676 0.00446 ( 2)  0.102  0.004
 244 R   0.53172 0.44438 0.02390 ( 1)  0.120  0.024
 245 H   0.13395 0.78154 0.08451 ( 2)  0.254  0.085
 246 G   0.57963 0.40116 0.01921 ( 1)  0.107  0.019
 247 Y   0.11415 0.83300 0.05285 ( 2)  0.218  0.053
 248 T   0.96593 0.03343 0.00064 ( 1)  0.026  0.001
 249 F   0.13925 0.82981 0.03094 ( 2)  0.187  0.031
 250 A   0.00430 0.62017 0.37552 ( 2)  0.634  0.376
 251 F   0.12813 0.82508 0.04679 ( 2)  0.208  0.047
 252 T   0.09537 0.80048 0.10415 ( 2)  0.284  0.104
 253 H   0.01248 0.73467 0.25286 ( 2)  0.481  0.253
 254 S   0.35883 0.61584 0.02533 ( 2)  0.147  0.025
 255 S   0.36720 0.60254 0.03025 ( 2)  0.152  0.030

Positively selected sites

	Prob(w>1)  mean w

    26 T      0.528         0.823
    32 N      0.639         0.962
    85 R      0.905         1.292
    86 D      0.958*        1.357
    88 R      0.985*        1.391
    91 Y      0.687         1.022
   108 T      0.553         0.855
   110 F      0.991**       1.398
   113 D      0.592         0.903
   114 S      0.674         1.005
   116 V      0.742         1.090
   142 -      0.762         1.113
   145 -      0.749         1.098
   153 F      0.652         0.977
   155 V      0.993**       1.401
   157 N      0.859         1.234
   161 S      0.930         1.322
   162 K      0.989*        1.396
   163 D      0.828         1.197
   164 E      0.922         1.313
   189 -      0.585         0.894
   196 -      0.618         0.935
   212 V      0.619         0.936


lnL = -3794.671854

