Supplemental results for CODEML (seqf: algn  treef: tree)


dN/dS (w) for site classes (K=9)

p:   0.10996  0.10996  0.10996  0.10996  0.10996  0.10996  0.10996  0.10996  0.12032
w:   0.01272  0.03922  0.06878  0.10280  0.14343  0.19473  0.26655  0.39959  1.00000

Naive Empirical Bayes (NEB) probabilities for 9 classes & postmean_w
(amino acids refer to 1st sequence: BT_Cry8Ba1)

   1 P   0.21887 0.19010 0.16268 0.13626 0.11059 0.08538 0.06000 0.03224 0.00388 ( 1)  0.101
   2 F   0.24488 0.20399 0.16692 0.13312 0.10229 0.07415 0.04832 0.02350 0.00283 ( 1)  0.090
   3 V   0.03213 0.08383 0.12237 0.14862 0.16266 0.16382 0.14985 0.11151 0.02521 ( 6)  0.192
   4 G   0.20257 0.17958 0.15736 0.13557 0.11392 0.09202 0.06904 0.04197 0.00797 ( 1)  0.112
   5 P   0.01463 0.04235 0.06926 0.09558 0.12132 0.14636 0.17016 0.18976 0.15057 ( 8)  0.334
   6 I   0.26227 0.21173 0.16780 0.12949 0.09620 0.06740 0.04250 0.02017 0.00244 ( 1)  0.085
   7 V   0.02359 0.06428 0.09846 0.12630 0.14740 0.16075 0.16385 0.14752 0.06786 ( 7)  0.245
   8 S   0.21532 0.18756 0.16119 0.13581 0.11116 0.08689 0.06232 0.03495 0.00480 ( 1)  0.103
   9 L   0.02892 0.07679 0.11425 0.14172 0.15891 0.16476 0.15653 0.12396 0.03416 ( 6)  0.206
  10 Y   0.22901 0.19536 0.16414 0.13488 0.10730 0.08110 0.05572 0.02919 0.00329 ( 1)  0.097
  11 T   0.03266 0.08509 0.12396 0.15012 0.16364 0.16381 0.14834 0.10807 0.02431 ( 6)  0.190
  12 Q   0.00000 0.00000 0.00002 0.00016 0.00076 0.00298 0.01138 0.05606 0.92862 ( 9)  0.955
  13 L   0.02578 0.06978 0.10598 0.13452 0.15481 0.16554 0.16357 0.13770 0.04233 ( 6)  0.220
  14 I   0.03040 0.08002 0.11798 0.14494 0.16081 0.16471 0.15409 0.11893 0.02813 ( 6)  0.198
  15 D   0.03910 0.09862 0.13872 0.16156 0.16840 0.15974 0.13480 0.08720 0.01185 ( 5)  0.168
  16 I   0.00004 0.00096 0.00461 0.01348 0.03125 0.06405 0.12434 0.25164 0.50963 ( 9)  0.662
  17 L   0.18150 0.16541 0.14948 0.13342 0.11695 0.09961 0.08044 0.05583 0.01736 ( 1)  0.130
  18 W   0.16210 0.15268 0.14284 0.13232 0.12081 0.10775 0.09189 0.06860 0.02100 ( 1)  0.143
  19 P   0.22396 0.19315 0.16401 0.13614 0.10932 0.08326 0.05741 0.02977 0.00299 ( 1)  0.098
  20 S   0.00055 0.00484 0.01359 0.02740 0.04738 0.07566 0.11743 0.19373 0.51941 ( 9)  0.654
  21 K   0.00004 0.00104 0.00487 0.01386 0.03119 0.06190 0.11597 0.22638 0.54476 ( 9)  0.684
  22 Q   0.00001 0.00035 0.00175 0.00535 0.01304 0.02857 0.06105 0.14884 0.74104 ( 9)  0.825
  23 K   0.00119 0.01011 0.02747 0.05332 0.08797 0.13212 0.18715 0.25574 0.24494 ( 8)  0.443
  24 S   0.24552 0.20516 0.16826 0.13427 0.10293 0.07402 0.04721 0.02132 0.00131 ( 1)  0.088
  25 Q   0.00148 0.01237 0.03310 0.06309 0.10186 0.14879 0.20264 0.25732 0.17934 ( 8)  0.389
  26 W   0.16210 0.15268 0.14284 0.13232 0.12081 0.10775 0.09189 0.06860 0.02100 ( 1)  0.143
  27 E   0.26301 0.21219 0.16806 0.12960 0.09617 0.06723 0.04215 0.01960 0.00198 ( 1)  0.084
  28 I   0.03657 0.09352 0.13348 0.15793 0.16749 0.16206 0.14012 0.09404 0.01479 ( 5)  0.175
  29 F   0.03243 0.08449 0.12314 0.14931 0.16310 0.16390 0.14949 0.11066 0.02347 ( 6)  0.190
  30 M   0.24996 0.20766 0.16915 0.13389 0.10160 0.07209 0.04507 0.01956 0.00103 ( 1)  0.086
  31 E   0.04100 0.10217 0.14190 0.16311 0.16768 0.15682 0.13052 0.08380 0.01300 ( 5)  0.167
  32 Q   0.22333 0.19261 0.16362 0.13595 0.10936 0.08354 0.05793 0.03044 0.00321 ( 1)  0.098
  33 V   0.24075 0.20142 0.16580 0.13326 0.10348 0.07612 0.05067 0.02553 0.00298 ( 1)  0.092
  34 E   0.26301 0.21219 0.16806 0.12960 0.09617 0.06723 0.04215 0.01960 0.00198 ( 1)  0.084
  35 E   0.00206 0.01650 0.04203 0.07605 0.11603 0.15915 0.20137 0.23202 0.15478 ( 8)  0.360
  36 L   0.17099 0.15824 0.14539 0.13217 0.11831 0.10332 0.08617 0.06297 0.02244 ( 1)  0.140
  37 I   0.24729 0.20475 0.16665 0.13231 0.10133 0.07338 0.04796 0.02361 0.00272 ( 1)  0.090
  38 N   0.04274 0.10583 0.14590 0.16621 0.16894 0.15562 0.12667 0.07792 0.01017 ( 5)  0.161
  39 Q   0.02848 0.07584 0.11316 0.14081 0.15844 0.16491 0.15738 0.12537 0.03562 ( 6)  0.208
  40 K   0.26116 0.21149 0.16814 0.13014 0.09690 0.06792 0.04264 0.01973 0.00190 ( 1)  0.085
  41 I   0.27438 0.21744 0.16890 0.12745 0.09229 0.06274 0.03808 0.01703 0.00169 ( 1)  0.081
  42 A   0.03603 0.09209 0.13146 0.15576 0.16571 0.16136 0.14132 0.09813 0.01814 ( 5)  0.179
  43 E   0.04076 0.10158 0.14116 0.16241 0.16723 0.15681 0.13112 0.08505 0.01389 ( 5)  0.168
  44 Y   0.01989 0.05560 0.08751 0.11568 0.13970 0.15862 0.17016 0.16574 0.08712 ( 7)  0.270
  45 A   0.03586 0.09166 0.13087 0.15513 0.16521 0.16117 0.14166 0.09926 0.01918 ( 5)  0.181
  46 R   0.18559 0.16921 0.15274 0.13589 0.11832 0.09954 0.07841 0.05093 0.00937 ( 1)  0.120
  47 N   0.00011 0.00262 0.01130 0.02940 0.05985 0.10562 0.17063 0.26444 0.35603 ( 9)  0.540
  48 K   0.02782 0.07405 0.11056 0.13786 0.15575 0.16333 0.15810 0.13036 0.04217 ( 6)  0.216
  49 A   0.20989 0.18418 0.15961 0.13580 0.11246 0.08923 0.06531 0.03791 0.00561 ( 1)  0.107
  50 L   0.02840 0.07548 0.11242 0.13970 0.15706 0.16354 0.15653 0.12624 0.04062 ( 6)  0.213
  51 S   0.02758 0.07275 0.10771 0.13330 0.14974 0.15670 0.15271 0.13126 0.06826 ( 6)  0.238
  52 E   0.03776 0.09572 0.13544 0.15888 0.16710 0.16042 0.13779 0.09226 0.01462 ( 5)  0.173
  53 L   0.20472 0.18058 0.15746 0.13500 0.11293 0.09087 0.06805 0.04161 0.00878 ( 1)  0.112
  54 E   0.03214 0.08384 0.12237 0.14862 0.16266 0.16384 0.14988 0.11154 0.02512 ( 6)  0.192
  55 G   0.20030 0.17815 0.15666 0.13550 0.11439 0.09292 0.07024 0.04324 0.00859 ( 1)  0.113
  56 L   0.20789 0.18256 0.15843 0.13511 0.11233 0.08972 0.06651 0.03991 0.00756 ( 1)  0.109
  57 G   0.20565 0.18147 0.15823 0.13557 0.11321 0.09077 0.06745 0.04035 0.00730 ( 1)  0.110
  58 N   0.04274 0.10583 0.14590 0.16621 0.16894 0.15562 0.12667 0.07792 0.01017 ( 5)  0.161
  59 N   0.00135 0.01137 0.03052 0.05842 0.09493 0.14004 0.19386 0.25521 0.21428 ( 8)  0.417
  60 Y   0.00075 0.00653 0.01820 0.03643 0.06236 0.09818 0.14869 0.23057 0.39828 ( 9)  0.563
  61 Q   0.00005 0.00137 0.00640 0.01814 0.04057 0.07973 0.14659 0.27184 0.43530 ( 9)  0.607
  62 L   0.00129 0.01089 0.02929 0.05613 0.09120 0.13443 0.18586 0.24548 0.24543 ( 8)  0.441
  63 Y   0.22901 0.19536 0.16414 0.13488 0.10730 0.08110 0.05572 0.02919 0.00329 ( 1)  0.097
  64 L   0.02042 0.05661 0.08836 0.11584 0.13873 0.15626 0.16649 0.16204 0.09525 ( 7)  0.275
  65 T   0.02954 0.07806 0.11556 0.14264 0.15915 0.16419 0.15526 0.12254 0.03306 ( 6)  0.204
  66 A   0.02543 0.06874 0.10433 0.13243 0.15263 0.16381 0.16316 0.14037 0.04908 ( 6)  0.226
  67 L   0.22516 0.19346 0.16373 0.13554 0.10864 0.08273 0.05724 0.03013 0.00337 ( 1)  0.098
  68 E   0.03708 0.09427 0.13383 0.15761 0.16653 0.16083 0.13929 0.09471 0.01585 ( 5)  0.176
  69 E   0.00305 0.02362 0.05806 0.10066 0.14563 0.18635 0.21329 0.20348 0.06586 ( 7)  0.277
  70 W   0.16210 0.15268 0.14284 0.13232 0.12081 0.10775 0.09189 0.06860 0.02100 ( 1)  0.143
  71 K   0.00002 0.00050 0.00245 0.00738 0.01772 0.03804 0.07904 0.18255 0.67230 ( 9)  0.777
  72 E   0.03744 0.09364 0.13099 0.15242 0.15989 0.15464 0.13677 0.10142 0.03279 ( 5)  0.192
  73 N   0.27031 0.21636 0.16964 0.12909 0.09408 0.06410 0.03861 0.01656 0.00125 ( 1)  0.081
  74 P   0.02349 0.06445 0.09936 0.12824 0.15049 0.16476 0.16791 0.14865 0.05264 ( 7)  0.233
  75 N   0.02459 0.06708 0.10268 0.13134 0.15241 0.16450 0.16449 0.14157 0.05133 ( 6)  0.229
  76 G   0.00128 0.01109 0.03050 0.05962 0.09849 0.14688 0.20362 0.26199 0.18653 ( 8)  0.397
  77 S   0.03095 0.08058 0.11752 0.14285 0.15692 0.15945 0.14886 0.11784 0.04504 ( 6)  0.212
  78 R   0.24093 0.20233 0.16696 0.13431 0.10408 0.07602 0.04971 0.02371 0.00195 ( 1)  0.091
  79 A   0.01243 0.03646 0.06044 0.08463 0.10921 0.13442 0.16068 0.18911 0.21262 ( 9)  0.387
  80 L   0.00573 0.02103 0.04167 0.06779 0.09963 0.13761 0.18249 0.23486 0.20919 ( 8)  0.403
  81 R   0.02139 0.05911 0.09194 0.11994 0.14269 0.15917 0.16699 0.15734 0.08143 ( 7)  0.262
  82 D   0.03569 0.09113 0.13008 0.15428 0.16456 0.16107 0.14245 0.10110 0.01963 ( 5)  0.182
  83 V   0.22627 0.19352 0.16311 0.13459 0.10768 0.08208 0.05720 0.03102 0.00453 ( 1)  0.099
  84 R   0.00001 0.00030 0.00153 0.00474 0.01175 0.02621 0.05739 0.14517 0.75289 ( 9)  0.834
  85 N   0.02949 0.07820 0.11617 0.14383 0.16086 0.16615 0.15674 0.12169 0.02686 ( 6)  0.199
  86 R   0.02216 0.06130 0.09538 0.12439 0.14773 0.16412 0.17052 0.15582 0.05857 ( 7)  0.241
  87 F   0.03297 0.08574 0.12469 0.15076 0.16411 0.16413 0.14858 0.10818 0.02083 ( 6)  0.187
  88 E   0.00276 0.02163 0.05385 0.09475 0.13952 0.18247 0.21505 0.21520 0.07478 ( 8)  0.288
  89 I   0.00117 0.00990 0.02679 0.05181 0.08520 0.12760 0.18052 0.24799 0.26903 ( 9)  0.461
  90 L   0.19319 0.17240 0.15253 0.13323 0.11419 0.09501 0.07479 0.05029 0.01436 ( 1)  0.123
  91 D   0.03891 0.09813 0.13807 0.16093 0.16796 0.15969 0.13534 0.08844 0.01254 ( 5)  0.170
  92 S   0.00130 0.01106 0.03009 0.05838 0.09611 0.14354 0.20076 0.26471 0.19406 ( 8)  0.404
  93 L   0.00067 0.00612 0.01783 0.03714 0.06602 0.10753 0.16745 0.26158 0.33565 ( 9)  0.521
  94 F   0.25641 0.21017 0.16891 0.13193 0.09888 0.06946 0.04330 0.01938 0.00156 ( 1)  0.085
  95 T   0.00125 0.01057 0.02853 0.05499 0.09000 0.13389 0.18744 0.25178 0.24155 ( 8)  0.439
  96 Q   0.00084 0.00750 0.02141 0.04370 0.07600 0.12075 0.18218 0.26989 0.27774 ( 9)  0.475
  97 Y   0.00169 0.01395 0.03679 0.06901 0.10934 0.15613 0.20639 0.24971 0.15700 ( 8)  0.368
  98 M   0.03248 0.08492 0.12416 0.15091 0.16508 0.16576 0.15030 0.10848 0.01791 ( 6)  0.185
  99 P   0.22090 0.19133 0.16325 0.13626 0.11014 0.08458 0.05899 0.03120 0.00336 ( 1)  0.099
 100 S   0.22000 0.19060 0.16274 0.13603 0.11021 0.08497 0.05969 0.03210 0.00366 ( 1)  0.100
 101 F   0.25641 0.21017 0.16891 0.13193 0.09888 0.06946 0.04330 0.01938 0.00156 ( 1)  0.085
 102 R   0.00069 0.00612 0.01734 0.03529 0.06145 0.09849 0.15200 0.24019 0.38843 ( 9)  0.558
 103 V   0.03320 0.08550 0.12324 0.14791 0.16020 0.16011 0.14629 0.11135 0.03220 ( 5)  0.197
 104 T   0.00157 0.01298 0.03431 0.06455 0.10270 0.14753 0.19702 0.24459 0.19474 ( 8)  0.398
 105 N   0.00170 0.01380 0.03575 0.06590 0.10266 0.14435 0.18881 0.23141 0.21563 ( 8)  0.411
 106 F   0.00006 0.00141 0.00658 0.01855 0.04128 0.08070 0.14754 0.27172 0.43217 ( 9)  0.604
 107 E   0.26301 0.21219 0.16806 0.12960 0.09617 0.06723 0.04215 0.01960 0.00198 ( 1)  0.084
 108 V   0.25328 0.20723 0.16670 0.13083 0.09910 0.07106 0.04611 0.02278 0.00291 ( 1)  0.089
 109 P   0.22778 0.19541 0.16494 0.13598 0.10829 0.08162 0.05547 0.02800 0.00251 ( 1)  0.096
 110 F   0.02012 0.05572 0.08695 0.11404 0.13683 0.15468 0.16599 0.16418 0.10149 ( 7)  0.281
 111 L   0.20777 0.18113 0.15640 0.13313 0.11099 0.08954 0.06794 0.04324 0.00987 ( 1)  0.113
 112 T   0.00160 0.01324 0.03494 0.06566 0.10435 0.14978 0.19987 0.24746 0.18310 ( 8)  0.389
 113 V   0.24075 0.20142 0.16580 0.13326 0.10348 0.07612 0.05067 0.02553 0.00298 ( 1)  0.092
 114 Y   0.22901 0.19536 0.16414 0.13488 0.10730 0.08110 0.05572 0.02919 0.00329 ( 1)  0.097
 115 T   0.02729 0.07258 0.10831 0.13505 0.15270 0.16052 0.15636 0.13173 0.05546 ( 6)  0.227
 116 M   0.00078 0.00679 0.01901 0.03813 0.06526 0.10231 0.15332 0.23168 0.38273 ( 9)  0.551
 117 A   0.25176 0.20759 0.16802 0.13237 0.10029 0.07145 0.04545 0.02110 0.00197 ( 1)  0.087
 118 A   0.21296 0.18602 0.16038 0.13566 0.11159 0.08782 0.06363 0.03642 0.00551 ( 1)  0.105
 119 N   0.21561 0.18705 0.16022 0.13471 0.11023 0.08643 0.06263 0.03638 0.00674 ( 1)  0.106
 120 L   0.20699 0.18071 0.15626 0.13320 0.11120 0.08982 0.06824 0.04350 0.01008 ( 1)  0.113
 121 H   0.24976 0.20706 0.16842 0.13326 0.10128 0.07222 0.04575 0.02074 0.00150 ( 1)  0.087
 122 L   0.20043 0.17822 0.15671 0.13554 0.11445 0.09300 0.07034 0.04329 0.00802 ( 1)  0.113
 123 L   0.17715 0.16262 0.14807 0.13323 0.11781 0.10135 0.08281 0.05841 0.01855 ( 1)  0.133
 124 L   0.20841 0.18293 0.15865 0.13519 0.11229 0.08956 0.06624 0.03955 0.00717 ( 1)  0.109
 125 L   0.20841 0.18293 0.15865 0.13519 0.11229 0.08956 0.06624 0.03955 0.00717 ( 1)  0.109
 126 R   0.00069 0.00604 0.01686 0.03383 0.05822 0.09247 0.14215 0.22718 0.42256 ( 9)  0.582
 127 D   0.22546 0.19258 0.16226 0.13399 0.10747 0.08235 0.05802 0.03235 0.00553 ( 1)  0.101
 128 A   0.23071 0.19644 0.16464 0.13486 0.10684 0.08028 0.05468 0.02823 0.00332 ( 1)  0.096
 129 S   0.19345 0.17417 0.15512 0.13599 0.11648 0.09613 0.07396 0.04641 0.00830 ( 1)  0.116
 130 I   0.03398 0.08698 0.12455 0.14840 0.15943 0.15794 0.14302 0.10849 0.03722 ( 5)  0.200
 131 F   0.25641 0.21017 0.16891 0.13193 0.09888 0.06946 0.04330 0.01938 0.00156 ( 1)  0.085
 132 G   0.24010 0.20168 0.16654 0.13414 0.10417 0.07637 0.05028 0.02444 0.00228 ( 1)  0.091
 133 E   0.03409 0.08789 0.12672 0.15188 0.16386 0.16240 0.14572 0.10547 0.02197 ( 5)  0.186
 134 E   0.25019 0.20632 0.16722 0.13214 0.10064 0.07233 0.04670 0.02233 0.00213 ( 1)  0.088
 135 W   0.16210 0.15268 0.14284 0.13232 0.12081 0.10775 0.09189 0.06860 0.02100 ( 1)  0.143
 136 G   0.23509 0.19885 0.16548 0.13449 0.10558 0.07847 0.05268 0.02653 0.00284 ( 1)  0.094
 137 L   0.00002 0.00063 0.00304 0.00900 0.02121 0.04454 0.08992 0.19793 0.63371 ( 9)  0.750
 138 S   0.00138 0.01154 0.03073 0.05835 0.09396 0.13719 0.18772 0.24431 0.23483 ( 8)  0.431
 139 T   0.00005 0.00118 0.00546 0.01537 0.03420 0.06694 0.12313 0.23278 0.52089 ( 9)  0.667
 140 S   0.00002 0.00042 0.00205 0.00613 0.01463 0.03129 0.06503 0.15294 0.72750 ( 9)  0.815
 141 T   0.00001 0.00039 0.00193 0.00585 0.01417 0.03081 0.06526 0.15670 0.72487 ( 9)  0.814
 142 I   0.03344 0.08573 0.12299 0.14691 0.15836 0.15765 0.14387 0.11090 0.04014 ( 5)  0.204
 143 N   0.00160 0.01336 0.03558 0.06745 0.10812 0.15637 0.20966 0.25754 0.15032 ( 8)  0.365
 144 N   0.00044 0.00410 0.01227 0.02632 0.04832 0.08175 0.13390 0.22935 0.46355 ( 9)  0.617
 145 Y   0.02846 0.07557 0.11252 0.13979 0.15718 0.16377 0.15700 0.12706 0.03865 ( 6)  0.211
 146 Y   0.22901 0.19536 0.16414 0.13488 0.10730 0.08110 0.05572 0.02919 0.00329 ( 1)  0.097
 147 N   0.00224 0.01767 0.04444 0.07922 0.11881 0.15971 0.19732 0.22118 0.15941 ( 8)  0.360
 148 R   0.20640 0.18279 0.15977 0.13702 0.11424 0.09105 0.06660 0.03788 0.00425 ( 1)  0.106
 149 Q   0.20999 0.18470 0.16033 0.13651 0.11298 0.08937 0.06488 0.03675 0.00449 ( 1)  0.105
 150 M   0.02953 0.07860 0.11710 0.14526 0.16255 0.16756 0.15703 0.11935 0.02302 ( 6)  0.195
 151 K   0.00009 0.00165 0.00696 0.01876 0.04073 0.07843 0.14205 0.26098 0.45035 ( 9)  0.616
 152 L   0.02158 0.05905 0.09094 0.11752 0.13859 0.15351 0.16065 0.15393 0.10425 ( 7)  0.279
 153 T   0.02315 0.06330 0.09735 0.12544 0.14719 0.16154 0.16594 0.15078 0.06532 ( 7)  0.245
 154 A   0.22034 0.19049 0.16238 0.13559 0.10985 0.08483 0.05988 0.03267 0.00396 ( 1)  0.101
 155 E   0.00199 0.01613 0.04154 0.07595 0.11695 0.16161 0.20525 0.23475 0.14582 ( 8)  0.354
 156 Y   0.20917 0.18394 0.15971 0.13612 0.11290 0.08965 0.06559 0.03785 0.00506 ( 1)  0.106
 157 S   0.20500 0.18166 0.15896 0.13656 0.11418 0.09143 0.06747 0.03932 0.00542 ( 1)  0.108
 158 D   0.26630 0.21411 0.16881 0.12937 0.09519 0.06574 0.04048 0.01822 0.00176 ( 1)  0.083
 159 H   0.02206 0.06082 0.09432 0.12264 0.14533 0.16129 0.16793 0.15559 0.07002 ( 7)  0.251
 160 C   0.22330 0.19282 0.16395 0.13630 0.10963 0.08363 0.05776 0.02990 0.00271 ( 1)  0.098
 161 V   0.24433 0.20250 0.16524 0.13181 0.10175 0.07465 0.04994 0.02593 0.00385 ( 1)  0.093
 162 K   0.02835 0.07489 0.11101 0.13746 0.15430 0.16093 0.15528 0.12879 0.04899 ( 6)  0.220
 163 W   0.16210 0.15268 0.14284 0.13232 0.12081 0.10775 0.09189 0.06860 0.02100 ( 1)  0.143
 164 Y   0.22901 0.19536 0.16414 0.13488 0.10730 0.08110 0.05572 0.02919 0.00329 ( 1)  0.097
 165 E   0.00000 0.00012 0.00092 0.00379 0.01143 0.02932 0.07053 0.18457 0.69932 ( 9)  0.800
 166 T   0.23063 0.19661 0.16496 0.13521 0.10711 0.08039 0.05452 0.02773 0.00284 ( 1)  0.095
 167 G   0.20654 0.18243 0.15913 0.13629 0.11364 0.09077 0.06687 0.03897 0.00538 ( 1)  0.107
 168 L   0.20841 0.18293 0.15865 0.13519 0.11229 0.08956 0.06624 0.03955 0.00717 ( 1)  0.109
 169 A   0.02587 0.06884 0.10285 0.12861 0.14626 0.15552 0.15515 0.13930 0.07761 ( 6)  0.249
 170 K   0.00113 0.00932 0.02474 0.04713 0.07676 0.11470 0.16385 0.23437 0.32801 ( 9)  0.506
 171 L   0.20841 0.18293 0.15865 0.13519 0.11229 0.08956 0.06624 0.03955 0.00717 ( 1)  0.109
 172 K   0.26116 0.21149 0.16814 0.13014 0.09690 0.06792 0.04264 0.01973 0.00190 ( 1)  0.085
 173 G   0.21183 0.18522 0.15987 0.13542 0.11161 0.08810 0.06418 0.03730 0.00647 ( 1)  0.107
 174 S   0.00052 0.00461 0.01322 0.02732 0.04852 0.07979 0.12788 0.21731 0.48083 ( 9)  0.628
 175 S   0.03043 0.07905 0.11518 0.14011 0.15442 0.15806 0.14971 0.12243 0.05062 ( 6)  0.218
 176 A   0.23375 0.19825 0.16541 0.13477 0.10606 0.07901 0.05314 0.02678 0.00283 ( 1)  0.094
 177 K   0.00246 0.01960 0.04967 0.08907 0.13395 0.17938 0.21746 0.22621 0.08221 ( 8)  0.298
 178 Q   0.00045 0.00469 0.01509 0.03410 0.06481 0.11152 0.18110 0.28818 0.30005 ( 9)  0.499
 179 W   0.16210 0.15268 0.14284 0.13232 0.12081 0.10775 0.09189 0.06860 0.02100 ( 1)  0.143
 180 I   0.00122 0.01029 0.02781 0.05369 0.08809 0.13150 0.18498 0.25075 0.25168 ( 9)  0.447
 181 D   0.00006 0.00141 0.00639 0.01760 0.03828 0.07312 0.13095 0.23942 0.49277 ( 9)  0.645
 182 Y   0.22901 0.19536 0.16414 0.13488 0.10730 0.08110 0.05572 0.02919 0.00329 ( 1)  0.097
 183 N   0.00079 0.00686 0.01924 0.03870 0.06656 0.10521 0.15967 0.24589 0.35709 ( 9)  0.534
 184 Q   0.00017 0.00165 0.00519 0.01184 0.02337 0.04328 0.08005 0.16841 0.66604 ( 9)  0.768
 185 F   0.18185 0.16658 0.15117 0.13534 0.11874 0.10087 0.08058 0.05373 0.01113 ( 1)  0.124
 186 R   0.19814 0.17744 0.15703 0.13659 0.11584 0.09434 0.07114 0.04291 0.00657 ( 1)  0.112
 187 R   0.24093 0.20233 0.16696 0.13431 0.10408 0.07602 0.04971 0.02371 0.00195 ( 1)  0.091
 188 E   0.26301 0.21219 0.16806 0.12960 0.09617 0.06723 0.04215 0.01960 0.00198 ( 1)  0.084
 189 M   0.24996 0.20766 0.16915 0.13389 0.10160 0.07209 0.04507 0.01956 0.00103 ( 1)  0.086
 190 T   0.24850 0.20605 0.16777 0.13302 0.10146 0.07281 0.04666 0.02177 0.00195 ( 1)  0.088
 191 L   0.17897 0.16350 0.14818 0.13271 0.11684 0.10011 0.08158 0.05775 0.02035 ( 1)  0.134
 192 T   0.00000 0.00002 0.00016 0.00074 0.00253 0.00751 0.02190 0.07931 0.88783 ( 9)  0.927
 193 V   0.21032 0.18340 0.15807 0.13393 0.11072 0.08810 0.06537 0.04007 0.01001 ( 1)  0.111
 194 L   0.20841 0.18293 0.15865 0.13519 0.11229 0.08956 0.06624 0.03955 0.00717 ( 1)  0.109
 195 D   0.27143 0.21667 0.16945 0.12864 0.09358 0.06370 0.03844 0.01669 0.00140 ( 1)  0.081
 196 V   0.00131 0.01106 0.02975 0.05707 0.09285 0.13706 0.18975 0.25008 0.23105 ( 8)  0.430
 197 V   0.02683 0.07103 0.10558 0.13124 0.14819 0.15609 0.15350 0.13410 0.07344 ( 6)  0.243
 198 A   0.03100 0.08124 0.11921 0.14570 0.16071 0.16352 0.15181 0.11623 0.03058 ( 6)  0.199
 199 L   0.20841 0.18293 0.15865 0.13519 0.11229 0.08956 0.06624 0.03955 0.00717 ( 1)  0.109
 200 F   0.25225 0.20792 0.16818 0.13237 0.10013 0.07119 0.04515 0.02088 0.00192 ( 1)  0.087
 201 S   0.00142 0.01184 0.03146 0.05959 0.09561 0.13893 0.18879 0.24267 0.22968 ( 8)  0.427
 202 N   0.00000 0.00002 0.00020 0.00090 0.00299 0.00865 0.02447 0.08478 0.87797 ( 9)  0.921

Positively selected sites

	Prob(w>1)  mean w



lnL = -2081.812615

Bayes Empirical Bayes (BEB) probabilities for 11 classes (class) & postmean_w
(amino acids refer to 1st sequence: BT_Cry8Ba1)

   1 P   0.76382 0.13021 0.05397 0.02534 0.01270 0.00662 0.00354 0.00191 0.00100 0.00047 0.00041 ( 1)  0.095 +-  0.108
   2 F   0.79968 0.11878 0.04394 0.01896 0.00899 0.00456 0.00242 0.00131 0.00070 0.00033 0.00033 ( 1)  0.086 +-  0.095
   3 V   0.45397 0.20793 0.13307 0.08213 0.05015 0.03053 0.01850 0.01105 0.00633 0.00320 0.00314 ( 1)  0.189 +-  0.193
   4 G   0.73155 0.13530 0.06133 0.03159 0.01735 0.00990 0.00576 0.00336 0.00189 0.00094 0.00103 ( 1)  0.107 +-  0.130
   5 P   0.23662 0.15560 0.14004 0.11813 0.09579 0.07530 0.05739 0.04205 0.02890 0.01712 0.03305 ( 1)  0.358 +-  0.334
   6 I   0.81782 0.11101 0.03884 0.01633 0.00769 0.00391 0.00209 0.00114 0.00061 0.00029 0.00026 ( 1)  0.082 +-  0.089
   7 V   0.35524 0.18992 0.14150 0.10097 0.07077 0.04910 0.03368 0.02262 0.01449 0.00815 0.01356 ( 1)  0.256 +-  0.265
   8 S   0.75569 0.13116 0.05581 0.02704 0.01400 0.00755 0.00416 0.00229 0.00123 0.00058 0.00049 ( 1)  0.098 +-  0.113
   9 L   0.42076 0.20446 0.13816 0.08950 0.05706 0.03610 0.02266 0.01397 0.00825 0.00430 0.00479 ( 1)  0.207 +-  0.210
  10 Y   0.77726 0.12572 0.05025 0.02307 0.01141 0.00591 0.00314 0.00168 0.00087 0.00040 0.00029 ( 1)  0.092 +-  0.102
  11 T   0.46071 0.20924 0.13219 0.08032 0.04826 0.02897 0.01740 0.01036 0.00597 0.00306 0.00352 ( 1)  0.186 +-  0.192
  12 Q   0.00002 0.00091 0.00579 0.01697 0.03381 0.05312 0.07052 0.08153 0.08175 0.06451 0.59106 (11)  1.358 +-  0.749
  13 L   0.38666 0.20030 0.14330 0.09745 0.06468 0.04227 0.02719 0.01706 0.01019 0.00534 0.00555 ( 1)  0.224 +-  0.220
  14 I   0.43605 0.20631 0.13632 0.08659 0.05416 0.03359 0.02062 0.01240 0.00712 0.00359 0.00325 ( 1)  0.197 +-  0.198
  15 D   0.51966 0.21160 0.12084 0.06700 0.03698 0.02047 0.01134 0.00622 0.00329 0.00154 0.00106 ( 1)  0.157 +-  0.159
  16 I   0.00789 0.03990 0.08485 0.11918 0.13579 0.13580 0.12338 0.10295 0.07775 0.04839 0.12412 ( 6)  0.674 +-  0.425
  17 L   0.68525 0.14019 0.07040 0.04010 0.02429 0.01521 0.00967 0.00612 0.00373 0.00199 0.00304 ( 1)  0.127 +-  0.167
  18 W   0.64512 0.14630 0.07978 0.04832 0.03052 0.01960 0.01258 0.00792 0.00475 0.00247 0.00265 ( 1)  0.140 +-  0.173
  19 P   0.77264 0.12836 0.05182 0.02370 0.01155 0.00586 0.00304 0.00159 0.00081 0.00036 0.00026 ( 1)  0.092 +-  0.102
  20 S   0.03038 0.05647 0.08112 0.09395 0.09832 0.09675 0.09065 0.08057 0.06626 0.04562 0.25990 (11)  0.846 +-  0.685
  21 K   0.00835 0.03925 0.07894 0.10717 0.12052 0.12118 0.11239 0.09690 0.07630 0.04977 0.18922 (11)  0.763 +-  0.544
  22 Q   0.00254 0.01469 0.03567 0.05754 0.07564 0.08755 0.09226 0.08935 0.07822 0.05593 0.41061 (11)  1.124 +-  0.804
  23 K   0.07015 0.11498 0.14594 0.14747 0.13288 0.11135 0.08819 0.06605 0.04585 0.02715 0.05001 ( 4)  0.480 +-  0.346
  24 S   0.80492 0.11946 0.04320 0.01778 0.00784 0.00362 0.00172 0.00083 0.00039 0.00016 0.00009 ( 1)  0.083 +-  0.085
  25 Q   0.08707 0.13505 0.16233 0.15529 0.13248 0.10517 0.07899 0.05617 0.03711 0.02107 0.02925 ( 3)  0.427 +-  0.302
  26 W   0.64512 0.14630 0.07978 0.04832 0.03052 0.01960 0.01258 0.00792 0.00475 0.00247 0.00265 ( 1)  0.140 +-  0.173
  27 E   0.81950 0.11098 0.03859 0.01602 0.00740 0.00367 0.00190 0.00100 0.00052 0.00024 0.00018 ( 1)  0.081 +-  0.086
  28 I   0.49906 0.21224 0.12565 0.07173 0.04058 0.02297 0.01301 0.00730 0.00396 0.00191 0.00158 ( 1)  0.166 +-  0.169
  29 F   0.45711 0.20838 0.13281 0.08165 0.04964 0.03005 0.01808 0.01069 0.00604 0.00301 0.00253 ( 1)  0.186 +-  0.188
  30 M   0.81155 0.11761 0.04140 0.01655 0.00708 0.00317 0.00146 0.00068 0.00032 0.00013 0.00006 ( 1)  0.081 +-  0.081
  31 E   0.53157 0.20882 0.11650 0.06396 0.03539 0.01983 0.01121 0.00630 0.00343 0.00165 0.00134 ( 1)  0.155 +-  0.161
  32 Q   0.77081 0.12847 0.05222 0.02410 0.01188 0.00609 0.00320 0.00169 0.00087 0.00039 0.00028 ( 1)  0.093 +-  0.103
  33 V   0.79267 0.12053 0.04591 0.02038 0.00987 0.00507 0.00270 0.00145 0.00076 0.00036 0.00030 ( 1)  0.088 +-  0.097
  34 E   0.81950 0.11098 0.03859 0.01602 0.00740 0.00367 0.00190 0.00100 0.00052 0.00024 0.00018 ( 1)  0.081 +-  0.086
  35 E   0.11691 0.15663 0.16831 0.14839 0.11971 0.09182 0.06781 0.04810 0.03207 0.01858 0.03167 ( 3)  0.403 +-  0.317
  36 L   0.66142 0.14247 0.07496 0.04447 0.02789 0.01800 0.01174 0.00760 0.00472 0.00256 0.00418 ( 1)  0.138 +-  0.183
  37 I   0.80105 0.11766 0.04357 0.01896 0.00907 0.00463 0.00246 0.00132 0.00070 0.00032 0.00027 ( 1)  0.086 +-  0.094
  38 N   0.54716 0.20945 0.11338 0.06029 0.03230 0.01755 0.00963 0.00526 0.00278 0.00130 0.00090 ( 1)  0.148 +-  0.152
  39 Q   0.41631 0.20408 0.13885 0.09040 0.05784 0.03670 0.02310 0.01431 0.00850 0.00446 0.00545 ( 1)  0.210 +-  0.215
  40 K   0.81810 0.11187 0.03904 0.01617 0.00742 0.00365 0.00188 0.00098 0.00050 0.00023 0.00017 ( 1)  0.081 +-  0.085
  41 I   0.83211 0.10599 0.03507 0.01407 0.00637 0.00313 0.00162 0.00085 0.00044 0.00020 0.00015 ( 1)  0.078 +-  0.081
  42 A   0.49056 0.20968 0.12602 0.07365 0.04291 0.02509 0.01468 0.00849 0.00472 0.00232 0.00189 ( 1)  0.171 +-  0.175
  43 E   0.52865 0.20831 0.11689 0.06465 0.03606 0.02038 0.01161 0.00658 0.00361 0.00176 0.00152 ( 1)  0.157 +-  0.164
  44 Y   0.31010 0.18038 0.14478 0.11001 0.08115 0.05861 0.04142 0.02840 0.01841 0.01041 0.01633 ( 1)  0.286 +-  0.280
  45 A   0.48809 0.20898 0.12614 0.07418 0.04355 0.02567 0.01514 0.00883 0.00494 0.00244 0.00204 ( 1)  0.173 +-  0.178
  46 R   0.70127 0.14185 0.06918 0.03767 0.02150 0.01255 0.00735 0.00425 0.00235 0.00113 0.00090 ( 1)  0.116 +-  0.138
  47 N   0.02141 0.07713 0.12480 0.14110 0.13609 0.12029 0.10019 0.07901 0.05788 0.03602 0.10609 ( 4)  0.605 +-  0.449
  48 K   0.40532 0.20007 0.13849 0.09237 0.06079 0.03971 0.02569 0.01629 0.00985 0.00524 0.00618 ( 1)  0.218 +-  0.222
  49 A   0.74571 0.13311 0.05828 0.02901 0.01539 0.00846 0.00474 0.00265 0.00143 0.00067 0.00055 ( 1)  0.101 +-  0.118
  50 L   0.41307 0.20184 0.13765 0.09031 0.05849 0.03772 0.02421 0.01532 0.00931 0.00501 0.00708 ( 1)  0.215 +-  0.225
  51 S   0.39288 0.19042 0.13215 0.09031 0.06212 0.04314 0.03006 0.02071 0.01369 0.00796 0.01654 ( 1)  0.246 +-  0.280
  52 E   0.50660 0.21058 0.12317 0.07005 0.03970 0.02256 0.01283 0.00722 0.00392 0.00188 0.00149 ( 1)  0.164 +-  0.167
  53 L   0.73351 0.13393 0.06040 0.03119 0.01728 0.01000 0.00592 0.00352 0.00202 0.00102 0.00122 ( 1)  0.107 +-  0.132
  54 E   0.45401 0.20794 0.13310 0.08215 0.05015 0.03051 0.01848 0.01102 0.00631 0.00319 0.00313 ( 1)  0.189 +-  0.193
  55 G   0.72718 0.13600 0.06230 0.03241 0.01797 0.01034 0.00607 0.00356 0.00202 0.00101 0.00115 ( 1)  0.109 +-  0.133
  56 L   0.73964 0.13303 0.05915 0.03011 0.01644 0.00936 0.00545 0.00318 0.00179 0.00089 0.00095 ( 1)  0.105 +-  0.127
  57 G   0.73720 0.13425 0.06001 0.03053 0.01659 0.00937 0.00541 0.00312 0.00175 0.00086 0.00092 ( 1)  0.105 +-  0.126
  58 N   0.54716 0.20945 0.11338 0.06029 0.03230 0.01755 0.00963 0.00526 0.00278 0.00130 0.00090 ( 1)  0.148 +-  0.152
  59 N   0.07935 0.12498 0.15340 0.15057 0.13222 0.10823 0.08387 0.06153 0.04188 0.02439 0.03958 ( 3)  0.454 +-  0.325
  60 Y   0.04365 0.07880 0.10973 0.12180 0.12072 0.11136 0.09712 0.08005 0.06104 0.03923 0.13648 (11)  0.641 +-  0.501
  61 Q   0.01121 0.05162 0.10144 0.13304 0.14286 0.13575 0.11808 0.09499 0.06962 0.04248 0.09889 ( 5)  0.625 +-  0.400
  62 L   0.07568 0.11964 0.14661 0.14399 0.12727 0.10567 0.08371 0.06325 0.04463 0.02703 0.06253 ( 3)  0.491 +-  0.383
  63 Y   0.77726 0.12572 0.05025 0.02307 0.01141 0.00591 0.00314 0.00168 0.00087 0.00040 0.00029 ( 1)  0.092 +-  0.102
  64 L   0.31365 0.17844 0.14145 0.10712 0.07938 0.05797 0.04164 0.02912 0.01931 0.01118 0.02074 ( 1)  0.292 +-  0.298
  65 T   0.42599 0.20425 0.13692 0.08838 0.05630 0.03563 0.02235 0.01375 0.00808 0.00417 0.00419 ( 1)  0.204 +-  0.206
  66 A   0.37962 0.19692 0.14217 0.09814 0.06637 0.04429 0.02912 0.01868 0.01140 0.00609 0.00719 ( 1)  0.232 +-  0.232
  67 L   0.77266 0.12752 0.05159 0.02381 0.01178 0.00609 0.00322 0.00172 0.00089 0.00041 0.00030 ( 1)  0.093 +-  0.103
  68 E   0.50017 0.21020 0.12437 0.07156 0.04102 0.02357 0.01354 0.00769 0.00421 0.00204 0.00165 ( 1)  0.167 +-  0.171
  69 E   0.17417 0.20519 0.19224 0.14719 0.10322 0.06914 0.04490 0.02827 0.01691 0.00896 0.00981 ( 2)  0.312 +-  0.244
  70 W   0.64512 0.14630 0.07978 0.04832 0.03052 0.01960 0.01258 0.00792 0.00475 0.00247 0.00265 ( 1)  0.140 +-  0.173
  71 K   0.00404 0.02239 0.05228 0.08101 0.10207 0.11296 0.11348 0.10448 0.08674 0.05869 0.26186 (11)  0.878 +-  0.577
  72 E   0.48736 0.19906 0.11969 0.07274 0.04533 0.02885 0.01855 0.01183 0.00726 0.00392 0.00542 ( 1)  0.185 +-  0.207
  73 N   0.83077 0.10808 0.03564 0.01393 0.00605 0.00283 0.00139 0.00070 0.00035 0.00015 0.00010 ( 1)  0.078 +-  0.078
  74 P   0.35919 0.19505 0.14586 0.10319 0.07088 0.04772 0.03149 0.02021 0.01231 0.00657 0.00755 ( 1)  0.242 +-  0.235
  75 N   0.37291 0.19739 0.14366 0.09929 0.06708 0.04475 0.02950 0.01904 0.01172 0.00635 0.00831 ( 1)  0.236 +-  0.237
  76 G   0.07865 0.13056 0.16204 0.15711 0.13462 0.10698 0.08040 0.05730 0.03802 0.02172 0.03260 ( 3)  0.437 +-  0.309
  77 S   0.43351 0.19949 0.13060 0.08394 0.05429 0.03553 0.02342 0.01533 0.00968 0.00539 0.00882 ( 1)  0.212 +-  0.233
  78 R   0.79678 0.12114 0.04525 0.01937 0.00893 0.00433 0.00216 0.00110 0.00054 0.00024 0.00015 ( 1)  0.086 +-  0.091
  79 A   0.20018 0.13746 0.12858 0.11281 0.09545 0.07866 0.06316 0.04901 0.03582 0.02257 0.07628 ( 1)  0.450 +-  0.468
  80 L   0.12625 0.12899 0.14467 0.13841 0.12106 0.09958 0.07787 0.05777 0.03980 0.02346 0.04214 ( 3)  0.436 +-  0.342
  81 R   0.32832 0.18404 0.14299 0.10576 0.07642 0.05441 0.03815 0.02610 0.01699 0.00969 0.01713 ( 1)  0.276 +-  0.283
  82 D   0.48493 0.20807 0.12654 0.07514 0.04451 0.02641 0.01563 0.00911 0.00509 0.00251 0.00205 ( 1)  0.175 +-  0.179
  83 V   0.77126 0.12632 0.05141 0.02418 0.01232 0.00661 0.00366 0.00205 0.00112 0.00054 0.00052 ( 1)  0.094 +-  0.109
  84 R   0.00236 0.01426 0.03588 0.05962 0.08024 0.09451 0.10073 0.09810 0.08586 0.06095 0.36751 (11)  1.033 +-  0.665
  85 N   0.42885 0.20721 0.13883 0.08877 0.05555 0.03428 0.02084 0.01238 0.00700 0.00348 0.00281 ( 1)  0.199 +-  0.195
  86 R   0.34250 0.19150 0.14720 0.10675 0.07492 0.05133 0.03434 0.02225 0.01363 0.00729 0.00829 ( 1)  0.252 +-  0.242
  87 F   0.46353 0.20964 0.13230 0.08038 0.04821 0.02874 0.01701 0.00989 0.00550 0.00269 0.00210 ( 1)  0.182 +-  0.183
  88 E   0.15844 0.19480 0.19026 0.15125 0.10949 0.07518 0.04971 0.03163 0.01900 0.01005 0.01020 ( 2)  0.326 +-  0.246
  89 I   0.06816 0.11080 0.14013 0.14190 0.12881 0.10929 0.08803 0.06732 0.04788 0.02909 0.06861 ( 4)  0.510 +-  0.393
  90 L   0.70608 0.13616 0.06568 0.03642 0.02165 0.01337 0.00839 0.00524 0.00315 0.00165 0.00221 ( 1)  0.119 +-  0.154
  91 D   0.51706 0.21104 0.12115 0.06765 0.03765 0.02101 0.01173 0.00648 0.00345 0.00163 0.00114 ( 1)  0.159 +-  0.161
  92 S   0.07746 0.12639 0.15811 0.15599 0.13619 0.10994 0.08350 0.05979 0.03962 0.02247 0.03054 ( 3)  0.440 +-  0.303
  93 L   0.04220 0.08461 0.12406 0.13976 0.13702 0.12275 0.10257 0.08022 0.05765 0.03488 0.07428 ( 4)  0.551 +-  0.380
  94 F   0.81614 0.11417 0.03972 0.01611 0.00716 0.00340 0.00169 0.00086 0.00043 0.00019 0.00012 ( 1)  0.081 +-  0.083
  95 T   0.07334 0.11779 0.14693 0.14641 0.13056 0.10867 0.08581 0.06431 0.04482 0.02674 0.05462 ( 3)  0.482 +-  0.361
  96 Q   0.05189 0.09802 0.13724 0.14846 0.14012 0.12101 0.09755 0.07364 0.05112 0.03003 0.05092 ( 4)  0.503 +-  0.339
  97 Y   0.09902 0.14651 0.16874 0.15542 0.12835 0.09918 0.07291 0.05102 0.03334 0.01885 0.02666 ( 3)  0.409 +-  0.298
  98 M   0.46184 0.21177 0.13431 0.08130 0.04818 0.02820 0.01630 0.00922 0.00498 0.00236 0.00153 ( 1)  0.180 +-  0.177
  99 P   0.76751 0.12955 0.05313 0.02467 0.01220 0.00627 0.00330 0.00174 0.00090 0.00041 0.00031 ( 1)  0.094 +-  0.104
 100 S   0.76501 0.12972 0.05368 0.02522 0.01264 0.00659 0.00351 0.00188 0.00097 0.00045 0.00032 ( 1)  0.095 +-  0.106
 101 F   0.81614 0.11417 0.03972 0.01611 0.00716 0.00340 0.00169 0.00086 0.00043 0.00019 0.00012 ( 1)  0.081 +-  0.083
 102 R   0.04142 0.07823 0.11227 0.12686 0.12668 0.11678 0.10111 0.08230 0.06171 0.03890 0.11374 ( 4)  0.611 +-  0.455
 103 V   0.45675 0.20287 0.12878 0.08041 0.05041 0.03182 0.02011 0.01255 0.00751 0.00396 0.00484 ( 1)  0.194 +-  0.207
 104 T   0.09129 0.13658 0.15934 0.14934 0.12618 0.10034 0.07635 0.05559 0.03794 0.02240 0.04465 ( 3)  0.446 +-  0.349
 105 N   0.09663 0.13679 0.15407 0.14218 0.12029 0.09708 0.07568 0.05679 0.04005 0.02439 0.05604 ( 3)  0.460 +-  0.370
 106 F   0.01157 0.05257 0.10239 0.13350 0.14280 0.13537 0.11759 0.09453 0.06927 0.04228 0.09812 ( 5)  0.622 +-  0.398
 107 E   0.81950 0.11098 0.03859 0.01602 0.00740 0.00367 0.00190 0.00100 0.00052 0.00024 0.00018 ( 1)  0.081 +-  0.086
 108 V   0.80647 0.11485 0.04192 0.01822 0.00879 0.00455 0.00246 0.00135 0.00072 0.00034 0.00031 ( 1)  0.085 +-  0.094
 109 P   0.77899 0.12689 0.05020 0.02249 0.01075 0.00535 0.00273 0.00140 0.00070 0.00031 0.00020 ( 1)  0.090 +-  0.098
 110 F   0.30790 0.17559 0.14039 0.10756 0.08071 0.05963 0.04327 0.03051 0.02037 0.01184 0.02224 ( 1)  0.299 +-  0.304
 111 L   0.73231 0.13152 0.06002 0.03186 0.01824 0.01087 0.00658 0.00396 0.00229 0.00115 0.00119 ( 1)  0.109 +-  0.135
 112 T   0.09319 0.13890 0.16183 0.15145 0.12755 0.10082 0.07600 0.05465 0.03674 0.02134 0.03752 ( 3)  0.433 +-  0.329
 113 V   0.79267 0.12053 0.04591 0.02038 0.00987 0.00507 0.00270 0.00145 0.00076 0.00036 0.00030 ( 1)  0.088 +-  0.097
 114 Y   0.77726 0.12572 0.05025 0.02307 0.01141 0.00591 0.00314 0.00168 0.00087 0.00040 0.00029 ( 1)  0.092 +-  0.102
 115 T   0.39578 0.19552 0.13624 0.09212 0.06193 0.04166 0.02798 0.01855 0.01181 0.00664 0.01174 ( 1)  0.234 +-  0.254
 116 M   0.04553 0.08249 0.11354 0.12372 0.12022 0.10901 0.09389 0.07685 0.05851 0.03776 0.13849 (11)  0.638 +-  0.507
 117 A   0.80934 0.11611 0.04154 0.01732 0.00791 0.00386 0.00196 0.00102 0.00052 0.00024 0.00017 ( 1)  0.083 +-  0.087
 118 A   0.75087 0.13184 0.05687 0.02797 0.01472 0.00806 0.00451 0.00253 0.00138 0.00066 0.00059 ( 1)  0.100 +-  0.117
 119 N   0.75233 0.13003 0.05590 0.02771 0.01483 0.00833 0.00481 0.00280 0.00158 0.00079 0.00089 ( 1)  0.101 +-  0.121
 120 L   0.73114 0.13180 0.06028 0.03204 0.01836 0.01096 0.00665 0.00401 0.00233 0.00118 0.00125 ( 1)  0.109 +-  0.136
 121 H   0.80895 0.11731 0.04188 0.01722 0.00767 0.00361 0.00177 0.00088 0.00043 0.00018 0.00011 ( 1)  0.082 +-  0.085
 122 L   0.72749 0.13609 0.06239 0.03246 0.01797 0.01030 0.00600 0.00348 0.00195 0.00095 0.00091 ( 1)  0.108 +-  0.130
 123 L   0.67653 0.14153 0.07235 0.04176 0.02554 0.01611 0.01029 0.00653 0.00399 0.00213 0.00324 ( 1)  0.130 +-  0.170
 124 L   0.74090 0.13296 0.05894 0.02990 0.01626 0.00921 0.00533 0.00308 0.00173 0.00085 0.00084 ( 1)  0.104 +-  0.125
 125 L   0.74090 0.13296 0.05894 0.02990 0.01626 0.00921 0.00533 0.00308 0.00173 0.00085 0.00084 ( 1)  0.104 +-  0.125
 126 R   0.04042 0.07373 0.10464 0.11880 0.12037 0.11323 0.10032 0.08368 0.06429 0.04141 0.13910 (11)  0.650 +-  0.491
 127 D   0.76764 0.12616 0.05201 0.02493 0.01301 0.00716 0.00408 0.00234 0.00131 0.00065 0.00071 ( 1)  0.096 +-  0.114
 128 A   0.78031 0.12502 0.04939 0.02242 0.01098 0.00566 0.00301 0.00162 0.00085 0.00040 0.00034 ( 1)  0.091 +-  0.101
 129 S   0.71621 0.13904 0.06548 0.03467 0.01937 0.01113 0.00647 0.00373 0.00206 0.00100 0.00086 ( 1)  0.111 +-  0.132
 130 I   0.46168 0.20098 0.12570 0.07801 0.04913 0.03147 0.02037 0.01311 0.00813 0.00446 0.00696 ( 1)  0.197 +-  0.220
 131 F   0.81614 0.11417 0.03972 0.01611 0.00716 0.00340 0.00169 0.00086 0.00043 0.00019 0.00012 ( 1)  0.081 +-  0.083
 132 G   0.79465 0.12131 0.04570 0.01981 0.00929 0.00459 0.00234 0.00121 0.00062 0.00028 0.00019 ( 1)  0.087 +-  0.093
 133 E   0.47151 0.20826 0.12949 0.07814 0.04686 0.02810 0.01680 0.00990 0.00560 0.00280 0.00255 ( 1)  0.181 +-  0.185
 134 E   0.80562 0.11673 0.04256 0.01815 0.00846 0.00419 0.00215 0.00112 0.00057 0.00026 0.00019 ( 1)  0.084 +-  0.090
 135 W   0.64512 0.14630 0.07978 0.04832 0.03052 0.01960 0.01258 0.00792 0.00475 0.00247 0.00265 ( 1)  0.140 +-  0.173
 136 G   0.78686 0.12328 0.04771 0.02124 0.01022 0.00518 0.00271 0.00144 0.00075 0.00034 0.00027 ( 1)  0.089 +-  0.098
 137 L   0.00496 0.02621 0.05870 0.08762 0.10678 0.11470 0.11225 0.10105 0.08233 0.05500 0.25039 (11)  0.870 +-  0.620
 138 S   0.08008 0.12340 0.14877 0.14440 0.12641 0.10406 0.08182 0.06143 0.04312 0.02603 0.06047 ( 3)  0.484 +-  0.387
 139 T   0.00937 0.04266 0.08359 0.11074 0.12171 0.11988 0.10934 0.09314 0.07283 0.04749 0.18924 (11)  0.757 +-  0.545
 140 S   0.00303 0.01656 0.03854 0.06031 0.07767 0.08870 0.09267 0.08924 0.07783 0.05552 0.39993 (11)  1.105 +-  0.798
 141 T   0.00295 0.01674 0.04011 0.06395 0.08311 0.09508 0.09900 0.09471 0.08186 0.05775 0.36475 (11)  1.038 +-  0.710
 142 I   0.45534 0.19970 0.12617 0.07923 0.05052 0.03275 0.02142 0.01392 0.00870 0.00480 0.00746 ( 1)  0.201 +-  0.224
 143 N   0.09471 0.14434 0.16996 0.15876 0.13192 0.10182 0.07426 0.05127 0.03289 0.01820 0.02187 ( 3)  0.406 +-  0.284
 144 N   0.02761 0.06058 0.09549 0.11525 0.12109 0.11645 0.10465 0.08813 0.06820 0.04411 0.15843 (11)  0.693 +-  0.515
 145 Y   0.41342 0.20193 0.13796 0.09075 0.05890 0.03799 0.02429 0.01524 0.00914 0.00482 0.00556 ( 1)  0.213 +-  0.217
 146 Y   0.77726 0.12572 0.05025 0.02307 0.01141 0.00591 0.00314 0.00168 0.00087 0.00040 0.00029 ( 1)  0.092 +-  0.102
 147 N   0.12528 0.16090 0.16677 0.14342 0.11431 0.08764 0.06532 0.04708 0.03204 0.01898 0.03825 ( 3)  0.407 +-  0.339
 148 R   0.74369 0.13551 0.05956 0.02932 0.01519 0.00808 0.00433 0.00231 0.00118 0.00053 0.00032 ( 1)  0.100 +-  0.113
 149 Q   0.74846 0.13373 0.05805 0.02842 0.01474 0.00789 0.00428 0.00231 0.00121 0.00055 0.00037 ( 1)  0.100 +-  0.113
 150 M   0.43304 0.21009 0.13984 0.08817 0.05412 0.03267 0.01941 0.01126 0.00622 0.00303 0.00215 ( 1)  0.194 +-  0.188
 151 K   0.01291 0.05199 0.09922 0.12879 0.13812 0.13193 0.11592 0.09455 0.07045 0.04373 0.11237 ( 5)  0.641 +-  0.417
 152 L   0.32414 0.17732 0.13660 0.10180 0.07519 0.05536 0.04049 0.02907 0.01991 0.01193 0.02820 ( 1)  0.299 +-  0.326
 153 T   0.35067 0.18988 0.14312 0.10298 0.07247 0.05023 0.03425 0.02276 0.01437 0.00794 0.01133 ( 1)  0.255 +-  0.256
 154 A   0.76406 0.12930 0.05377 0.02551 0.01295 0.00684 0.00369 0.00200 0.00104 0.00048 0.00035 ( 1)  0.095 +-  0.108
 155 E   0.11503 0.15829 0.17176 0.15102 0.12060 0.09121 0.06637 0.04645 0.03063 0.01763 0.03101 ( 3)  0.400 +-  0.318
 156 Y   0.74555 0.13369 0.05856 0.02905 0.01531 0.00833 0.00460 0.00253 0.00134 0.00062 0.00042 ( 1)  0.101 +-  0.116
 157 S   0.73949 0.13549 0.06020 0.03012 0.01595 0.00871 0.00482 0.00266 0.00141 0.00066 0.00049 ( 1)  0.103 +-  0.118
 158 D   0.82462 0.10959 0.03719 0.01505 0.00680 0.00332 0.00170 0.00089 0.00046 0.00021 0.00017 ( 1)  0.080 +-  0.083
 159 H   0.33812 0.18773 0.14437 0.10553 0.07518 0.05261 0.03614 0.02416 0.01532 0.00849 0.01235 ( 1)  0.263 +-  0.261
 160 C   0.77201 0.12879 0.05213 0.02384 0.01158 0.00583 0.00299 0.00154 0.00076 0.00034 0.00020 ( 1)  0.092 +-  0.100
 161 V   0.79386 0.11841 0.04514 0.02041 0.01019 0.00544 0.00302 0.00170 0.00093 0.00045 0.00045 ( 1)  0.089 +-  0.101
 162 K   0.40687 0.19722 0.13549 0.09053 0.06015 0.03994 0.02642 0.01722 0.01076 0.00592 0.00948 ( 1)  0.225 +-  0.242
 163 W   0.64512 0.14630 0.07978 0.04832 0.03052 0.01960 0.01258 0.00792 0.00475 0.00247 0.00265 ( 1)  0.140 +-  0.173
 164 Y   0.77726 0.12572 0.05025 0.02307 0.01141 0.00591 0.00314 0.00168 0.00087 0.00040 0.00029 ( 1)  0.092 +-  0.102
 165 E   0.00114 0.01457 0.04456 0.07776 0.10347 0.11713 0.11836 0.10864 0.08949 0.05991 0.26496 (11)  0.897 +-  0.589
 166 T   0.78140 0.12535 0.04932 0.02217 0.01070 0.00541 0.00282 0.00148 0.00076 0.00034 0.00025 ( 1)  0.090 +-  0.099
 167 G   0.74133 0.13475 0.05965 0.02983 0.01581 0.00865 0.00480 0.00265 0.00141 0.00065 0.00047 ( 1)  0.102 +-  0.118
 168 L   0.74090 0.13296 0.05894 0.02990 0.01626 0.00921 0.00533 0.00308 0.00173 0.00085 0.00084 ( 1)  0.104 +-  0.125
 169 A   0.37285 0.18609 0.13330 0.09416 0.06682 0.04763 0.03381 0.02356 0.01563 0.00906 0.01710 ( 1)  0.258 +-  0.282
 170 K   0.06269 0.09851 0.12523 0.13018 0.12253 0.10826 0.09097 0.07259 0.05382 0.03389 0.10134 ( 4)  0.568 +-  0.452
 171 L   0.74090 0.13296 0.05894 0.02990 0.01626 0.00921 0.00533 0.00308 0.00173 0.00085 0.00084 ( 1)  0.104 +-  0.125
 172 K   0.81810 0.11187 0.03904 0.01617 0.00742 0.00365 0.00188 0.00098 0.00050 0.00023 0.00017 ( 1)  0.081 +-  0.085
 173 G   0.74798 0.13189 0.05728 0.02846 0.01518 0.00847 0.00484 0.00278 0.00155 0.00076 0.00081 ( 1)  0.101 +-  0.121
 174 S   0.03051 0.06060 0.09160 0.10924 0.11523 0.11217 0.10241 0.08774 0.06904 0.04532 0.17614 (11)  0.717 +-  0.541
 175 S   0.42364 0.19571 0.13036 0.08580 0.05687 0.03801 0.02547 0.01687 0.01073 0.00602 0.01051 ( 1)  0.221 +-  0.247
 176 A   0.78548 0.12391 0.04812 0.02145 0.01032 0.00522 0.00273 0.00144 0.00075 0.00034 0.00026 ( 1)  0.089 +-  0.098
 177 K   0.14324 0.18585 0.18940 0.15547 0.11520 0.08038 0.05370 0.03437 0.02069 0.01093 0.01076 ( 3)  0.338 +-  0.249
 178 Q   0.03333 0.08275 0.13157 0.15196 0.14834 0.13010 0.10533 0.07930 0.05465 0.03174 0.05092 ( 4)  0.522 +-  0.330
 179 W   0.64512 0.14630 0.07978 0.04832 0.03052 0.01960 0.01258 0.00792 0.00475 0.00247 0.00265 ( 1)  0.140 +-  0.173
 180 I   0.07103 0.11481 0.14416 0.14463 0.12985 0.10882 0.08651 0.06529 0.04585 0.02755 0.06151 ( 4)  0.496 +-  0.382
 181 D   0.01125 0.04813 0.09040 0.11641 0.12549 0.12184 0.10977 0.09239 0.07134 0.04596 0.16700 (11)  0.723 +-  0.525
 182 Y   0.77726 0.12572 0.05025 0.02307 0.01141 0.00591 0.00314 0.00168 0.00087 0.00040 0.00029 ( 1)  0.092 +-  0.102
 183 N   0.04682 0.08546 0.11961 0.13244 0.12993 0.11780 0.10033 0.08030 0.05918 0.03670 0.09143 ( 4)  0.572 +-  0.412
 184 Q   0.00998 0.02636 0.04942 0.06995 0.08489 0.09296 0.09395 0.08802 0.07503 0.05263 0.35683 (11)  1.034 +-  0.782
 185 F   0.69240 0.14259 0.07088 0.03936 0.02293 0.01364 0.00816 0.00481 0.00272 0.00133 0.00117 ( 1)  0.120 +-  0.144
 186 R   0.72702 0.13797 0.06325 0.03252 0.01763 0.00982 0.00554 0.00310 0.00168 0.00079 0.00067 ( 1)  0.107 +-  0.125
 187 R   0.79678 0.12114 0.04525 0.01937 0.00893 0.00433 0.00216 0.00110 0.00054 0.00024 0.00015 ( 1)  0.086 +-  0.091
 188 E   0.81950 0.11098 0.03859 0.01602 0.00740 0.00367 0.00190 0.00100 0.00052 0.00024 0.00018 ( 1)  0.081 +-  0.086
 189 M   0.81155 0.11761 0.04140 0.01655 0.00708 0.00317 0.00146 0.00068 0.00032 0.00013 0.00006 ( 1)  0.081 +-  0.081
 190 T   0.80579 0.11765 0.04260 0.01787 0.00816 0.00396 0.00200 0.00103 0.00052 0.00024 0.00017 ( 1)  0.084 +-  0.088
 191 L   0.67812 0.14012 0.07123 0.04115 0.02532 0.01615 0.01047 0.00677 0.00422 0.00230 0.00415 ( 1)  0.132 +-  0.179
 192 T   0.00016 0.00270 0.01091 0.02450 0.04105 0.05738 0.07035 0.07712 0.07481 0.05812 0.58290 (11)  1.363 +-  0.814
 193 V   0.74003 0.13087 0.05801 0.02987 0.01672 0.00987 0.00600 0.00368 0.00219 0.00114 0.00162 ( 1)  0.107 +-  0.136
 194 L   0.74090 0.13296 0.05894 0.02990 0.01626 0.00921 0.00533 0.00308 0.00173 0.00085 0.00084 ( 1)  0.104 +-  0.125
 195 D   0.83115 0.10748 0.03546 0.01396 0.00614 0.00292 0.00146 0.00075 0.00038 0.00017 0.00012 ( 1)  0.078 +-  0.079
 196 V   0.07700 0.12194 0.14978 0.14705 0.12944 0.10661 0.08350 0.06222 0.04322 0.02577 0.05346 ( 3)  0.476 +-  0.363
 197 V   0.38414 0.18853 0.13249 0.09167 0.06380 0.04480 0.03152 0.02191 0.01459 0.00853 0.01803 ( 1)  0.253 +-  0.285
 198 A   0.44104 0.20569 0.13432 0.08467 0.05283 0.03289 0.02041 0.01249 0.00735 0.00383 0.00449 ( 1)  0.198 +-  0.205
 199 L   0.74090 0.13296 0.05894 0.02990 0.01626 0.00921 0.00533 0.00308 0.00173 0.00085 0.00084 ( 1)  0.104 +-  0.125
 200 F   0.81022 0.11587 0.04128 0.01715 0.00782 0.00381 0.00194 0.00101 0.00051 0.00023 0.00017 ( 1)  0.083 +-  0.087
 201 S   0.08225 0.12570 0.15012 0.14433 0.12526 0.10238 0.08009 0.05997 0.04209 0.02549 0.06232 ( 3)  0.483 +-  0.389
 202 N   0.00018 0.00302 0.01162 0.02517 0.04100 0.05608 0.06764 0.07329 0.07055 0.05464 0.59679 (11)  1.408 +-  0.895

Positively selected sites

	Prob(w>1)  mean w

    12 Q      0.591         1.358 +- 0.749
   192 T      0.583         1.363 +- 0.814
   202 N      0.597         1.408 +- 0.895

