Supplemental results for CODEML (seqf: algn  treef: tree)


dN/dS (w) for site classes (K=3)

p:   0.62016  0.13206  0.24778
w:   0.16652  1.00000  1.00000

Naive Empirical Bayes (NEB) probabilities for 3 classes & postmean_w
(amino acids refer to 1st sequence: BT_Cry18Aa1)

   1 -   0.99973 0.00009 0.00017 ( 1)  0.167
   2 L   0.99987 0.00004 0.00008 ( 1)  0.167
   3 Y   0.00030 0.34757 0.65213 ( 3)  1.000
   4 V   0.99847 0.00053 0.00100 ( 1)  0.168
   5 S   0.99514 0.00169 0.00317 ( 1)  0.171
   6 T   0.99344 0.00228 0.00428 ( 1)  0.172
   7 S   0.96101 0.01355 0.02543 ( 1)  0.199
   8 A   0.99984 0.00006 0.00011 ( 1)  0.167
   9 N   0.99999 0.00000 0.00000 ( 1)  0.167
  10 L   0.99949 0.00018 0.00033 ( 1)  0.167
  11 Y   0.99925 0.00026 0.00049 ( 1)  0.167
  12 N   0.98837 0.00405 0.00759 ( 1)  0.176
  13 I   0.77797 0.07719 0.14484 ( 1)  0.352
  14 G   0.99954 0.00016 0.00030 ( 1)  0.167
  15 D   0.99143 0.00298 0.00559 ( 1)  0.174
  16 N   0.99551 0.00156 0.00293 ( 1)  0.170
  17 K   0.07388 0.32198 0.60414 ( 3)  0.938
  18 V   0.00121 0.34725 0.65154 ( 3)  0.999
  19 N   0.46713 0.18526 0.34761 ( 1)  0.611
  20 E   0.23436 0.26619 0.49945 ( 3)  0.805
  21 G   0.97484 0.00875 0.01641 ( 1)  0.187
  22 A   0.30439 0.24184 0.45377 ( 3)  0.746
  23 Y   0.99997 0.00001 0.00002 ( 1)  0.167
  24 P   0.99002 0.00347 0.00651 ( 1)  0.175
  25 I   0.95690 0.01499 0.02812 ( 1)  0.202
  26 S   0.74511 0.08862 0.16627 ( 1)  0.379
  27 Y   0.32549 0.23451 0.44000 ( 3)  0.729
  28 G   0.77173 0.07936 0.14891 ( 1)  0.357
  29 P   0.99601 0.00139 0.00260 ( 1)  0.170
  30 F   0.99998 0.00001 0.00001 ( 1)  0.167
  31 F   0.99925 0.00026 0.00049 ( 1)  0.167
  32 N   0.94530 0.01902 0.03568 ( 1)  0.212
  33 S   0.99954 0.00016 0.00030 ( 1)  0.167
  34 Y   0.99972 0.00010 0.00018 ( 1)  0.167
  35 I   0.99637 0.00126 0.00237 ( 1)  0.170
  36 Q   0.99910 0.00031 0.00059 ( 1)  0.167
  37 T   0.99915 0.00030 0.00056 ( 1)  0.167
  38 K   0.99998 0.00001 0.00001 ( 1)  0.167
  39 S   0.86852 0.04571 0.08577 ( 1)  0.276
  40 N   0.99999 0.00000 0.00000 ( 1)  0.167
  41 Y   0.99998 0.00001 0.00001 ( 1)  0.167
  42 V   0.90063 0.03455 0.06482 ( 1)  0.249
  43 L   0.93968 0.02097 0.03935 ( 1)  0.217
  44 S   0.86800 0.04589 0.08611 ( 1)  0.277
  45 G   0.99163 0.00291 0.00546 ( 1)  0.173
  46 V   0.23945 0.26442 0.49613 ( 3)  0.800
  47 S   0.93027 0.02424 0.04549 ( 1)  0.225
  48 G   0.99990 0.00003 0.00006 ( 1)  0.167
  49 I   0.00064 0.34745 0.65191 ( 3)  0.999
  50 G   0.56245 0.15212 0.28543 ( 1)  0.531
  51 A   0.00000 0.34767 0.65233 ( 3)  1.000
  52 R   0.00368 0.34639 0.64993 ( 3)  0.997
  53 F   0.00000 0.34767 0.65233 ( 3)  1.000
  54 T   0.00246 0.34681 0.65073 ( 3)  0.998
  55 Y   0.98099 0.00661 0.01240 ( 1)  0.182
  56 -   0.99022 0.00340 0.00638 ( 1)  0.175
  57 -   0.12031 0.30584 0.57385 ( 3)  0.900
  58 -   0.01844 0.34126 0.64030 ( 3)  0.985
  59 S   0.20151 0.27761 0.52088 ( 3)  0.832
  60 T   0.08573 0.31786 0.59641 ( 3)  0.929
  61 V   0.29683 0.24447 0.45870 ( 3)  0.753
  62 -   0.62016 0.13206 0.24778 ( 1)  0.483
  63 -   0.62016 0.13206 0.24778 ( 1)  0.483
  64 L   0.72531 0.09550 0.17919 ( 1)  0.395
  65 G   0.99956 0.00015 0.00029 ( 1)  0.167
  66 R   0.00000 0.34767 0.65233 ( 3)  1.000
  67 Y   0.47293 0.18325 0.34382 ( 1)  0.606
  68 L   0.89158 0.03769 0.07072 ( 1)  0.257
  69 H   0.15346 0.29432 0.55223 ( 3)  0.872
  70 D   0.26895 0.25416 0.47689 ( 3)  0.776
  71 D   0.00005 0.34765 0.65230 ( 3)  1.000
  72 L   0.97474 0.00878 0.01648 ( 1)  0.188
  73 K   0.06998 0.32334 0.60668 ( 3)  0.942
  74 N   0.00187 0.34702 0.65111 ( 3)  0.998
  75 I   0.72763 0.09470 0.17768 ( 1)  0.394
  76 I   0.55567 0.15448 0.28985 ( 1)  0.537
  77 T   0.53922 0.16020 0.30058 ( 1)  0.551
  78 T   0.99971 0.00010 0.00019 ( 1)  0.167
  79 Y   0.99995 0.00002 0.00003 ( 1)  0.167
  80 V   0.03962 0.33389 0.62648 ( 3)  0.967
  81 G   0.99970 0.00011 0.00020 ( 1)  0.167
  82 G   0.99227 0.00269 0.00504 ( 1)  0.173
  83 T   0.60811 0.13625 0.25564 ( 1)  0.493
  84 Q   0.13426 0.30099 0.56475 ( 3)  0.888
  85 G   0.99887 0.00039 0.00074 ( 1)  0.167
  86 P   0.99094 0.00315 0.00591 ( 1)  0.174
  87 N   0.00000 0.34767 0.65233 ( 3)  1.000
  88 I   0.99395 0.00210 0.00395 ( 1)  0.172
  89 G   0.98742 0.00437 0.00820 ( 1)  0.177
  90 V   0.00001 0.34767 0.65233 ( 3)  1.000
  91 Q   0.53284 0.16242 0.30474 ( 1)  0.556
  92 L   0.97229 0.00963 0.01807 ( 1)  0.190
  93 S   0.89108 0.03787 0.07105 ( 1)  0.257
  94 T   0.84144 0.05513 0.10344 ( 1)  0.299
  95 T   0.77723 0.07745 0.14532 ( 1)  0.352
  96 E   0.84782 0.05291 0.09927 ( 1)  0.293
  97 L   0.71727 0.09830 0.18443 ( 1)  0.402
  98 D   0.91025 0.03120 0.05855 ( 1)  0.241
  99 E   0.12027 0.30586 0.57387 ( 3)  0.900
 100 L   0.33235 0.23212 0.43553 ( 3)  0.723
 101 K   0.62016 0.13206 0.24778 ( 1)  0.483
 102 K   0.10409 0.31148 0.58443 ( 3)  0.913
 103 Q   0.38820 0.21270 0.39910 ( 3)  0.676
 104 Q   0.79357 0.07177 0.13466 ( 1)  0.339
 105 Q   0.79357 0.07177 0.13466 ( 1)  0.339
 106 A   0.90118 0.03436 0.06446 ( 1)  0.249
 107 T   0.30898 0.24025 0.45077 ( 3)  0.742
 108 R   0.08720 0.31735 0.59545 ( 3)  0.927
 109 D   0.56169 0.15239 0.28592 ( 1)  0.532
 110 S   0.01948 0.34090 0.63962 ( 3)  0.984
 111 L   0.23443 0.26616 0.49940 ( 3)  0.805
 112 V   0.00001 0.34767 0.65232 ( 3)  1.000
 113 D   0.00101 0.34732 0.65167 ( 3)  0.999
 114 F   0.00722 0.34516 0.64762 ( 3)  0.994
 115 Q   0.01157 0.34365 0.64479 ( 3)  0.990
 116 F   0.00073 0.34742 0.65186 ( 3)  0.999
 117 F   0.85527 0.05032 0.09441 ( 1)  0.287
 118 T   0.99425 0.00200 0.00375 ( 1)  0.171
 119 L   0.23808 0.26489 0.49702 ( 3)  0.802
 120 N   0.17226 0.28778 0.53996 ( 3)  0.856
 121 C   0.03296 0.33621 0.63083 ( 3)  0.973
 122 M   0.11869 0.30641 0.57491 ( 3)  0.901
 123 L   0.00379 0.34635 0.64986 ( 3)  0.997
 124 P   0.00258 0.34677 0.65065 ( 3)  0.998
 125 N   0.51622 0.16820 0.31558 ( 1)  0.570
 126 P   0.99924 0.00026 0.00050 ( 1)  0.167
 127 I   0.76063 0.08322 0.15615 ( 1)  0.366
 128 T   0.00036 0.34755 0.65210 ( 3)  1.000
 129 A   0.92789 0.02507 0.04704 ( 1)  0.227
 130 P   0.99427 0.00199 0.00374 ( 1)  0.171
 131 Y   0.99964 0.00013 0.00024 ( 1)  0.167
 132 F   0.98881 0.00389 0.00730 ( 1)  0.176
 133 A   0.99765 0.00082 0.00153 ( 1)  0.168
 134 T   0.99580 0.00146 0.00274 ( 1)  0.170
 135 S   0.23635 0.26550 0.49815 ( 3)  0.803
 136 L   0.97447 0.00888 0.01665 ( 1)  0.188
 137 Y   0.99282 0.00250 0.00469 ( 1)  0.173
 138 E   0.97063 0.01021 0.01916 ( 1)  0.191
 139 S   0.71250 0.09996 0.18755 ( 1)  0.406
 140 R   0.00011 0.34763 0.65226 ( 3)  1.000
 141 -   0.99797 0.00070 0.00132 ( 1)  0.168
 142 -   0.32271 0.23547 0.44181 ( 3)  0.731
 143 -   0.19575 0.27961 0.52463 ( 3)  0.837
 144 Y   0.01566 0.34222 0.64211 ( 3)  0.987
 145 S   0.04396 0.33239 0.62365 ( 3)  0.963
 146 S   0.00385 0.34633 0.64982 ( 3)  0.997
 147 I   0.00696 0.34525 0.64779 ( 3)  0.994
 148 G   0.00000 0.34767 0.65233 ( 3)  1.000
 149 G   0.04864 0.33076 0.62060 ( 3)  0.959
 150 Y   0.99384 0.00214 0.00402 ( 1)  0.172
 151 L   0.25348 0.25954 0.48698 ( 3)  0.789
 152 R   0.00229 0.34687 0.65083 ( 3)  0.998
 153 K   0.82562 0.06063 0.11375 ( 1)  0.312
 154 D   0.87521 0.04339 0.08140 ( 1)  0.271
 155 V   0.01272 0.34325 0.64403 ( 3)  0.989
 156 F   0.99999 0.00000 0.00000 ( 1)  0.167
 157 K   0.00016 0.34761 0.65222 ( 3)  1.000
 158 S   0.89660 0.03595 0.06745 ( 1)  0.253
 159 E   0.98064 0.00673 0.01263 ( 1)  0.183
 160 D   0.01384 0.34286 0.64330 ( 3)  0.988
 161 S   0.84047 0.05546 0.10406 ( 1)  0.299
 162 T   0.27063 0.25358 0.47579 ( 3)  0.774
 163 C   0.13237 0.30165 0.56598 ( 3)  0.890
 164 G   0.13085 0.30218 0.56697 ( 3)  0.891
 165 L   0.97312 0.00934 0.01753 ( 1)  0.189
 166 G   0.89121 0.03782 0.07096 ( 1)  0.257
 167 -   0.86177 0.04806 0.09017 ( 1)  0.282
 168 -   0.52090 0.16657 0.31253 ( 1)  0.566
 169 -   0.62016 0.13206 0.24778 ( 1)  0.483
 170 -   0.62016 0.13206 0.24778 ( 1)  0.483
 171 -   0.62016 0.13206 0.24778 ( 1)  0.483
 172 -   0.62016 0.13206 0.24778 ( 1)  0.483
 173 -   0.99140 0.00299 0.00561 ( 1)  0.174
 174 -   0.00046 0.34751 0.65203 ( 3)  1.000
 175 N   0.08613 0.31772 0.59614 ( 3)  0.928
 176 P   0.38752 0.21294 0.39954 ( 3)  0.677
 177 G   0.85894 0.04904 0.09202 ( 1)  0.284
 178 A   0.96599 0.01182 0.02219 ( 1)  0.195
 179 W   0.03627 0.33506 0.62867 ( 3)  0.970
 180 T   0.99620 0.00132 0.00248 ( 1)  0.170
 181 S   0.99398 0.00209 0.00393 ( 1)  0.172
 182 Y   0.93815 0.02150 0.04034 ( 1)  0.218
 183 P   0.99824 0.00061 0.00115 ( 1)  0.168
 184 D   0.99996 0.00001 0.00002 ( 1)  0.167
 185 Y   0.99998 0.00001 0.00001 ( 1)  0.167
 186 Y   0.99945 0.00019 0.00036 ( 1)  0.167
 187 I   0.99960 0.00014 0.00026 ( 1)  0.167
 188 T   0.98730 0.00442 0.00828 ( 1)  0.177
 189 N   0.99999 0.00000 0.00000 ( 1)  0.167
 190 I   0.99999 0.00000 0.00001 ( 1)  0.167
 191 S   0.99996 0.00001 0.00002 ( 1)  0.167
 192 A   0.99530 0.00163 0.00307 ( 1)  0.170
 193 T   0.99882 0.00041 0.00077 ( 1)  0.168
 194 V   0.81427 0.06457 0.12115 ( 1)  0.321
 195 Q   0.33695 0.23052 0.43253 ( 3)  0.719
 196 I   0.00582 0.34565 0.64853 ( 3)  0.995
 197 N   0.03826 0.33437 0.62737 ( 3)  0.968
 198 G   0.33282 0.23196 0.43522 ( 3)  0.723
 199 E   0.20071 0.27789 0.52140 ( 3)  0.833
 200 N   0.77876 0.07692 0.14432 ( 1)  0.351
 201 T   0.99510 0.00170 0.00320 ( 1)  0.171
 202 D   0.98418 0.00550 0.01032 ( 1)  0.180
 203 T   0.00357 0.34643 0.65000 ( 3)  0.997
 204 T   0.95952 0.01407 0.02641 ( 1)  0.200
 205 P   0.99403 0.00208 0.00390 ( 1)  0.171
 206 L   0.99918 0.00028 0.00053 ( 1)  0.167
 207 Y   0.47871 0.18124 0.34005 ( 1)  0.601
 208 F   0.99893 0.00037 0.00070 ( 1)  0.167
 209 K   0.98817 0.00411 0.00772 ( 1)  0.176
 210 E   0.97613 0.00830 0.01557 ( 1)  0.186
 211 N   0.73722 0.09136 0.17142 ( 1)  0.386
 212 R   0.99990 0.00004 0.00007 ( 1)  0.167
 213 P   0.95361 0.01613 0.03026 ( 1)  0.205
 214 I   0.99844 0.00054 0.00102 ( 1)  0.168
 215 -   0.62016 0.13206 0.24778 ( 1)  0.483
 216 -   0.62016 0.13206 0.24778 ( 1)  0.483
 217 -   0.62016 0.13206 0.24778 ( 1)  0.483
 218 T   0.00287 0.34667 0.65046 ( 3)  0.998
 219 S   0.18878 0.28204 0.52918 ( 3)  0.843
 220 T   0.99279 0.00251 0.00470 ( 1)  0.173
 221 R   0.00507 0.34591 0.64903 ( 3)  0.996
 222 -   0.74486 0.08871 0.16644 ( 1)  0.379
 223 -   0.97647 0.00818 0.01535 ( 1)  0.186
 224 -   0.54932 0.15669 0.29399 ( 1)  0.542
 225 -   0.58377 0.14471 0.27152 ( 1)  0.513
 226 -   0.27255 0.25291 0.47454 ( 3)  0.773
 227 G   0.00037 0.34754 0.65209 ( 3)  1.000
 228 V   0.90138 0.03429 0.06433 ( 1)  0.249
 229 N   0.98790 0.00421 0.00790 ( 1)  0.177
 230 K   0.44949 0.19139 0.35911 ( 1)  0.625
 231 V   0.06001 0.32681 0.61318 ( 3)  0.950
 232 I   0.99820 0.00063 0.00117 ( 1)  0.168
 233 A   0.99053 0.00329 0.00618 ( 1)  0.174
 234 -   0.92473 0.02617 0.04910 ( 1)  0.229
 235 -   0.99941 0.00020 0.00038 ( 1)  0.167
 236 -   0.99895 0.00036 0.00068 ( 1)  0.167
 237 -   0.98575 0.00496 0.00930 ( 1)  0.178

Positively selected sites

	Prob(w>1)  mean w



lnL = -5892.781140

Bayes Empirical Bayes (BEB) probabilities for 3 classes (class) & postmean_w
(amino acids refer to 1st sequence: BT_Cry18Aa1)

   1 -   0.99978 0.00021 0.00000 ( 1)  0.150 +-  0.013
   2 L   0.99990 0.00010 0.00000 ( 1)  0.150 +-  0.008
   3 Y   0.00014 0.87930 0.12055 ( 2)  1.073 +-  0.228
   4 V   0.99869 0.00131 0.00001 ( 1)  0.151 +-  0.031
   5 S   0.99533 0.00466 0.00002 ( 1)  0.154 +-  0.058
   6 T   0.99371 0.00625 0.00004 ( 1)  0.155 +-  0.068
   7 S   0.96122 0.03826 0.00052 ( 1)  0.183 +-  0.166
   8 A   0.99987 0.00013 0.00000 ( 1)  0.150 +-  0.010
   9 N   1.00000 0.00000 0.00000 ( 1)  0.150 +-  0.002
  10 L   0.99959 0.00041 0.00000 ( 1)  0.150 +-  0.017
  11 Y   0.99933 0.00067 0.00000 ( 1)  0.151 +-  0.022
  12 N   0.98793 0.01200 0.00007 ( 1)  0.160 +-  0.093
  13 I   0.73606 0.26188 0.00206 ( 1)  0.375 +-  0.377
  14 G   0.99961 0.00039 0.00000 ( 1)  0.150 +-  0.017
  15 D   0.99022 0.00975 0.00003 ( 1)  0.158 +-  0.084
  16 N   0.99552 0.00446 0.00002 ( 1)  0.154 +-  0.057
  17 K   0.05339 0.91621 0.03040 ( 2)  0.970 +-  0.215
  18 V   0.00061 0.80915 0.19024 ( 2)  1.143 +-  0.363
  19 N   0.43238 0.54079 0.02683 ( 2)  0.648 +-  0.446
  20 E   0.18553 0.79352 0.02095 ( 2)  0.853 +-  0.344
  21 G   0.97423 0.02560 0.00018 ( 1)  0.172 +-  0.135
  22 A   0.25819 0.72114 0.02067 ( 2)  0.791 +-  0.386
  23 Y   0.99998 0.00002 0.00000 ( 1)  0.150 +-  0.004
  24 P   0.98977 0.01016 0.00006 ( 1)  0.159 +-  0.086
  25 I   0.95368 0.04585 0.00047 ( 1)  0.190 +-  0.180
  26 S   0.71588 0.28049 0.00363 ( 1)  0.393 +-  0.387
  27 Y   0.27768 0.70118 0.02114 ( 2)  0.775 +-  0.395
  28 G   0.75509 0.23963 0.00528 ( 1)  0.361 +-  0.372
  29 P   0.99638 0.00360 0.00002 ( 1)  0.153 +-  0.051
  30 F   0.99999 0.00001 0.00000 ( 1)  0.150 +-  0.003
  31 F   0.99935 0.00064 0.00000 ( 1)  0.151 +-  0.022
  32 N   0.93811 0.06144 0.00045 ( 1)  0.203 +-  0.206
  33 S   0.99961 0.00039 0.00000 ( 1)  0.150 +-  0.017
  34 Y   0.99974 0.00026 0.00000 ( 1)  0.150 +-  0.014
  35 I   0.99678 0.00320 0.00002 ( 1)  0.153 +-  0.048
  36 Q   0.99925 0.00075 0.00000 ( 1)  0.151 +-  0.023
  37 T   0.99922 0.00078 0.00000 ( 1)  0.151 +-  0.024
  38 K   0.99998 0.00002 0.00000 ( 1)  0.150 +-  0.003
  39 S   0.86223 0.13452 0.00325 ( 1)  0.269 +-  0.299
  40 N   1.00000 0.00000 0.00000 ( 1)  0.150 +-  0.002
  41 Y   0.99999 0.00001 0.00000 ( 1)  0.150 +-  0.003
  42 V   0.89257 0.10590 0.00152 ( 1)  0.242 +-  0.266
  43 L   0.93767 0.06154 0.00079 ( 1)  0.203 +-  0.208
  44 S   0.85117 0.14618 0.00265 ( 1)  0.278 +-  0.307
  45 G   0.99197 0.00798 0.00006 ( 1)  0.157 +-  0.076
  46 V   0.18502 0.79888 0.01611 ( 2)  0.851 +-  0.340
  47 S   0.91441 0.08526 0.00034 ( 1)  0.223 +-  0.239
  48 G   0.99993 0.00007 0.00000 ( 1)  0.150 +-  0.007
  49 I   0.00032 0.93956 0.06012 ( 2)  1.031 +-  0.133
  50 G   0.52308 0.46395 0.01296 ( 1)  0.562 +-  0.436
  51 A   0.00000 0.57155 0.42845 ( 2)  1.333 +-  0.495
  52 R   0.00200 0.93302 0.06498 ( 2)  1.035 +-  0.156
  53 F   0.00000 0.70767 0.29233 ( 2)  1.226 +-  0.441
  54 T   0.00135 0.88831 0.11034 ( 2)  1.070 +-  0.240
  55 Y   0.98136 0.01843 0.00022 ( 1)  0.166 +-  0.116
  56 -   0.99129 0.00863 0.00007 ( 1)  0.157 +-  0.079
  57 -   0.09346 0.87417 0.03237 ( 2)  0.937 +-  0.270
  58 -   0.01187 0.95007 0.03807 ( 2)  1.010 +-  0.141
  59 S   0.15082 0.83404 0.01514 ( 2)  0.879 +-  0.314
  60 T   0.06099 0.91346 0.02556 ( 2)  0.961 +-  0.223
  61 V   0.25350 0.71839 0.02811 ( 2)  0.799 +-  0.389
  62 -   0.60718 0.35194 0.04088 ( 1)  0.515 +-  0.494
  63 -   0.60718 0.35194 0.04088 ( 1)  0.515 +-  0.494
  64 L   0.69573 0.29938 0.00489 ( 1)  0.411 +-  0.396
  65 G   0.99963 0.00037 0.00000 ( 1)  0.150 +-  0.016
  66 R   0.00000 0.69522 0.30478 ( 2)  1.231 +-  0.434
  67 Y   0.40773 0.58424 0.00803 ( 2)  0.657 +-  0.423
  68 L   0.88216 0.11653 0.00131 ( 1)  0.251 +-  0.276
  69 H   0.10577 0.88227 0.01196 ( 2)  0.916 +-  0.269
  70 D   0.22138 0.75934 0.01929 ( 2)  0.822 +-  0.365
  71 D   0.00002 0.85207 0.14791 ( 2)  1.095 +-  0.269
  72 L   0.97612 0.02355 0.00033 ( 1)  0.170 +-  0.131
  73 K   0.04658 0.93408 0.01934 ( 2)  0.970 +-  0.195
  74 N   0.00097 0.92475 0.07428 ( 2)  1.040 +-  0.160
  75 I   0.68926 0.30618 0.00457 ( 1)  0.416 +-  0.398
  76 I   0.51227 0.47753 0.01020 ( 1)  0.570 +-  0.433
  77 T   0.47476 0.51627 0.00897 ( 2)  0.601 +-  0.432
  78 T   0.99974 0.00026 0.00000 ( 1)  0.150 +-  0.014
  79 Y   0.99996 0.00004 0.00000 ( 1)  0.150 +-  0.005
  80 V   0.02548 0.94474 0.02977 ( 2)  0.994 +-  0.163
  81 G   0.99977 0.00023 0.00000 ( 1)  0.150 +-  0.013
  82 G   0.99289 0.00704 0.00007 ( 1)  0.156 +-  0.072
  83 T   0.54932 0.44400 0.00669 ( 1)  0.536 +-  0.429
  84 Q   0.10098 0.87069 0.02833 ( 2)  0.929 +-  0.276
  85 G   0.99894 0.00106 0.00000 ( 1)  0.151 +-  0.028
  86 P   0.99046 0.00951 0.00004 ( 1)  0.158 +-  0.083
  87 N   0.00000 0.45076 0.54924 ( 3)  1.474 +-  0.594
  88 I   0.99433 0.00564 0.00003 ( 1)  0.155 +-  0.064
  89 G   0.98837 0.01147 0.00016 ( 1)  0.160 +-  0.092
  90 V   0.00000 0.49587 0.50412 ( 3)  1.467 +-  0.650
  91 Q   0.50186 0.46020 0.03795 ( 1)  0.598 +-  0.473
  92 L   0.97606 0.02301 0.00093 ( 1)  0.171 +-  0.135
  93 S   0.89463 0.10092 0.00445 ( 1)  0.242 +-  0.272
  94 T   0.84407 0.14798 0.00795 ( 1)  0.287 +-  0.325
  95 T   0.77727 0.20862 0.01412 ( 1)  0.348 +-  0.379
  96 E   0.85091 0.14209 0.00700 ( 1)  0.281 +-  0.317
  97 L   0.71375 0.26483 0.02142 ( 1)  0.407 +-  0.421
  98 D   0.91396 0.08288 0.00316 ( 1)  0.225 +-  0.247
  99 E   0.09673 0.79382 0.10945 ( 2)  0.998 +-  0.395
 100 L   0.30201 0.62334 0.07465 ( 2)  0.797 +-  0.484
 101 K   0.60718 0.35194 0.04088 ( 1)  0.515 +-  0.494
 102 K   0.08160 0.79018 0.12822 ( 2)  1.031 +-  0.425
 103 Q   0.36079 0.58241 0.05680 ( 2)  0.731 +-  0.473
 104 Q   0.79478 0.19351 0.01171 ( 1)  0.331 +-  0.364
 105 Q   0.79478 0.19351 0.01171 ( 1)  0.331 +-  0.364
 106 A   0.90478 0.09136 0.00387 ( 1)  0.233 +-  0.260
 107 T   0.28006 0.64793 0.07200 ( 2)  0.812 +-  0.467
 108 R   0.06672 0.78970 0.14359 ( 2)  1.062 +-  0.460
 109 D   0.54158 0.42811 0.03030 ( 1)  0.559 +-  0.462
 110 S   0.01248 0.78399 0.20353 ( 2)  1.167 +-  0.479
 111 L   0.20502 0.69742 0.09756 ( 2)  0.898 +-  0.467
 112 V   0.00000 0.78990 0.21009 ( 2)  1.147 +-  0.344
 113 D   0.00051 0.90567 0.09382 ( 2)  1.057 +-  0.206
 114 F   0.00435 0.93372 0.06193 ( 2)  1.030 +-  0.152
 115 Q   0.00680 0.96845 0.02475 ( 2)  1.007 +-  0.107
 116 F   0.00037 0.90266 0.09696 ( 2)  1.055 +-  0.186
 117 F   0.83753 0.16091 0.00156 ( 1)  0.289 +-  0.316
 118 T   0.99400 0.00598 0.00002 ( 1)  0.155 +-  0.066
 119 L   0.17329 0.81507 0.01164 ( 2)  0.859 +-  0.329
 120 N   0.12741 0.85290 0.01969 ( 2)  0.902 +-  0.296
 121 C   0.02191 0.93241 0.04569 ( 2)  1.006 +-  0.175
 122 M   0.09359 0.86405 0.04236 ( 2)  0.943 +-  0.280
 123 L   0.00215 0.91147 0.08638 ( 2)  1.048 +-  0.187
 124 P   0.00142 0.82186 0.17672 ( 2)  1.128 +-  0.340
 125 N   0.47156 0.51689 0.01155 ( 2)  0.605 +-  0.434
 126 P   0.99935 0.00065 0.00000 ( 1)  0.151 +-  0.022
 127 I   0.73681 0.25781 0.00538 ( 1)  0.376 +-  0.381
 128 T   0.00016 0.80013 0.19970 ( 2)  1.148 +-  0.363
 129 A   0.92167 0.07742 0.00091 ( 1)  0.217 +-  0.230
 130 P   0.99482 0.00513 0.00005 ( 1)  0.154 +-  0.061
 131 Y   0.99968 0.00032 0.00000 ( 1)  0.150 +-  0.015
 132 F   0.98843 0.01151 0.00006 ( 1)  0.160 +-  0.091
 133 A   0.99775 0.00225 0.00001 ( 1)  0.152 +-  0.040
 134 T   0.99581 0.00417 0.00002 ( 1)  0.154 +-  0.055
 135 S   0.19454 0.77823 0.02723 ( 2)  0.849 +-  0.355
 136 L   0.97560 0.02402 0.00038 ( 1)  0.171 +-  0.133
 137 Y   0.99230 0.00767 0.00003 ( 1)  0.157 +-  0.074
 138 E   0.96966 0.03013 0.00021 ( 1)  0.176 +-  0.147
 139 S   0.65366 0.34373 0.00262 ( 1)  0.446 +-  0.407
 140 R   0.00005 0.83906 0.16089 ( 2)  1.105 +-  0.285
 141 -   0.99809 0.00191 0.00000 ( 1)  0.152 +-  0.037
 142 -   0.29010 0.67129 0.03861 ( 2)  0.775 +-  0.417
 143 -   0.16422 0.78582 0.04996 ( 2)  0.889 +-  0.355
 144 Y   0.01025 0.90722 0.08253 ( 2)  1.040 +-  0.204
 145 S   0.02943 0.94214 0.02844 ( 2)  0.990 +-  0.170
 146 S   0.00223 0.86275 0.13501 ( 2)  1.088 +-  0.272
 147 I   0.00417 0.87251 0.12332 ( 2)  1.077 +-  0.259
 148 G   0.00000 0.82140 0.17860 ( 2)  1.112 +-  0.280
 149 G   0.03287 0.93792 0.02921 ( 2)  0.987 +-  0.178
 150 Y   0.99374 0.00623 0.00003 ( 1)  0.155 +-  0.067
 151 L   0.21019 0.77193 0.01788 ( 2)  0.830 +-  0.358
 152 R   0.00132 0.89883 0.09984 ( 2)  1.056 +-  0.194
 153 K   0.80017 0.19716 0.00267 ( 1)  0.321 +-  0.344
 154 D   0.86236 0.13581 0.00183 ( 1)  0.268 +-  0.296
 155 V   0.00817 0.89205 0.09979 ( 2)  1.054 +-  0.227
 156 F   0.99999 0.00001 0.00000 ( 1)  0.150 +-  0.002
 157 K   0.00007 0.80975 0.19018 ( 2)  1.129 +-  0.319
 158 S   0.88241 0.11645 0.00114 ( 1)  0.251 +-  0.276
 159 E   0.97806 0.02184 0.00010 ( 1)  0.169 +-  0.125
 160 D   0.00907 0.93381 0.05711 ( 2)  1.023 +-  0.158
 161 S   0.82012 0.17800 0.00187 ( 1)  0.304 +-  0.329
 162 T   0.22604 0.75242 0.02154 ( 2)  0.819 +-  0.370
 163 C   0.10578 0.84417 0.05004 ( 2)  0.938 +-  0.300
 164 G   0.09123 0.89246 0.01631 ( 2)  0.931 +-  0.256
 165 L   0.96902 0.03086 0.00012 ( 1)  0.176 +-  0.148
 166 G   0.87599 0.12291 0.00109 ( 1)  0.256 +-  0.282
 167 -   0.85718 0.13295 0.00986 ( 1)  0.278 +-  0.326
 168 -   0.49332 0.45761 0.04907 ( 1)  0.619 +-  0.510
 169 -   0.60718 0.35194 0.04088 ( 1)  0.515 +-  0.494
 170 -   0.60718 0.35194 0.04088 ( 1)  0.515 +-  0.494
 171 -   0.60718 0.35194 0.04088 ( 1)  0.515 +-  0.494
 172 -   0.60718 0.35194 0.04088 ( 1)  0.515 +-  0.494
 173 -   0.99111 0.00885 0.00003 ( 1)  0.158 +-  0.080
 174 -   0.00022 0.86540 0.13438 ( 2)  1.086 +-  0.255
 175 N   0.05734 0.92484 0.01782 ( 2)  0.960 +-  0.211
 176 P   0.32472 0.66653 0.00876 ( 2)  0.728 +-  0.404
 177 G   0.84047 0.15791 0.00162 ( 1)  0.286 +-  0.314
 178 A   0.95908 0.04078 0.00014 ( 1)  0.185 +-  0.169
 179 W   0.02502 0.91527 0.05971 ( 2)  1.012 +-  0.200
 180 T   0.99661 0.00337 0.00002 ( 1)  0.153 +-  0.050
 181 S   0.99388 0.00609 0.00003 ( 1)  0.155 +-  0.066
 182 Y   0.93390 0.06518 0.00092 ( 1)  0.207 +-  0.214
 183 P   0.99846 0.00153 0.00001 ( 1)  0.151 +-  0.033
 184 D   0.99997 0.00003 0.00000 ( 1)  0.150 +-  0.005
 185 Y   0.99999 0.00001 0.00000 ( 1)  0.150 +-  0.003
 186 Y   0.99951 0.00049 0.00000 ( 1)  0.150 +-  0.019
 187 I   0.99970 0.00030 0.00000 ( 1)  0.150 +-  0.015
 188 T   0.98766 0.01227 0.00007 ( 1)  0.161 +-  0.094
 189 N   1.00000 0.00000 0.00000 ( 1)  0.150 +-  0.002
 190 I   0.99999 0.00001 0.00000 ( 1)  0.150 +-  0.003
 191 S   0.99997 0.00003 0.00000 ( 1)  0.150 +-  0.004
 192 A   0.99574 0.00423 0.00003 ( 1)  0.154 +-  0.056
 193 T   0.99892 0.00108 0.00000 ( 1)  0.151 +-  0.028
 194 V   0.78940 0.20802 0.00258 ( 1)  0.330 +-  0.350
 195 Q   0.29332 0.68392 0.02276 ( 2)  0.763 +-  0.403
 196 I   0.00329 0.96304 0.03368 ( 2)  1.014 +-  0.106
 197 N   0.02483 0.94530 0.02988 ( 2)  0.994 +-  0.162
 198 G   0.28564 0.69945 0.01491 ( 2)  0.765 +-  0.394
 199 E   0.15722 0.82248 0.02030 ( 2)  0.877 +-  0.322
 200 N   0.74541 0.25215 0.00244 ( 1)  0.368 +-  0.373
 201 T   0.99493 0.00506 0.00001 ( 1)  0.154 +-  0.060
 202 D   0.98373 0.01619 0.00008 ( 1)  0.164 +-  0.108
 203 T   0.00193 0.93379 0.06428 ( 2)  1.034 +-  0.154
 204 T   0.95616 0.04350 0.00034 ( 1)  0.187 +-  0.175
 205 P   0.99482 0.00513 0.00006 ( 1)  0.154 +-  0.062
 206 L   0.99933 0.00066 0.00000 ( 1)  0.151 +-  0.022
 207 Y   0.42682 0.55747 0.01572 ( 2)  0.645 +-  0.433
 208 F   0.99906 0.00094 0.00000 ( 1)  0.151 +-  0.026
 209 K   0.98771 0.01221 0.00008 ( 1)  0.160 +-  0.094
 210 E   0.97484 0.02494 0.00022 ( 1)  0.172 +-  0.134
 211 N   0.69908 0.29738 0.00354 ( 1)  0.408 +-  0.394
 212 R   0.99992 0.00008 0.00000 ( 1)  0.150 +-  0.008
 213 P   0.94614 0.05359 0.00027 ( 1)  0.196 +-  0.193
 214 I   0.99865 0.00135 0.00000 ( 1)  0.151 +-  0.031
 215 -   0.60718 0.35194 0.04088 ( 1)  0.515 +-  0.494
 216 -   0.60718 0.35194 0.04088 ( 1)  0.515 +-  0.494
 217 -   0.60718 0.35194 0.04088 ( 1)  0.515 +-  0.494
 218 T   0.00158 0.94672 0.05170 ( 2)  1.026 +-  0.128
 219 S   0.13678 0.84948 0.01374 ( 2)  0.891 +-  0.301
 220 T   0.99333 0.00663 0.00005 ( 1)  0.156 +-  0.070
 221 R   0.00298 0.89141 0.10560 ( 2)  1.064 +-  0.228
 222 -   0.73695 0.25338 0.00967 ( 1)  0.379 +-  0.387
 223 -   0.97859 0.02098 0.00043 ( 1)  0.168 +-  0.125
 224 -   0.52097 0.46357 0.01546 ( 1)  0.565 +-  0.438
 225 -   0.55676 0.43013 0.01311 ( 1)  0.534 +-  0.434
 226 -   0.24193 0.71275 0.04532 ( 2)  0.820 +-  0.400
 227 G   0.00017 0.89021 0.10962 ( 2)  1.066 +-  0.218
 228 V   0.89958 0.09719 0.00323 ( 1)  0.237 +-  0.263
 229 N   0.98671 0.01322 0.00006 ( 1)  0.161 +-  0.098
 230 K   0.38567 0.60463 0.00970 ( 2)  0.677 +-  0.421
 231 V   0.04319 0.91754 0.03927 ( 2)  0.984 +-  0.208
 232 I   0.99843 0.00156 0.00001 ( 1)  0.151 +-  0.034
 233 A   0.99034 0.00961 0.00005 ( 1)  0.158 +-  0.083
 234 -   0.92670 0.07117 0.00213 ( 1)  0.213 +-  0.227
 235 -   0.99947 0.00052 0.00000 ( 1)  0.150 +-  0.020
 236 -   0.99919 0.00081 0.00001 ( 1)  0.151 +-  0.024
 237 -   0.98642 0.01348 0.00010 ( 1)  0.162 +-  0.099

Positively selected sites

	Prob(w>1)  mean w

    87 N      0.549         1.474 +- 0.594
    90 V      0.504         1.467 +- 0.650

