Supplemental results for CODEML (seqf: algn  treef: tree)


dN/dS (w) for site classes (K=3)

p:   0.45049  0.38317  0.16635
w:   0.02173  0.33636  1.11824

Naive Empirical Bayes (NEB) probabilities for 3 classes & postmean_w & P(w>1)
(amino acids refer to 1st sequence: BT_Cry1Ba1)

   1 N   0.00445 0.95114 0.04441 ( 2)  0.370  0.044
   2 T   0.75768 0.23285 0.00947 ( 1)  0.105  0.009
   3 S   0.00381 0.94694 0.04926 ( 2)  0.374  0.049
   4 A   0.03247 0.90876 0.05877 ( 2)  0.372  0.059
   5 Q   0.80077 0.19489 0.00434 ( 1)  0.088  0.004
   6 L   0.84251 0.15432 0.00317 ( 1)  0.074  0.003
   7 T   0.92559 0.07421 0.00020 ( 1)  0.045  0.000
   8 R   0.89360 0.10591 0.00050 ( 1)  0.056  0.000
   9 E   0.40310 0.59113 0.00577 ( 2)  0.214  0.006
  10 V   0.04385 0.92995 0.02620 ( 2)  0.343  0.026
  11 Y   0.90874 0.09096 0.00030 ( 1)  0.051  0.000
  12 T   0.92549 0.07430 0.00020 ( 1)  0.045  0.000
  13 D   0.24219 0.71713 0.04069 ( 2)  0.292  0.041
  14 A   0.03368 0.92082 0.04550 ( 2)  0.361  0.045
  15 I   0.94200 0.05792 0.00008 ( 1)  0.040  0.000
  16 G   0.75157 0.23849 0.00994 ( 1)  0.108  0.010
  17 A   0.00133 0.74271 0.25595 ( 2)  0.536  0.256
  18 T   0.03696 0.91743 0.04560 ( 2)  0.360  0.046
  19 G   0.00008 0.60337 0.39655 ( 2)  0.646  0.397
  20 V   0.01999 0.85739 0.12262 ( 2)  0.426  0.123
  21 N   0.00000 0.20123 0.79877 ( 3)  0.961  0.799
  22 -   0.00000 0.05851 0.94149 ( 3)  1.072  0.941
  23 -   0.00002 0.24587 0.75412 ( 3)  0.926  0.754
  24 M   0.00280 0.92197 0.07523 ( 2)  0.394  0.075
  25 A   0.00272 0.90279 0.09449 ( 2)  0.409  0.094
  26 S   0.52273 0.47573 0.00154 ( 1)  0.173  0.002
  27 M   0.18378 0.74999 0.06623 ( 2)  0.330  0.066
  28 N   0.49967 0.49728 0.00305 ( 1)  0.182  0.003
  29 W   0.69079 0.28760 0.02161 ( 1)  0.136  0.022
  30 Y   0.03670 0.92696 0.03634 ( 2)  0.353  0.036
  31 -   0.45049 0.38317 0.16635 ( 1)  0.325  0.166
  32 -   0.45049 0.38317 0.16635 ( 1)  0.325  0.166
  33 N   0.95645 0.04352 0.00003 ( 1)  0.035  0.000
  34 N   0.95645 0.04352 0.00003 ( 1)  0.035  0.000
  35 N   0.95645 0.04352 0.00003 ( 1)  0.035  0.000
  36 A   0.42383 0.57111 0.00506 ( 2)  0.207  0.005
  37 P   0.90948 0.09022 0.00030 ( 1)  0.050  0.000
  38 S   0.69877 0.28101 0.02021 ( 1)  0.132  0.020
  39 F   0.87378 0.12527 0.00095 ( 1)  0.062  0.001
  40 S   0.89016 0.10926 0.00058 ( 1)  0.057  0.001
  41 A   0.00034 0.38323 0.61643 ( 3)  0.818  0.616
  42 I   0.94019 0.05972 0.00009 ( 1)  0.041  0.000
  43 E   0.79010 0.20470 0.00520 ( 1)  0.092  0.005
  44 A   0.00289 0.91295 0.08416 ( 2)  0.401  0.084
  45 A   0.82593 0.17118 0.00289 ( 1)  0.079  0.003
  46 A   0.00249 0.89788 0.09964 ( 2)  0.413  0.100
  47 I   0.00032 0.38406 0.61562 ( 3)  0.818  0.616
  48 R   0.78901 0.20442 0.00657 ( 1)  0.093  0.007
  49 S   0.00000 0.03738 0.96262 ( 3)  1.089  0.963
  50 P   0.75679 0.23383 0.00937 ( 1)  0.106  0.009
  51 H   0.92532 0.07453 0.00015 ( 1)  0.045  0.000
  52 L   0.83247 0.16518 0.00234 ( 1)  0.076  0.002
  53 L   0.88448 0.11486 0.00066 ( 1)  0.059  0.001
  54 D   0.94689 0.05305 0.00005 ( 1)  0.038  0.000
  55 F   0.93072 0.06917 0.00011 ( 1)  0.044  0.000
  56 L   0.02163 0.87334 0.10503 ( 2)  0.412  0.105
  57 E   0.91970 0.08010 0.00020 ( 1)  0.047  0.000
  58 Q   0.02175 0.88492 0.09332 ( 2)  0.402  0.093
  59 L   0.37972 0.61319 0.00709 ( 2)  0.222  0.007
  60 T   0.40374 0.58833 0.00793 ( 2)  0.216  0.008
  61 I   0.94200 0.05792 0.00008 ( 1)  0.040  0.000
  62 F   0.00746 0.62092 0.37162 ( 2)  0.625  0.372
  63 S   0.77096 0.22143 0.00760 ( 1)  0.100  0.008
  64 A   0.00000 0.08933 0.91067 ( 3)  1.048  0.911
  65 S   0.22295 0.73463 0.04242 ( 2)  0.299  0.042
  66 S   0.02929 0.91133 0.05938 ( 2)  0.374  0.059
  67 R   0.77347 0.21943 0.00710 ( 1)  0.099  0.007
  68 W   0.69079 0.28760 0.02161 ( 1)  0.136  0.022
  69 S   0.94447 0.05547 0.00005 ( 1)  0.039  0.000
  70 N   0.00084 0.61313 0.38603 ( 2)  0.638  0.386
  71 T   0.93698 0.06289 0.00012 ( 1)  0.042  0.000
  72 R   0.09169 0.74257 0.16574 ( 2)  0.437  0.166
  73 H   0.03337 0.91879 0.04784 ( 2)  0.363  0.048
  74 M   0.90020 0.09947 0.00033 ( 1)  0.053  0.000
  75 T   0.53367 0.46469 0.00164 ( 1)  0.170  0.002
  76 Y   0.00090 0.66226 0.33685 ( 2)  0.599  0.337
  77 W   0.69079 0.28760 0.02161 ( 1)  0.136  0.022
  78 R   0.00000 0.06387 0.93613 ( 3)  1.068  0.936
  79 G   0.85633 0.14233 0.00134 ( 1)  0.068  0.001
  80 H   0.90671 0.09297 0.00031 ( 1)  0.051  0.000
  81 T   0.00145 0.79264 0.20591 ( 2)  0.497  0.206
  82 I   0.36029 0.63106 0.00865 ( 2)  0.230  0.009
  83 Q   0.00010 0.66017 0.33973 ( 2)  0.602  0.340
  84 S   0.00024 0.32310 0.67665 ( 3)  0.865  0.677
  85 R   0.67886 0.29533 0.02581 ( 1)  0.143  0.026
  86 P   0.00193 0.83361 0.16446 ( 2)  0.464  0.164
  87 I   0.94019 0.05972 0.00009 ( 1)  0.041  0.000
  88 G   0.00090 0.66388 0.33522 ( 2)  0.598  0.335
  89 G   0.75161 0.23861 0.00979 ( 1)  0.108  0.010
  90 G   0.00000 0.01525 0.98475 ( 3)  1.106  0.985
  91 L   0.23103 0.73154 0.03744 ( 2)  0.293  0.037
  92 N   0.06253 0.91862 0.01885 ( 2)  0.331  0.019
  93 T   0.09955 0.68766 0.21279 ( 2)  0.471  0.213
  94 S   0.24224 0.72129 0.03648 ( 2)  0.289  0.036
  95 T   0.90648 0.09310 0.00042 ( 1)  0.051  0.000
  96 H   0.02045 0.87014 0.10940 ( 2)  0.415  0.109
  97 G   0.85886 0.13987 0.00126 ( 1)  0.067  0.001
  98 A   0.00000 0.01445 0.98555 ( 3)  1.107  0.986
  99 T   0.75384 0.23599 0.01017 ( 1)  0.107  0.010
 100 -   0.45227 0.38310 0.16463 ( 1)  0.323  0.165
 101 N   0.95645 0.04352 0.00003 ( 1)  0.035  0.000
 102 T   0.46297 0.53284 0.00419 ( 2)  0.194  0.004
 103 S   0.37503 0.61650 0.00846 ( 2)  0.225  0.008
 104 I   0.94200 0.05792 0.00008 ( 1)  0.040  0.000
 105 N   0.54347 0.45493 0.00160 ( 1)  0.167  0.002
 106 P   0.90496 0.09468 0.00036 ( 1)  0.052  0.000
 107 V   0.90978 0.08994 0.00028 ( 1)  0.050  0.000
 108 T   0.04615 0.92271 0.03114 ( 2)  0.346  0.031
 109 L   0.01608 0.82551 0.15842 ( 2)  0.455  0.158
 110 R   0.00001 0.12994 0.87005 ( 3)  1.017  0.870
 111 F   0.78871 0.20462 0.00667 ( 1)  0.093  0.007
 112 A   0.00000 0.04093 0.95907 ( 3)  1.086  0.959
 113 S   0.37240 0.61912 0.00849 ( 2)  0.226  0.008
 114 R   0.77990 0.21387 0.00623 ( 1)  0.096  0.006
 115 D   0.74738 0.24257 0.01006 ( 1)  0.109  0.010
 116 V   0.00175 0.82396 0.17428 ( 2)  0.472  0.174
 117 Y   0.90874 0.09096 0.00030 ( 1)  0.051  0.000
 118 R   0.23550 0.72566 0.03884 ( 2)  0.293  0.039
 119 T   0.93192 0.06793 0.00015 ( 1)  0.043  0.000
 120 E   0.91970 0.08010 0.00020 ( 1)  0.047  0.000
 121 S   0.86121 0.13745 0.00134 ( 1)  0.066  0.001
 122 Y   0.00000 0.09270 0.90730 ( 3)  1.046  0.907
 123 A   0.91228 0.08743 0.00029 ( 1)  0.050  0.000
 124 G   0.75157 0.23849 0.00994 ( 1)  0.108  0.010
 125 V   0.00034 0.40215 0.59750 ( 3)  0.803  0.598
 126 L   0.05659 0.92844 0.01497 ( 2)  0.330  0.015
 127 L   0.02938 0.90170 0.06892 ( 2)  0.381  0.069
 128 W   0.01606 0.82768 0.15626 ( 2)  0.453  0.156
 129 G   0.51842 0.37350 0.10808 ( 1)  0.258  0.108
 130 I   0.54895 0.36412 0.08693 ( 1)  0.232  0.087
 131 Y   0.00001 0.21464 0.78534 ( 3)  0.950  0.785
 132 L   0.04175 0.92829 0.02996 ( 2)  0.347  0.030
 133 E   0.00003 0.35952 0.64045 ( 3)  0.837  0.640
 134 P   0.91575 0.08401 0.00023 ( 1)  0.048  0.000
 135 I   0.02802 0.90912 0.06286 ( 2)  0.377  0.063
 136 H   0.52977 0.46861 0.00162 ( 1)  0.171  0.002
 137 G   0.85126 0.14712 0.00162 ( 1)  0.070  0.002
 138 V   0.89251 0.10695 0.00054 ( 1)  0.056  0.001
 139 P   0.91575 0.08401 0.00023 ( 1)  0.048  0.000
 140 T   0.00000 0.10483 0.89516 ( 3)  1.036  0.895
 141 V   0.04546 0.93088 0.02366 ( 2)  0.341  0.024
 142 R   0.00186 0.84527 0.15287 ( 2)  0.455  0.153
 143 F   0.90268 0.09694 0.00039 ( 1)  0.053  0.000
 144 N   0.51697 0.48085 0.00219 ( 1)  0.175  0.002
 145 F   0.01265 0.74670 0.24065 ( 2)  0.521  0.241
 146 T   0.00007 0.55685 0.44308 ( 2)  0.683  0.443
 147 N   0.00124 0.73304 0.26572 ( 2)  0.544  0.266
 148 P   0.01258 0.74936 0.23806 ( 2)  0.519  0.238
 149 Q   0.00000 0.06547 0.93453 ( 3)  1.067  0.935
 150 N   0.00336 0.91087 0.08577 ( 2)  0.402  0.086
 151 I   0.00000 0.03497 0.96503 ( 3)  1.091  0.965
 152 S   0.00000 0.20985 0.79015 ( 3)  0.954  0.790
 153 D   0.11599 0.68876 0.19525 ( 2)  0.453  0.195
 154 R   0.03110 0.91590 0.05300 ( 2)  0.368  0.053
 155 G   0.00009 0.61542 0.38449 ( 2)  0.637  0.384
 156 T   0.00000 0.04911 0.95089 ( 3)  1.080  0.951
 157 A   0.00000 0.34799 0.65200 ( 3)  0.846  0.652
 158 N   0.00000 0.01007 0.98993 ( 3)  1.110  0.990
 159 Y   0.89708 0.10245 0.00047 ( 1)  0.054  0.000
 160 S   0.00211 0.83274 0.16515 ( 2)  0.465  0.165
 161 Q   0.00000 0.20764 0.79236 ( 3)  0.956  0.792
 162 P   0.00630 0.57402 0.41968 ( 2)  0.663  0.420
 163 Y   0.90874 0.09096 0.00030 ( 1)  0.051  0.000
 164 E   0.00000 0.12182 0.87818 ( 3)  1.023  0.878
 165 S   0.01959 0.87296 0.10745 ( 2)  0.414  0.107
 166 P   0.00225 0.88729 0.11046 ( 2)  0.422  0.110
 167 G   0.71853 0.26619 0.01528 ( 1)  0.122  0.015
 168 L   0.01542 0.80686 0.17772 ( 2)  0.470  0.178
 169 Q   0.86654 0.13245 0.00101 ( 1)  0.065  0.001
 170 L   0.82718 0.17010 0.00272 ( 1)  0.078  0.003
 171 K   0.00001 0.18617 0.81383 ( 3)  0.973  0.814
 172 D   0.94689 0.05305 0.00005 ( 1)  0.038  0.000
 173 S   0.86101 0.13764 0.00135 ( 1)  0.067  0.001
 174 E   0.91970 0.08010 0.00020 ( 1)  0.047  0.000
 175 T   0.46907 0.52614 0.00479 ( 2)  0.193  0.005
 176 E   0.91970 0.08010 0.00020 ( 1)  0.047  0.000
 177 L   0.82740 0.16996 0.00264 ( 1)  0.078  0.003
 178 P   0.89731 0.10222 0.00047 ( 1)  0.054  0.000
 179 P   0.90761 0.09207 0.00032 ( 1)  0.051  0.000
 180 E   0.91964 0.08017 0.00020 ( 1)  0.047  0.000
 181 T   0.41537 0.57801 0.00663 ( 2)  0.211  0.007
 182 T   0.44129 0.55356 0.00515 ( 2)  0.202  0.005
 183 E   0.35605 0.63398 0.00998 ( 2)  0.232  0.010
 184 R   0.13699 0.74018 0.12282 ( 2)  0.389  0.123
 185 P   0.90248 0.09714 0.00038 ( 1)  0.053  0.000
 186 N   0.58581 0.41314 0.00105 ( 1)  0.153  0.001
 187 Y   0.90874 0.09096 0.00030 ( 1)  0.051  0.000
 188 E   0.91970 0.08010 0.00020 ( 1)  0.047  0.000
 189 S   0.87335 0.12568 0.00097 ( 1)  0.062  0.001
 190 Y   0.88325 0.11592 0.00082 ( 1)  0.059  0.001
 191 S   0.94447 0.05547 0.00005 ( 1)  0.039  0.000
 192 H   0.92876 0.07112 0.00013 ( 1)  0.044  0.000
 193 R   0.90300 0.09663 0.00036 ( 1)  0.053  0.000
 194 L   0.82731 0.17002 0.00266 ( 1)  0.078  0.003
 195 S   0.91120 0.08850 0.00030 ( 1)  0.050  0.000
 196 H   0.35415 0.63569 0.01016 ( 2)  0.233  0.010
 197 I   0.94019 0.05972 0.00009 ( 1)  0.041  0.000
 198 G   0.25908 0.71513 0.02578 ( 2)  0.275  0.026
 199 I   0.00799 0.62924 0.36277 ( 2)  0.617  0.363
 200 I   0.92519 0.07461 0.00020 ( 1)  0.045  0.000
 201 L   0.00002 0.30048 0.69949 ( 3)  0.883  0.699
 202 Q   0.00000 0.24559 0.75441 ( 3)  0.926  0.754
 203 S   0.00001 0.19978 0.80021 ( 3)  0.962  0.800
 204 R   0.00101 0.70680 0.29220 ( 2)  0.565  0.292
 205 V   0.00756 0.63250 0.35994 ( 2)  0.615  0.360
 206 N   0.00013 0.74943 0.25044 ( 2)  0.532  0.250
 207 V   0.40949 0.58508 0.00542 ( 2)  0.212  0.005
 208 P   0.12821 0.73695 0.13484 ( 2)  0.401  0.135
 209 V   0.90221 0.09741 0.00038 ( 1)  0.053  0.000
 210 Y   0.90874 0.09096 0.00030 ( 1)  0.051  0.000
 211 S   0.91743 0.08234 0.00023 ( 1)  0.048  0.000
 212 W   0.69079 0.28760 0.02161 ( 1)  0.136  0.022
 213 T   0.76254 0.22886 0.00860 ( 1)  0.103  0.009
 214 H   0.89347 0.10595 0.00058 ( 1)  0.056  0.001
 215 R   0.88239 0.11699 0.00062 ( 1)  0.059  0.001
 216 S   0.94447 0.05547 0.00005 ( 1)  0.039  0.000

Positively selected sites

	Prob(w>1)  mean w

    21 N      0.799         0.961
    22 -      0.941         1.072
    23 -      0.754         0.926
    41 A      0.616         0.818
    47 I      0.616         0.818
    49 S      0.963*        1.089
    64 A      0.911         1.048
    78 R      0.936         1.068
    84 S      0.677         0.865
    90 G      0.985*        1.106
    98 A      0.986*        1.107
   110 R      0.870         1.017
   112 A      0.959*        1.086
   122 Y      0.907         1.046
   125 V      0.598         0.803
   131 Y      0.785         0.950
   133 E      0.640         0.837
   140 T      0.895         1.036
   149 Q      0.935         1.067
   151 I      0.965*        1.091
   152 S      0.790         0.954
   156 T      0.951*        1.080
   157 A      0.652         0.846
   158 N      0.990*        1.110
   161 Q      0.792         0.956
   164 E      0.878         1.023
   171 K      0.814         0.973
   201 L      0.699         0.883
   202 Q      0.754         0.926
   203 S      0.800         0.962


lnL = -3551.599849

