Supplemental results for CODEML (seqf: algn  treef: tree)


dN/dS (w) for site classes (K=2)

p:   0.60812  0.39188
w:   0.11726  1.00000

Naive Empirical Bayes (NEB) probabilities for 2 classes & postmean_w
(amino acids refer to 1st sequence: BT_Cry1Ia11)

   1 S   0.96863 0.03137 ( 1)  0.145
   2 I   0.97903 0.02097 ( 1)  0.136
   3 T   0.98323 0.01677 ( 1)  0.132
   4 Q   0.99437 0.00563 ( 1)  0.122
   5 I   0.61177 0.38823 ( 1)  0.460
   6 P   0.99231 0.00769 ( 1)  0.124
   7 L   0.69729 0.30271 ( 1)  0.384
   8 V   0.98377 0.01623 ( 1)  0.132
   9 K   0.95465 0.04535 ( 1)  0.157
  10 A   0.88688 0.11312 ( 1)  0.217
  11 F   0.14621 0.85379 ( 2)  0.871
  12 N   0.64135 0.35865 ( 1)  0.434
  13 -   0.71484 0.28516 ( 1)  0.369
  14 -   0.70687 0.29313 ( 1)  0.376
  15 -   0.70687 0.29313 ( 1)  0.376
  16 -   0.27874 0.72126 ( 2)  0.754
  17 L   0.20247 0.79753 ( 2)  0.821
  18 S   0.17221 0.82779 ( 2)  0.848
  19 S   0.93104 0.06896 ( 1)  0.178
  20 G   0.09771 0.90229 ( 2)  0.914
  21 A   0.17316 0.82684 ( 2)  0.847
  22 A   0.46816 0.53184 ( 2)  0.587
  23 V   0.83495 0.16505 ( 1)  0.263
  24 V   0.85134 0.14866 ( 1)  0.248
  25 R   0.68167 0.31833 ( 1)  0.398
  26 G   0.96966 0.03034 ( 1)  0.144
  27 P   0.99339 0.00661 ( 1)  0.123
  28 G   0.99154 0.00846 ( 1)  0.125
  29 F   0.79837 0.20163 ( 1)  0.295
  30 T   0.98672 0.01328 ( 1)  0.129
  31 G   0.98752 0.01248 ( 1)  0.128
  32 G   0.98660 0.01340 ( 1)  0.129
  33 D   0.14227 0.85773 ( 2)  0.874
  34 I   0.76768 0.23232 ( 1)  0.322
  35 L   0.68704 0.31296 ( 1)  0.394
  36 R   0.19474 0.80526 ( 2)  0.828
  37 R   0.35187 0.64813 ( 2)  0.689
  38 T   0.04547 0.95453 ( 2)  0.960
  39 N   0.33505 0.66495 ( 2)  0.704
  40 T   0.00276 0.99724 ( 2)  0.998
  41 G   0.92778 0.07222 ( 1)  0.181
  42 T   0.00012 0.99988 ( 2)  1.000
  43 F   0.34290 0.65710 ( 2)  0.697
  44 G   0.62178 0.37822 ( 1)  0.451
  45 D   0.18411 0.81589 ( 2)  0.837
  46 I   0.66633 0.33367 ( 1)  0.412
  47 R   0.40542 0.59458 ( 2)  0.642
  48 V   0.70145 0.29855 ( 1)  0.381
  49 N   0.02181 0.97819 ( 2)  0.981
  50 I   0.78964 0.21036 ( 1)  0.303
  51 N   0.98789 0.01211 ( 1)  0.128
  52 -   0.60812 0.39188 ( 1)  0.463
  53 -   0.60812 0.39188 ( 1)  0.463
  54 -   0.60812 0.39188 ( 1)  0.463
  55 -   0.60812 0.39188 ( 1)  0.463
  56 -   0.60812 0.39188 ( 1)  0.463
  57 P   0.96363 0.03637 ( 1)  0.149
  58 P   0.99231 0.00769 ( 1)  0.124
  59 F   0.97036 0.02964 ( 1)  0.143
  60 A   0.15312 0.84688 ( 2)  0.865
  61 Q   0.99437 0.00563 ( 1)  0.122
  62 R   0.93321 0.06679 ( 1)  0.176
  63 Y   0.99466 0.00534 ( 1)  0.122
  64 R   0.93079 0.06921 ( 1)  0.178
  65 V   0.44407 0.55593 ( 2)  0.608
  66 R   0.96144 0.03856 ( 1)  0.151
  67 I   0.87394 0.12606 ( 1)  0.229
  68 R   0.62813 0.37187 ( 1)  0.446
  69 Y   0.97350 0.02650 ( 1)  0.141
  70 A   0.89710 0.10290 ( 1)  0.208
  71 S   0.25408 0.74592 ( 2)  0.776
  72 T   0.60053 0.39947 ( 1)  0.470
  73 -   0.95031 0.04969 ( 1)  0.161
  74 T   0.63984 0.36016 ( 1)  0.435
  75 D   0.99320 0.00680 ( 1)  0.123
  76 L   0.54860 0.45140 ( 1)  0.516
  77 Q   0.76670 0.23330 ( 1)  0.323
  78 F   0.43466 0.56534 ( 2)  0.616
  79 H   0.00413 0.99587 ( 2)  0.996
  80 T   0.39968 0.60032 ( 2)  0.647
  81 S   0.08351 0.91649 ( 2)  0.926
  82 I   0.23932 0.76068 ( 2)  0.789
  83 N   0.00024 0.99976 ( 2)  1.000
  84 G   0.06127 0.93873 ( 2)  0.946
  85 K   0.15411 0.84589 ( 2)  0.864
  86 A   0.03949 0.96051 ( 2)  0.965
  87 I   0.75908 0.24092 ( 1)  0.330
  88 N   0.89080 0.10920 ( 1)  0.214
  89 Q   0.02438 0.97562 ( 2)  0.978
  90 G   0.69267 0.30733 ( 1)  0.389
  91 N   0.54318 0.45682 ( 1)  0.521
  92 F   0.83202 0.16798 ( 1)  0.266
  93 S   0.82294 0.17706 ( 1)  0.274
  94 A   0.22896 0.77104 ( 2)  0.798
  95 T   0.89793 0.10207 ( 1)  0.207
  96 M   0.59135 0.40865 ( 1)  0.478
  97 N   0.98496 0.01504 ( 1)  0.131
  98 R   0.99031 0.00969 ( 1)  0.126
  99 G   0.57674 0.42326 ( 1)  0.491
 100 E   0.25562 0.74438 ( 2)  0.774
 101 -   0.87411 0.12589 ( 1)  0.228
 102 -   0.90261 0.09739 ( 1)  0.203
 103 -   0.86580 0.13420 ( 1)  0.236
 104 D   0.97979 0.02021 ( 1)  0.135
 105 L   0.98591 0.01409 ( 1)  0.130
 106 D   0.44795 0.55205 ( 2)  0.605
 107 Y   0.43279 0.56721 ( 2)  0.618
 108 K   0.81471 0.18529 ( 1)  0.281
 109 T   0.87113 0.12887 ( 1)  0.231
 110 F   0.95826 0.04174 ( 1)  0.154
 111 R   0.91562 0.08438 ( 1)  0.192
 112 T   0.78319 0.21681 ( 1)  0.309
 113 V   0.98377 0.01623 ( 1)  0.132
 114 G   0.21729 0.78271 ( 2)  0.808
 115 F   0.95345 0.04655 ( 1)  0.158
 116 T   0.91963 0.08037 ( 1)  0.188
 117 T   0.80622 0.19378 ( 1)  0.288
 118 P   0.00076 0.99924 ( 2)  0.999
 119 F   0.99494 0.00506 ( 1)  0.122
 120 S   0.41362 0.58638 ( 2)  0.635
 121 F   0.05983 0.94017 ( 2)  0.947
 122 L   0.01653 0.98347 ( 2)  0.985
 123 D   0.10784 0.89216 ( 2)  0.905
 124 V   0.38514 0.61486 ( 2)  0.660
 125 Q   0.00721 0.99279 ( 2)  0.994
 126 -   0.60812 0.39188 ( 1)  0.463
 127 S   0.83409 0.16591 ( 1)  0.264
 128 T   0.00245 0.99755 ( 2)  0.998
 129 F   0.01919 0.98081 ( 2)  0.983
 130 T   0.05279 0.94721 ( 2)  0.953
 131 I   0.22732 0.77268 ( 2)  0.799
 132 G   0.02356 0.97644 ( 2)  0.979
 133 A   0.21153 0.78847 ( 2)  0.813
 134 W   0.00009 0.99991 ( 2)  1.000
 135 N   0.86045 0.13955 ( 1)  0.240
 136 F   0.60562 0.39438 ( 1)  0.465
 137 S   0.24959 0.75041 ( 2)  0.780
 138 S   0.07394 0.92606 ( 2)  0.935
 139 G   0.21409 0.78591 ( 2)  0.811
 140 N   0.73447 0.26553 ( 1)  0.352
 141 E   0.81962 0.18038 ( 1)  0.276
 142 V   0.64806 0.35194 ( 1)  0.428
 143 Y   0.67997 0.32003 ( 1)  0.400
 144 I   0.98236 0.01764 ( 1)  0.133
 145 D   0.88443 0.11557 ( 1)  0.219
 146 R   0.97753 0.02247 ( 1)  0.137
 147 I   0.97938 0.02062 ( 1)  0.135
 148 E   0.99503 0.00497 ( 1)  0.122
 149 F   0.99494 0.00506 ( 1)  0.122
 150 V   0.90200 0.09800 ( 1)  0.204
 151 P   0.98696 0.01304 ( 1)  0.129


lnL = -1782.202723

