Supplemental results for CODEML (seqf: algn  treef: tree)


dN/dS (w) for site classes (K=8)

p:   0.12500  0.12500  0.12500  0.12500  0.12500  0.12500  0.12500  0.12500
w:   0.00858  0.08658  0.24022  0.44185  0.65125  0.82854  0.94601  0.99587

Naive Empirical Bayes (NEB) probabilities for 8 classes & postmean_w
(amino acids refer to 1st sequence: BT_Cry7Cb1)

   1 E   0.02891 0.51818 0.29672 0.09320 0.03206 0.01449 0.00900 0.00743 ( 2)  0.206
   2 T   0.75368 0.18138 0.04011 0.01328 0.00539 0.00276 0.00184 0.00157 ( 1)  0.047
   3 V   0.00000 0.00532 0.06145 0.14456 0.19149 0.20220 0.19904 0.19595 ( 6)  0.755
   4 T   0.12086 0.30102 0.20197 0.13568 0.08812 0.06086 0.04798 0.04351 ( 2)  0.332
   5 E   0.10695 0.41874 0.24548 0.10446 0.05166 0.03082 0.02234 0.01955 ( 2)  0.242
   6 L   0.64798 0.24736 0.06325 0.02054 0.00913 0.00511 0.00356 0.00307 ( 1)  0.068
   7 T   0.75368 0.18138 0.04011 0.01328 0.00539 0.00276 0.00184 0.00157 ( 1)  0.047
   8 R   0.77251 0.18926 0.02731 0.00644 0.00226 0.00105 0.00065 0.00053 ( 1)  0.036
   9 Q   0.14495 0.48972 0.22446 0.07542 0.03057 0.01570 0.01040 0.00879 ( 2)  0.182
  10 I   0.19515 0.37578 0.19292 0.10477 0.05577 0.03261 0.02304 0.01995 ( 2)  0.232
  11 F   0.00216 0.08608 0.16772 0.17405 0.16053 0.14521 0.13443 0.12983 ( 4)  0.606
  12 T   0.77276 0.17326 0.03491 0.01056 0.00404 0.00201 0.00133 0.00113 ( 1)  0.041
  13 D   0.24305 0.51302 0.16384 0.04793 0.01668 0.00740 0.00446 0.00362 ( 2)  0.132
  14 P   0.73680 0.21009 0.03546 0.00951 0.00381 0.00196 0.00129 0.00109 ( 1)  0.044
  15 I   0.00642 0.19086 0.27202 0.20598 0.12899 0.08225 0.06046 0.05302 ( 3)  0.435
  16 G   0.16489 0.48036 0.21976 0.07754 0.02893 0.01338 0.00830 0.00683 ( 2)  0.175
  17 L   0.00527 0.16515 0.25367 0.20603 0.13845 0.09421 0.07244 0.06478 ( 3)  0.468
  18 R   0.00361 0.03419 0.08389 0.13194 0.16622 0.18598 0.19544 0.19873 ( 8)  0.727
  19 G   0.22242 0.19969 0.16186 0.12343 0.09368 0.07450 0.06416 0.06025 ( 1)  0.356
  20 I   0.28842 0.23977 0.16824 0.10789 0.06987 0.04949 0.03986 0.03647 ( 1)  0.272
  21 N   0.30034 0.24626 0.16832 0.10455 0.06574 0.04556 0.03624 0.03299 ( 1)  0.258
  22 E   0.19496 0.18002 0.15420 0.12640 0.10336 0.08751 0.07852 0.07503 ( 1)  0.399
  23 S   0.00352 0.03337 0.08233 0.13046 0.16571 0.18670 0.19711 0.20081 ( 8)  0.729
  24 K   0.26411 0.22593 0.16724 0.11434 0.07847 0.05796 0.04781 0.04415 ( 1)  0.301
  25 Y   0.24849 0.21662 0.16604 0.11826 0.08414 0.06372 0.05328 0.04945 ( 1)  0.320
  26 P   0.75961 0.19417 0.03055 0.00840 0.00341 0.00175 0.00115 0.00097 ( 1)  0.040
  27 D   0.17171 0.47650 0.20736 0.07669 0.03208 0.01625 0.01057 0.00884 ( 2)  0.180
  28 W   0.49385 0.31132 0.12789 0.04140 0.01365 0.00574 0.00340 0.00276 ( 1)  0.100
  29 Y   0.00658 0.22166 0.29733 0.18896 0.11094 0.07182 0.05434 0.04837 ( 3)  0.405
  30 G   0.00001 0.02100 0.14839 0.21261 0.19335 0.15950 0.13704 0.12810 ( 4)  0.647
  31 A   0.00000 0.00144 0.02203 0.08150 0.15923 0.21952 0.25222 0.26407 ( 8)  0.829
  32 A   0.00000 0.00804 0.10166 0.20460 0.21045 0.17874 0.15351 0.14299 ( 5)  0.688
  33 S   0.00558 0.22591 0.34634 0.20425 0.09883 0.05319 0.03568 0.03022 ( 3)  0.365
  34 -   0.39673 0.28544 0.15366 0.07294 0.03692 0.02246 0.01683 0.01503 ( 1)  0.171
  35 -   0.26904 0.22933 0.16839 0.11365 0.07673 0.05574 0.04541 0.04170 ( 1)  0.293
  36 D   0.00000 0.00012 0.00549 0.04269 0.12706 0.22142 0.28764 0.31559 ( 8)  0.873
  37 S   0.00001 0.00490 0.04735 0.11529 0.17424 0.20894 0.22279 0.22649 ( 8)  0.786
  38 F   0.68626 0.22827 0.04973 0.01582 0.00773 0.00494 0.00381 0.00344 ( 1)  0.061
  39 S   0.00000 0.00406 0.05852 0.14904 0.19629 0.20290 0.19672 0.19245 ( 6)  0.754
  40 L   0.03869 0.18159 0.18135 0.15546 0.13293 0.11353 0.10084 0.09561 ( 2)  0.500
  41 I   0.80158 0.15513 0.02898 0.00839 0.00299 0.00138 0.00086 0.00071 ( 1)  0.036
  42 E   0.78437 0.18166 0.02466 0.00552 0.00190 0.00088 0.00055 0.00045 ( 1)  0.034
  43 N   0.24333 0.40000 0.16948 0.08261 0.04329 0.02595 0.01883 0.01651 ( 2)  0.198
  44 R   0.00000 0.00141 0.04280 0.13246 0.19086 0.20971 0.21177 0.21098 ( 7)  0.777
  45 A   0.00810 0.28850 0.35531 0.17859 0.07972 0.04089 0.02662 0.02226 ( 3)  0.322
  46 V   0.00019 0.04542 0.14189 0.18592 0.18154 0.16122 0.14531 0.13852 ( 4)  0.647
  47 P   0.00132 0.06308 0.15511 0.18352 0.17330 0.15337 0.13837 0.13194 ( 4)  0.626
  48 Q   0.00000 0.00336 0.05668 0.15329 0.20088 0.20326 0.19398 0.18854 ( 6)  0.752
  49 P   0.16279 0.42821 0.18727 0.09033 0.05198 0.03314 0.02460 0.02168 ( 2)  0.230
  50 S   0.00000 0.00004 0.00489 0.04308 0.12769 0.22137 0.28745 0.31548 ( 8)  0.873
  51 L   0.00003 0.00586 0.03899 0.09721 0.16129 0.21041 0.23796 0.24824 ( 8)  0.805
  52 F   0.15907 0.40716 0.18072 0.09233 0.05797 0.04074 0.03248 0.02953 ( 2)  0.252
  53 Q   0.00438 0.19134 0.33531 0.21817 0.11108 0.06160 0.04213 0.03600 ( 3)  0.393
  54 W   0.00000 0.01146 0.10669 0.18980 0.19645 0.17766 0.16225 0.15569 ( 5)  0.694
  55 L   0.56332 0.25707 0.08510 0.03603 0.02090 0.01470 0.01193 0.01096 ( 1)  0.111
  56 T   0.00000 0.00135 0.03682 0.12204 0.18691 0.21315 0.21949 0.22024 ( 8)  0.788
  57 E   0.00000 0.00422 0.05248 0.13868 0.19333 0.20666 0.20386 0.20078 ( 6)  0.764
  58 F   0.01139 0.27986 0.27104 0.16721 0.10365 0.06862 0.05201 0.04622 ( 2)  0.383
  59 K   0.00000 0.00041 0.01455 0.07038 0.15185 0.22138 0.26275 0.27868 ( 8)  0.843
  60 V   0.00007 0.01461 0.08172 0.14941 0.18655 0.19344 0.18885 0.18535 ( 6)  0.732
  61 Y   0.00000 0.00008 0.00939 0.06959 0.16214 0.22872 0.26001 0.27007 ( 8)  0.843
  62 T   0.00003 0.00709 0.03617 0.09646 0.16544 0.21310 0.23679 0.24492 ( 8)  0.804
  63 K   0.00015 0.04500 0.16379 0.20918 0.18724 0.15106 0.12667 0.11692 ( 4)  0.619
  64 Y   0.00000 0.00002 0.00305 0.03365 0.11687 0.22031 0.29666 0.32945 ( 8)  0.883
  65 V   0.01026 0.24228 0.26285 0.18023 0.11494 0.07718 0.05925 0.05301 ( 3)  0.411
  66 E   0.00000 0.00011 0.00834 0.05867 0.14630 0.22475 0.27183 0.29000 ( 8)  0.855
  67 P   0.00010 0.03837 0.15575 0.19358 0.17860 0.15672 0.14159 0.13528 ( 4)  0.641
  68 N   0.00000 0.00591 0.06804 0.15506 0.19632 0.19880 0.19045 0.18543 ( 6)  0.743
  69 D   0.00005 0.01621 0.08342 0.15720 0.19031 0.19099 0.18318 0.17864 ( 6)  0.724
  70 K   0.00000 0.00327 0.03266 0.09345 0.16079 0.21297 0.24279 0.25406 ( 8)  0.813
  71 L   0.00000 0.00002 0.00203 0.02515 0.10083 0.21298 0.30759 0.35140 ( 8)  0.895
  72 T   0.00000 0.00383 0.03750 0.10559 0.17299 0.21335 0.23071 0.23603 ( 8)  0.799
  73 I   0.15198 0.35556 0.18957 0.10935 0.06932 0.04889 0.03934 0.03599 ( 2)  0.285
  74 L   0.00003 0.01489 0.10275 0.18136 0.19355 0.17965 0.16672 0.16105 ( 5)  0.699
  75 A   0.00000 0.00237 0.03272 0.10348 0.17379 0.21554 0.23335 0.23877 ( 8)  0.804
  76 G   0.00000 0.00706 0.08174 0.16790 0.19588 0.19145 0.18081 0.17516 ( 5)  0.726
  77 H   0.00000 0.00236 0.04360 0.13136 0.19110 0.21011 0.21141 0.21006 ( 7)  0.776
  78 S   0.00066 0.11378 0.30424 0.24030 0.14098 0.08553 0.06127 0.05324 ( 3)  0.463
  79 V   0.00331 0.12815 0.22313 0.19646 0.14945 0.11477 0.09589 0.08885 ( 3)  0.523
  80 T   0.00000 0.01654 0.15218 0.23603 0.20439 0.15471 0.12394 0.11220 ( 4)  0.633
  81 T   0.77061 0.17447 0.03564 0.01084 0.00408 0.00199 0.00129 0.00108 ( 1)  0.042
  82 Q   0.00000 0.00036 0.00735 0.03591 0.10430 0.20662 0.29986 0.34560 ( 8)  0.885
  83 Y   0.00007 0.03013 0.15530 0.21624 0.19278 0.15492 0.13018 0.12038 ( 4)  0.632
  84 T   0.00009 0.02807 0.12319 0.18626 0.18980 0.17065 0.15447 0.14747 ( 5)  0.672
  85 S   0.00000 0.00030 0.01361 0.07063 0.15655 0.22505 0.26078 0.27308 ( 8)  0.842
  86 Y   0.00000 0.00065 0.02072 0.08851 0.16861 0.22156 0.24604 0.25390 ( 8)  0.823
  87 Y   0.00001 0.01762 0.14727 0.22204 0.19562 0.15721 0.13441 0.12582 ( 4)  0.645
  88 K   0.00000 0.00025 0.00997 0.05618 0.14043 0.22277 0.27490 0.29550 ( 8)  0.858
  89 K   0.00000 0.00130 0.02652 0.09012 0.16255 0.21647 0.24605 0.25701 ( 8)  0.820
  90 -   0.00003 0.00318 0.02296 0.07125 0.14147 0.21226 0.26323 0.28562 ( 8)  0.839
  91 -   0.00014 0.01150 0.05985 0.12610 0.17529 0.20088 0.21148 0.21476 ( 8)  0.766
  92 -   0.00018 0.01468 0.07343 0.14436 0.18411 0.19503 0.19477 0.19344 ( 6)  0.741
  93 -   0.00000 0.00103 0.01608 0.06736 0.14571 0.21863 0.26592 0.28527 ( 8)  0.845
  94 -   0.00000 0.00041 0.00778 0.04197 0.11621 0.21217 0.29195 0.32951 ( 8)  0.876
  95 -   0.00011 0.00945 0.05261 0.11848 0.17297 0.20432 0.21864 0.22342 ( 8)  0.777
  96 -   0.00017 0.01384 0.06841 0.13565 0.17857 0.19680 0.20260 0.20396 ( 8)  0.752
  97 -   0.00812 0.06913 0.13880 0.17031 0.16886 0.15655 0.14636 0.14188 ( 4)  0.634
  98 -   0.18001 0.16923 0.14991 0.12795 0.10864 0.09466 0.08643 0.08316 ( 1)  0.423
  99 -   0.25982 0.22432 0.16849 0.11651 0.08008 0.05872 0.04798 0.04408 ( 1)  0.304
 100 -   0.23553 0.20676 0.16161 0.11923 0.08882 0.07031 0.06066 0.05708 ( 1)  0.342
 101 -   0.00869 0.07299 0.14305 0.17121 0.16697 0.15383 0.14378 0.13948 ( 4)  0.628
 102 -   0.33345 0.26433 0.16881 0.09561 0.05440 0.03454 0.02589 0.02298 ( 1)  0.220
 103 -   0.01272 0.09792 0.16627 0.17447 0.15691 0.13929 0.12838 0.12403 ( 4)  0.588
 104 -   0.33345 0.26433 0.16881 0.09561 0.05440 0.03454 0.02589 0.02298 ( 1)  0.220
 105 -   0.00000 0.00086 0.01349 0.05831 0.13403 0.21530 0.27559 0.30242 ( 8)  0.857
 106 -   0.00014 0.01153 0.06082 0.12868 0.17748 0.20078 0.20917 0.21141 ( 8)  0.763
 107 -   0.00728 0.06326 0.13163 0.16764 0.17090 0.16091 0.15138 0.14700 ( 5)  0.645
 108 -   0.00000 0.00091 0.01462 0.06320 0.14134 0.21804 0.27003 0.29187 ( 8)  0.850
 109 -   0.00936 0.07755 0.14846 0.17355 0.16604 0.15076 0.13952 0.13476 ( 4)  0.618
 110 -   0.00000 0.00005 0.00219 0.02165 0.08842 0.20280 0.31420 0.37069 ( 8)  0.902
 111 -   0.24148 0.21213 0.16503 0.11974 0.08672 0.06656 0.05610 0.05223 ( 1)  0.330
 112 -   0.00301 0.02916 0.07467 0.12381 0.16395 0.19049 0.20478 0.21013 ( 8)  0.743
 113 -   0.00000 0.00075 0.01251 0.05716 0.13486 0.21705 0.27603 0.30164 ( 8)  0.858
 114 -   0.01194 0.09606 0.17318 0.18614 0.16257 0.13654 0.12006 0.11351 ( 4)  0.578
 115 -   0.00797 0.06768 0.13559 0.16723 0.16799 0.15816 0.14960 0.14577 ( 5)  0.640
 116 -   0.00022 0.01700 0.08092 0.15120 0.18536 0.19129 0.18820 0.18581 ( 6)  0.730
 117 -   0.00007 0.00613 0.03684 0.09336 0.15630 0.20863 0.24231 0.25635 ( 8)  0.810
 118 S   0.00013 0.02357 0.08729 0.15912 0.19065 0.18794 0.17820 0.17311 ( 5)  0.714
 119 T   0.02318 0.46832 0.31293 0.11223 0.04181 0.01944 0.01211 0.00998 ( 2)  0.230
 120 F   0.23444 0.45834 0.15517 0.06825 0.03544 0.02084 0.01475 0.01276 ( 2)  0.176
 121 T   0.00926 0.15923 0.19879 0.18775 0.14882 0.11425 0.09463 0.08727 ( 3)  0.513
 122 Y   0.00007 0.02990 0.14641 0.20472 0.18967 0.15970 0.13899 0.13054 ( 4)  0.646
 123 G   0.00050 0.13388 0.32015 0.22973 0.13024 0.07890 0.05692 0.04968 ( 3)  0.444
 124 D   0.00007 0.02576 0.11957 0.18600 0.19233 0.17292 0.15551 0.14783 ( 5)  0.676
 125 T   0.00000 0.01233 0.11394 0.19781 0.20073 0.17520 0.15442 0.14558 ( 5)  0.683
 126 S   0.00796 0.28215 0.35198 0.17945 0.08186 0.04326 0.02889 0.02445 ( 3)  0.329
 127 S   0.00000 0.00251 0.02313 0.07420 0.15186 0.21890 0.25750 0.27190 ( 8)  0.833
 128 A   0.00004 0.02098 0.13805 0.21757 0.20057 0.16178 0.13569 0.12532 ( 4)  0.649
 129 N   0.00030 0.09881 0.29698 0.24417 0.14654 0.09044 0.06553 0.05723 ( 3)  0.477
 130 S   0.00007 0.02367 0.11438 0.18297 0.19170 0.17483 0.15954 0.15284 ( 5)  0.683
 131 S   0.00000 0.01046 0.11135 0.20439 0.20472 0.17464 0.15190 0.14254 ( 5)  0.682
 132 R   0.00000 0.00208 0.03727 0.12356 0.19295 0.21552 0.21555 0.21306 ( 7)  0.784
 133 T   0.00010 0.04336 0.21156 0.24821 0.18294 0.12733 0.09841 0.08809 ( 4)  0.570
 134 F   0.00021 0.06549 0.21674 0.22453 0.17074 0.12652 0.10236 0.09341 ( 4)  0.563
 135 D   0.00296 0.10447 0.18152 0.17610 0.15558 0.13657 0.12401 0.11879 ( 3)  0.581
 136 L   0.00002 0.00660 0.03888 0.08781 0.15088 0.20900 0.24600 0.26081 ( 8)  0.813
 137 L   0.67056 0.23607 0.05609 0.01833 0.00827 0.00465 0.00324 0.00280 ( 1)  0.063
 138 A   0.01397 0.32145 0.29733 0.16316 0.08647 0.05075 0.03586 0.03102 ( 2)  0.335
 139 K   0.01079 0.33383 0.34767 0.15655 0.06876 0.03657 0.02474 0.02109 ( 3)  0.301
 140 D   0.00005 0.01552 0.08023 0.15240 0.18838 0.19272 0.18718 0.18352 ( 6)  0.730
 141 V   0.00007 0.03547 0.18837 0.23985 0.18963 0.13834 0.10948 0.09879 ( 4)  0.594
 142 Y   0.00017 0.05693 0.20650 0.22451 0.17602 0.13190 0.10673 0.09724 ( 4)  0.575
 143 Q   0.00000 0.00252 0.04905 0.14520 0.19931 0.20699 0.20063 0.19629 ( 6)  0.763
 144 V   0.00000 0.00019 0.00715 0.05079 0.14012 0.22644 0.27798 0.29733 ( 8)  0.862
 145 D   0.01104 0.28801 0.30104 0.17528 0.09501 0.05597 0.03951 0.03414 ( 3)  0.354
 146 S   0.00001 0.00332 0.03671 0.10893 0.17679 0.21427 0.22821 0.23176 ( 8)  0.797
 147 V   0.00000 0.00007 0.00510 0.04202 0.12687 0.22216 0.28818 0.31561 ( 8)  0.873
 148 A   0.17445 0.44265 0.19850 0.08609 0.04224 0.02425 0.01706 0.01475 ( 2)  0.204
 149 A   0.00000 0.00001 0.00238 0.03020 0.11144 0.21785 0.30061 0.33750 ( 8)  0.887
 150 A   0.00006 0.01488 0.06441 0.13671 0.18759 0.20129 0.19897 0.19609 ( 6)  0.750
 151 S   0.00000 0.00222 0.04255 0.12388 0.18565 0.21134 0.21704 0.21732 ( 8)  0.783
 152 K   0.01500 0.39782 0.34027 0.13416 0.05410 0.02687 0.01732 0.01445 ( 2)  0.264
 153 S   0.00012 0.02838 0.09667 0.15884 0.18758 0.18511 0.17456 0.16874 ( 5)  0.705
 154 A   0.00407 0.10149 0.15895 0.18311 0.16987 0.14296 0.12372 0.11583 ( 4)  0.589
 155 T   0.01216 0.26082 0.26757 0.17542 0.10787 0.07159 0.05510 0.04947 ( 3)  0.395
 156 W   0.00001 0.00402 0.04323 0.11851 0.17896 0.20944 0.22122 0.22462 ( 8)  0.786
 157 Y   0.24849 0.21662 0.16604 0.11826 0.08414 0.06372 0.05328 0.04945 ( 1)  0.320
 158 L   0.00003 0.00304 0.02165 0.06747 0.13691 0.21105 0.26721 0.29264 ( 8)  0.844
 159 A   0.19622 0.18059 0.15391 0.12571 0.10276 0.08721 0.07849 0.07512 ( 1)  0.398
 160 V   0.24403 0.21307 0.16424 0.11837 0.08572 0.06613 0.05607 0.05237 ( 1)  0.328
 161 P   0.25179 0.21908 0.16713 0.11802 0.08299 0.06207 0.05142 0.04751 ( 1)  0.315
 162 E   0.00000 0.00011 0.00398 0.02982 0.10174 0.20892 0.30454 0.35089 ( 8)  0.891
 163 M   0.00000 0.00018 0.00947 0.05815 0.14268 0.22285 0.27335 0.29331 ( 8)  0.856
 164 R   0.00000 0.00288 0.03740 0.11046 0.17674 0.21304 0.22761 0.23188 ( 8)  0.796
 165 L   0.00000 0.00169 0.02881 0.10263 0.17845 0.21911 0.23306 0.23625 ( 8)  0.806
 166 Y   0.00715 0.21304 0.26508 0.18189 0.11951 0.08442 0.06746 0.06144 ( 3)  0.435
 167 S   0.00000 0.00272 0.02887 0.09144 0.16592 0.21762 0.24257 0.25086 ( 8)  0.815
 168 I   0.00005 0.01928 0.09679 0.16825 0.19132 0.18431 0.17285 0.16714 ( 5)  0.707
 169 N   0.00015 0.05922 0.24512 0.25317 0.17096 0.11245 0.08431 0.07461 ( 4)  0.534
 170 T   0.00000 0.00154 0.02448 0.08637 0.16175 0.21811 0.24838 0.25938 ( 8)  0.824
 171 N   0.00000 0.00201 0.02618 0.08849 0.16206 0.21668 0.24670 0.25788 ( 8)  0.821
 172 N   0.00000 0.01261 0.11714 0.20225 0.19958 0.17205 0.15220 0.14417 ( 4)  0.679
 173 I   0.00000 0.00001 0.00173 0.02347 0.09596 0.20897 0.31040 0.35946 ( 8)  0.898
 174 L   0.00140 0.06565 0.18906 0.22213 0.17932 0.13461 0.10877 0.09906 ( 4)  0.579
 175 S   0.00331 0.10164 0.16282 0.17174 0.16245 0.14434 0.12998 0.12372 ( 4)  0.595
 176 E   0.01057 0.33614 0.35377 0.15657 0.06596 0.03420 0.02307 0.01972 ( 3)  0.296
 177 D   0.00709 0.06127 0.12664 0.16201 0.16848 0.16313 0.15712 0.15426 ( 5)  0.655
 178 Y   0.00005 0.00459 0.03014 0.08390 0.15114 0.21117 0.25109 0.26794 ( 8)  0.822
 179 F   0.24456 0.21369 0.16475 0.11854 0.08551 0.06568 0.05551 0.05177 ( 1)  0.327
 180 S   0.00427 0.12024 0.17907 0.17916 0.15893 0.13345 0.11600 0.10887 ( 4)  0.565
 181 L   0.00011 0.03182 0.13437 0.19944 0.19300 0.16420 0.14292 0.13414 ( 4)  0.654
 182 S   0.00000 0.00014 0.00535 0.03780 0.11554 0.21524 0.29482 0.33111 ( 8)  0.880
 183 T   0.00667 0.20002 0.28219 0.20203 0.12201 0.07776 0.05799 0.05133 ( 3)  0.424
 184 N   0.01306 0.21258 0.23683 0.19180 0.12993 0.08798 0.06748 0.06034 ( 3)  0.442
 185 I   0.80158 0.15513 0.02898 0.00839 0.00299 0.00138 0.00086 0.00071 ( 1)  0.036
 186 P   0.70885 0.22664 0.04261 0.01145 0.00470 0.00253 0.00173 0.00148 ( 1)  0.049
 187 S   0.00348 0.16415 0.32043 0.22858 0.12342 0.07027 0.04836 0.04132 ( 3)  0.418
 188 S   0.00015 0.04720 0.17922 0.22555 0.18811 0.14189 0.11418 0.10370 ( 4)  0.598
 189 K   0.00024 0.02898 0.09923 0.15437 0.18008 0.18306 0.17853 0.17550 ( 6)  0.707
 190 M   0.00000 0.00013 0.00839 0.05717 0.14369 0.22375 0.27356 0.29331 ( 8)  0.857
 191 R   0.00010 0.03299 0.14402 0.20470 0.19215 0.16011 0.13754 0.12839 ( 4)  0.644
 192 R   0.00000 0.00420 0.04162 0.11151 0.17358 0.20985 0.22673 0.23251 ( 8)  0.793
 193 M   0.00004 0.01657 0.08843 0.15979 0.18964 0.18886 0.18064 0.17603 ( 5)  0.719
 194 Y   0.00516 0.19855 0.30897 0.20371 0.11497 0.07094 0.05200 0.04570 ( 3)  0.410
 195 S   0.00038 0.06279 0.24326 0.24546 0.16772 0.11389 0.08780 0.07870 ( 4)  0.537
 196 S   0.00574 0.22933 0.34986 0.20506 0.09720 0.05101 0.03358 0.02821 ( 3)  0.360
 197 E   0.26822 0.44390 0.15273 0.06574 0.03112 0.01695 0.01151 0.00982 ( 2)  0.161
 198 E   0.00455 0.04209 0.09845 0.14503 0.17022 0.17903 0.18043 0.18020 ( 7)  0.701
 199 L   0.20493 0.18732 0.15727 0.12555 0.09989 0.08264 0.07305 0.06936 ( 1)  0.383
 200 P   0.16001 0.15368 0.14199 0.12805 0.11511 0.10523 0.09919 0.09674 ( 1)  0.458
 201 I   0.26960 0.22922 0.16769 0.11298 0.07649 0.05592 0.04585 0.04225 ( 1)  0.294
 202 G   0.00612 0.05443 0.11836 0.15934 0.17143 0.16834 0.16252 0.15948 ( 5)  0.667
 203 I   0.00049 0.00776 0.03431 0.08603 0.15082 0.20905 0.24767 0.26386 ( 8)  0.815
 204 S   0.00280 0.02734 0.07112 0.12023 0.16241 0.19197 0.20880 0.21532 ( 8)  0.749
 205 D   0.26135 0.22372 0.16612 0.11445 0.07948 0.05945 0.04951 0.04591 ( 1)  0.306
 206 T   0.00000 0.00062 0.01079 0.05178 0.12845 0.21552 0.28161 0.31123 ( 8)  0.864
 207 P   0.25179 0.21908 0.16713 0.11802 0.08299 0.06207 0.05142 0.04751 ( 1)  0.315
 208 I   0.28842 0.23977 0.16824 0.10789 0.06987 0.04949 0.03986 0.03647 ( 1)  0.272
 209 Y   0.24849 0.21662 0.16604 0.11826 0.08414 0.06372 0.05328 0.04945 ( 1)  0.320
 210 G   0.22242 0.19969 0.16186 0.12343 0.09368 0.07450 0.06416 0.06025 ( 1)  0.356
 211 D   0.29027 0.24157 0.16947 0.10811 0.06917 0.04823 0.03833 0.03485 ( 1)  0.268
 212 L   0.15862 0.14290 0.12419 0.11473 0.11345 0.11466 0.11557 0.11588 ( 1)  0.488
 213 E   0.18375 0.17200 0.15110 0.12766 0.10734 0.09281 0.08434 0.08100 ( 1)  0.416
 214 E   0.25264 0.21930 0.16671 0.11746 0.08266 0.06201 0.05153 0.04770 ( 1)  0.315
 215 Y   0.77192 0.18985 0.02795 0.00609 0.00209 0.00098 0.00062 0.00051 ( 1)  0.036
 216 S   0.00297 0.10483 0.19046 0.19360 0.16222 0.13074 0.11138 0.10379 ( 4)  0.563
 217 H   0.80754 0.16786 0.01876 0.00365 0.00115 0.00050 0.00030 0.00024 ( 1)  0.029
 218 R   0.73148 0.21302 0.03679 0.00976 0.00402 0.00217 0.00149 0.00128 ( 1)  0.045
 219 L   0.64010 0.25405 0.06307 0.02005 0.00939 0.00562 0.00411 0.00361 ( 1)  0.070
 220 S   0.00900 0.31608 0.37741 0.17003 0.06522 0.02963 0.01799 0.01465 ( 3)  0.292
 221 F   0.00195 0.07822 0.16239 0.18282 0.16967 0.14781 0.13192 0.12522 ( 4)  0.609
 222 I   0.01593 0.31628 0.29077 0.16759 0.08895 0.05191 0.03673 0.03184 ( 2)  0.339
 223 S   0.00355 0.12427 0.21601 0.19569 0.15100 0.11756 0.09936 0.09256 ( 3)  0.531
 224 E   0.00235 0.13210 0.30324 0.23662 0.13576 0.08135 0.05810 0.05047 ( 3)  0.450
 225 I   0.25003 0.48776 0.16569 0.05429 0.02058 0.00993 0.00638 0.00534 ( 2)  0.141
 226 M   0.00014 0.03987 0.14276 0.18783 0.18325 0.16245 0.14553 0.13818 ( 4)  0.650
 227 H   0.00000 0.00134 0.03472 0.11645 0.18446 0.21511 0.22337 0.22455 ( 8)  0.793
 228 N   0.00000 0.00139 0.03270 0.10421 0.17153 0.21429 0.23457 0.24130 ( 8)  0.805
 229 S   0.06824 0.20265 0.16985 0.14959 0.12620 0.10506 0.09185 0.08658 ( 2)  0.467
 230 G   0.00000 0.00010 0.00591 0.04340 0.12531 0.21966 0.28813 0.31749 ( 8)  0.873
 231 S   0.00000 0.00697 0.09921 0.20505 0.21193 0.17981 0.15393 0.14309 ( 5)  0.690
 232 V   0.12500 0.12500 0.12500 0.12500 0.12500 0.12500 0.12500 0.12500 ( 2)  0.525
 233 T   0.12500 0.12500 0.12500 0.12500 0.12500 0.12500 0.12500 0.12500 ( 2)  0.525
 234 G   0.12500 0.12500 0.12500 0.12500 0.12500 0.12500 0.12500 0.12500 ( 7)  0.525
 235 S   0.12500 0.12500 0.12500 0.12500 0.12500 0.12500 0.12500 0.12500 ( 7)  0.525
 236 N   0.12500 0.12500 0.12500 0.12500 0.12500 0.12500 0.12500 0.12500 ( 2)  0.525
 237 N   0.01156 0.28441 0.28016 0.16261 0.09736 0.06577 0.05152 0.04660 ( 2)  0.377
 238 I   0.01138 0.30232 0.31557 0.16729 0.08496 0.05014 0.03638 0.03197 ( 3)  0.339
 239 K   0.17696 0.44890 0.18991 0.08006 0.04165 0.02593 0.01938 0.01721 ( 2)  0.205
 240 G   0.00423 0.17246 0.28813 0.20544 0.12620 0.08328 0.06354 0.05672 ( 3)  0.443
 241 I   0.00887 0.24616 0.30894 0.19263 0.10248 0.06018 0.04311 0.03764 ( 3)  0.376
 242 I   0.81925 0.14610 0.02428 0.00636 0.00209 0.00091 0.00056 0.00046 ( 1)  0.031
 243 P   0.00008 0.04673 0.23181 0.25286 0.17769 0.11993 0.09064 0.08026 ( 4)  0.552
 244 V   0.16403 0.44915 0.20604 0.08548 0.04085 0.02341 0.01661 0.01444 ( 2)  0.204
 245 L   0.00778 0.25859 0.33282 0.18921 0.09380 0.05194 0.03552 0.03034 ( 3)  0.354
 246 G   0.72052 0.21971 0.03931 0.01060 0.00443 0.00239 0.00164 0.00140 ( 1)  0.047
 247 W   0.49385 0.31132 0.12789 0.04140 0.01365 0.00574 0.00340 0.00276 ( 1)  0.100
 248 T   0.71821 0.18711 0.04984 0.02068 0.01022 0.00597 0.00427 0.00372 ( 1)  0.063
 249 H   0.80754 0.16786 0.01876 0.00365 0.00115 0.00050 0.00030 0.00024 ( 1)  0.029
 250 T   0.00000 0.00168 0.01861 0.07269 0.15512 0.22220 0.25840 0.27130 ( 8)  0.836
 251 S   0.70854 0.18059 0.03979 0.02040 0.01523 0.01279 0.01156 0.01110 ( 1)  0.083


lnL = -3462.329210

