Supplemental results for CODEML (seqf: algn  treef: tree)


dN/dS (w) for site classes (K=3)

p:   0.50273  0.44237  0.05490
w:   0.08257  1.00000  6.17450

Naive Empirical Bayes (NEB) probabilities for 3 classes & postmean_w & P(w>1)
(amino acids refer to 1st sequence: BT_Cry30Aa1)

   1 -   0.96498 0.03497 0.00005 ( 1)  0.115  0.000
   2 G   0.94484 0.05516 0.00000 ( 1)  0.133  0.000
   3 L   0.01177 0.98714 0.00109 ( 2)  0.995  0.001
   4 V   0.00228 0.99638 0.00134 ( 2)  1.005  0.001
   5 L   0.67770 0.32230 0.00001 ( 1)  0.378  0.000
   6 K   0.00000 0.07843 0.92157 ( 3)  5.769  0.922
   7 S   0.02783 0.97113 0.00103 ( 2)  0.980  0.001
   8 F   0.98597 0.01403 0.00000 ( 1)  0.095  0.000
   9 S   0.12087 0.87900 0.00013 ( 2)  0.890  0.000
  10 T   0.02337 0.97621 0.00042 ( 2)  0.981  0.000
  11 I   0.90661 0.09339 0.00000 ( 1)  0.168  0.000
  12 I   0.83509 0.16490 0.00001 ( 1)  0.234  0.000
  13 P   0.95209 0.04791 0.00000 ( 1)  0.127  0.000
  14 I   0.00185 0.99371 0.00444 ( 2)  1.021  0.004
  15 L   0.96756 0.03244 0.00000 ( 1)  0.112  0.000
  16 W   0.74006 0.25971 0.00022 ( 1)  0.322  0.000
  17 P   0.97307 0.02693 0.00000 ( 1)  0.107  0.000
  18 N   0.00030 0.99383 0.00587 ( 2)  1.030  0.006
  19 D   0.02925 0.97032 0.00043 ( 2)  0.975  0.000
  20 K   0.00038 0.98485 0.01477 ( 2)  1.076  0.015
  21 T   0.35156 0.64830 0.00014 ( 2)  0.678  0.000
  22 P   0.00691 0.95250 0.04059 ( 2)  1.204  0.041
  23 I   0.92701 0.07299 0.00000 ( 1)  0.150  0.000
  24 W   0.74006 0.25971 0.00022 ( 1)  0.322  0.000
  25 K   0.00296 0.99042 0.00662 ( 2)  1.032  0.007
  26 E   0.71898 0.28100 0.00002 ( 1)  0.340  0.000
  27 F   0.94771 0.05229 0.00000 ( 1)  0.131  0.000
  28 T   0.90352 0.09648 0.00000 ( 1)  0.171  0.000
  29 K   0.05835 0.94161 0.00004 ( 2)  0.947  0.000
  30 Q   0.06488 0.93510 0.00002 ( 2)  0.941  0.000
  31 G   0.95210 0.04790 0.00000 ( 1)  0.127  0.000
  32 L   0.88734 0.11265 0.00001 ( 1)  0.186  0.000
  33 Q   0.01051 0.98887 0.00061 ( 2)  0.994  0.001
  34 L   0.96756 0.03244 0.00000 ( 1)  0.112  0.000
  35 F   0.81287 0.18713 0.00000 ( 1)  0.254  0.000
  36 R   0.99377 0.00623 0.00000 ( 1)  0.088  0.000
  37 P   0.86919 0.13080 0.00001 ( 1)  0.203  0.000
  38 E   0.98314 0.01686 0.00000 ( 1)  0.098  0.000
  39 L   0.94758 0.05241 0.00000 ( 1)  0.131  0.000
  40 G   0.10027 0.89946 0.00027 ( 2)  0.909  0.000
  41 R   0.00035 0.99867 0.00098 ( 2)  1.005  0.001
  42 D   0.00475 0.99509 0.00016 ( 2)  0.996  0.000
  43 A   0.87578 0.12422 0.00000 ( 1)  0.197  0.000
  44 I   0.99376 0.00624 0.00000 ( 1)  0.088  0.000
  45 E   0.99366 0.00634 0.00000 ( 1)  0.088  0.000
  46 I   0.98545 0.01455 0.00000 ( 1)  0.096  0.000
  47 I   0.90849 0.09150 0.00000 ( 1)  0.167  0.000
  48 G   0.00446 0.97477 0.02077 ( 2)  1.103  0.021
  49 N   0.00899 0.97464 0.01637 ( 2)  1.076  0.016
  50 D   0.00645 0.99201 0.00154 ( 2)  1.002  0.002
  51 V   0.68489 0.31508 0.00003 ( 1)  0.372  0.000
  52 Q   0.10091 0.89827 0.00081 ( 2)  0.912  0.001
  53 A   0.00005 0.96198 0.03798 ( 2)  1.196  0.038
  54 E   0.00002 0.82922 0.17076 ( 2)  1.884  0.171
  55 Y   0.25147 0.74724 0.00128 ( 2)  0.776  0.001
  56 N   0.99516 0.00484 0.00000 ( 1)  0.087  0.000
  57 S   0.06607 0.93099 0.00295 ( 2)  0.955  0.003
  58 L   0.95984 0.04016 0.00000 ( 1)  0.119  0.000
  59 E   0.15750 0.83773 0.00477 ( 2)  0.880  0.005
  60 I   0.00001 0.91728 0.08271 ( 2)  1.428  0.083
  61 M   0.00000 0.07028 0.92972 ( 3)  5.811  0.930
  62 M   0.62824 0.37176 0.00000 ( 1)  0.424  0.000
  63 R   0.00000 0.16618 0.83382 ( 3)  5.315  0.834
  64 D   0.61696 0.38302 0.00003 ( 1)  0.434  0.000
  65 F   0.98597 0.01403 0.00000 ( 1)  0.095  0.000
  66 E   0.92655 0.07345 0.00000 ( 1)  0.150  0.000
  67 N   0.00000 0.29995 0.70005 ( 3)  4.622  0.700
  68 K   0.00008 0.94923 0.05069 ( 2)  1.262  0.051
  69 F   0.98597 0.01403 0.00000 ( 1)  0.095  0.000
  70 A   0.27485 0.72511 0.00004 ( 2)  0.748  0.000
  71 N   0.00001 0.85715 0.14284 ( 2)  1.739  0.143
  72 W   0.74006 0.25971 0.00022 ( 1)  0.322  0.000
  73 E   0.00004 0.86105 0.13890 ( 2)  1.719  0.139
  74 S   0.00000 0.00000 1.00000 ( 3)  6.174  1.000
  75 N   0.00015 0.94759 0.05226 ( 2)  1.270  0.052
  76 R   0.93303 0.06697 0.00000 ( 1)  0.144  0.000
  77 T   0.03530 0.96457 0.00013 ( 2)  0.968  0.000
  78 R   0.00019 0.89092 0.10889 ( 2)  1.563  0.109
  79 A   0.19978 0.80017 0.00006 ( 2)  0.817  0.000
  80 N   0.04568 0.95408 0.00024 ( 2)  0.959  0.000
  81 A   0.89187 0.10813 0.00000 ( 1)  0.182  0.000
  82 I   0.00004 0.80708 0.19288 ( 2)  1.998  0.193
  83 A   0.00013 0.95980 0.04007 ( 2)  1.207  0.040
  84 V   0.00747 0.97916 0.01337 ( 2)  1.062  0.013
  85 T   0.00100 0.99715 0.00185 ( 2)  1.009  0.002
  86 T   0.00003 0.93445 0.06552 ( 2)  1.339  0.066
  87 A   0.00057 0.99876 0.00067 ( 2)  1.003  0.001
  88 F   0.84684 0.15316 0.00000 ( 1)  0.223  0.000
  89 S   0.00000 0.02875 0.97125 ( 3)  6.026  0.971
  90 T   0.00000 0.49404 0.50596 ( 3)  3.618  0.506
  91 V   0.83410 0.16590 0.00000 ( 1)  0.235  0.000
  92 N   0.00004 0.95191 0.04804 ( 2)  1.249  0.048
  93 T   0.00016 0.96172 0.03811 ( 2)  1.197  0.038
  94 Q   0.00005 0.96309 0.03686 ( 2)  1.191  0.037
  95 I   0.82089 0.17911 0.00000 ( 1)  0.247  0.000
  96 I   0.95776 0.04224 0.00000 ( 1)  0.121  0.000
  97 R   0.00000 0.00008 0.99992 ( 3)  6.174  1.000
  98 L   0.96309 0.03691 0.00000 ( 1)  0.116  0.000
  99 K   0.92860 0.07140 0.00000 ( 1)  0.148  0.000
 100 E   0.00045 0.98230 0.01725 ( 2)  1.089  0.017
 101 R   0.00032 0.93162 0.06806 ( 2)  1.352  0.068
 102 F   0.08414 0.91565 0.00020 ( 2)  0.924  0.000
 103 L   0.00039 0.99826 0.00135 ( 2)  1.007  0.001
 104 I   0.92781 0.07219 0.00000 ( 1)  0.149  0.000
 105 A   0.00033 0.95063 0.04904 ( 2)  1.253  0.049
 106 P   0.00037 0.95262 0.04702 ( 2)  1.243  0.047
 107 E   0.00007 0.92429 0.07564 ( 2)  1.391  0.076
 108 N   0.99516 0.00484 0.00000 ( 1)  0.087  0.000
 109 R   0.37528 0.62453 0.00019 ( 2)  0.657  0.000
 110 P   0.86556 0.13444 0.00001 ( 1)  0.206  0.000
 111 A   0.98881 0.01119 0.00000 ( 1)  0.093  0.000
 112 F   0.25542 0.74457 0.00001 ( 2)  0.766  0.000
 113 L   0.48142 0.51851 0.00008 ( 2)  0.559  0.000
 114 N   0.49321 0.50678 0.00001 ( 2)  0.548  0.000
 115 L   0.79768 0.20227 0.00005 ( 1)  0.268  0.000
 116 Y   0.97531 0.02469 0.00000 ( 1)  0.105  0.000
 117 A   0.98908 0.01092 0.00000 ( 1)  0.093  0.000
 118 Q   0.97547 0.02453 0.00000 ( 1)  0.105  0.000
 119 T   0.98274 0.01726 0.00000 ( 1)  0.098  0.000
 120 A   0.93772 0.06228 0.00000 ( 1)  0.140  0.000
 121 N   0.99516 0.00484 0.00000 ( 1)  0.087  0.000
 122 I   0.83345 0.16655 0.00000 ( 1)  0.235  0.000
 123 D   0.99400 0.00600 0.00000 ( 1)  0.088  0.000
 124 L   0.88734 0.11265 0.00001 ( 1)  0.186  0.000
 125 I   0.98901 0.01099 0.00000 ( 1)  0.093  0.000
 126 L   0.96124 0.03876 0.00000 ( 1)  0.118  0.000
 127 Y   0.61785 0.38213 0.00001 ( 1)  0.433  0.000
 128 Q   0.97547 0.02453 0.00000 ( 1)  0.105  0.000
 129 R   0.99377 0.00623 0.00000 ( 1)  0.088  0.000
 130 G   0.80609 0.19382 0.00009 ( 1)  0.261  0.000
 131 S   0.03255 0.96239 0.00507 ( 2)  0.996  0.005
 132 V   0.00450 0.99523 0.00027 ( 2)  0.997  0.000
 133 Y   0.76517 0.23483 0.00000 ( 1)  0.298  0.000
 134 G   0.79579 0.20421 0.00000 ( 1)  0.270  0.000
 135 D   0.99400 0.00600 0.00000 ( 1)  0.088  0.000
 136 K   0.05162 0.94817 0.00021 ( 2)  0.954  0.000
 137 W   0.74006 0.25971 0.00022 ( 1)  0.322  0.000
 138 V   0.00116 0.99270 0.00614 ( 2)  1.031  0.006
 139 A   0.00132 0.97282 0.02586 ( 2)  1.133  0.026
 140 D   0.18644 0.81337 0.00019 ( 2)  0.830  0.000
 141 I   0.42838 0.57160 0.00002 ( 2)  0.607  0.000
 142 N   0.16967 0.82950 0.00083 ( 2)  0.849  0.001
 143 N   0.00214 0.99524 0.00262 ( 2)  1.012  0.003
 144 R   0.19043 0.79650 0.01306 ( 2)  0.893  0.013
 145 S   0.05022 0.94972 0.00006 ( 2)  0.954  0.000
 146 T   0.01627 0.97546 0.00826 ( 2)  1.028  0.008
 147 S   0.20239 0.79760 0.00001 ( 2)  0.814  0.000
 148 P   0.86254 0.13744 0.00002 ( 1)  0.209  0.000
 149 F   0.83429 0.16571 0.00000 ( 1)  0.235  0.000
 150 -   0.00009 0.65530 0.34460 ( 2)  2.783  0.345
 151 S   0.10988 0.89006 0.00006 ( 2)  0.899  0.000
 152 S   0.94396 0.05604 0.00000 ( 1)  0.134  0.000
 153 K   0.00348 0.99358 0.00295 ( 2)  1.012  0.003
 154 D   0.02050 0.97933 0.00017 ( 2)  0.982  0.000
 155 Y   0.75966 0.24033 0.00000 ( 1)  0.303  0.000
 156 Y   0.97531 0.02469 0.00000 ( 1)  0.105  0.000
 157 Q   0.00000 0.00445 0.99555 ( 3)  6.151  0.996
 158 S   0.13285 0.86696 0.00019 ( 2)  0.879  0.000
 159 L   0.96124 0.03876 0.00000 ( 1)  0.118  0.000
 160 K   0.00461 0.99039 0.00500 ( 2)  1.022  0.005
 161 G   0.00000 0.14959 0.85041 ( 3)  5.400  0.850
 162 K   0.99446 0.00554 0.00000 ( 1)  0.088  0.000
 163 I   0.99376 0.00624 0.00000 ( 1)  0.088  0.000
 164 K   0.01279 0.98688 0.00033 ( 2)  0.990  0.000
 165 D   0.00001 0.98007 0.01992 ( 2)  1.103  0.020
 166 Y   0.97531 0.02469 0.00000 ( 1)  0.105  0.000
 167 T   0.98435 0.01565 0.00000 ( 1)  0.097  0.000
 168 N   0.99516 0.00484 0.00000 ( 1)  0.087  0.000
 169 Y   0.80668 0.19332 0.00000 ( 1)  0.260  0.000
 170 C   0.13657 0.86342 0.00001 ( 2)  0.875  0.000
 171 A   0.98908 0.01092 0.00000 ( 1)  0.093  0.000
 172 E   0.45243 0.54750 0.00007 ( 2)  0.585  0.000
 173 T   0.99230 0.00770 0.00000 ( 1)  0.090  0.000
 174 Y   0.97531 0.02469 0.00000 ( 1)  0.105  0.000
 175 R   0.99377 0.00623 0.00000 ( 1)  0.088  0.000
 176 N   0.96083 0.03917 0.00000 ( 1)  0.119  0.000
 177 S   0.86294 0.13706 0.00000 ( 1)  0.208  0.000
 178 L   0.96124 0.03876 0.00000 ( 1)  0.118  0.000
 179 T   0.37108 0.62883 0.00009 ( 2)  0.660  0.000
 180 I   0.91484 0.08516 0.00000 ( 1)  0.161  0.000
 181 L   0.24048 0.75814 0.00138 ( 2)  0.787  0.001
 182 K   0.99446 0.00554 0.00000 ( 1)  0.088  0.000
 183 N   0.98249 0.01751 0.00000 ( 1)  0.099  0.000
 184 K   0.06514 0.93454 0.00032 ( 2)  0.942  0.000
 185 P   0.00777 0.98223 0.01000 ( 2)  1.045  0.010
 186 H   0.00151 0.99176 0.00673 ( 2)  1.033  0.007
 187 I   0.86563 0.13435 0.00001 ( 1)  0.206  0.000
 188 Q   0.05006 0.94639 0.00356 ( 2)  0.972  0.004
 189 W   0.74006 0.25971 0.00022 ( 1)  0.322  0.000
 190 D   0.05779 0.94192 0.00029 ( 2)  0.948  0.000
 191 I   0.00012 0.90283 0.09705 ( 2)  1.502  0.097
 192 Y   0.63666 0.36333 0.00001 ( 1)  0.416  0.000
 193 N   0.99516 0.00484 0.00000 ( 1)  0.087  0.000
 194 R   0.00000 0.23772 0.76228 ( 3)  4.944  0.762
 195 Y   0.97531 0.02469 0.00000 ( 1)  0.105  0.000
 196 R   0.92889 0.07111 0.00000 ( 1)  0.148  0.000
 197 R   0.99377 0.00623 0.00000 ( 1)  0.088  0.000
 198 E   0.05533 0.94402 0.00065 ( 2)  0.953  0.001
 199 A   0.00475 0.99336 0.00189 ( 2)  1.005  0.002
 200 I   0.27916 0.72076 0.00008 ( 2)  0.744  0.000
 201 L   0.95301 0.04699 0.00000 ( 1)  0.126  0.000
 202 G   0.66638 0.33361 0.00000 ( 1)  0.389  0.000
 203 A   0.98908 0.01092 0.00000 ( 1)  0.093  0.000
 204 L   0.96124 0.03876 0.00000 ( 1)  0.118  0.000
 205 D   0.99400 0.00600 0.00000 ( 1)  0.088  0.000
 206 L   0.96124 0.03876 0.00000 ( 1)  0.118  0.000
 207 V   0.79831 0.20169 0.00000 ( 1)  0.268  0.000
 208 A   0.98807 0.01193 0.00000 ( 1)  0.094  0.000
 209 L   0.95591 0.04409 0.00000 ( 1)  0.123  0.000
 210 F   0.89653 0.10347 0.00000 ( 1)  0.178  0.000
 211 P   0.71531 0.28469 0.00000 ( 1)  0.344  0.000
 212 N   0.99516 0.00484 0.00000 ( 1)  0.087  0.000

Positively selected sites

	Prob(w>1)  mean w

     6 K      0.922         5.769
    61 M      0.930         5.811
    63 R      0.834         5.315
    67 N      0.700         4.622
    74 S      1.000**       6.174
    89 S      0.971*        6.026
    90 T      0.506         3.618
    97 R      1.000**       6.174
   157 Q      0.996**       6.151
   161 G      0.850         5.400
   194 R      0.762         4.944


lnL = -3192.049063

Bayes Empirical Bayes (BEB) probabilities for 3 classes (class) & postmean_w
(amino acids refer to 1st sequence: BT_Cry30Aa1)

   1 -   0.96480 0.03515 0.00005 ( 1)  0.091 +-  0.180
   2 G   0.94245 0.05755 0.00000 ( 1)  0.112 +-  0.221
   3 L   0.00760 0.99081 0.00159 ( 2)  1.000 +-  0.188
   4 V   0.00206 0.99606 0.00188 ( 2)  1.006 +-  0.193
   5 L   0.57230 0.42769 0.00002 ( 1)  0.462 +-  0.466
   6 K   0.00000 0.10677 0.89323 ( 3)  6.035 +-  2.209
   7 S   0.01659 0.98201 0.00140 ( 2)  0.991 +-  0.200
   8 F   0.98590 0.01410 0.00000 ( 1)  0.071 +-  0.114
   9 S   0.06766 0.93206 0.00027 ( 2)  0.939 +-  0.239
  10 T   0.01421 0.98515 0.00064 ( 2)  0.990 +-  0.150
  11 I   0.86677 0.13322 0.00001 ( 1)  0.184 +-  0.321
  12 I   0.76917 0.23080 0.00002 ( 1)  0.276 +-  0.398
  13 P   0.95003 0.04997 0.00000 ( 1)  0.105 +-  0.207
  14 I   0.00169 0.99299 0.00532 ( 2)  1.022 +-  0.334
  15 L   0.96654 0.03346 0.00000 ( 1)  0.089 +-  0.171
  16 W   0.72126 0.27839 0.00035 ( 1)  0.322 +-  0.432
  17 P   0.97235 0.02765 0.00000 ( 1)  0.084 +-  0.157
  18 N   0.00044 0.99314 0.00642 ( 2)  1.030 +-  0.387
  19 D   0.01736 0.98180 0.00084 ( 2)  0.988 +-  0.165
  20 K   0.00052 0.98360 0.01588 ( 2)  1.073 +-  0.602
  21 T   0.20528 0.79449 0.00023 ( 2)  0.811 +-  0.381
  22 P   0.00449 0.95602 0.03950 ( 2)  1.187 +-  0.979
  23 I   0.89541 0.10459 0.00000 ( 1)  0.157 +-  0.290
  24 W   0.72126 0.27839 0.00035 ( 1)  0.322 +-  0.432
  25 K   0.00256 0.99034 0.00710 ( 2)  1.031 +-  0.414
  26 E   0.62116 0.37880 0.00004 ( 1)  0.416 +-  0.457
  27 F   0.94561 0.05438 0.00000 ( 1)  0.109 +-  0.215
  28 T   0.86112 0.13888 0.00000 ( 1)  0.189 +-  0.327
  29 K   0.03218 0.96773 0.00009 ( 2)  0.972 +-  0.162
  30 Q   0.03691 0.96302 0.00008 ( 2)  0.967 +-  0.174
  31 G   0.95013 0.04987 0.00000 ( 1)  0.105 +-  0.207
  32 L   0.88059 0.11940 0.00002 ( 1)  0.170 +-  0.307
  33 Q   0.00686 0.99208 0.00106 ( 2)  0.998 +-  0.152
  34 L   0.96654 0.03346 0.00000 ( 1)  0.089 +-  0.171
  35 F   0.73658 0.26342 0.00000 ( 1)  0.307 +-  0.415
  36 R   0.99389 0.00611 0.00000 ( 1)  0.063 +-  0.078
  37 P   0.86073 0.13925 0.00003 ( 1)  0.189 +-  0.328
  38 E   0.98314 0.01686 0.00000 ( 1)  0.074 +-  0.124
  39 L   0.94544 0.05455 0.00000 ( 1)  0.109 +-  0.216
  40 G   0.05640 0.94312 0.00048 ( 2)  0.950 +-  0.230
  41 R   0.00041 0.99763 0.00197 ( 2)  1.007 +-  0.176
  42 D   0.00364 0.99609 0.00028 ( 2)  0.998 +-  0.086
  43 A   0.82129 0.17871 0.00000 ( 1)  0.227 +-  0.362
  44 I   0.99397 0.00603 0.00000 ( 1)  0.063 +-  0.078
  45 E   0.99382 0.00618 0.00000 ( 1)  0.064 +-  0.078
  46 I   0.98550 0.01450 0.00000 ( 1)  0.071 +-  0.116
  47 I   0.86933 0.13066 0.00000 ( 1)  0.181 +-  0.319
  48 G   0.00303 0.97512 0.02184 ( 2)  1.098 +-  0.696
  49 N   0.00592 0.97775 0.01633 ( 2)  1.076 +-  0.662
  50 D   0.00434 0.99294 0.00273 ( 2)  1.007 +-  0.219
  51 V   0.58026 0.41970 0.00005 ( 1)  0.455 +-  0.465
  52 Q   0.05678 0.94204 0.00118 ( 2)  0.953 +-  0.259
  53 A   0.00008 0.95775 0.04218 ( 2)  1.188 +-  0.927
  54 E   0.00003 0.84510 0.15487 ( 2)  1.776 +-  1.882
  55 Y   0.17663 0.82143 0.00195 ( 2)  0.843 +-  0.406
  56 N   0.99535 0.00465 0.00000 ( 1)  0.062 +-  0.069
  57 S   0.03767 0.95877 0.00357 ( 2)  0.981 +-  0.324
  58 L   0.95851 0.04149 0.00000 ( 1)  0.097 +-  0.190
  59 E   0.08906 0.90561 0.00532 ( 2)  0.943 +-  0.446
  60 I   0.00003 0.92012 0.07985 ( 2)  1.386 +-  1.357
  61 M   0.00000 0.09685 0.90315 ( 3)  6.097 +-  2.158
  62 M   0.51598 0.48401 0.00001 ( 1)  0.516 +-  0.470
  63 R   0.00000 0.21880 0.78120 ( 3)  5.344 +-  2.614
  64 D   0.50728 0.49265 0.00007 ( 1)  0.524 +-  0.471
  65 F   0.98590 0.01410 0.00000 ( 1)  0.071 +-  0.114
  66 E   0.92265 0.07734 0.00000 ( 1)  0.131 +-  0.253
  67 N   0.00000 0.36307 0.63693 ( 3)  4.480 +-  2.850
  68 K   0.00010 0.94629 0.05361 ( 2)  1.241 +-  1.047
  69 F   0.98590 0.01410 0.00000 ( 1)  0.071 +-  0.114
  70 A   0.15575 0.84414 0.00010 ( 2)  0.857 +-  0.338
  71 N   0.00002 0.86710 0.13287 ( 2)  1.675 +-  1.792
  72 W   0.72126 0.27839 0.00035 ( 1)  0.322 +-  0.432
  73 E   0.00007 0.87166 0.12827 ( 2)  1.639 +-  1.730
  74 S   0.00000 0.00001 0.99999 ( 3)  6.694 +-  1.462
  75 N   0.00022 0.94829 0.05149 ( 2)  1.253 +-  1.129
  76 R   0.90256 0.09744 0.00000 ( 1)  0.150 +-  0.281
  77 T   0.02059 0.97917 0.00024 ( 2)  0.983 +-  0.141
  78 R   0.00020 0.89809 0.10171 ( 2)  1.535 +-  1.651
  79 A   0.11157 0.88830 0.00013 ( 2)  0.898 +-  0.293
  80 N   0.02588 0.97377 0.00035 ( 2)  0.978 +-  0.163
  81 A   0.84380 0.15620 0.00000 ( 1)  0.206 +-  0.343
  82 I   0.00006 0.82347 0.17647 ( 2)  1.910 +-  2.045
  83 A   0.00020 0.95783 0.04197 ( 2)  1.192 +-  0.951
  84 V   0.00493 0.98086 0.01421 ( 2)  1.061 +-  0.566
  85 T   0.00100 0.99656 0.00245 ( 2)  1.010 +-  0.220
  86 T   0.00005 0.93526 0.06468 ( 2)  1.310 +-  1.221
  87 A   0.00068 0.99820 0.00112 ( 2)  1.004 +-  0.140
  88 F   0.78135 0.21865 0.00000 ( 1)  0.265 +-  0.390
  89 S   0.00000 0.04314 0.95686 ( 3)  6.423 +-  1.825
  90 T   0.00000 0.53883 0.46117 ( 2)  3.504 +-  2.867
  91 V   0.76468 0.23531 0.00000 ( 1)  0.280 +-  0.400
  92 N   0.00007 0.94869 0.05124 ( 2)  1.231 +-  1.025
  93 T   0.00024 0.96200 0.03776 ( 2)  1.177 +-  0.928
  94 Q   0.00008 0.96002 0.03991 ( 2)  1.183 +-  0.932
  95 I   0.74884 0.25115 0.00001 ( 1)  0.295 +-  0.409
  96 I   0.95663 0.04336 0.00000 ( 1)  0.099 +-  0.194
  97 R   0.00000 0.00010 0.99990 ( 3)  6.694 +-  1.463
  98 L   0.96180 0.03820 0.00000 ( 1)  0.094 +-  0.183
  99 K   0.89787 0.10212 0.00000 ( 1)  0.154 +-  0.287
 100 E   0.00052 0.98163 0.01785 ( 2)  1.082 +-  0.634
 101 R   0.00033 0.93456 0.06511 ( 2)  1.310 +-  1.216
 102 F   0.04761 0.95196 0.00043 ( 2)  0.958 +-  0.211
 103 L   0.00045 0.99716 0.00239 ( 2)  1.009 +-  0.199
 104 I   0.89549 0.10450 0.00000 ( 1)  0.157 +-  0.289
 105 A   0.00045 0.95280 0.04675 ( 2)  1.226 +-  1.059
 106 P   0.00037 0.95159 0.04804 ( 2)  1.220 +-  1.014
 107 E   0.00012 0.92839 0.07149 ( 2)  1.365 +-  1.365
 108 N   0.99535 0.00465 0.00000 ( 1)  0.062 +-  0.069
 109 R   0.22379 0.77590 0.00031 ( 2)  0.794 +-  0.396
 110 P   0.85671 0.14327 0.00002 ( 1)  0.193 +-  0.332
 111 A   0.98885 0.01115 0.00000 ( 1)  0.068 +-  0.102
 112 F   0.14378 0.85620 0.00003 ( 2)  0.867 +-  0.325
 113 L   0.37025 0.62959 0.00016 ( 2)  0.654 +-  0.456
 114 N   0.30908 0.69090 0.00002 ( 2)  0.712 +-  0.431
 115 L   0.78319 0.21671 0.00010 ( 1)  0.263 +-  0.392
 116 Y   0.97482 0.02518 0.00000 ( 1)  0.081 +-  0.150
 117 A   0.98913 0.01087 0.00000 ( 1)  0.068 +-  0.101
 118 Q   0.97491 0.02509 0.00000 ( 1)  0.081 +-  0.150
 119 T   0.98263 0.01737 0.00000 ( 1)  0.074 +-  0.126
 120 A   0.93488 0.06511 0.00000 ( 1)  0.119 +-  0.234
 121 N   0.99535 0.00465 0.00000 ( 1)  0.062 +-  0.069
 122 I   0.76544 0.23455 0.00001 ( 1)  0.280 +-  0.400
 123 D   0.99415 0.00585 0.00000 ( 1)  0.063 +-  0.077
 124 L   0.88059 0.11940 0.00002 ( 1)  0.170 +-  0.307
 125 I   0.98917 0.01083 0.00000 ( 1)  0.068 +-  0.101
 126 L   0.95996 0.04004 0.00000 ( 1)  0.095 +-  0.187
 127 Y   0.50649 0.49347 0.00004 ( 1)  0.525 +-  0.471
 128 Q   0.97491 0.02509 0.00000 ( 1)  0.081 +-  0.150
 129 R   0.99389 0.00611 0.00000 ( 1)  0.063 +-  0.078
 130 G   0.79244 0.20742 0.00014 ( 1)  0.254 +-  0.387
 131 S   0.01903 0.97452 0.00645 ( 2)  1.010 +-  0.377
 132 V   0.00384 0.99572 0.00044 ( 2)  0.998 +-  0.103
 133 Y   0.67601 0.32398 0.00001 ( 1)  0.364 +-  0.441
 134 G   0.71388 0.28611 0.00000 ( 1)  0.329 +-  0.426
 135 D   0.99415 0.00585 0.00000 ( 1)  0.063 +-  0.077
 136 K   0.02870 0.97095 0.00035 ( 2)  0.976 +-  0.169
 137 W   0.72126 0.27839 0.00035 ( 1)  0.322 +-  0.432
 138 V   0.00113 0.99172 0.00715 ( 2)  1.031 +-  0.389
 139 A   0.00120 0.97298 0.02582 ( 2)  1.122 +-  0.782
 140 D   0.10395 0.89578 0.00027 ( 2)  0.906 +-  0.291
 141 I   0.25856 0.74140 0.00004 ( 2)  0.760 +-  0.409
 142 N   0.09466 0.90436 0.00098 ( 2)  0.918 +-  0.311
 143 N   0.00191 0.99466 0.00343 ( 2)  1.013 +-  0.265
 144 R   0.13118 0.85479 0.01402 ( 2)  0.947 +-  0.692
 145 S   0.02902 0.97075 0.00023 ( 2)  0.974 +-  0.162
 146 T   0.01016 0.98150 0.00835 ( 2)  1.031 +-  0.465
 147 S   0.11304 0.88692 0.00004 ( 2)  0.896 +-  0.292
 148 P   0.85346 0.14651 0.00003 ( 1)  0.196 +-  0.335
 149 F   0.76467 0.23533 0.00000 ( 1)  0.280 +-  0.400
 150 -   0.00010 0.69063 0.30927 ( 2)  2.634 +-  2.556
 151 S   0.06163 0.93822 0.00016 ( 2)  0.944 +-  0.225
 152 S   0.94149 0.05851 0.00000 ( 1)  0.113 +-  0.223
 153 K   0.00301 0.99362 0.00337 ( 2)  1.013 +-  0.275
 154 D   0.01263 0.98699 0.00038 ( 2)  0.990 +-  0.124
 155 Y   0.66923 0.33076 0.00001 ( 1)  0.371 +-  0.443
 156 Y   0.97482 0.02518 0.00000 ( 1)  0.081 +-  0.150
 157 Q   0.00000 0.00559 0.99441 ( 3)  6.662 +-  1.518
 158 S   0.07421 0.92544 0.00035 ( 2)  0.933 +-  0.253
 159 L   0.95996 0.04004 0.00000 ( 1)  0.095 +-  0.187
 160 K   0.00378 0.99066 0.00556 ( 2)  1.022 +-  0.359
 161 G   0.00000 0.17408 0.82592 ( 3)  5.677 +-  2.520
 162 K   0.99468 0.00532 0.00000 ( 1)  0.063 +-  0.074
 163 I   0.99397 0.00603 0.00000 ( 1)  0.063 +-  0.078
 164 K   0.00912 0.99041 0.00046 ( 2)  0.994 +-  0.125
 165 D   0.00003 0.97463 0.02534 ( 2)  1.108 +-  0.692
 166 Y   0.97482 0.02518 0.00000 ( 1)  0.081 +-  0.150
 167 T   0.98429 0.01571 0.00000 ( 1)  0.073 +-  0.120
 168 N   0.99535 0.00465 0.00000 ( 1)  0.062 +-  0.069
 169 Y   0.72788 0.27211 0.00000 ( 1)  0.315 +-  0.419
 170 C   0.07622 0.92373 0.00005 ( 2)  0.930 +-  0.244
 171 A   0.98913 0.01087 0.00000 ( 1)  0.068 +-  0.101
 172 E   0.27851 0.72138 0.00012 ( 2)  0.741 +-  0.421
 173 T   0.99245 0.00755 0.00000 ( 1)  0.065 +-  0.086
 174 Y   0.97482 0.02518 0.00000 ( 1)  0.081 +-  0.150
 175 R   0.99389 0.00611 0.00000 ( 1)  0.063 +-  0.078
 176 N   0.95948 0.04052 0.00000 ( 1)  0.096 +-  0.188
 177 S   0.80290 0.19710 0.00000 ( 1)  0.244 +-  0.375
 178 L   0.95996 0.04004 0.00000 ( 1)  0.095 +-  0.187
 179 T   0.22055 0.77928 0.00017 ( 2)  0.796 +-  0.390
 180 I   0.87822 0.12177 0.00001 ( 1)  0.173 +-  0.309
 181 L   0.16827 0.82962 0.00212 ( 2)  0.852 +-  0.404
 182 K   0.99468 0.00532 0.00000 ( 1)  0.063 +-  0.074
 183 N   0.98249 0.01751 0.00000 ( 1)  0.074 +-  0.126
 184 K   0.03529 0.96427 0.00044 ( 2)  0.970 +-  0.190
 185 P   0.00514 0.98429 0.01057 ( 2)  1.045 +-  0.504
 186 H   0.00152 0.99106 0.00742 ( 2)  1.033 +-  0.411
 187 I   0.85690 0.14307 0.00003 ( 1)  0.193 +-  0.332
 188 Q   0.02884 0.96691 0.00425 ( 2)  0.992 +-  0.334
 189 W   0.72126 0.27839 0.00035 ( 1)  0.322 +-  0.432
 190 D   0.03178 0.96778 0.00043 ( 2)  0.973 +-  0.181
 191 I   0.00015 0.90745 0.09240 ( 2)  1.440 +-  1.428
 192 Y   0.52665 0.47332 0.00003 ( 1)  0.506 +-  0.470
 193 N   0.99535 0.00465 0.00000 ( 1)  0.062 +-  0.069
 194 R   0.00000 0.26246 0.73754 ( 3)  5.174 +-  2.787
 195 Y   0.97482 0.02518 0.00000 ( 1)  0.081 +-  0.150
 196 R   0.92506 0.07494 0.00000 ( 1)  0.128 +-  0.249
 197 R   0.99389 0.00611 0.00000 ( 1)  0.063 +-  0.078
 198 E   0.03179 0.96706 0.00115 ( 2)  0.976 +-  0.212
 199 A   0.00327 0.99327 0.00346 ( 2)  1.011 +-  0.241
 200 I   0.15863 0.84122 0.00015 ( 2)  0.854 +-  0.342
 201 L   0.95132 0.04868 0.00000 ( 1)  0.104 +-  0.204
 202 G   0.55942 0.44056 0.00001 ( 1)  0.475 +-  0.467
 203 A   0.98913 0.01087 0.00000 ( 1)  0.068 +-  0.101
 204 L   0.95996 0.04004 0.00000 ( 1)  0.095 +-  0.187
 205 D   0.99415 0.00585 0.00000 ( 1)  0.063 +-  0.077
 206 L   0.95996 0.04004 0.00000 ( 1)  0.095 +-  0.187
 207 V   0.71831 0.28168 0.00001 ( 1)  0.324 +-  0.424
 208 A   0.98809 0.01191 0.00000 ( 1)  0.069 +-  0.106
 209 L   0.95433 0.04567 0.00000 ( 1)  0.101 +-  0.198
 210 F   0.89015 0.10984 0.00001 ( 1)  0.161 +-  0.296
 211 P   0.61481 0.38518 0.00001 ( 1)  0.422 +-  0.458
 212 N   0.99535 0.00465 0.00000 ( 1)  0.062 +-  0.069

Positively selected sites

	Prob(w>1)  mean w

     6 K      0.893         6.035 +- 2.209
    61 M      0.903         6.097 +- 2.158
    63 R      0.781         5.344 +- 2.614
    67 N      0.637         4.480 +- 2.850
    74 S      1.000**       6.694 +- 1.462
    89 S      0.957*        6.423 +- 1.825
    97 R      1.000**       6.694 +- 1.463
   157 Q      0.994**       6.662 +- 1.518
   161 G      0.826         5.677 +- 2.520
   194 R      0.738         5.174 +- 2.787

