Supplemental results for CODEML (seqf: algn  treef: tree)


dN/dS (w) for site classes (K=3)

p:   0.46959  0.48858  0.04182
w:   0.02211  0.30200  1.58914

Naive Empirical Bayes (NEB) probabilities for 3 classes & postmean_w & P(w>1)
(amino acids refer to 1st sequence: BT_Cry8Ba1)

   1 P   0.58195 0.41052 0.00753 ( 1)  0.149  0.008
   2 F   0.61344 0.38058 0.00599 ( 1)  0.138  0.006
   3 V   0.37745 0.61909 0.00345 ( 2)  0.201  0.003
   4 G   0.84492 0.15436 0.00071 ( 1)  0.066  0.001
   5 P   0.00982 0.86805 0.12214 ( 2)  0.456  0.122
   6 I   0.90383 0.09584 0.00033 ( 1)  0.049  0.000
   7 V   0.29397 0.69495 0.01108 ( 2)  0.234  0.011
   8 S   0.20555 0.77863 0.01582 ( 2)  0.265  0.016
   9 L   0.81592 0.18312 0.00096 ( 1)  0.075  0.001
  10 Y   0.35099 0.64546 0.00354 ( 2)  0.208  0.004
  11 T   0.21711 0.76030 0.02259 ( 2)  0.270  0.023
  12 Q   0.00051 0.46279 0.53670 ( 3)  0.993  0.537
  13 L   0.28058 0.71356 0.00586 ( 2)  0.231  0.006
  14 I   0.28785 0.70733 0.00482 ( 2)  0.228  0.005
  15 D   0.01793 0.97516 0.00692 ( 2)  0.306  0.007
  16 I   0.02562 0.93734 0.03704 ( 2)  0.343  0.037
  17 L   0.76737 0.23025 0.00239 ( 1)  0.090  0.002
  18 W   0.70482 0.29447 0.00071 ( 1)  0.106  0.001
  19 P   0.85803 0.14175 0.00022 ( 1)  0.062  0.000
  20 S   0.00012 0.59231 0.40757 ( 2)  0.827  0.408
  21 K   0.00750 0.89794 0.09455 ( 2)  0.422  0.095
  22 Q   0.82199 0.17538 0.00263 ( 1)  0.075  0.003
  23 K   0.37784 0.61656 0.00560 ( 2)  0.203  0.006
  24 S   0.06544 0.93037 0.00419 ( 2)  0.289  0.004
  25 Q   0.20073 0.78900 0.01027 ( 2)  0.259  0.010
  26 W   0.70482 0.29447 0.00071 ( 1)  0.106  0.001
  27 E   0.91405 0.08573 0.00022 ( 1)  0.046  0.000
  28 I   0.02700 0.95805 0.01495 ( 2)  0.314  0.015
  29 F   0.92095 0.07894 0.00012 ( 1)  0.044  0.000
  30 M   0.93534 0.06461 0.00005 ( 1)  0.040  0.000
  31 E   0.08060 0.91404 0.00536 ( 2)  0.286  0.005
  32 Q   0.32703 0.66887 0.00410 ( 2)  0.216  0.004
  33 V   0.89466 0.10496 0.00038 ( 1)  0.052  0.000
  34 E   0.90654 0.09325 0.00021 ( 1)  0.049  0.000
  35 E   0.03994 0.88509 0.07497 ( 2)  0.387  0.075
  36 L   0.76370 0.23436 0.00194 ( 1)  0.091  0.002
  37 I   0.89835 0.10134 0.00031 ( 1)  0.051  0.000
  38 N   0.93275 0.06714 0.00010 ( 1)  0.041  0.000
  39 Q   0.32818 0.66413 0.00770 ( 2)  0.220  0.008
  40 K   0.50317 0.49522 0.00161 ( 1)  0.163  0.002
  41 I   0.92251 0.07729 0.00020 ( 1)  0.044  0.000
  42 A   0.42560 0.57239 0.00201 ( 2)  0.185  0.002
  43 E   0.91405 0.08573 0.00022 ( 1)  0.046  0.000
  44 Y   0.01064 0.88180 0.10756 ( 2)  0.437  0.108
  45 A   0.41817 0.57969 0.00213 ( 2)  0.188  0.002
  46 R   0.01941 0.94833 0.03226 ( 2)  0.338  0.032
  47 N   0.00435 0.88022 0.11543 ( 2)  0.449  0.115
  48 K   0.88560 0.11391 0.00049 ( 1)  0.055  0.000
  49 A   0.88509 0.11458 0.00033 ( 1)  0.055  0.000
  50 L   0.23065 0.74287 0.02649 ( 2)  0.272  0.026
  51 S   0.20711 0.77444 0.01845 ( 2)  0.268  0.018
  52 E   0.91405 0.08573 0.00022 ( 1)  0.046  0.000
  53 L   0.80647 0.19243 0.00110 ( 1)  0.078  0.001
  54 E   0.89405 0.10562 0.00033 ( 1)  0.052  0.000
  55 G   0.83510 0.16387 0.00103 ( 1)  0.070  0.001
  56 L   0.81816 0.18082 0.00102 ( 1)  0.074  0.001
  57 G   0.23321 0.75920 0.00759 ( 2)  0.246  0.008
  58 N   0.91769 0.08221 0.00010 ( 1)  0.045  0.000
  59 N   0.03168 0.94827 0.02005 ( 2)  0.319  0.020
  60 Y   0.01645 0.89724 0.08631 ( 2)  0.408  0.086
  61 Q   0.02806 0.93315 0.03878 ( 2)  0.344  0.039
  62 L   0.00112 0.83530 0.16358 ( 2)  0.512  0.164
  63 Y   0.87552 0.12424 0.00024 ( 1)  0.057  0.000
  64 L   0.02932 0.94914 0.02154 ( 2)  0.322  0.022
  65 T   0.27232 0.72305 0.00462 ( 2)  0.232  0.005
  66 A   0.89303 0.10668 0.00030 ( 1)  0.052  0.000
  67 L   0.82689 0.17260 0.00050 ( 1)  0.071  0.001
  68 E   0.91405 0.08573 0.00022 ( 1)  0.046  0.000
  69 E   0.34093 0.65452 0.00456 ( 2)  0.212  0.005
  70 W   0.70482 0.29447 0.00071 ( 1)  0.106  0.001
  71 K   0.25525 0.73002 0.01472 ( 2)  0.250  0.015
  72 E   0.00566 0.95475 0.03959 ( 2)  0.351  0.040
  73 N   0.93275 0.06714 0.00010 ( 1)  0.041  0.000
  74 P   0.23691 0.75612 0.00697 ( 2)  0.245  0.007
  75 N   0.41961 0.57583 0.00456 ( 2)  0.190  0.005
  76 G   0.02025 0.95554 0.02420 ( 2)  0.327  0.024
  77 S   0.02968 0.92287 0.04745 ( 2)  0.355  0.047
  78 R   0.11050 0.87563 0.01388 ( 2)  0.289  0.014
  79 A   0.00083 0.65846 0.34071 ( 2)  0.740  0.341
  80 L   0.20295 0.77817 0.01888 ( 2)  0.270  0.019
  81 R   0.14375 0.81413 0.04211 ( 2)  0.316  0.042
  82 D   0.02211 0.96535 0.01254 ( 2)  0.312  0.013
  83 V   0.87273 0.12676 0.00051 ( 1)  0.058  0.001
  84 R   0.00066 0.67053 0.32881 ( 2)  0.725  0.329
  85 N   0.08306 0.91314 0.00380 ( 2)  0.284  0.004
  86 R   0.83833 0.16061 0.00106 ( 1)  0.069  0.001
  87 F   0.92095 0.07894 0.00012 ( 1)  0.044  0.000
  88 E   0.31832 0.67711 0.00457 ( 2)  0.219  0.005
  89 I   0.01992 0.92968 0.05040 ( 2)  0.361  0.050
  90 L   0.02556 0.95044 0.02400 ( 2)  0.326  0.024
  91 D   0.50114 0.49740 0.00146 ( 1)  0.164  0.001
  92 S   0.45516 0.54270 0.00215 ( 2)  0.177  0.002
  93 L   0.82035 0.17883 0.00082 ( 1)  0.073  0.001
  94 F   0.92095 0.07894 0.00012 ( 1)  0.044  0.000
  95 T   0.24303 0.74483 0.01214 ( 2)  0.250  0.012
  96 Q   0.01809 0.95524 0.02667 ( 2)  0.331  0.027
  97 Y   0.01650 0.95579 0.02771 ( 2)  0.333  0.028
  98 M   0.93534 0.06461 0.00005 ( 1)  0.040  0.000
  99 P   0.85206 0.14773 0.00021 ( 1)  0.064  0.000
 100 S   0.86168 0.13805 0.00026 ( 1)  0.061  0.000
 101 F   0.92095 0.07894 0.00012 ( 1)  0.044  0.000
 102 R   0.79959 0.19818 0.00223 ( 1)  0.081  0.002
 103 V   0.02656 0.95555 0.01789 ( 2)  0.318  0.018
 104 T   0.00378 0.94627 0.04995 ( 2)  0.365  0.050
 105 N   0.03028 0.91464 0.05508 ( 2)  0.364  0.055
 106 F   0.25837 0.72520 0.01643 ( 2)  0.251  0.016
 107 E   0.91405 0.08573 0.00022 ( 1)  0.046  0.000
 108 V   0.33156 0.66376 0.00469 ( 2)  0.215  0.005
 109 P   0.88215 0.11770 0.00015 ( 1)  0.055  0.000
 110 F   0.20013 0.77594 0.02393 ( 2)  0.277  0.024
 111 L   0.81718 0.18200 0.00081 ( 1)  0.074  0.001
 112 T   0.40144 0.58894 0.00962 ( 2)  0.202  0.010
 113 V   0.89466 0.10496 0.00038 ( 1)  0.052  0.000
 114 Y   0.87552 0.12424 0.00024 ( 1)  0.057  0.000
 115 T   0.30324 0.67837 0.01839 ( 2)  0.241  0.018
 116 M   0.01456 0.78876 0.19669 ( 2)  0.551  0.197
 117 A   0.87549 0.12433 0.00018 ( 1)  0.057  0.000
 118 A   0.89809 0.10164 0.00027 ( 1)  0.051  0.000
 119 N   0.83331 0.16612 0.00058 ( 1)  0.070  0.001
 120 L   0.85787 0.14168 0.00044 ( 1)  0.062  0.000
 121 H   0.88455 0.11535 0.00010 ( 1)  0.055  0.000
 122 L   0.82035 0.17883 0.00082 ( 1)  0.073  0.001
 123 L   0.28234 0.70569 0.01197 ( 2)  0.238  0.012
 124 L   0.82035 0.17883 0.00082 ( 1)  0.073  0.001
 125 L   0.82035 0.17883 0.00082 ( 1)  0.073  0.001
 126 R   0.27014 0.70502 0.02484 ( 2)  0.258  0.025
 127 D   0.39634 0.59894 0.00472 ( 2)  0.197  0.005
 128 A   0.89240 0.10736 0.00024 ( 1)  0.053  0.000
 129 S   0.01434 0.94795 0.03771 ( 2)  0.347  0.038
 130 I   0.02613 0.92206 0.05181 ( 2)  0.361  0.052
 131 F   0.92095 0.07894 0.00012 ( 1)  0.044  0.000
 132 G   0.87883 0.12098 0.00019 ( 1)  0.056  0.000
 133 E   0.37542 0.62142 0.00316 ( 2)  0.201  0.003
 134 E   0.91405 0.08573 0.00022 ( 1)  0.046  0.000
 135 W   0.70482 0.29447 0.00071 ( 1)  0.106  0.001
 136 G   0.89110 0.10863 0.00027 ( 1)  0.053  0.000
 137 L   0.01468 0.87747 0.10785 ( 2)  0.437  0.108
 138 S   0.00092 0.81139 0.18769 ( 2)  0.543  0.188
 139 T   0.00007 0.55029 0.44964 ( 2)  0.881  0.450
 140 S   0.00100 0.72373 0.27527 ( 2)  0.656  0.275
 141 T   0.00056 0.50502 0.49442 ( 2)  0.938  0.494
 142 I   0.37878 0.60297 0.01825 ( 2)  0.219  0.018
 143 N   0.48590 0.51290 0.00119 ( 2)  0.168  0.001
 144 N   0.00028 0.59232 0.40740 ( 2)  0.826  0.407
 145 Y   0.30645 0.68716 0.00638 ( 2)  0.224  0.006
 146 Y   0.83971 0.16002 0.00027 ( 1)  0.067  0.000
 147 N   0.46904 0.52433 0.00663 ( 2)  0.179  0.007
 148 R   0.01899 0.95220 0.02881 ( 2)  0.334  0.029
 149 Q   0.87372 0.12606 0.00022 ( 1)  0.058  0.000
 150 M   0.32465 0.67268 0.00266 ( 2)  0.215  0.003
 151 K   0.00205 0.88109 0.11685 ( 2)  0.452  0.117
 152 L   0.02181 0.89043 0.08775 ( 2)  0.409  0.088
 153 T   0.00311 0.92163 0.07527 ( 2)  0.398  0.075
 154 A   0.33116 0.66458 0.00425 ( 2)  0.215  0.004
 155 E   0.38600 0.59922 0.01478 ( 2)  0.213  0.015
 156 Y   0.87552 0.12424 0.00024 ( 1)  0.057  0.000
 157 S   0.27988 0.71284 0.00728 ( 2)  0.233  0.007
 158 D   0.91808 0.08170 0.00022 ( 1)  0.045  0.000
 159 H   0.84185 0.15758 0.00057 ( 1)  0.067  0.001
 160 C   0.88394 0.11594 0.00012 ( 1)  0.055  0.000
 161 V   0.88088 0.11857 0.00055 ( 1)  0.056  0.001
 162 K   0.37436 0.61021 0.01544 ( 2)  0.217  0.015
 163 W   0.70482 0.29447 0.00071 ( 1)  0.106  0.001
 164 Y   0.87552 0.12424 0.00024 ( 1)  0.057  0.000
 165 E   0.00006 0.26578 0.73416 ( 3)  1.247  0.734
 166 T   0.02382 0.96212 0.01406 ( 2)  0.313  0.014
 167 G   0.86301 0.13664 0.00035 ( 1)  0.061  0.000
 168 L   0.82035 0.17883 0.00082 ( 1)  0.073  0.001
 169 A   0.03114 0.90993 0.05893 ( 2)  0.369  0.059
 170 K   0.01379 0.82589 0.16032 ( 2)  0.504  0.160
 171 L   0.80727 0.19192 0.00081 ( 1)  0.077  0.001
 172 K   0.90630 0.09351 0.00019 ( 1)  0.049  0.000
 173 -   0.47253 0.48738 0.04009 ( 2)  0.221  0.040
 174 -   0.47208 0.48757 0.04035 ( 2)  0.222  0.040
 175 -   0.47189 0.48765 0.04046 ( 2)  0.222  0.040
 176 G   0.87566 0.12393 0.00041 ( 1)  0.057  0.000
 177 S   0.01784 0.92714 0.05501 ( 2)  0.368  0.055
 178 S   0.04078 0.92366 0.03556 ( 2)  0.336  0.036
 179 A   0.27436 0.72127 0.00437 ( 2)  0.231  0.004
 180 K   0.90630 0.09351 0.00019 ( 1)  0.049  0.000
 181 Q   0.02622 0.95740 0.01637 ( 2)  0.316  0.016
 182 W   0.70482 0.29447 0.00071 ( 1)  0.106  0.001
 183 I   0.01961 0.92973 0.05066 ( 2)  0.362  0.051
 184 D   0.00120 0.79636 0.20244 ( 2)  0.562  0.202
 185 Y   0.87552 0.12424 0.00024 ( 1)  0.057  0.000
 186 N   0.32108 0.65644 0.02248 ( 2)  0.241  0.022
 187 Q   0.19670 0.78507 0.01822 ( 2)  0.270  0.018
 188 F   0.85371 0.14559 0.00070 ( 1)  0.064  0.001
 189 R   0.71114 0.28731 0.00155 ( 1)  0.105  0.002
 190 R   0.90718 0.09268 0.00014 ( 1)  0.048  0.000
 191 E   0.91405 0.08573 0.00022 ( 1)  0.046  0.000
 192 M   0.93534 0.06461 0.00005 ( 1)  0.040  0.000
 193 T   0.88660 0.11323 0.00016 ( 1)  0.054  0.000
 194 L   0.17041 0.80280 0.02679 ( 2)  0.289  0.027
 195 T   0.02363 0.91230 0.06407 ( 2)  0.378  0.064
 196 V   0.81801 0.18033 0.00166 ( 1)  0.075  0.002
 197 L   0.82035 0.17883 0.00082 ( 1)  0.073  0.001
 198 D   0.93079 0.06907 0.00013 ( 1)  0.042  0.000
 199 V   0.01974 0.92968 0.05058 ( 2)  0.362  0.051
 200 V   0.01859 0.89389 0.08751 ( 2)  0.409  0.088
 201 A   0.03224 0.93916 0.02861 ( 2)  0.330  0.029
 202 L   0.82035 0.17883 0.00082 ( 1)  0.073  0.001
 203 F   0.92095 0.07894 0.00012 ( 1)  0.044  0.000
 204 S   0.02808 0.94297 0.02896 ( 2)  0.331  0.029
 205 N   0.00001 0.19948 0.80051 ( 3)  1.332  0.801

Positively selected sites

	Prob(w>1)  mean w

    12 Q      0.537         0.993
   165 E      0.734         1.247
   205 N      0.801         1.332


lnL = -1979.666626

