Supplemental results for CODEML (seqf: algn  treef: tree)


dN/dS (w) for site classes (K=2)

p:   0.44109  0.55891
w:   0.08422  1.00000

Naive Empirical Bayes (NEB) probabilities for 2 classes & postmean_w
(amino acids refer to 1st sequence: BT_Cry40Aa1)

   1 P   0.00098 0.99902 ( 2)  0.999
   2 T   0.20392 0.79608 ( 2)  0.813
   3 H   0.00618 0.99382 ( 2)  0.994
   4 V   0.18288 0.81712 ( 2)  0.833
   5 E   0.94155 0.05845 ( 1)  0.138
   6 L   0.92545 0.07455 ( 1)  0.152
   7 T   0.92778 0.07222 ( 1)  0.150
   8 R   0.93338 0.06662 ( 1)  0.145
   9 E   0.98932 0.01068 ( 1)  0.094
  10 I   0.52872 0.47128 ( 1)  0.516
  11 Y   0.99302 0.00698 ( 1)  0.091
  12 T   0.97728 0.02272 ( 1)  0.105
  13 D   0.99712 0.00288 ( 1)  0.087
  14 P   0.61495 0.38505 ( 1)  0.437
  15 V   0.83407 0.16593 ( 1)  0.236
  16 G   0.95926 0.04074 ( 1)  0.122
  17 Y   0.91501 0.08499 ( 1)  0.162
  18 S   0.04915 0.95085 ( 2)  0.955
  19 S   0.00151 0.99849 ( 2)  0.999
  20 G   0.14796 0.85204 ( 2)  0.865
  21 T   0.00140 0.99860 ( 2)  0.999
  22 Y   0.09917 0.90083 ( 2)  0.909
  23 -   0.45882 0.54118 ( 2)  0.580
  24 S   0.00574 0.99426 ( 2)  0.995
  25 W   0.86272 0.13728 ( 1)  0.210
  26 L   0.00234 0.99766 ( 2)  0.998
  27 K   0.00095 0.99905 ( 2)  0.999
  28 Y   0.00000 1.00000 ( 2)  1.000
  29 W   0.03722 0.96278 ( 2)  0.966
  30 T   0.00215 0.99785 ( 2)  0.998
  31 G   0.02325 0.97675 ( 2)  0.979
  32 A   0.00121 0.99879 ( 2)  0.999
  33 F   0.99514 0.00486 ( 1)  0.089
  34 N   0.99857 0.00143 ( 1)  0.086
  35 T   0.00032 0.99968 ( 2)  1.000
  36 L   0.41591 0.58409 ( 2)  0.619
  37 E   0.98909 0.01091 ( 1)  0.094
  38 A   0.99266 0.00734 ( 1)  0.091
  39 N   0.97657 0.02343 ( 1)  0.106
  40 G   0.96278 0.03722 ( 1)  0.118
  41 T   0.97728 0.02272 ( 1)  0.105
  42 R   0.71966 0.28034 ( 1)  0.341
  43 G   0.96278 0.03722 ( 1)  0.118
  44 P   0.98751 0.01249 ( 1)  0.096
  45 G   0.99347 0.00653 ( 1)  0.090
  46 L   0.92613 0.07387 ( 1)  0.152
  47 V   0.99475 0.00525 ( 1)  0.089
  48 T   0.99528 0.00472 ( 1)  0.089
  49 W   0.00514 0.99486 ( 2)  0.995
  50 L   0.98617 0.01383 ( 1)  0.097
  51 R   0.00000 1.00000 ( 2)  1.000
  52 -   0.44109 0.55891 ( 2)  0.596
  53 S   0.00000 1.00000 ( 2)  1.000
  54 I   0.81804 0.18196 ( 1)  0.251
  55 G   0.94218 0.05782 ( 1)  0.137
  56 I   0.98446 0.01554 ( 1)  0.098
  57 Y   0.89773 0.10227 ( 1)  0.178
  58 N   0.49604 0.50396 ( 2)  0.546
  59 E   0.05857 0.94143 ( 2)  0.946
  60 Y   0.00000 1.00000 ( 2)  1.000
  61 V   0.02034 0.97966 ( 2)  0.981
  62 -   0.00000 1.00000 ( 2)  1.000
  63 -   0.00000 1.00000 ( 2)  1.000
  64 -   0.64581 0.35419 ( 1)  0.409
  65 -   0.10825 0.89175 ( 2)  0.901
  66 -   0.56773 0.43227 ( 1)  0.480
  67 -   0.00800 0.99200 ( 2)  0.993
  68 -   0.16993 0.83007 ( 2)  0.844
  69 -   0.00133 0.99867 ( 2)  0.999
  70 S   0.00000 1.00000 ( 2)  1.000
  71 R   0.00000 1.00000 ( 2)  1.000
  72 Y   0.40822 0.59178 ( 2)  0.626
  73 F   0.84908 0.15092 ( 1)  0.222
  74 S   0.00003 0.99997 ( 2)  1.000
  75 G   0.71279 0.28721 ( 1)  0.347
  76 W   0.86272 0.13728 ( 1)  0.210
  77 V   0.06725 0.93275 ( 2)  0.938
  78 G   0.95716 0.04284 ( 1)  0.123
  79 T   0.93852 0.06148 ( 1)  0.141
  80 R   0.98469 0.01531 ( 1)  0.098
  81 H   0.99490 0.00510 ( 1)  0.089
  82 Y   0.91136 0.08864 ( 1)  0.165
  83 E   0.98932 0.01068 ( 1)  0.094
  84 D   0.00056 0.99944 ( 2)  0.999
  85 Y   0.34743 0.65257 ( 2)  0.682
  86 T   0.97728 0.02272 ( 1)  0.105
  87 T   0.00028 0.99972 ( 2)  1.000
  88 G   0.93095 0.06905 ( 1)  0.147
  89 N   0.03143 0.96857 ( 2)  0.971
  90 G   0.47632 0.52368 ( 2)  0.564
  91 N   0.00702 0.99298 ( 2)  0.994
  92 F   0.83096 0.16904 ( 1)  0.239
  93 Q   0.11493 0.88507 ( 2)  0.895
  94 R   0.98660 0.01340 ( 1)  0.096
  95 M   0.20408 0.79592 ( 2)  0.813
  96 S   0.99107 0.00893 ( 1)  0.092
  97 G   0.96278 0.03722 ( 1)  0.118
  98 T   0.99451 0.00549 ( 1)  0.089
  99 T   0.84142 0.15858 ( 1)  0.229
 100 S   0.99815 0.00185 ( 1)  0.086
 101 N   0.99857 0.00143 ( 1)  0.086
 102 D   0.97707 0.02293 ( 1)  0.105
 103 L   0.00052 0.99948 ( 2)  1.000
 104 R   0.00250 0.99750 ( 2)  0.998
 105 D   0.00004 0.99996 ( 2)  1.000
 106 I   0.01099 0.98901 ( 2)  0.990
 107 S   0.00005 0.99995 ( 2)  1.000
 108 F   0.97842 0.02158 ( 1)  0.104
 109 P   0.00000 1.00000 ( 2)  1.000
 110 N   0.00884 0.99116 ( 2)  0.992
 111 S   0.00003 0.99997 ( 2)  1.000
 112 D   0.02487 0.97513 ( 2)  0.977
 113 I   0.02528 0.97472 ( 2)  0.977
 114 F   0.93618 0.06382 ( 1)  0.143
 115 K   0.34558 0.65442 ( 2)  0.684
 116 I   0.99636 0.00364 ( 1)  0.088
 117 E   0.00000 1.00000 ( 2)  1.000
 118 S   0.90326 0.09674 ( 1)  0.173
 119 K   0.00017 0.99983 ( 2)  1.000
 120 A   0.92157 0.07843 ( 1)  0.156
 121 I   0.39347 0.60653 ( 2)  0.640
 122 M   0.00000 1.00000 ( 2)  1.000
 123 N   0.00000 1.00000 ( 2)  1.000
 124 L   0.00019 0.99981 ( 2)  1.000
 125 V   0.00000 1.00000 ( 2)  1.000
 126 G   0.00002 0.99998 ( 2)  1.000
 127 E   0.00030 0.99970 ( 2)  1.000
 128 I   0.00035 0.99965 ( 2)  1.000
 129 N   0.00001 0.99999 ( 2)  1.000
 130 A   0.00227 0.99773 ( 2)  0.998
 131 -   0.00008 0.99992 ( 2)  1.000
 132 -   0.44109 0.55891 ( 2)  0.596
 133 -   0.73610 0.26390 ( 1)  0.326
 134 -   0.66795 0.33205 ( 1)  0.388
 135 R   0.00047 0.99953 ( 2)  1.000
 136 P   0.00709 0.99291 ( 2)  0.994
 137 E   0.02332 0.97668 ( 2)  0.979
 138 Y   0.06263 0.93737 ( 2)  0.943
 139 R   0.31246 0.68754 ( 2)  0.714
 140 V   0.52730 0.47270 ( 1)  0.517
 141 S   0.89701 0.10299 ( 1)  0.179
 142 R   0.14231 0.85769 ( 2)  0.870
 143 A   0.74184 0.25816 ( 1)  0.321
 144 E   0.37802 0.62198 ( 2)  0.654
 145 F   0.99514 0.00486 ( 1)  0.089
 146 S   0.00003 0.99997 ( 2)  1.000
 147 E   0.00000 1.00000 ( 2)  1.000
 148 S   0.02067 0.97933 ( 2)  0.981
 149 T   0.00009 0.99991 ( 2)  1.000
 150 -   0.44109 0.55891 ( 2)  0.596
 151 A   0.00003 0.99997 ( 2)  1.000
 152 F   0.00003 0.99997 ( 2)  1.000
 153 I   0.00111 0.99889 ( 2)  0.999
 154 Y   0.00000 1.00000 ( 2)  1.000
 155 L   0.00011 0.99989 ( 2)  1.000
 156 Y   0.99302 0.00698 ( 1)  0.091
 157 D   0.08754 0.91246 ( 2)  0.920
 158 A   0.00125 0.99875 ( 2)  0.999
 159 G   0.03883 0.96117 ( 2)  0.964
 160 N   0.95049 0.04951 ( 1)  0.130
 161 S   0.00165 0.99835 ( 2)  0.998
 162 -   0.44109 0.55891 ( 2)  0.596
 163 G   0.83674 0.16326 ( 1)  0.234
 164 L   0.00000 1.00000 ( 2)  1.000
 165 S   0.00014 0.99986 ( 2)  1.000
 166 S   0.00007 0.99993 ( 2)  1.000
 167 M   0.49403 0.50597 ( 2)  0.548
 168 T   0.97728 0.02272 ( 1)  0.105
 169 I   0.94873 0.05127 ( 1)  0.131
 170 T   0.30654 0.69346 ( 2)  0.719
 171 S   0.99107 0.00893 ( 1)  0.092
 172 K   0.00080 0.99920 ( 2)  0.999
 173 L   0.49041 0.50959 ( 2)  0.551
 174 P   0.94135 0.05865 ( 1)  0.138
 175 G   0.48101 0.51899 ( 2)  0.560
 176 I   0.00058 0.99942 ( 2)  0.999
 177 K   0.00000 1.00000 ( 2)  1.000
 178 N   0.00056 0.99944 ( 2)  0.999
 179 P   0.00006 0.99994 ( 2)  1.000
 180 E   0.00001 0.99999 ( 2)  1.000
 181 -   0.55595 0.44405 ( 1)  0.491
 182 P   0.96515 0.03485 ( 1)  0.116
 183 S   0.15282 0.84718 ( 2)  0.860
 184 Y   0.00000 1.00000 ( 2)  1.000
 185 R   0.00001 0.99999 ( 2)  1.000
 186 D   0.60500 0.39500 ( 1)  0.446
 187 Y   0.01898 0.98102 ( 2)  0.983
 188 S   0.88855 0.11145 ( 1)  0.186
 189 H   0.93426 0.06574 ( 1)  0.144
 190 R   0.27841 0.72159 ( 2)  0.745
 191 L   0.92613 0.07387 ( 1)  0.152
 192 S   0.92074 0.07926 ( 1)  0.157
 193 N   0.99857 0.00143 ( 1)  0.086
 194 A   0.83673 0.16327 ( 1)  0.234
 195 A   0.97587 0.02413 ( 1)  0.106
 196 C   0.99272 0.00728 ( 1)  0.091
 197 V   0.99263 0.00737 ( 1)  0.091
 198 G   0.00082 0.99918 ( 2)  0.999
 199 A   0.00000 1.00000 ( 2)  1.000
 200 -   0.44109 0.55891 ( 2)  0.596
 201 -   0.44109 0.55891 ( 2)  0.596
 202 G   0.00040 0.99960 ( 2)  1.000
 203 N   0.00193 0.99807 ( 2)  0.998
 204 S   0.01436 0.98564 ( 2)  0.987
 205 R   0.23730 0.76270 ( 2)  0.783
 206 I   0.08660 0.91340 ( 2)  0.921
 207 N   0.40010 0.59990 ( 2)  0.634
 208 V   0.97511 0.02489 ( 1)  0.107
 209 Y   0.35221 0.64779 ( 2)  0.677
 210 G   0.99503 0.00497 ( 1)  0.089
 211 W   0.86272 0.13728 ( 1)  0.210
 212 T   0.72824 0.27176 ( 1)  0.333
 213 H   0.99490 0.00510 ( 1)  0.089
 214 -   0.87700 0.12300 ( 1)  0.197


lnL = -3332.135798

