Supplemental results for CODEML (seqf: algn  treef: tree)


dN/dS (w) for site classes (K=3)

p:   0.37455  0.45935  0.16610
w:   0.15025  1.00000  3.29851

Naive Empirical Bayes (NEB) probabilities for 3 classes & postmean_w & P(w>1)
(amino acids refer to 1st sequence: BT_Cry24Ca1)

   1 -   0.37455 0.45935 0.16610 ( 2)  1.063  0.166
   2 -   0.83745 0.15376 0.00879 ( 1)  0.309  0.009
   3 A   0.00078 0.99187 0.00736 ( 2)  1.016  0.007
   4 D   1.00000 0.00000 0.00000 ( 1)  0.150  0.000
   5 K   0.96386 0.03614 0.00000 ( 1)  0.181  0.000
   6 I   0.99999 0.00001 0.00000 ( 1)  0.150  0.000
   7 T   0.99463 0.00537 0.00000 ( 1)  0.155  0.000
   8 Q   0.99998 0.00002 0.00000 ( 1)  0.150  0.000
   9 I   0.99999 0.00001 0.00000 ( 1)  0.150  0.000
  10 P   0.99948 0.00052 0.00000 ( 1)  0.151  0.000
  11 A   0.99994 0.00006 0.00000 ( 1)  0.150  0.000
  12 V   0.99941 0.00059 0.00000 ( 1)  0.151  0.000
  13 K   0.99998 0.00002 0.00000 ( 1)  0.150  0.000
  14 T   0.99137 0.00863 0.00000 ( 1)  0.158  0.000
  15 W   0.00062 0.99937 0.00001 ( 2)  0.999  0.000
  16 E   0.00000 0.99592 0.00408 ( 2)  1.009  0.004
  17 I   0.16168 0.83831 0.00001 ( 2)  0.863  0.000
  18 R   0.00000 0.99527 0.00472 ( 2)  1.011  0.005
  19 G   0.00030 0.99759 0.00211 ( 2)  1.005  0.002
  20 -   0.00040 0.46190 0.53770 ( 3)  2.236  0.538
  21 -   0.20824 0.77870 0.01306 ( 2)  0.853  0.013
  22 -   0.37455 0.45935 0.16610 ( 2)  1.063  0.166
  23 -   0.00980 0.38060 0.60960 ( 3)  2.393  0.610
  24 -   0.01020 0.35600 0.63380 ( 3)  2.448  0.634
  25 T   0.00000 0.01010 0.98990 ( 3)  3.275  0.990
  26 S   0.07472 0.92526 0.00001 ( 2)  0.937  0.000
  27 S   0.00000 0.10397 0.89603 ( 3)  3.060  0.896
  28 V   0.99994 0.00006 0.00000 ( 1)  0.150  0.000
  29 V   0.00970 0.98770 0.00260 ( 2)  0.998  0.003
  30 A   0.04035 0.95963 0.00003 ( 2)  0.966  0.000
  31 G   0.99994 0.00006 0.00000 ( 1)  0.150  0.000
  32 P   0.99984 0.00016 0.00000 ( 1)  0.150  0.000
  33 G   1.00000 0.00000 0.00000 ( 1)  0.150  0.000
  34 N   0.00000 0.99812 0.00188 ( 2)  1.004  0.002
  35 T   1.00000 0.00000 0.00000 ( 1)  0.150  0.000
  36 G   0.99996 0.00004 0.00000 ( 1)  0.150  0.000
  37 G   0.99992 0.00008 0.00000 ( 1)  0.150  0.000
  38 N   0.99997 0.00003 0.00000 ( 1)  0.150  0.000
  39 L   0.98858 0.01142 0.00000 ( 1)  0.160  0.000
  40 V   0.99968 0.00032 0.00000 ( 1)  0.151  0.000
  41 K   0.00000 0.89007 0.10993 ( 2)  1.253  0.110
  42 M   0.97659 0.02341 0.00000 ( 1)  0.170  0.000
  43 S   0.00002 0.99610 0.00389 ( 2)  1.009  0.004
  44 -   0.37455 0.45935 0.16610 ( 2)  1.063  0.166
  45 Y   0.00000 0.64127 0.35873 ( 2)  1.825  0.359
  46 H   0.00000 0.03101 0.96899 ( 3)  3.227  0.969
  47 S   0.00094 0.99381 0.00525 ( 2)  1.011  0.005
  48 V   0.00002 0.99987 0.00011 ( 2)  1.000  0.000
  49 -   0.09417 0.71854 0.18728 ( 2)  1.350  0.187
  50 -   0.43901 0.45463 0.10636 ( 2)  0.871  0.106
  51 -   0.37455 0.45935 0.16610 ( 2)  1.063  0.166
  52 -   0.07296 0.68581 0.24122 ( 2)  1.492  0.241
  53 -   0.63891 0.31800 0.04309 ( 1)  0.556  0.043
  54 W   0.36402 0.63597 0.00001 ( 2)  0.691  0.000
  55 N   0.00208 0.99791 0.00001 ( 2)  0.998  0.000
  56 I   0.99992 0.00008 0.00000 ( 1)  0.150  0.000
  57 K   0.00260 0.99739 0.00001 ( 2)  0.998  0.000
  58 F   0.07700 0.92299 0.00001 ( 2)  0.935  0.000
  59 T   0.00004 0.99915 0.00080 ( 2)  1.002  0.001
  60 C   0.00001 0.99974 0.00025 ( 2)  1.001  0.000
  61 -   0.00998 0.98994 0.00008 ( 2)  0.992  0.000
  62 -   0.54235 0.40839 0.04927 ( 1)  0.652  0.049
  63 -   0.52718 0.42017 0.05265 ( 1)  0.673  0.053
  64 -   0.18773 0.72393 0.08834 ( 2)  1.044  0.088
  65 Q   0.00000 0.03275 0.96725 ( 3)  3.223  0.967
  66 Q   0.00000 0.77812 0.22188 ( 2)  1.510  0.222
  67 L   0.00059 0.99933 0.00008 ( 2)  1.000  0.000
  68 K   0.41007 0.58993 0.00000 ( 2)  0.652  0.000
  69 R   0.01060 0.98939 0.00000 ( 2)  0.991  0.000
  70 Y   0.98624 0.01376 0.00000 ( 1)  0.162  0.000
  71 R   0.30451 0.69549 0.00000 ( 2)  0.741  0.000
  72 V   0.99940 0.00060 0.00000 ( 1)  0.151  0.000
  73 R   0.99997 0.00003 0.00000 ( 1)  0.150  0.000
  74 I   0.99006 0.00994 0.00000 ( 1)  0.159  0.000
  75 R   0.99972 0.00028 0.00000 ( 1)  0.150  0.000
  76 Y   0.99999 0.00001 0.00000 ( 1)  0.150  0.000
  77 A   0.04083 0.95912 0.00005 ( 2)  0.965  0.000
  78 S   0.98449 0.01551 0.00000 ( 1)  0.163  0.000
  79 D   0.00000 0.08035 0.91965 ( 3)  3.114  0.920
  80 G   0.00000 0.03049 0.96951 ( 3)  3.228  0.970
  81 N   0.00000 0.26187 0.73813 ( 3)  2.697  0.738
  82 C   0.85339 0.14661 0.00000 ( 1)  0.275  0.000
  83 Q   0.00000 0.01721 0.98279 ( 3)  3.259  0.983
  84 L   0.00001 0.98924 0.01075 ( 2)  1.025  0.011
  85 A   0.00000 0.00617 0.99383 ( 3)  3.284  0.994
  86 M   0.22552 0.77448 0.00000 ( 2)  0.808  0.000
  87 R   0.00000 0.88803 0.11197 ( 2)  1.257  0.112
  88 R   0.02208 0.97792 0.00000 ( 2)  0.981  0.000
  89 -   0.00314 0.38108 0.61578 ( 3)  2.413  0.616
  90 W   0.00037 0.98546 0.01417 ( 2)  1.032  0.014
  91 -   0.00575 0.27104 0.72322 ( 3)  2.657  0.723
  92 -   0.00723 0.30295 0.68982 ( 3)  2.579  0.690
  93 -   0.00452 0.38394 0.61154 ( 3)  2.402  0.612
  94 R   0.00116 0.22543 0.77340 ( 3)  2.777  0.773
  95 G   0.00065 0.14826 0.85109 ( 3)  2.956  0.851
  96 G   0.00435 0.96948 0.02617 ( 2)  1.056  0.026
  97 P   0.00000 0.22157 0.77843 ( 3)  2.789  0.778
  98 G   0.00198 0.99800 0.00002 ( 2)  0.998  0.000
  99 Y   0.00000 0.95630 0.04370 ( 2)  1.100  0.044
 100 V   0.00000 0.01617 0.98383 ( 3)  3.261  0.984
 101 Q   0.00000 0.00572 0.99428 ( 3)  3.285  0.994
 102 -   0.37455 0.45935 0.16610 ( 2)  1.063  0.166
 103 E   0.00004 0.99978 0.00018 ( 2)  1.000  0.000
 104 A   0.00000 0.02419 0.97581 ( 3)  3.243  0.976
 105 R   0.00000 0.11467 0.88533 ( 3)  3.035  0.885
 106 H   0.99166 0.00834 0.00000 ( 1)  0.157  0.000
 107 T   0.00000 0.01411 0.98589 ( 3)  3.266  0.986
 108 V   0.00000 0.74439 0.25561 ( 2)  1.588  0.256
 109 Q   0.00003 0.95146 0.04851 ( 2)  1.111  0.049
 110 R   0.00000 0.01449 0.98551 ( 3)  3.265  0.986
 111 T   0.28329 0.71666 0.00006 ( 2)  0.759  0.000
 112 F   0.00395 0.99602 0.00003 ( 2)  0.997  0.000
 113 S   0.00000 0.03607 0.96393 ( 3)  3.216  0.964
 114 -   0.16648 0.81273 0.02079 ( 2)  0.906  0.021
 115 G   0.59333 0.40530 0.00137 ( 1)  0.499  0.001
 116 S   0.00122 0.81848 0.18029 ( 2)  1.413  0.180
 117 M   0.29597 0.70337 0.00065 ( 2)  0.750  0.001
 118 T   0.94884 0.05112 0.00004 ( 1)  0.194  0.000
 119 Y   0.02237 0.97758 0.00005 ( 2)  0.981  0.000
 120 D   0.00015 0.98823 0.01162 ( 2)  1.027  0.012
 121 S   0.00000 0.92813 0.07187 ( 2)  1.165  0.072
 122 F   0.99999 0.00001 0.00000 ( 1)  0.150  0.000
 123 K   0.00001 0.95180 0.04819 ( 2)  1.111  0.048
 124 Y   1.00000 0.00000 0.00000 ( 1)  0.150  0.000
 125 L   0.00296 0.99377 0.00327 ( 2)  1.005  0.003
 126 D   0.07903 0.92090 0.00006 ( 2)  0.933  0.000
 127 I   0.98314 0.01686 0.00000 ( 1)  0.165  0.000
 128 F   0.17369 0.82627 0.00004 ( 2)  0.853  0.000
 129 T   0.99375 0.00625 0.00000 ( 1)  0.156  0.000
 130 M   0.25250 0.74749 0.00000 ( 2)  0.785  0.000
 131 P   0.27773 0.72226 0.00001 ( 2)  0.764  0.000
 132 A   0.00366 0.99633 0.00001 ( 2)  0.997  0.000
 133 -   0.41111 0.45934 0.12955 ( 2)  0.948  0.130
 134 -   0.50475 0.43315 0.06210 ( 1)  0.714  0.062
 135 -   0.50923 0.42963 0.06115 ( 1)  0.708  0.061
 136 -   0.04333 0.89377 0.06290 ( 2)  1.108  0.063
 137 -   0.82583 0.17207 0.00210 ( 1)  0.303  0.002
 138 E   0.00056 0.99939 0.00005 ( 2)  1.000  0.000
 139 D   0.01671 0.98323 0.00006 ( 2)  0.986  0.000
 140 Y   0.00005 0.99416 0.00579 ( 2)  1.013  0.006
 141 T   0.00000 0.99965 0.00034 ( 2)  1.001  0.000
 142 F   0.99490 0.00510 0.00000 ( 1)  0.155  0.000
 143 N   0.89579 0.10421 0.00000 ( 1)  0.239  0.000
 144 L   0.75591 0.24408 0.00000 ( 1)  0.358  0.000
 145 T   0.00740 0.99257 0.00003 ( 2)  0.994  0.000
 146 I   0.99844 0.00156 0.00000 ( 1)  0.152  0.000
 147 D   0.00105 0.99890 0.00005 ( 2)  0.999  0.000
 148 -   0.47482 0.44494 0.08024 ( 1)  0.781  0.080
 149 -   0.46735 0.44700 0.08565 ( 1)  0.800  0.086
 150 -   0.44944 0.45288 0.09768 ( 2)  0.843  0.098
 151 L   0.98692 0.01308 0.00000 ( 1)  0.161  0.000
 152 E   0.00000 0.97698 0.02302 ( 2)  1.053  0.023
 153 S   0.00000 0.99204 0.00796 ( 2)  1.018  0.008
 154 G   0.00238 0.99751 0.00010 ( 2)  0.998  0.000
 155 G   0.00000 0.08115 0.91885 ( 3)  3.112  0.919
 156 A   0.00000 0.20407 0.79593 ( 3)  2.829  0.796
 157 L   0.48708 0.51292 0.00000 ( 2)  0.586  0.000
 158 Y   0.00041 0.98312 0.01647 ( 2)  1.038  0.016
 159 I   0.64046 0.35954 0.00000 ( 1)  0.456  0.000
 160 D   0.99983 0.00017 0.00000 ( 1)  0.150  0.000
 161 K   1.00000 0.00000 0.00000 ( 1)  0.150  0.000
 162 I   0.82830 0.17170 0.00000 ( 1)  0.296  0.000
 163 E   1.00000 0.00000 0.00000 ( 1)  0.150  0.000
 164 F   0.97557 0.02443 0.00000 ( 1)  0.171  0.000
 165 -   0.99938 0.00062 0.00000 ( 1)  0.151  0.000
 166 -   0.86983 0.12727 0.00290 ( 1)  0.268  0.003

Positively selected sites

	Prob(w>1)  mean w

    20 -      0.538         2.236
    23 -      0.610         2.393
    24 -      0.634         2.448
    25 T      0.990*        3.275
    27 S      0.896         3.060
    46 H      0.969*        3.227
    65 Q      0.967*        3.223
    79 D      0.920         3.114
    80 G      0.970*        3.228
    81 N      0.738         2.697
    83 Q      0.983*        3.259
    85 A      0.994**       3.284
    89 -      0.616         2.413
    91 -      0.723         2.657
    92 -      0.690         2.579
    93 -      0.612         2.402
    94 R      0.773         2.777
    95 G      0.851         2.956
    97 P      0.778         2.789
   100 V      0.984*        3.261
   101 Q      0.994**       3.285
   104 A      0.976*        3.243
   105 R      0.885         3.035
   107 T      0.986*        3.266
   110 R      0.986*        3.265
   113 S      0.964*        3.216
   155 G      0.919         3.112
   156 A      0.796         2.829


lnL = -6399.524918

Bayes Empirical Bayes (BEB) probabilities for 3 classes (class) & postmean_w
(amino acids refer to 1st sequence: BT_Cry24Ca1)

   1 -   0.37319 0.46427 0.16254 ( 2)  1.085 +-  1.126
   2 -   0.83428 0.15743 0.00829 ( 1)  0.311 +-  0.422
   3 A   0.00077 0.99279 0.00644 ( 2)  1.014 +-  0.181
   4 D   1.00000 0.00000 0.00000 ( 1)  0.150 +-  0.001
   5 K   0.96259 0.03741 0.00000 ( 1)  0.182 +-  0.161
   6 I   0.99999 0.00001 0.00000 ( 1)  0.150 +-  0.003
   7 T   0.99445 0.00555 0.00000 ( 1)  0.155 +-  0.063
   8 Q   0.99997 0.00003 0.00000 ( 1)  0.150 +-  0.004
   9 I   0.99999 0.00001 0.00000 ( 1)  0.150 +-  0.003
  10 P   0.99946 0.00054 0.00000 ( 1)  0.150 +-  0.020
  11 A   0.99994 0.00006 0.00000 ( 1)  0.150 +-  0.007
  12 V   0.99939 0.00061 0.00000 ( 1)  0.151 +-  0.021
  13 K   0.99998 0.00002 0.00000 ( 1)  0.150 +-  0.004
  14 T   0.99107 0.00893 0.00000 ( 1)  0.158 +-  0.080
  15 W   0.00062 0.99936 0.00002 ( 2)  1.000 +-  0.023
  16 E   0.00000 0.99595 0.00405 ( 2)  1.008 +-  0.134
  17 I   0.16027 0.83971 0.00002 ( 2)  0.864 +-  0.312
  18 R   0.00000 0.99534 0.00465 ( 2)  1.009 +-  0.143
  19 G   0.00029 0.99775 0.00195 ( 2)  1.004 +-  0.100
  20 -   0.00040 0.46769 0.53191 ( 3)  2.319 +-  1.254
  21 -   0.20724 0.78137 0.01139 ( 2)  0.850 +-  0.437
  22 -   0.37319 0.46427 0.16254 ( 2)  1.085 +-  1.126
  23 -   0.00974 0.38276 0.60750 ( 3)  2.500 +-  1.244
  24 -   0.01008 0.35603 0.63389 ( 3)  2.566 +-  1.230
  25 T   0.00000 0.01042 0.98958 ( 3)  3.453 +-  0.370
  26 S   0.07410 0.92588 0.00002 ( 2)  0.937 +-  0.223
  27 S   0.00000 0.12529 0.87471 ( 3)  3.162 +-  0.856
  28 V   0.99994 0.00006 0.00000 ( 1)  0.150 +-  0.007
  29 V   0.00965 0.98802 0.00233 ( 2)  0.997 +-  0.138
  30 A   0.04005 0.95991 0.00004 ( 2)  0.966 +-  0.167
  31 G   0.99994 0.00006 0.00000 ( 1)  0.150 +-  0.007
  32 P   0.99983 0.00017 0.00000 ( 1)  0.150 +-  0.011
  33 G   1.00000 0.00000 0.00000 ( 1)  0.150 +-  0.001
  34 N   0.00000 0.99805 0.00195 ( 2)  1.004 +-  0.092
  35 T   1.00000 0.00000 0.00000 ( 1)  0.150 +-  0.001
  36 G   0.99995 0.00005 0.00000 ( 1)  0.150 +-  0.006
  37 G   0.99992 0.00008 0.00000 ( 1)  0.150 +-  0.008
  38 N   0.99997 0.00003 0.00000 ( 1)  0.150 +-  0.005
  39 L   0.98819 0.01181 0.00000 ( 1)  0.160 +-  0.092
  40 V   0.99967 0.00033 0.00000 ( 1)  0.150 +-  0.015
  41 K   0.00000 0.90946 0.09054 ( 2)  1.213 +-  0.684
  42 M   0.97583 0.02417 0.00000 ( 1)  0.171 +-  0.131
  43 S   0.00002 0.99641 0.00357 ( 2)  1.008 +-  0.132
  44 -   0.37319 0.46427 0.16254 ( 2)  1.085 +-  1.126
  45 Y   0.00000 0.69459 0.30541 ( 2)  1.738 +-  1.126
  46 H   0.00000 0.03464 0.96536 ( 3)  3.392 +-  0.526
  47 S   0.00094 0.99443 0.00464 ( 2)  1.009 +-  0.155
  48 V   0.00002 0.99973 0.00025 ( 2)  1.000 +-  0.027
  49 -   0.09469 0.72775 0.17756 ( 2)  1.356 +-  1.014
  50 -   0.43794 0.46061 0.10145 ( 2)  0.877 +-  0.961
  51 -   0.37319 0.46427 0.16254 ( 2)  1.085 +-  1.126
  52 -   0.07329 0.69404 0.23267 ( 2)  1.512 +-  1.107
  53 -   0.63629 0.32356 0.04015 ( 1)  0.557 +-  0.712
  54 W   0.36039 0.63959 0.00002 ( 2)  0.694 +-  0.408
  55 N   0.00206 0.99791 0.00002 ( 2)  0.998 +-  0.040
  56 I   0.99992 0.00008 0.00000 ( 1)  0.150 +-  0.008
  57 K   0.00258 0.99738 0.00004 ( 2)  0.998 +-  0.044
  58 F   0.07640 0.92358 0.00001 ( 2)  0.935 +-  0.226
  59 T   0.00004 0.99914 0.00082 ( 2)  1.002 +-  0.061
  60 C   0.00001 0.99954 0.00045 ( 2)  1.001 +-  0.038
  61 -   0.00991 0.98996 0.00012 ( 2)  0.992 +-  0.087
  62 -   0.54019 0.41413 0.04568 ( 1)  0.652 +-  0.738
  63 -   0.52530 0.42607 0.04864 ( 1)  0.672 +-  0.752
  64 -   0.18785 0.73073 0.08142 ( 2)  1.039 +-  0.791
  65 Q   0.00000 0.03414 0.96586 ( 3)  3.395 +-  0.523
  66 Q   0.00000 0.82080 0.17920 ( 2)  1.426 +-  0.923
  67 L   0.00058 0.99930 0.00012 ( 2)  1.000 +-  0.029
  68 K   0.40533 0.59466 0.00000 ( 2)  0.655 +-  0.417
  69 R   0.01051 0.98948 0.00001 ( 2)  0.991 +-  0.087
  70 Y   0.98580 0.01420 0.00000 ( 1)  0.162 +-  0.101
  71 R   0.30154 0.69845 0.00000 ( 2)  0.744 +-  0.390
  72 V   0.99938 0.00062 0.00000 ( 1)  0.151 +-  0.021
  73 R   0.99997 0.00003 0.00000 ( 1)  0.150 +-  0.005
  74 I   0.98970 0.01030 0.00000 ( 1)  0.159 +-  0.086
  75 R   0.99971 0.00029 0.00000 ( 1)  0.150 +-  0.015
  76 Y   0.99999 0.00001 0.00000 ( 1)  0.150 +-  0.002
  77 A   0.04057 0.95935 0.00008 ( 2)  0.966 +-  0.169
  78 S   0.98392 0.01608 0.00000 ( 1)  0.164 +-  0.107
  79 D   0.00000 0.07887 0.92113 ( 3)  3.286 +-  0.717
  80 G   0.00000 0.03610 0.96390 ( 3)  3.388 +-  0.534
  81 N   0.00000 0.29947 0.70053 ( 3)  2.726 +-  1.151
  82 C   0.84921 0.15079 0.00000 ( 1)  0.278 +-  0.304
  83 Q   0.00000 0.01878 0.98122 ( 3)  3.432 +-  0.431
  84 L   0.00001 0.99051 0.00948 ( 2)  1.021 +-  0.219
  85 A   0.00000 0.00636 0.99364 ( 3)  3.463 +-  0.336
  86 M   0.22326 0.77674 0.00000 ( 2)  0.810 +-  0.354
  87 R   0.00000 0.91122 0.08877 ( 2)  1.204 +-  0.665
  88 R   0.02193 0.97806 0.00001 ( 2)  0.981 +-  0.125
  89 -   0.00314 0.38585 0.61100 ( 3)  2.514 +-  1.232
  90 W   0.00037 0.98745 0.01218 ( 2)  1.026 +-  0.242
  91 -   0.00562 0.26847 0.72591 ( 3)  2.800 +-  1.141
  92 -   0.00709 0.30080 0.69211 ( 3)  2.714 +-  1.180
  93 -   0.00450 0.38736 0.60814 ( 3)  2.506 +-  1.236
  94 R   0.00115 0.22584 0.77301 ( 3)  2.919 +-  1.069
  95 G   0.00064 0.14691 0.85246 ( 3)  3.117 +-  0.916
  96 G   0.00434 0.97350 0.02216 ( 2)  1.048 +-  0.351
  97 P   0.00000 0.25120 0.74880 ( 3)  2.849 +-  1.096
  98 G   0.00196 0.99801 0.00003 ( 2)  0.998 +-  0.039
  99 Y   0.00000 0.96386 0.03614 ( 2)  1.081 +-  0.426
 100 V   0.00000 0.01732 0.98268 ( 3)  3.436 +-  0.421
 101 Q   0.00000 0.00623 0.99377 ( 3)  3.463 +-  0.334
 102 -   0.37319 0.46427 0.16254 ( 2)  1.085 +-  1.126
 103 E   0.00004 0.99974 0.00022 ( 2)  1.000 +-  0.030
 104 A   0.00000 0.02493 0.97507 ( 3)  3.418 +-  0.471
 105 R   0.00000 0.13036 0.86964 ( 3)  3.152 +-  0.871
 106 H   0.99136 0.00864 0.00000 ( 1)  0.157 +-  0.079
 107 T   0.00000 0.01476 0.98524 ( 3)  3.442 +-  0.403
 108 V   0.00000 0.77678 0.22322 ( 2)  1.540 +-  1.019
 109 Q   0.00003 0.95875 0.04123 ( 2)  1.097 +-  0.475
 110 R   0.00000 0.01593 0.98407 ( 3)  3.439 +-  0.411
 111 T   0.28076 0.71915 0.00008 ( 2)  0.761 +-  0.382
 112 F   0.00392 0.99604 0.00005 ( 2)  0.997 +-  0.055
 113 S   0.00000 0.03808 0.96192 ( 3)  3.385 +-  0.544
 114 -   0.16559 0.81548 0.01893 ( 2)  0.905 +-  0.471
 115 G   0.58798 0.41080 0.00122 ( 1)  0.503 +-  0.430
 116 S   0.00124 0.83366 0.16510 ( 2)  1.402 +-  0.915
 117 M   0.29339 0.70600 0.00061 ( 2)  0.752 +-  0.392
 118 T   0.94723 0.05274 0.00004 ( 1)  0.195 +-  0.191
 119 Y   0.02220 0.97773 0.00007 ( 2)  0.981 +-  0.126
 120 D   0.00015 0.98978 0.01007 ( 2)  1.023 +-  0.234
 121 S   0.00000 0.93976 0.06024 ( 2)  1.141 +-  0.563
 122 F   0.99999 0.00001 0.00000 ( 1)  0.150 +-  0.002
 123 K   0.00001 0.95979 0.04020 ( 2)  1.093 +-  0.461
 124 Y   1.00000 0.00000 0.00000 ( 1)  0.150 +-  0.001
 125 L   0.00295 0.99407 0.00298 ( 2)  1.004 +-  0.129
 126 D   0.07845 0.92146 0.00009 ( 2)  0.933 +-  0.229
 127 I   0.98257 0.01743 0.00000 ( 1)  0.165 +-  0.111
 128 F   0.17216 0.82777 0.00007 ( 2)  0.854 +-  0.321
 129 T   0.99352 0.00648 0.00000 ( 1)  0.156 +-  0.068
 130 M   0.24977 0.75023 0.00000 ( 2)  0.788 +-  0.368
 131 P   0.27493 0.72505 0.00002 ( 2)  0.766 +-  0.380
 132 A   0.00364 0.99634 0.00002 ( 2)  0.997 +-  0.052
 133 -   0.41006 0.46506 0.12488 ( 2)  0.959 +-  1.031
 134 -   0.50322 0.43922 0.05757 ( 1)  0.713 +-  0.793
 135 -   0.50759 0.43562 0.05679 ( 1)  0.707 +-  0.790
 136 -   0.04343 0.90005 0.05652 ( 2)  1.099 +-  0.596
 137 -   0.82211 0.17602 0.00188 ( 1)  0.306 +-  0.350
 138 E   0.00056 0.99937 0.00007 ( 2)  1.000 +-  0.025
 139 D   0.01659 0.98332 0.00009 ( 2)  0.986 +-  0.110
 140 Y   0.00005 0.99470 0.00525 ( 2)  1.011 +-  0.158
 141 T   0.00000 0.99951 0.00049 ( 2)  1.001 +-  0.042
 142 F   0.99472 0.00528 0.00000 ( 1)  0.154 +-  0.062
 143 N   0.89251 0.10749 0.00000 ( 1)  0.241 +-  0.263
 144 L   0.75060 0.24940 0.00000 ( 1)  0.362 +-  0.368
 145 T   0.00735 0.99261 0.00004 ( 2)  0.994 +-  0.074
 146 I   0.99839 0.00161 0.00000 ( 1)  0.151 +-  0.034
 147 D   0.00104 0.99886 0.00009 ( 2)  0.999 +-  0.032
 148 -   0.47358 0.45106 0.07537 ( 1)  0.782 +-  0.868
 149 -   0.46615 0.45309 0.08076 ( 1)  0.802 +-  0.889
 150 -   0.44838 0.45896 0.09266 ( 2)  0.846 +-  0.931
 151 L   0.98644 0.01356 0.00000 ( 1)  0.162 +-  0.098
 152 E   0.00000 0.98030 0.01969 ( 2)  1.043 +-  0.308
 153 S   0.00000 0.99281 0.00719 ( 2)  1.016 +-  0.187
 154 G   0.00236 0.99752 0.00011 ( 2)  0.998 +-  0.047
 155 G   0.00000 0.08962 0.91038 ( 3)  3.255 +-  0.754
 156 A   0.00000 0.22686 0.77314 ( 3)  2.911 +-  1.063
 157 L   0.48152 0.51848 0.00000 ( 2)  0.591 +-  0.425
 158 Y   0.00040 0.98555 0.01404 ( 2)  1.031 +-  0.270
 159 I   0.63463 0.36537 0.00000 ( 1)  0.461 +-  0.409
 160 D   0.99983 0.00017 0.00000 ( 1)  0.150 +-  0.011
 161 K   1.00000 0.00000 0.00000 ( 1)  0.150 +-  0.001
 162 I   0.82382 0.17618 0.00000 ( 1)  0.300 +-  0.324
 163 E   0.99999 0.00001 0.00000 ( 1)  0.150 +-  0.002
 164 F   0.97473 0.02527 0.00000 ( 1)  0.171 +-  0.133
 165 -   0.99936 0.00064 0.00000 ( 1)  0.151 +-  0.021
 166 -   0.86694 0.13040 0.00265 ( 1)  0.269 +-  0.329

Positively selected sites

	Prob(w>1)  mean w

    20 -      0.532         2.319 +- 1.254
    23 -      0.608         2.500 +- 1.244
    24 -      0.634         2.566 +- 1.230
    25 T      0.990*        3.453 +- 0.370
    27 S      0.875         3.162 +- 0.856
    46 H      0.965*        3.392 +- 0.526
    65 Q      0.966*        3.395 +- 0.523
    79 D      0.921         3.286 +- 0.717
    80 G      0.964*        3.388 +- 0.534
    81 N      0.701         2.726 +- 1.151
    83 Q      0.981*        3.432 +- 0.431
    85 A      0.994**       3.463 +- 0.336
    89 -      0.611         2.514 +- 1.232
    91 -      0.726         2.800 +- 1.141
    92 -      0.692         2.714 +- 1.180
    93 -      0.608         2.506 +- 1.236
    94 R      0.773         2.919 +- 1.069
    95 G      0.852         3.117 +- 0.916
    97 P      0.749         2.849 +- 1.096
   100 V      0.983*        3.436 +- 0.421
   101 Q      0.994**       3.463 +- 0.334
   104 A      0.975*        3.418 +- 0.471
   105 R      0.870         3.152 +- 0.871
   107 T      0.985*        3.442 +- 0.403
   110 R      0.984*        3.439 +- 0.411
   113 S      0.962*        3.385 +- 0.544
   155 G      0.910         3.255 +- 0.754
   156 A      0.773         2.911 +- 1.063

