Supplemental results for CODEML (seqf: algn  treef: tree)


dN/dS (w) for site classes (K=8)

p:   0.12500  0.12500  0.12500  0.12500  0.12500  0.12500  0.12500  0.12500
w:   0.01063  0.07423  0.18046  0.31883  0.47927  0.65037  0.81764  0.95828

Naive Empirical Bayes (NEB) probabilities for 8 classes & postmean_w
(amino acids refer to 1st sequence: BT_Cry30Da1)

   1 -   0.04807 0.20537 0.23471 0.17768 0.12149 0.08691 0.06788 0.05788 ( 3)  0.340
   2 -   0.00059 0.02161 0.08187 0.14891 0.18887 0.19754 0.18762 0.17298 ( 6)  0.602
   3 -   0.53309 0.28400 0.10987 0.03944 0.01614 0.00826 0.00523 0.00396 ( 1)  0.080
   4 R   0.32055 0.51325 0.13920 0.02226 0.00359 0.00078 0.00025 0.00012 ( 2)  0.076
   5 I   0.84333 0.14353 0.01181 0.00107 0.00017 0.00005 0.00002 0.00001 ( 1)  0.022
   6 T   0.75517 0.20813 0.03146 0.00424 0.00071 0.00018 0.00007 0.00004 ( 1)  0.031
   7 Q   0.00203 0.21088 0.44945 0.24030 0.06982 0.01817 0.00615 0.00320 ( 3)  0.227
   8 I   0.02550 0.28466 0.24311 0.15027 0.10322 0.07714 0.06223 0.05386 ( 2)  0.315
   9 P   0.24765 0.52257 0.18922 0.03421 0.00509 0.00091 0.00024 0.00010 ( 2)  0.090
  10 A   0.02558 0.36093 0.34660 0.15536 0.06055 0.02668 0.01450 0.00982 ( 2)  0.207
  11 V   0.03952 0.46227 0.32833 0.10654 0.03364 0.01447 0.00868 0.00656 ( 2)  0.167
  12 K   0.85517 0.13535 0.00889 0.00052 0.00005 0.00001 0.00000 0.00000 ( 1)  0.021
  13 A   0.04035 0.46778 0.32503 0.10232 0.03238 0.01484 0.00963 0.00767 ( 2)  0.167
  14 H   0.00024 0.10318 0.30617 0.24041 0.14335 0.09025 0.06444 0.05196 ( 3)  0.369
  15 Y   0.00000 0.00000 0.00051 0.01122 0.06026 0.16387 0.30847 0.45567 ( 8)  0.828
  16 L   0.00075 0.02558 0.08649 0.14290 0.17447 0.18739 0.19113 0.19129 ( 8)  0.608
  17 S   0.00030 0.03737 0.12614 0.16014 0.16207 0.16446 0.17111 0.17841 ( 8)  0.572
  18 A   0.00000 0.00012 0.00488 0.03021 0.08913 0.18173 0.29412 0.39980 ( 8)  0.795
  19 T   0.00000 0.00170 0.02476 0.07757 0.14048 0.20284 0.25718 0.29546 ( 8)  0.722
  20 A   0.00005 0.03044 0.16547 0.22282 0.19411 0.15576 0.12582 0.10553 ( 4)  0.502
  21 K   0.00000 0.01125 0.13591 0.25706 0.23075 0.16300 0.11435 0.08767 ( 4)  0.501
  22 V   0.78130 0.19244 0.02352 0.00237 0.00029 0.00005 0.00002 0.00001 ( 1)  0.028
  23 I   0.84397 0.14361 0.01121 0.00096 0.00016 0.00005 0.00003 0.00002 ( 1)  0.022
  24 A   0.00000 0.01245 0.12903 0.23203 0.22386 0.17430 0.12893 0.09939 ( 4)  0.519
  25 G   0.02258 0.36543 0.38529 0.15900 0.04670 0.01369 0.00490 0.00242 ( 3)  0.185
  26 P   0.18533 0.50286 0.24321 0.05568 0.00987 0.00206 0.00066 0.00033 ( 2)  0.108
  27 G   0.74072 0.22056 0.03407 0.00403 0.00051 0.00008 0.00002 0.00001 ( 1)  0.032
  28 H   0.00000 0.00788 0.15183 0.30609 0.24268 0.14439 0.08717 0.05996 ( 4)  0.465
  29 T   0.00174 0.14654 0.27406 0.19494 0.12961 0.09842 0.08208 0.07260 ( 3)  0.385
  30 G   0.73668 0.22537 0.03409 0.00348 0.00033 0.00004 0.00001 0.00000 ( 1)  0.032
  31 G   0.51970 0.29397 0.12254 0.04310 0.01397 0.00450 0.00157 0.00067 ( 1)  0.075
  32 D   0.01011 0.42685 0.32651 0.11442 0.05019 0.03047 0.02261 0.01885 ( 2)  0.208
  33 L   0.03237 0.37894 0.37743 0.14941 0.04239 0.01240 0.00464 0.00242 ( 2)  0.179
  34 V   0.04470 0.50191 0.31816 0.08920 0.02572 0.01047 0.00581 0.00403 ( 2)  0.151
  35 A   0.00000 0.00949 0.11284 0.22169 0.22399 0.18066 0.13923 0.11209 ( 5)  0.538
  36 L   0.00002 0.01366 0.11018 0.20979 0.21977 0.18302 0.14471 0.11885 ( 5)  0.544
  37 -   0.12500 0.12500 0.12500 0.12500 0.12500 0.12500 0.12500 0.12500 ( 5)  0.436
  38 -   0.12500 0.12500 0.12500 0.12500 0.12500 0.12500 0.12500 0.12500 ( 1)  0.436
  39 -   0.12500 0.12500 0.12500 0.12500 0.12500 0.12500 0.12500 0.12500 ( 1)  0.436
  40 -   0.12500 0.12500 0.12500 0.12500 0.12500 0.12500 0.12500 0.12500 ( 2)  0.436
  41 I   0.00012 0.01968 0.09309 0.15196 0.16996 0.17710 0.18794 0.20014 ( 8)  0.609
  42 N   0.00009 0.05355 0.24030 0.24868 0.16913 0.11727 0.09167 0.07932 ( 4)  0.435
  43 D   0.00027 0.03517 0.13222 0.18960 0.19137 0.17073 0.14860 0.13204 ( 5)  0.538
  44 G   0.00000 0.00776 0.08046 0.17184 0.20988 0.20124 0.17579 0.15303 ( 5)  0.592
  45 S   0.00000 0.00002 0.00363 0.04078 0.12882 0.22188 0.28557 0.31930 ( 8)  0.759
  46 R   0.00000 0.00021 0.00883 0.04872 0.11967 0.20302 0.28060 0.33895 ( 8)  0.761
  47 T   0.00000 0.00715 0.08938 0.21007 0.23818 0.19516 0.14629 0.11375 ( 5)  0.553
  48 G   0.00004 0.03192 0.19361 0.26208 0.20375 0.13829 0.09657 0.07373 ( 4)  0.458
  49 S   0.00000 0.00958 0.08767 0.15559 0.17610 0.18478 0.19111 0.19517 ( 8)  0.614
  50 M   0.00030 0.05959 0.25556 0.28706 0.18568 0.10429 0.06298 0.04453 ( 4)  0.393
  51 N   0.00000 0.00002 0.00281 0.03018 0.10588 0.20680 0.29649 0.35782 ( 8)  0.781
  52 I   0.03843 0.41750 0.29344 0.11635 0.05403 0.03327 0.02521 0.02179 ( 2)  0.210
  53 E   0.00000 0.00394 0.08953 0.22414 0.23449 0.18619 0.14383 0.11788 ( 5)  0.552
  54 C   0.00003 0.02955 0.21583 0.31457 0.22114 0.11833 0.06255 0.03800 ( 4)  0.412
  55 K   0.00071 0.09983 0.33665 0.30485 0.15094 0.06252 0.02836 0.01614 ( 3)  0.317
  56 T   0.00007 0.04561 0.23156 0.26286 0.18050 0.11825 0.08739 0.07376 ( 4)  0.435
  57 G   0.00000 0.00097 0.02859 0.10326 0.16999 0.21181 0.23643 0.24894 ( 8)  0.689
  58 S   0.00000 0.00006 0.00377 0.03279 0.10766 0.20781 0.29576 0.35215 ( 8)  0.777
  59 F   0.00000 0.00021 0.00767 0.04651 0.12347 0.21195 0.28352 0.32668 ( 8)  0.758
  60 T   0.00206 0.05819 0.15249 0.19215 0.18158 0.15694 0.13549 0.12111 ( 4)  0.509
  61 Q   0.13797 0.13587 0.13244 0.12812 0.12330 0.11839 0.11381 0.11010 ( 1)  0.411
  62 P   0.14064 0.13807 0.13389 0.12865 0.12287 0.11702 0.11160 0.10727 ( 1)  0.406
  63 S   0.00000 0.00002 0.00267 0.03021 0.10489 0.20480 0.29637 0.36104 ( 8)  0.782
  64 R   0.00000 0.00952 0.11294 0.22070 0.22092 0.17897 0.14075 0.11620 ( 5)  0.540
  65 R   0.00148 0.13336 0.29903 0.24447 0.14457 0.08344 0.05367 0.03997 ( 3)  0.348
  66 F   0.32249 0.51566 0.13614 0.02130 0.00342 0.00071 0.00020 0.00009 ( 2)  0.075
  67 G   0.00000 0.00055 0.02357 0.11970 0.22138 0.24505 0.21409 0.17566 ( 6)  0.651
  68 L   0.00001 0.01277 0.12567 0.24243 0.23225 0.17116 0.12194 0.09376 ( 4)  0.513
  69 R   0.75391 0.21151 0.03049 0.00350 0.00046 0.00009 0.00003 0.00001 ( 1)  0.031
  70 M   0.41129 0.48759 0.08805 0.01054 0.00167 0.00048 0.00023 0.00016 ( 2)  0.061
  71 R   0.68601 0.25055 0.05286 0.00868 0.00145 0.00031 0.00009 0.00004 ( 1)  0.039
  72 Y   0.82101 0.16404 0.01396 0.00089 0.00007 0.00001 0.00000 0.00000 ( 1)  0.024
  73 A   0.75208 0.21077 0.03204 0.00421 0.00067 0.00015 0.00005 0.00003 ( 1)  0.031
  74 E   0.00225 0.19982 0.38197 0.23030 0.10017 0.04514 0.02423 0.01612 ( 3)  0.270
  75 N   0.07104 0.59437 0.26508 0.05373 0.01086 0.00301 0.00122 0.00069 ( 2)  0.119
  76 N   0.00000 0.00571 0.08399 0.20212 0.23288 0.19966 0.15464 0.12099 ( 5)  0.564
  77 Q   0.00000 0.00259 0.06266 0.19388 0.23820 0.20506 0.16306 0.13455 ( 5)  0.583
  78 F   0.00000 0.01970 0.20639 0.31154 0.21701 0.12286 0.07280 0.04969 ( 4)  0.429
  79 S   0.00000 0.00197 0.03200 0.11488 0.19659 0.22929 0.22241 0.20286 ( 6)  0.662
  80 V   0.25593 0.52004 0.18314 0.03400 0.00549 0.00104 0.00027 0.00011 ( 2)  0.089
  81 S   0.00000 0.00186 0.05299 0.18622 0.24726 0.21528 0.16548 0.13091 ( 5)  0.588
  82 I   0.00004 0.02798 0.16731 0.24609 0.21058 0.15175 0.10989 0.08636 ( 4)  0.483
  83 L   0.00000 0.00000 0.00043 0.00686 0.04092 0.13714 0.30744 0.50720 ( 8)  0.848
  84 R   0.00000 0.00014 0.01159 0.08078 0.18038 0.23690 0.24850 0.24173 ( 7)  0.703
  85 D   0.00000 0.00002 0.00175 0.01814 0.07194 0.17245 0.30428 0.43142 ( 8)  0.815
  86 N   0.00000 0.00000 0.00081 0.01113 0.05342 0.15074 0.30502 0.47887 ( 8)  0.836
  87 Q   0.00000 0.00372 0.03957 0.10632 0.16397 0.20319 0.23138 0.25184 ( 8)  0.683
  88 -   0.12500 0.12500 0.12500 0.12500 0.12500 0.12500 0.12500 0.12500 ( 5)  0.436
  89 G   0.00000 0.00088 0.01826 0.07393 0.15067 0.21658 0.25863 0.28104 ( 8)  0.721
  90 V   0.00000 0.00018 0.00980 0.05529 0.12742 0.20351 0.27385 0.32995 ( 8)  0.753
  91 G   0.00003 0.02240 0.13500 0.19845 0.18485 0.16170 0.15008 0.14750 ( 4)  0.547
  92 T   0.00000 0.00001 0.00122 0.01813 0.07818 0.18252 0.30547 0.41447 ( 8)  0.809
  93 F   0.00000 0.00456 0.08377 0.20000 0.22058 0.19292 0.16108 0.13710 ( 5)  0.573
  94 N   0.00000 0.00025 0.00990 0.05278 0.12828 0.21198 0.27873 0.31807 ( 8)  0.751
  95 I   0.00000 0.00001 0.00208 0.02522 0.09628 0.20193 0.30267 0.37182 ( 8)  0.790
  96 E   0.00000 0.00537 0.05670 0.12342 0.17033 0.20224 0.21900 0.22294 ( 8)  0.656
  97 R   0.00028 0.12113 0.39741 0.26887 0.11325 0.05088 0.02847 0.01971 ( 3)  0.296
  98 T   0.00005 0.03338 0.17587 0.23523 0.20167 0.15131 0.11280 0.08967 ( 4)  0.482
  99 F   0.02851 0.40431 0.36670 0.13714 0.04040 0.01347 0.00594 0.00352 ( 2)  0.177
 100 S   0.25229 0.50245 0.18729 0.04278 0.00997 0.00307 0.00134 0.00081 ( 2)  0.096
 101 R   0.00070 0.12636 0.42920 0.30831 0.10169 0.02488 0.00648 0.00237 ( 3)  0.258
 102 T   0.00061 0.07721 0.24238 0.24936 0.17581 0.11501 0.07917 0.06045 ( 4)  0.411
 103 N   0.15165 0.14691 0.13939 0.13029 0.12064 0.11132 0.10307 0.09674 ( 1)  0.386
 104 N   0.15165 0.14691 0.13939 0.13029 0.12064 0.11132 0.10307 0.09674 ( 1)  0.386
 105 I   0.14405 0.14081 0.13560 0.12917 0.12218 0.11525 0.10895 0.10399 ( 1)  0.400
 106 I   0.00000 0.00085 0.02872 0.12241 0.20929 0.23240 0.21521 0.19111 ( 6)  0.655
 107 P   0.01681 0.28129 0.34556 0.19574 0.08800 0.03979 0.02030 0.01251 ( 3)  0.242
 108 T   0.00000 0.00063 0.02005 0.08707 0.16922 0.22528 0.24794 0.24982 ( 8)  0.701
 109 D   0.00000 0.00067 0.03569 0.15369 0.23094 0.22562 0.19149 0.16189 ( 5)  0.625
 110 L   0.13044 0.37919 0.26940 0.12820 0.05361 0.02256 0.01058 0.00602 ( 2)  0.174
 111 K   0.06564 0.57756 0.27445 0.06072 0.01393 0.00445 0.00202 0.00123 ( 2)  0.125
 112 Y   0.30266 0.51814 0.14919 0.02468 0.00406 0.00087 0.00027 0.00013 ( 2)  0.079
 113 N   0.08963 0.60747 0.22955 0.04990 0.01343 0.00524 0.00282 0.00195 ( 2)  0.117
 114 E   0.00330 0.09724 0.24278 0.25689 0.18246 0.11012 0.06513 0.04207 ( 4)  0.386
 115 F   0.85407 0.13741 0.00815 0.00035 0.00002 0.00000 0.00000 0.00000 ( 1)  0.021
 116 K   0.00009 0.05889 0.29623 0.32081 0.18201 0.08257 0.03826 0.02114 ( 4)  0.353
 117 Y   0.79006 0.18654 0.02122 0.00194 0.00020 0.00003 0.00001 0.00000 ( 1)  0.027
 118 N   0.00000 0.00199 0.03743 0.12705 0.20325 0.22604 0.21296 0.19128 ( 6)  0.649
 119 N   0.00000 0.00609 0.09181 0.21911 0.24061 0.19286 0.14160 0.10790 ( 5)  0.547
 120 Y   0.00005 0.01285 0.08791 0.17705 0.20893 0.19579 0.16964 0.14779 ( 5)  0.581
 121 D   0.00403 0.08669 0.16637 0.17574 0.16279 0.14777 0.13383 0.12277 ( 4)  0.494
 122 E   0.00000 0.00028 0.01396 0.08025 0.17152 0.22981 0.25077 0.25340 ( 8)  0.708
 123 I   0.00002 0.01507 0.10883 0.19991 0.21361 0.18458 0.15095 0.12703 ( 5)  0.552
 124 T   0.00000 0.00204 0.03341 0.10079 0.16299 0.20795 0.23773 0.25509 ( 8)  0.691
 125 M   0.00000 0.00000 0.00033 0.00963 0.06137 0.17419 0.31597 0.43850 ( 8)  0.824
 126 D   0.00000 0.00005 0.00633 0.05003 0.13258 0.21620 0.27850 0.31631 ( 8)  0.752
 127 L   0.00000 0.00278 0.05959 0.17022 0.21564 0.20455 0.18199 0.16523 ( 5)  0.609
 128 P   0.00000 0.00012 0.00819 0.05183 0.12632 0.20790 0.27866 0.32699 ( 8)  0.755
 129 P   0.00116 0.11594 0.27188 0.21776 0.13746 0.09733 0.08196 0.07651 ( 3)  0.397
 130 N   0.00012 0.07153 0.31540 0.30555 0.16638 0.07808 0.03927 0.02368 ( 3)  0.345
 131 K   0.00000 0.00598 0.07173 0.16004 0.19478 0.19555 0.18873 0.18318 ( 6)  0.615
 132 I   0.00000 0.00134 0.01449 0.04230 0.09270 0.17337 0.28136 0.39444 ( 8)  0.781
 133 I   0.00000 0.00067 0.02528 0.11409 0.20263 0.23301 0.22247 0.20185 ( 6)  0.665
 134 -   0.00086 0.02818 0.09209 0.14852 0.17725 0.18584 0.18524 0.18202 ( 6)  0.598
 135 -   0.12707 0.12676 0.12624 0.12556 0.12478 0.12395 0.12315 0.12249 ( 1)  0.432
 136 D   0.00031 0.04352 0.15176 0.18156 0.16670 0.15476 0.15080 0.15060 ( 4)  0.537
 137 I   0.00028 0.03412 0.12540 0.17925 0.18492 0.17209 0.15751 0.14643 ( 5)  0.552
 138 R   0.00000 0.00010 0.00636 0.04586 0.12192 0.20519 0.28030 0.34028 ( 8)  0.763
 139 I   0.00000 0.00221 0.02637 0.08170 0.14791 0.20728 0.25247 0.28205 ( 8)  0.713
 140 Q   0.00030 0.04304 0.16427 0.20409 0.17389 0.14577 0.13479 0.13385 ( 4)  0.515
 141 Q   0.00000 0.00024 0.00802 0.04634 0.11922 0.20463 0.28221 0.33934 ( 8)  0.762
 142 T   0.01074 0.20691 0.30436 0.20849 0.11759 0.06951 0.04657 0.03584 ( 3)  0.311
 143 N   0.00000 0.00094 0.02280 0.09179 0.16776 0.21665 0.24291 0.25715 ( 8)  0.700
 144 S   0.00000 0.00356 0.03428 0.09071 0.14968 0.20188 0.24451 0.27538 ( 8)  0.702
 145 L   0.00000 0.00022 0.01392 0.08176 0.17004 0.22602 0.25027 0.25777 ( 8)  0.709
 146 S   0.00000 0.00448 0.06713 0.17073 0.21389 0.20499 0.18033 0.15845 ( 5)  0.602
 147 I   0.00000 0.00000 0.00064 0.01234 0.06573 0.17527 0.31301 0.43301 ( 8)  0.820
 148 N   0.00000 0.00385 0.08192 0.20628 0.22918 0.19371 0.15551 0.12956 ( 5)  0.568
 149 Q   0.00002 0.03791 0.25016 0.28520 0.18958 0.11422 0.07209 0.05083 ( 4)  0.412
 150 F   0.00008 0.04975 0.24225 0.27355 0.18551 0.11433 0.07630 0.05822 ( 4)  0.416
 151 I   0.01247 0.21492 0.30213 0.21589 0.12447 0.06804 0.03820 0.02389 ( 3)  0.297
 152 I   0.35752 0.47383 0.11495 0.02794 0.01143 0.00650 0.00442 0.00340 ( 2)  0.085
 153 D   0.84067 0.14657 0.01181 0.00085 0.00008 0.00001 0.00000 0.00000 ( 1)  0.022
 154 R   0.00380 0.27068 0.39443 0.19183 0.07530 0.03360 0.01827 0.01210 ( 3)  0.237
 155 I   0.03534 0.40207 0.30909 0.13184 0.05825 0.03056 0.01900 0.01385 ( 2)  0.205
 156 E   0.77281 0.19833 0.02582 0.00267 0.00031 0.00005 0.00001 0.00000 ( 1)  0.029
 157 F   0.31457 0.51516 0.14243 0.02320 0.00367 0.00071 0.00019 0.00008 ( 2)  0.077
 158 Y   0.02541 0.34850 0.32618 0.15317 0.06918 0.03668 0.02335 0.01753 ( 2)  0.227
 159 P   0.62035 0.27547 0.07737 0.01810 0.00482 0.00189 0.00112 0.00087 ( 1)  0.052


lnL = -2946.669264

