Supplemental results for CODEML (seqf: algn  treef: tree)


dN/dS (w) for site classes (K=4)

site class             0        1       2a       2b
proportion       0.58112  0.41888  0.00000  0.00000
background w     0.04841  0.66699  0.04841  0.66699
foreground w     0.04841  0.66699  0.00000  0.00000

Naive Empirical Bayes (NEB) probabilities for 4 classes
(amino acids refer to 1st sequence: BT_Cry1Ba1)

   1 N   0.07952 0.92048 0.00000 0.00000 ( 2)
   2 T   0.90759 0.09241 0.00000 0.00000 ( 1)
   3 S   0.06354 0.93646 0.00000 0.00000 ( 2)
   4 A   0.23472 0.76528 0.00000 0.00000 ( 2)
   5 Q   0.94106 0.05894 0.00000 0.00000 ( 1)
   6 L   0.95690 0.04310 0.00000 0.00000 ( 1)
   7 T   0.99164 0.00836 0.00000 0.00000 ( 1)
   8 R   0.98384 0.01616 0.00000 0.00000 ( 1)
   9 E   0.87066 0.12934 0.00000 0.00000 ( 1)
  10 V   0.35442 0.64558 0.00000 0.00000 ( 2)
  11 Y   0.98827 0.01173 0.00000 0.00000 ( 1)
  12 T   0.99162 0.00838 0.00000 0.00000 ( 1)
  13 D   0.62258 0.37742 0.00000 0.00000 ( 1)
  14 A   0.25627 0.74373 0.00000 0.00000 ( 2)
  15 I   0.99508 0.00492 0.00000 0.00000 ( 1)
  16 G   0.90295 0.09705 0.00000 0.00000 ( 1)
  17 A   0.01397 0.98603 0.00000 0.00000 ( 2)
  18 T   0.27853 0.72147 0.00000 0.00000 ( 2)
  19 G   0.00140 0.99860 0.00000 0.00000 ( 2)
  20 V   0.12381 0.87619 0.00000 0.00000 ( 2)
  21 N   0.00001 0.99999 0.00000 0.00000 ( 2)
  22 -   0.00002 0.99998 0.00000 0.00000 ( 2)
  23 -   0.00042 0.99958 0.00000 0.00000 ( 2)
  24 M   0.04005 0.95995 0.00000 0.00000 ( 2)
  25 A   0.03710 0.96290 0.00000 0.00000 ( 2)
  26 S   0.94437 0.05563 0.00000 0.00000 ( 1)
  27 M   0.49259 0.50741 0.00000 0.00000 ( 2)
  28 N   0.92764 0.07236 0.00000 0.00000 ( 1)
  29 W   0.84988 0.15012 0.00000 0.00000 ( 1)
  30 Y   0.28951 0.71049 0.00000 0.00000 ( 2)
  31 -   0.58112 0.41888 0.00000 0.00000 ( 1)
  32 -   0.58112 0.41888 0.00000 0.00000 ( 1)
  33 N   0.99720 0.00280 0.00000 0.00000 ( 1)
  34 N   0.99720 0.00280 0.00000 0.00000 ( 1)
  35 N   0.99720 0.00280 0.00000 0.00000 ( 1)
  36 A   0.88518 0.11482 0.00000 0.00000 ( 1)
  37 P   0.98841 0.01159 0.00000 0.00000 ( 1)
  38 S   0.85584 0.14416 0.00000 0.00000 ( 1)
  39 F   0.97655 0.02345 0.00000 0.00000 ( 1)
  40 S   0.98269 0.01731 0.00000 0.00000 ( 1)
  41 A   0.00373 0.99627 0.00000 0.00000 ( 2)
  42 I   0.99475 0.00525 0.00000 0.00000 ( 1)
  43 E   0.93312 0.06688 0.00000 0.00000 ( 1)
  44 A   0.04044 0.95956 0.00000 0.00000 ( 2)
  45 A   0.95432 0.04568 0.00000 0.00000 ( 1)
  46 A   0.03317 0.96683 0.00000 0.00000 ( 2)
  47 I   0.00346 0.99654 0.00000 0.00000 ( 2)
  48 R   0.92932 0.07068 0.00000 0.00000 ( 1)
  49 S   0.00000 1.00000 0.00000 0.00000 ( 2)
  50 P   0.90760 0.09240 0.00000 0.00000 ( 1)
  51 H   0.99223 0.00777 0.00000 0.00000 ( 1)
  52 L   0.95875 0.04125 0.00000 0.00000 ( 1)
  53 L   0.98073 0.01927 0.00000 0.00000 ( 1)
  54 D   0.99603 0.00397 0.00000 0.00000 ( 1)
  55 F   0.99343 0.00657 0.00000 0.00000 ( 1)
  56 L   0.13945 0.86055 0.00000 0.00000 ( 2)
  57 E   0.99089 0.00911 0.00000 0.00000 ( 1)
  58 Q   0.14497 0.85503 0.00000 0.00000 ( 2)
  59 L   0.84958 0.15042 0.00000 0.00000 ( 1)
  60 T   0.85804 0.14196 0.00000 0.00000 ( 1)
  61 I   0.99508 0.00492 0.00000 0.00000 ( 1)
  62 F   0.03926 0.96074 0.00000 0.00000 ( 2)
  63 S   0.91820 0.08180 0.00000 0.00000 ( 1)
  64 A   0.00002 0.99998 0.00000 0.00000 ( 2)
  65 S   0.59153 0.40847 0.00000 0.00000 ( 1)
  66 S   0.21420 0.78580 0.00000 0.00000 ( 2)
  67 R   0.92064 0.07936 0.00000 0.00000 ( 1)
  68 W   0.84988 0.15012 0.00000 0.00000 ( 1)
  69 S   0.99575 0.00425 0.00000 0.00000 ( 1)
  70 N   0.00861 0.99139 0.00000 0.00000 ( 2)
  71 T   0.99391 0.00609 0.00000 0.00000 ( 1)
  72 R   0.25282 0.74718 0.00000 0.00000 ( 2)
  73 H   0.25150 0.74850 0.00000 0.00000 ( 2)
  74 M   0.98641 0.01359 0.00000 0.00000 ( 1)
  75 T   0.94706 0.05294 0.00000 0.00000 ( 1)
  76 Y   0.00884 0.99116 0.00000 0.00000 ( 2)
  77 W   0.84988 0.15012 0.00000 0.00000 ( 1)
  78 R   0.00002 0.99998 0.00000 0.00000 ( 2)
  79 G   0.97003 0.02997 0.00000 0.00000 ( 1)
  80 H   0.98789 0.01211 0.00000 0.00000 ( 1)
  81 T   0.01562 0.98438 0.00000 0.00000 ( 2)
  82 I   0.82967 0.17033 0.00000 0.00000 ( 1)
  83 Q   0.00186 0.99814 0.00000 0.00000 ( 2)
  84 S   0.00285 0.99715 0.00000 0.00000 ( 2)
  85 R   0.83613 0.16387 0.00000 0.00000 ( 1)
  86 P   0.02272 0.97728 0.00000 0.00000 ( 2)
  87 I   0.99475 0.00525 0.00000 0.00000 ( 1)
  88 G   0.00857 0.99143 0.00000 0.00000 ( 2)
  89 G   0.90389 0.09611 0.00000 0.00000 ( 1)
  90 G   0.00000 1.00000 0.00000 0.00000 ( 2)
  91 L   0.61261 0.38739 0.00000 0.00000 ( 1)
  92 N   0.48478 0.51522 0.00000 0.00000 ( 2)
  93 T   0.25974 0.74026 0.00000 0.00000 ( 2)
  94 S   0.62750 0.37250 0.00000 0.00000 ( 1)
  95 T   0.98688 0.01312 0.00000 0.00000 ( 1)
  96 H   0.12959 0.87041 0.00000 0.00000 ( 2)
  97 G   0.97104 0.02896 0.00000 0.00000 ( 1)
  98 A   0.00000 1.00000 0.00000 0.00000 ( 2)
  99 T   0.90399 0.09601 0.00000 0.00000 ( 1)
 100 -   0.58313 0.41687 0.00000 0.00000 ( 1)
 101 N   0.99720 0.00280 0.00000 0.00000 ( 1)
 102 T   0.90802 0.09198 0.00000 0.00000 ( 1)
 103 S   0.84173 0.15827 0.00000 0.00000 ( 1)
 104 I   0.99508 0.00492 0.00000 0.00000 ( 1)
 105 N   0.94882 0.05118 0.00000 0.00000 ( 1)
 106 P   0.98707 0.01293 0.00000 0.00000 ( 1)
 107 V   0.98847 0.01153 0.00000 0.00000 ( 1)
 108 T   0.36501 0.63499 0.00000 0.00000 ( 2)
 109 L   0.09303 0.90697 0.00000 0.00000 ( 2)
 110 R   0.00021 0.99979 0.00000 0.00000 ( 2)
 111 F   0.92747 0.07253 0.00000 0.00000 ( 1)
 112 A   0.00001 0.99999 0.00000 0.00000 ( 2)
 113 S   0.83883 0.16117 0.00000 0.00000 ( 1)
 114 R   0.92588 0.07412 0.00000 0.00000 ( 1)
 115 D   0.90150 0.09850 0.00000 0.00000 ( 1)
 116 V   0.01970 0.98030 0.00000 0.00000 ( 2)
 117 Y   0.98827 0.01173 0.00000 0.00000 ( 1)
 118 R   0.61537 0.38463 0.00000 0.00000 ( 1)
 119 T   0.99306 0.00694 0.00000 0.00000 ( 1)
 120 E   0.99089 0.00911 0.00000 0.00000 ( 1)
 121 S   0.97131 0.02869 0.00000 0.00000 ( 1)
 122 Y   0.00003 0.99997 0.00000 0.00000 ( 2)
 123 A   0.98885 0.01115 0.00000 0.00000 ( 1)
 124 G   0.90295 0.09705 0.00000 0.00000 ( 1)
 125 V   0.00367 0.99633 0.00000 0.00000 ( 2)
 126 L   0.48059 0.51941 0.00000 0.00000 ( 2)
 127 L   0.20592 0.79408 0.00000 0.00000 ( 2)
 128 W   0.09112 0.90888 0.00000 0.00000 ( 2)
 129 G   0.65790 0.34210 0.00000 0.00000 ( 1)
 130 I   0.69316 0.30684 0.00000 0.00000 ( 1)
 131 Y   0.00036 0.99964 0.00000 0.00000 ( 2)
 132 L   0.33560 0.66440 0.00000 0.00000 ( 2)
 133 E   0.00059 0.99941 0.00000 0.00000 ( 2)
 134 P   0.98997 0.01003 0.00000 0.00000 ( 1)
 135 I   0.19913 0.80087 0.00000 0.00000 ( 2)
 136 H   0.94635 0.05365 0.00000 0.00000 ( 1)
 137 G   0.96725 0.03275 0.00000 0.00000 ( 1)
 138 V   0.98337 0.01663 0.00000 0.00000 ( 1)
 139 P   0.98997 0.01003 0.00000 0.00000 ( 1)
 140 T   0.00014 0.99986 0.00000 0.00000 ( 2)
 141 V   0.37145 0.62855 0.00000 0.00000 ( 2)
 142 R   0.02163 0.97837 0.00000 0.00000 ( 2)
 143 F   0.98640 0.01360 0.00000 0.00000 ( 1)
 144 N   0.93843 0.06157 0.00000 0.00000 ( 1)
 145 F   0.06996 0.93004 0.00000 0.00000 ( 2)
 146 T   0.00137 0.99863 0.00000 0.00000 ( 2)
 147 N   0.01285 0.98715 0.00000 0.00000 ( 2)
 148 P   0.06930 0.93070 0.00000 0.00000 ( 2)
 149 Q   0.00003 0.99997 0.00000 0.00000 ( 2)
 150 N   0.04933 0.95067 0.00000 0.00000 ( 2)
 151 I   0.00000 1.00000 0.00000 0.00000 ( 2)
 152 S   0.00008 0.99992 0.00000 0.00000 ( 2)
 153 D   0.30322 0.69678 0.00000 0.00000 ( 2)
 154 R   0.22858 0.77142 0.00000 0.00000 ( 2)
 155 G   0.00159 0.99841 0.00000 0.00000 ( 2)
 156 T   0.00000 1.00000 0.00000 0.00000 ( 2)
 157 A   0.00013 0.99987 0.00000 0.00000 ( 2)
 158 N   0.00000 1.00000 0.00000 0.00000 ( 2)
 159 Y   0.98487 0.01513 0.00000 0.00000 ( 1)
 160 S   0.02512 0.97488 0.00000 0.00000 ( 2)
 161 Q   0.00007 0.99993 0.00000 0.00000 ( 2)
 162 P   0.03317 0.96683 0.00000 0.00000 ( 2)
 163 Y   0.98827 0.01173 0.00000 0.00000 ( 1)
 164 E   0.00003 0.99997 0.00000 0.00000 ( 2)
 165 S   0.12440 0.87560 0.00000 0.00000 ( 2)
 166 P   0.02852 0.97148 0.00000 0.00000 ( 2)
 167 G   0.87536 0.12464 0.00000 0.00000 ( 1)
 168 L   0.08900 0.91100 0.00000 0.00000 ( 2)
 169 Q   0.97503 0.02497 0.00000 0.00000 ( 1)
 170 L   0.95543 0.04457 0.00000 0.00000 ( 1)
 171 K   0.00016 0.99984 0.00000 0.00000 ( 2)
 172 D   0.99603 0.00397 0.00000 0.00000 ( 1)
 173 S   0.97122 0.02878 0.00000 0.00000 ( 1)
 174 E   0.99089 0.00911 0.00000 0.00000 ( 1)
 175 T   0.90692 0.09308 0.00000 0.00000 ( 1)
 176 E   0.99089 0.00911 0.00000 0.00000 ( 1)
 177 L   0.95578 0.04422 0.00000 0.00000 ( 1)
 178 P   0.98486 0.01514 0.00000 0.00000 ( 1)
 179 P   0.98793 0.01207 0.00000 0.00000 ( 1)
 180 E   0.99088 0.00912 0.00000 0.00000 ( 1)
 181 T   0.87414 0.12586 0.00000 0.00000 ( 1)
 182 T   0.89394 0.10606 0.00000 0.00000 ( 1)
 183 E   0.82013 0.17987 0.00000 0.00000 ( 1)
 184 R   0.36432 0.63568 0.00000 0.00000 ( 2)
 185 P   0.98650 0.01350 0.00000 0.00000 ( 1)
 186 N   0.96260 0.03740 0.00000 0.00000 ( 1)
 187 Y   0.98827 0.01173 0.00000 0.00000 ( 1)
 188 E   0.99089 0.00911 0.00000 0.00000 ( 1)
 189 S   0.97643 0.02357 0.00000 0.00000 ( 1)
 190 Y   0.97968 0.02032 0.00000 0.00000 ( 1)
 191 S   0.99575 0.00425 0.00000 0.00000 ( 1)
 192 H   0.99300 0.00700 0.00000 0.00000 ( 1)
 193 R   0.98670 0.01330 0.00000 0.00000 ( 1)
 194 L   0.95567 0.04433 0.00000 0.00000 ( 1)
 195 S   0.98858 0.01142 0.00000 0.00000 ( 1)
 196 H   0.82085 0.17915 0.00000 0.00000 ( 1)
 197 I   0.99475 0.00525 0.00000 0.00000 ( 1)
 198 G   0.67324 0.32676 0.00000 0.00000 ( 1)
 199 I   0.04221 0.95779 0.00000 0.00000 ( 2)
 200 I   0.99161 0.00839 0.00000 0.00000 ( 1)
 201 L   0.00050 0.99950 0.00000 0.00000 ( 2)
 202 Q   0.00008 0.99992 0.00000 0.00000 ( 2)
 203 S   0.00036 0.99964 0.00000 0.00000 ( 2)
 204 R   0.01016 0.98984 0.00000 0.00000 ( 2)
 205 V   0.03976 0.96024 0.00000 0.00000 ( 2)
 206 N   0.00253 0.99747 0.00000 0.00000 ( 2)
 207 V   0.87521 0.12479 0.00000 0.00000 ( 1)
 208 P   0.34374 0.65626 0.00000 0.00000 ( 2)
 209 V   0.98631 0.01369 0.00000 0.00000 ( 1)
 210 Y   0.98827 0.01173 0.00000 0.00000 ( 1)
 211 S   0.99026 0.00974 0.00000 0.00000 ( 1)
 212 W   0.84988 0.15012 0.00000 0.00000 ( 1)
 213 T   0.91193 0.08807 0.00000 0.00000 ( 1)
 214 H   0.98344 0.01656 0.00000 0.00000 ( 1)
 215 R   0.98066 0.01934 0.00000 0.00000 ( 1)
 216 S   0.99575 0.00425 0.00000 0.00000 ( 1)


lnL = -3556.509304

