Supplemental results for CODEML (seqf: algn  treef: tree)


dN/dS (w) for site classes (K=9)

p:   0.12500  0.12500  0.12500  0.12500  0.12500  0.12500  0.12500  0.12500  0.00001
w:   0.02314  0.08634  0.16202  0.24892  0.34834  0.46387  0.60386  0.79601  1.00000

Naive Empirical Bayes (NEB) probabilities for 9 classes & postmean_w
(amino acids refer to 1st sequence: BT_Cry1Be1)

   1 S   0.26380 0.20866 0.16047 0.12159 0.09128 0.06804 0.05022 0.03595 0.00000 ( 1)  0.203
   2 D   0.39434 0.24808 0.14900 0.08847 0.05310 0.03275 0.02087 0.01339 0.00000 ( 1)  0.134
   3 S   0.00000 0.00037 0.00379 0.01723 0.05247 0.12679 0.26662 0.53267 0.00007 ( 8)  0.667
   4 I   0.42130 0.24905 0.14243 0.08214 0.04852 0.02926 0.01757 0.00973 0.00000 ( 1)  0.124
   5 T   0.03767 0.10232 0.13625 0.14880 0.15032 0.14728 0.14239 0.13496 0.00001 ( 5)  0.383
   6 Q   0.30219 0.23153 0.16921 0.11890 0.08020 0.05146 0.03072 0.01579 0.00000 ( 1)  0.167
   7 I   0.40839 0.24701 0.14455 0.08531 0.05165 0.03199 0.01978 0.01132 0.00000 ( 1)  0.129
   8 P   0.33130 0.24035 0.16565 0.10990 0.07041 0.04345 0.02549 0.01345 0.00000 ( 1)  0.153
   9 L   0.27696 0.21801 0.16563 0.12261 0.08849 0.06194 0.04139 0.02495 0.00000 ( 1)  0.187
  10 V   0.06520 0.15709 0.18207 0.17018 0.14478 0.11771 0.09303 0.06994 0.00000 ( 3)  0.304
  11 K   0.41614 0.25604 0.14882 0.08422 0.04709 0.02616 0.01430 0.00722 0.00000 ( 1)  0.120
  12 S   0.01649 0.05790 0.09919 0.13466 0.16099 0.17667 0.18117 0.17293 0.00001 ( 7)  0.440
  13 F   0.25875 0.21054 0.16567 0.12694 0.09462 0.06816 0.04667 0.02864 0.00000 ( 1)  0.198
  14 N   0.00545 0.04881 0.10534 0.14907 0.17304 0.18017 0.17564 0.16246 0.00001 ( 6)  0.438
  15 L   0.28250 0.21979 0.16503 0.12088 0.08654 0.06031 0.04035 0.02461 0.00000 ( 1)  0.184
  16 N   0.00019 0.00681 0.03017 0.07171 0.12667 0.18907 0.25438 0.32097 0.00003 ( 8)  0.564
  17 S   0.30468 0.22944 0.16570 0.11619 0.07930 0.05249 0.03322 0.01898 0.00000 ( 1)  0.170
  18 G   0.07079 0.16955 0.19368 0.17624 0.14367 0.11002 0.08063 0.05541 0.00000 ( 3)  0.285
  19 T   0.03450 0.09940 0.13979 0.15828 0.16095 0.15302 0.13789 0.11615 0.00001 ( 5)  0.374
  20 S   0.00423 0.04101 0.09558 0.14454 0.17646 0.18928 0.18494 0.16394 0.00001 ( 6)  0.447
  21 V   0.39591 0.25031 0.15099 0.08955 0.05298 0.03144 0.01855 0.01028 0.00000 ( 1)  0.130
  22 V   0.33186 0.23367 0.15889 0.10658 0.07112 0.04731 0.03113 0.01944 0.00000 ( 1)  0.161
  23 S   0.00477 0.04431 0.09910 0.14485 0.17285 0.18391 0.18181 0.16839 0.00001 ( 6)  0.445
  24 G   0.31922 0.23357 0.16381 0.11180 0.07461 0.04863 0.03062 0.01775 0.00000 ( 1)  0.163
  25 P   0.33981 0.24379 0.16558 0.10789 0.06761 0.04061 0.02306 0.01165 0.00000 ( 1)  0.148
  26 G   0.04694 0.12703 0.16540 0.17152 0.15847 0.13623 0.11073 0.08367 0.00001 ( 4)  0.333
  27 F   0.41290 0.25823 0.15136 0.08538 0.04697 0.02536 0.01335 0.00646 0.00000 ( 1)  0.119
  28 T   0.38645 0.24605 0.15064 0.09163 0.05621 0.03489 0.02160 0.01253 0.00000 ( 1)  0.136
  29 G   0.37500 0.24970 0.15746 0.09620 0.05757 0.03392 0.01958 0.01057 0.00000 ( 1)  0.136
  30 G   0.20672 0.18112 0.15566 0.13186 0.11002 0.09005 0.07151 0.05306 0.00000 ( 1)  0.244
  31 D   0.09073 0.20116 0.21033 0.17441 0.12982 0.09143 0.06224 0.03988 0.00000 ( 3)  0.254
  32 I   0.29066 0.21746 0.15889 0.11538 0.08374 0.06067 0.04348 0.02971 0.00000 ( 1)  0.187
  33 I   0.02920 0.08859 0.13123 0.15575 0.16466 0.16097 0.14700 0.12260 0.00001 ( 5)  0.387
  34 R   0.02510 0.07880 0.12106 0.14908 0.16356 0.16605 0.15790 0.13845 0.00001 ( 6)  0.404
  35 T   0.04486 0.12574 0.16834 0.17741 0.16411 0.13851 0.10746 0.07357 0.00000 ( 4)  0.328
  36 N   0.02490 0.07741 0.11811 0.14518 0.16012 0.16493 0.16111 0.14823 0.00001 ( 6)  0.410
  37 V   0.00041 0.01384 0.05517 0.11510 0.17340 0.21312 0.22508 0.20386 0.00001 ( 7)  0.496
  38 N   0.00542 0.04974 0.10940 0.15630 0.18078 0.18420 0.17107 0.14308 0.00001 ( 6)  0.427
  39 G   0.39388 0.25257 0.15359 0.09085 0.05285 0.03034 0.01705 0.00886 0.00000 ( 1)  0.128
  40 S   0.00021 0.00751 0.03302 0.07739 0.13394 0.19447 0.25213 0.30129 0.00003 ( 8)  0.554
  41 V   0.04810 0.13132 0.17151 0.17700 0.16116 0.13470 0.10425 0.07196 0.00000 ( 4)  0.323
  42 L   0.00132 0.01573 0.04627 0.08914 0.13908 0.19067 0.23889 0.27889 0.00002 ( 8)  0.534
  43 S   0.00062 0.01917 0.07037 0.13465 0.18598 0.21025 0.20551 0.17345 0.00001 ( 6)  0.471
  44 M   0.08244 0.19376 0.21376 0.18406 0.13845 0.09481 0.05969 0.03303 0.00000 ( 3)  0.254
  45 G   0.00335 0.03342 0.08079 0.12778 0.16464 0.18853 0.20028 0.20119 0.00002 ( 8)  0.474
  46 L   0.05273 0.14057 0.17868 0.17910 0.15824 0.12843 0.09681 0.06544 0.00000 ( 4)  0.312
  47 N   0.40776 0.25508 0.15118 0.08717 0.04938 0.02747 0.01478 0.00717 0.00000 ( 1)  0.122
  48 F   0.06940 0.16846 0.19501 0.17942 0.14702 0.11171 0.07917 0.04981 0.00000 ( 3)  0.283
  49 N   0.01000 0.08036 0.15216 0.18597 0.18417 0.16173 0.13057 0.09504 0.00001 ( 4)  0.372
  50 N   0.00219 0.02467 0.06728 0.11829 0.16572 0.20030 0.21572 0.20581 0.00001 ( 7)  0.487
  51 T   0.04733 0.12856 0.16798 0.17441 0.16057 0.13636 0.10786 0.07693 0.00000 ( 4)  0.328
  52 S   0.00322 0.03308 0.08224 0.13271 0.17220 0.19487 0.19894 0.18273 0.00001 ( 7)  0.465
  53 L   0.00365 0.03758 0.09266 0.14648 0.18352 0.19703 0.18652 0.15255 0.00001 ( 6)  0.444
  54 Q   0.24935 0.20614 0.16503 0.12873 0.09771 0.07171 0.05003 0.03130 0.00000 ( 1)  0.205
  55 R   0.22071 0.18840 0.15744 0.12969 0.10540 0.08429 0.06573 0.04834 0.00000 ( 1)  0.233
  56 Y   0.35900 0.24836 0.16253 0.10223 0.06203 0.03618 0.01995 0.00973 0.00000 ( 1)  0.140
  57 R   0.19936 0.17795 0.15563 0.13375 0.11279 0.09284 0.07367 0.05403 0.00000 ( 1)  0.248
  58 V   0.04084 0.11190 0.14920 0.16054 0.15625 0.14391 0.12792 0.10943 0.00001 ( 4)  0.360
  59 R   0.33770 0.23894 0.16188 0.10687 0.06912 0.04373 0.02675 0.01501 0.00000 ( 1)  0.154
  60 V   0.00759 0.06375 0.12818 0.16862 0.18160 0.17430 0.15374 0.12222 0.00001 ( 5)  0.403
  61 R   0.00369 0.03742 0.09109 0.14282 0.17866 0.19346 0.18802 0.16482 0.00001 ( 6)  0.450
  62 Y   0.35900 0.24836 0.16253 0.10223 0.06203 0.03618 0.01995 0.00973 0.00000 ( 1)  0.140
  63 A   0.40950 0.25294 0.14861 0.08575 0.04938 0.02856 0.01642 0.00883 0.00000 ( 1)  0.124
  64 A   0.05595 0.14549 0.18085 0.17817 0.15563 0.12558 0.09450 0.06383 0.00000 ( 3)  0.308
  65 S   0.05817 0.14847 0.18180 0.17734 0.15410 0.12409 0.09328 0.06276 0.00000 ( 3)  0.305
  66 Q   0.00231 0.02544 0.06800 0.11797 0.16419 0.19846 0.21518 0.20844 0.00001 ( 7)  0.488
  67 T   0.00024 0.00895 0.03982 0.09258 0.15486 0.21052 0.24550 0.24750 0.00002 ( 8)  0.527
  68 M   0.00004 0.00249 0.01561 0.04850 0.10517 0.18286 0.27404 0.37124 0.00003 ( 8)  0.597
  69 V   0.00006 0.00263 0.01459 0.04327 0.09405 0.16977 0.27151 0.40407 0.00004 ( 8)  0.611
  70 L   0.00014 0.00543 0.02606 0.06650 0.12415 0.19197 0.26138 0.32434 0.00003 ( 8)  0.570
  71 R   0.00035 0.00544 0.02190 0.05605 0.11064 0.18332 0.26747 0.35480 0.00003 ( 8)  0.586
  72 V   0.00368 0.03681 0.08872 0.13877 0.17478 0.19246 0.19187 0.17288 0.00001 ( 6)  0.456
  73 T   0.00316 0.03184 0.07784 0.12464 0.16274 0.18896 0.20359 0.20720 0.00002 ( 8)  0.479
  74 V   0.08304 0.18847 0.20383 0.17633 0.13722 0.10011 0.06877 0.04223 0.00000 ( 3)  0.264
  75 G   0.00177 0.02174 0.06298 0.11532 0.16563 0.20286 0.21967 0.21001 0.00001 ( 7)  0.492
  76 G   0.30090 0.22706 0.16491 0.11673 0.08071 0.05428 0.03499 0.02041 0.00000 ( 1)  0.173
  77 S   0.00743 0.06384 0.13060 0.17298 0.18514 0.17444 0.14980 0.11576 0.00001 ( 5)  0.398
  78 T   0.08151 0.18675 0.20366 0.17720 0.13829 0.10091 0.06923 0.04244 0.00000 ( 3)  0.266
  79 T   0.08562 0.19310 0.20705 0.17705 0.13573 0.09720 0.06529 0.03895 0.00000 ( 3)  0.259
  80 F   0.00001 0.00170 0.01360 0.04673 0.10601 0.18728 0.27911 0.36551 0.00003 ( 8)  0.597
  81 D   0.00020 0.00759 0.03452 0.08252 0.14300 0.20331 0.25157 0.27727 0.00002 ( 8)  0.544
  82 Q   0.00215 0.02443 0.06728 0.11928 0.16780 0.20237 0.21567 0.20099 0.00001 ( 7)  0.485
  83 G   0.00023 0.00894 0.04050 0.09486 0.15835 0.21308 0.24418 0.23984 0.00002 ( 7)  0.523
  84 F   0.34697 0.24338 0.16246 0.10499 0.06601 0.04029 0.02354 0.01237 0.00000 ( 1)  0.147
  85 P   0.03592 0.10451 0.14709 0.16472 0.16362 0.15023 0.12965 0.10425 0.00001 ( 4)  0.363
  86 S   0.00467 0.04559 0.10625 0.15881 0.18840 0.19176 0.17204 0.13248 0.00001 ( 6)  0.425
  87 T   0.41094 0.24965 0.14594 0.08513 0.05031 0.03014 0.01796 0.00992 0.00000 ( 1)  0.126
  88 M   0.39925 0.26150 0.15901 0.09099 0.04898 0.02460 0.01129 0.00438 0.00000 ( 1)  0.119
  89 S   0.10218 0.21960 0.22111 0.17535 0.12358 0.08105 0.04989 0.02724 0.00000 ( 3)  0.233
  90 A   0.00449 0.04457 0.10532 0.15898 0.18957 0.19304 0.17247 0.13156 0.00001 ( 6)  0.425
  91 N   0.00021 0.00809 0.03728 0.08904 0.15199 0.20994 0.24838 0.25506 0.00002 ( 8)  0.532
  92 E   0.00140 0.01655 0.04801 0.09132 0.14082 0.19103 0.23698 0.27386 0.00002 ( 8)  0.531
  93 S   0.00003 0.00157 0.00960 0.03152 0.07600 0.15232 0.27149 0.45741 0.00005 ( 8)  0.635
  94 L   0.27017 0.21508 0.16545 0.12408 0.09073 0.06434 0.04355 0.02661 0.00000 ( 1)  0.191
  95 T   0.00021 0.00781 0.03510 0.08323 0.14338 0.20312 0.25087 0.27626 0.00002 ( 8)  0.543
  96 S   0.04947 0.13482 0.17543 0.17971 0.16153 0.13241 0.09986 0.06676 0.00000 ( 4)  0.317
  97 Q   0.00008 0.00352 0.01929 0.05490 0.11216 0.18681 0.27038 0.35283 0.00003 ( 8)  0.587
  98 S   0.00206 0.02243 0.05987 0.10497 0.15001 0.19015 0.22296 0.24754 0.00002 ( 8)  0.510
  99 F   0.41290 0.25823 0.15136 0.08538 0.04697 0.02536 0.01335 0.00646 0.00000 ( 1)  0.119
 100 R   0.40201 0.25407 0.15199 0.08845 0.05070 0.02873 0.01593 0.00811 0.00000 ( 1)  0.125
 101 F   0.00561 0.05249 0.11693 0.16723 0.19026 0.18629 0.16126 0.11993 0.00001 ( 5)  0.411
 102 A   0.00556 0.05060 0.11033 0.15640 0.17981 0.18271 0.17017 0.14441 0.00001 ( 6)  0.426
 103 E   0.03730 0.10790 0.15066 0.16715 0.16432 0.14897 0.12613 0.09757 0.00001 ( 4)  0.356
 104 F   0.41290 0.25823 0.15136 0.08538 0.04697 0.02536 0.01335 0.00646 0.00000 ( 1)  0.119
 105 P   0.05237 0.13813 0.17484 0.17591 0.15726 0.13012 0.10074 0.07063 0.00000 ( 4)  0.317
 106 V   0.00789 0.06849 0.14039 0.18412 0.19212 0.17305 0.13847 0.09547 0.00001 ( 5)  0.381
 107 G   0.00231 0.02544 0.06807 0.11818 0.16449 0.19866 0.21504 0.20780 0.00001 ( 7)  0.487
 108 I   0.06783 0.16554 0.19286 0.17876 0.14776 0.11347 0.08150 0.05227 0.00000 ( 3)  0.287
 109 S   0.06330 0.15572 0.18376 0.17363 0.14766 0.11841 0.09117 0.06634 0.00000 ( 3)  0.302
 110 A   0.00001 0.00115 0.00995 0.03700 0.09068 0.17317 0.28055 0.40744 0.00004 ( 8)  0.617
 111 S   0.04931 0.13249 0.17072 0.17447 0.15814 0.13274 0.10497 0.07716 0.00000 ( 4)  0.325
 112 G   0.00424 0.04122 0.09633 0.14602 0.17822 0.19019 0.18374 0.16004 0.00001 ( 6)  0.444
 113 S   0.00010 0.00424 0.02189 0.05951 0.11728 0.18971 0.26761 0.33963 0.00003 ( 8)  0.580
 114 Q   0.30219 0.23153 0.16921 0.11890 0.08020 0.05146 0.03072 0.01579 0.00000 ( 1)  0.167
 115 -   0.19011 0.17250 0.15358 0.13445 0.11551 0.09688 0.07835 0.05863 0.00000 ( 1)  0.257
 116 T   0.00451 0.04039 0.08845 0.12958 0.15940 0.18008 0.19445 0.20314 0.00002 ( 8)  0.468
 117 A   0.00398 0.03985 0.09554 0.14743 0.18149 0.19326 0.18388 0.15456 0.00001 ( 6)  0.443
 118 G   0.00009 0.00357 0.01853 0.05178 0.10640 0.18101 0.27041 0.36818 0.00003 ( 8)  0.594
 119 I   0.40839 0.24701 0.14455 0.08531 0.05165 0.03199 0.01978 0.01132 0.00000 ( 1)  0.129
 120 S   0.08513 0.19402 0.20917 0.17859 0.13579 0.09601 0.06363 0.03765 0.00000 ( 3)  0.257
 121 I   0.00816 0.07017 0.14250 0.18521 0.19173 0.17159 0.13665 0.09399 0.00000 ( 5)  0.379
 122 S   0.00302 0.03127 0.07861 0.12856 0.16943 0.19511 0.20311 0.19087 0.00001 ( 7)  0.472
 123 N   0.37706 0.24722 0.15496 0.09524 0.05799 0.03507 0.02086 0.01160 0.00000 ( 1)  0.137
 124 N   0.00282 0.02980 0.07621 0.12658 0.16902 0.19656 0.20579 0.19321 0.00001 ( 7)  0.475
 125 A   0.00016 0.00600 0.02778 0.06852 0.12444 0.18918 0.25721 0.32669 0.00003 ( 8)  0.569
 126 G   0.00011 0.00437 0.02208 0.05929 0.11625 0.18820 0.26700 0.34268 0.00003 ( 8)  0.581
 127 R   0.05372 0.14346 0.18142 0.18016 0.15748 0.12650 0.09437 0.06287 0.00000 ( 3)  0.308
 128 Q   0.00293 0.03078 0.07815 0.12870 0.17021 0.19599 0.20333 0.18989 0.00001 ( 7)  0.472
 129 T   0.00000 0.00057 0.00553 0.02333 0.06556 0.14506 0.27586 0.48403 0.00006 ( 8)  0.649
 130 F   0.06488 0.16227 0.19282 0.18093 0.15020 0.11502 0.08195 0.05192 0.00000 ( 3)  0.288
 131 H   0.03980 0.11431 0.15800 0.17277 0.16624 0.14605 0.11804 0.08478 0.00000 ( 4)  0.344
 132 F   0.00414 0.04035 0.09471 0.14437 0.17741 0.19079 0.18572 0.16250 0.00001 ( 6)  0.447
 133 D   0.09154 0.20247 0.21107 0.17444 0.12933 0.09069 0.06140 0.03906 0.00000 ( 3)  0.253
 134 K   0.07009 0.16754 0.19125 0.17449 0.14337 0.11134 0.08323 0.05869 0.00000 ( 3)  0.289
 135 I   0.42224 0.24926 0.14231 0.08192 0.04829 0.02904 0.01737 0.00956 0.00000 ( 1)  0.123
 136 E   0.40094 0.25634 0.15414 0.08922 0.05020 0.02753 0.01459 0.00703 0.00000 ( 1)  0.123
 137 F   0.40786 0.25712 0.15218 0.08682 0.04837 0.02649 0.01417 0.00699 0.00000 ( 1)  0.121
 138 I   0.00486 0.04500 0.10051 0.14698 0.17535 0.18565 0.18064 0.16099 0.00001 ( 6)  0.441
 139 -   0.13176 0.13036 0.12872 0.12685 0.12475 0.12235 0.11950 0.11571 0.00001 ( 1)  0.331

Positively selected sites

	Prob(w>1)  mean w



lnL = -1694.119159

Bayes Empirical Bayes (BEB) probabilities for 11 classes (class) & postmean_w
(amino acids refer to 1st sequence: BT_Cry1Be1)

   1 S   0.44848 0.19989 0.12070 0.07774 0.05196 0.03552 0.02449 0.01673 0.01090 0.00602 0.00758 ( 1)  0.209 +-  0.251
   2 D   0.60463 0.19454 0.08876 0.04577 0.02591 0.01574 0.01001 0.00645 0.00403 0.00212 0.00204 ( 1)  0.138 +-  0.161
   3 S   0.00005 0.00200 0.01008 0.02623 0.04896 0.07439 0.09731 0.11197 0.11178 0.08566 0.43156 (11)  1.170 +-  0.775
   4 I   0.63109 0.18854 0.08307 0.04218 0.02344 0.01375 0.00826 0.00493 0.00280 0.00133 0.00062 ( 1)  0.127 +-  0.141
   5 T   0.13600 0.15820 0.14658 0.12659 0.10716 0.08958 0.07343 0.05804 0.04271 0.02617 0.03554 ( 2)  0.417 +-  0.333
   6 Q   0.50656 0.21328 0.11840 0.06850 0.04029 0.02380 0.01397 0.00803 0.00436 0.00200 0.00081 ( 1)  0.164 +-  0.166
   7 I   0.61743 0.19028 0.08609 0.04479 0.02548 0.01527 0.00935 0.00568 0.00327 0.00157 0.00078 ( 1)  0.132 +-  0.147
   8 P   0.54072 0.21067 0.10947 0.06019 0.03419 0.01984 0.01163 0.00677 0.00378 0.00179 0.00095 ( 1)  0.152 +-  0.159
   9 L   0.47127 0.20762 0.12221 0.07566 0.04794 0.03066 0.01955 0.01221 0.00721 0.00358 0.00211 ( 1)  0.185 +-  0.190
  10 V   0.22252 0.21597 0.16759 0.12196 0.08789 0.06340 0.04550 0.03195 0.02116 0.01185 0.01023 ( 1)  0.301 +-  0.255
  11 K   0.63250 0.19590 0.08471 0.04068 0.02106 0.01152 0.00651 0.00371 0.00203 0.00094 0.00044 ( 1)  0.123 +-  0.131
  12 S   0.06846 0.11340 0.13548 0.13829 0.12941 0.11407 0.09554 0.07566 0.05514 0.03322 0.04132 ( 4)  0.485 +-  0.330
  13 F   0.44795 0.20673 0.12659 0.08092 0.05258 0.03428 0.02216 0.01397 0.00830 0.00414 0.00239 ( 1)  0.195 +-  0.198
  14 N   0.04182 0.11925 0.15108 0.14961 0.13375 0.11329 0.09228 0.07197 0.05224 0.03172 0.04300 ( 3)  0.488 +-  0.329
  15 L   0.47779 0.20716 0.12045 0.07397 0.04669 0.02985 0.01909 0.01199 0.00714 0.00358 0.00228 ( 1)  0.183 +-  0.190
  16 N   0.00292 0.02844 0.06661 0.10030 0.12278 0.13289 0.13148 0.11969 0.09802 0.06420 0.13267 ( 6)  0.716 +-  0.421
  17 S   0.50678 0.20922 0.11576 0.06779 0.04092 0.02511 0.01547 0.00939 0.00542 0.00264 0.00149 ( 1)  0.168 +-  0.176
  18 G   0.24038 0.22991 0.17318 0.12076 0.08268 0.05650 0.03850 0.02580 0.01643 0.00891 0.00693 ( 1)  0.278 +-  0.235
  19 T   0.13054 0.16410 0.15880 0.13799 0.11398 0.09107 0.07053 0.05245 0.03636 0.02114 0.02305 ( 2)  0.393 +-  0.300
  20 S   0.03434 0.10913 0.14941 0.15557 0.14286 0.12191 0.09841 0.07505 0.05271 0.03074 0.02989 ( 4)  0.481 +-  0.293
  21 V   0.60871 0.19722 0.08993 0.04570 0.02505 0.01448 0.00863 0.00515 0.00295 0.00142 0.00076 ( 1)  0.132 +-  0.145
  22 V   0.53493 0.20262 0.10639 0.06095 0.03690 0.02316 0.01480 0.00941 0.00572 0.00293 0.00218 ( 1)  0.162 +-  0.178
  23 S   0.03743 0.11220 0.14762 0.15025 0.13691 0.11737 0.09617 0.07503 0.05422 0.03263 0.04017 ( 4)  0.493 +-  0.318
  24 G   0.52358 0.20777 0.11142 0.06381 0.03799 0.02318 0.01429 0.00874 0.00511 0.00252 0.00159 ( 1)  0.162 +-  0.173
  25 P   0.55155 0.21111 0.10748 0.05779 0.03208 0.01818 0.01041 0.00593 0.00324 0.00150 0.00073 ( 1)  0.147 +-  0.153
  26 G   0.17202 0.19588 0.17148 0.13542 0.10253 0.07587 0.05502 0.03871 0.02563 0.01437 0.01307 ( 2)  0.337 +-  0.266
  27 F   0.63143 0.19875 0.08570 0.04048 0.02045 0.01089 0.00600 0.00334 0.00180 0.00082 0.00036 ( 1)  0.121 +-  0.128
  28 T   0.59630 0.19622 0.09202 0.04850 0.02764 0.01656 0.01017 0.00623 0.00363 0.00177 0.00096 ( 1)  0.138 +-  0.153
  29 G   0.58894 0.20360 0.09618 0.04942 0.02694 0.01535 0.00900 0.00530 0.00301 0.00145 0.00081 ( 1)  0.137 +-  0.147
  30 G   0.37202 0.19179 0.13159 0.09412 0.06827 0.04952 0.03548 0.02469 0.01612 0.00880 0.00761 ( 1)  0.247 +-  0.246
  31 D   0.29239 0.24939 0.16891 0.10759 0.06847 0.04420 0.02881 0.01862 0.01149 0.00605 0.00407 ( 1)  0.241 +-  0.212
  32 I   0.48229 0.20008 0.11500 0.07163 0.04671 0.03127 0.02111 0.01407 0.00891 0.00474 0.00419 ( 1)  0.189 +-  0.207
  33 I   0.11437 0.15445 0.15786 0.14257 0.12071 0.09770 0.07588 0.05613 0.03844 0.02197 0.01992 ( 3)  0.402 +-  0.288
  34 R   0.09950 0.14123 0.15061 0.14114 0.12346 0.10290 0.08212 0.06230 0.04371 0.02553 0.02751 ( 3)  0.430 +-  0.310
  35 T   0.16891 0.20054 0.17903 0.14152 0.10556 0.07590 0.05284 0.03533 0.02205 0.01161 0.00672 ( 2)  0.323 +-  0.240
  36 N   0.09725 0.13659 0.14531 0.13689 0.12120 0.10280 0.08383 0.06519 0.04697 0.02816 0.03581 ( 3)  0.447 +-  0.330
  37 V   0.00712 0.05996 0.12079 0.15500 0.16058 0.14657 0.12224 0.09405 0.06553 0.03735 0.03080 ( 5)  0.535 +-  0.277
  38 N   0.04322 0.12670 0.16241 0.16021 0.14072 0.11565 0.09036 0.06693 0.04577 0.02611 0.02194 ( 3)  0.451 +-  0.278
  39 G   0.60884 0.20020 0.09110 0.04551 0.02425 0.01355 0.00779 0.00450 0.00250 0.00118 0.00058 ( 1)  0.130 +-  0.139
  40 S   0.00336 0.03239 0.07463 0.11009 0.13160 0.13883 0.13369 0.11838 0.09429 0.06021 0.10254 ( 6)  0.671 +-  0.377
  41 V   0.17810 0.20423 0.17792 0.13846 0.10238 0.07338 0.05113 0.03434 0.02157 0.01144 0.00704 ( 2)  0.318 +-  0.241
  42 L   0.01081 0.04739 0.08590 0.11431 0.12987 0.13318 0.12606 0.11038 0.08734 0.05573 0.09903 ( 6)  0.651 +-  0.398
  43 S   0.01035 0.07788 0.14194 0.16699 0.16087 0.13842 0.11022 0.08187 0.05562 0.03128 0.02455 ( 4)  0.502 +-  0.269
  44 M   0.27565 0.25378 0.17977 0.11565 0.07197 0.04424 0.02697 0.01615 0.00921 0.00450 0.00210 ( 1)  0.239 +-  0.197
  45 G   0.02650 0.08844 0.12750 0.14012 0.13608 0.12306 0.10556 0.08577 0.06431 0.03989 0.06276 ( 4)  0.550 +-  0.363
  46 L   0.19216 0.21271 0.17923 0.13536 0.09757 0.06851 0.04701 0.03123 0.01949 0.01030 0.00641 ( 2)  0.305 +-  0.237
  47 N   0.62389 0.19821 0.08758 0.04260 0.02210 0.01199 0.00667 0.00372 0.00199 0.00090 0.00036 ( 1)  0.124 +-  0.132
  48 F   0.23845 0.23224 0.17722 0.12420 0.08453 0.05668 0.03737 0.02392 0.01439 0.00732 0.00367 ( 1)  0.271 +-  0.219
  49 N   0.07525 0.18019 0.19292 0.16301 0.12582 0.09302 0.06669 0.04606 0.02976 0.01629 0.01101 ( 3)  0.379 +-  0.249
  50 N   0.01892 0.07485 0.12211 0.14585 0.14868 0.13697 0.11670 0.09227 0.06622 0.03886 0.03859 ( 5)  0.533 +-  0.301
  51 T   0.17461 0.19978 0.17518 0.13785 0.10333 0.07518 0.05324 0.03636 0.02324 0.01254 0.00866 ( 2)  0.325 +-  0.249
  52 S   0.02668 0.09261 0.13670 0.15126 0.14557 0.12856 0.10637 0.08254 0.05870 0.03449 0.03652 ( 4)  0.509 +-  0.304
  53 L   0.03095 0.10654 0.15371 0.16418 0.15110 0.12675 0.09914 0.07252 0.04855 0.02698 0.01959 ( 4)  0.467 +-  0.267
  54 Q   0.43540 0.20551 0.12843 0.08360 0.05520 0.03650 0.02388 0.01521 0.00911 0.00457 0.00259 ( 1)  0.202 +-  0.202
  55 R   0.39142 0.19448 0.12923 0.09005 0.06400 0.04575 0.03248 0.02250 0.01468 0.00803 0.00738 ( 1)  0.236 +-  0.241
  56 Y   0.57316 0.20866 0.10200 0.05312 0.02873 0.01594 0.00895 0.00500 0.00268 0.00122 0.00054 ( 1)  0.140 +-  0.145
  57 R   0.36270 0.19158 0.13368 0.09662 0.07044 0.05113 0.03653 0.02527 0.01636 0.00884 0.00685 ( 1)  0.249 +-  0.243
  58 V   0.14918 0.17453 0.15924 0.13247 0.10638 0.08382 0.06480 0.04859 0.03423 0.02033 0.02644 ( 2)  0.383 +-  0.313
  59 R   0.54526 0.20659 0.10663 0.05919 0.03434 0.02050 0.01241 0.00746 0.00429 0.00209 0.00125 ( 1)  0.154 +-  0.164
  60 V   0.05816 0.15035 0.17506 0.16086 0.13410 0.10595 0.08026 0.05795 0.03880 0.02178 0.01673 ( 3)  0.419 +-  0.267
  61 R   0.03029 0.10239 0.14629 0.15604 0.14458 0.12316 0.09875 0.07483 0.05248 0.03083 0.04035 ( 4)  0.500 +-  0.326
  62 Y   0.57316 0.20866 0.10200 0.05312 0.02873 0.01594 0.00895 0.00500 0.00268 0.00122 0.00054 ( 1)  0.140 +-  0.145
  63 A   0.62362 0.19523 0.08626 0.04267 0.02287 0.01297 0.00760 0.00447 0.00252 0.00119 0.00058 ( 1)  0.127 +-  0.138
  64 A   0.20088 0.21536 0.17782 0.13279 0.09522 0.06674 0.04578 0.03040 0.01895 0.00999 0.00606 ( 2)  0.300 +-  0.235
  65 S   0.20662 0.21657 0.17672 0.13129 0.09398 0.06582 0.04510 0.02989 0.01857 0.00975 0.00569 ( 2)  0.297 +-  0.234
  66 Q   0.01969 0.07554 0.12128 0.14393 0.14668 0.13564 0.11631 0.09268 0.06710 0.03971 0.04146 ( 5)  0.537 +-  0.307
  67 T   0.00425 0.04180 0.09552 0.13610 0.15390 0.15123 0.13429 0.10902 0.07951 0.04685 0.04754 ( 5)  0.584 +-  0.300
  68 M   0.00082 0.01365 0.04388 0.08109 0.11358 0.13423 0.14047 0.13236 0.11056 0.07281 0.15656 (11)  0.770 +-  0.428
  69 V   0.00090 0.01206 0.03655 0.06776 0.09794 0.12098 0.13291 0.13146 0.11490 0.07863 0.20592 (11)  0.838 +-  0.484
  70 L   0.00226 0.02467 0.06277 0.09987 0.12618 0.13841 0.13692 0.12349 0.09964 0.06411 0.12169 ( 6)  0.709 +-  0.408
  71 R   0.00304 0.02050 0.05187 0.08732 0.11714 0.13537 0.13974 0.13034 0.10785 0.07042 0.13641 ( 7)  0.737 +-  0.406
  72 V   0.03019 0.10040 0.14294 0.15353 0.14427 0.12510 0.10210 0.07848 0.05548 0.03253 0.03499 ( 4)  0.497 +-  0.306
  73 T   0.02505 0.08492 0.12417 0.13828 0.13593 0.12423 0.10748 0.08791 0.06620 0.04114 0.06469 ( 4)  0.557 +-  0.364
  74 V   0.27296 0.24236 0.17222 0.11467 0.07531 0.04926 0.03191 0.02017 0.01202 0.00607 0.00304 ( 1)  0.251 +-  0.211
  75 G   0.01594 0.06940 0.11886 0.14553 0.15012 0.13900 0.11865 0.09388 0.06744 0.03964 0.04154 ( 5)  0.542 +-  0.306
  76 G   0.50122 0.20808 0.11634 0.06902 0.04224 0.02627 0.01639 0.01006 0.00586 0.00287 0.00164 ( 1)  0.171 +-  0.179
  77 S   0.05763 0.15307 0.17980 0.16415 0.13472 0.10444 0.07769 0.05529 0.03665 0.02049 0.01605 ( 3)  0.413 +-  0.264
  78 T   0.26949 0.24217 0.17327 0.11569 0.07600 0.04967 0.03215 0.02030 0.01210 0.00611 0.00307 ( 1)  0.252 +-  0.211
  79 T   0.28003 0.24608 0.17261 0.11322 0.07318 0.04710 0.03004 0.01871 0.01099 0.00547 0.00256 ( 1)  0.245 +-  0.205
  80 F   0.00044 0.01221 0.04445 0.08590 0.12209 0.14421 0.14937 0.13828 0.11276 0.07213 0.11818 ( 7)  0.726 +-  0.366
  81 D   0.00344 0.03486 0.08228 0.12148 0.14275 0.14614 0.13551 0.11510 0.08793 0.05411 0.07640 ( 6)  0.633 +-  0.345
  82 Q   0.01876 0.07518 0.12386 0.14854 0.15119 0.13842 0.11681 0.09124 0.06461 0.03740 0.03398 ( 5)  0.526 +-  0.292
  83 G   0.00421 0.04266 0.09839 0.13989 0.15685 0.15232 0.13349 0.10694 0.07702 0.04492 0.04331 ( 5)  0.576 +-  0.293
  84 F   0.55780 0.20787 0.10475 0.05652 0.03180 0.01837 0.01075 0.00625 0.00347 0.00163 0.00080 ( 1)  0.147 +-  0.155
  85 P   0.13673 0.17289 0.16537 0.14035 0.11253 0.08715 0.06557 0.04761 0.03244 0.01869 0.02068 ( 2)  0.378 +-  0.292
  86 S   0.03883 0.12353 0.16702 0.16894 0.14845 0.11968 0.09043 0.06417 0.04183 0.02275 0.01439 ( 4)  0.440 +-  0.256
  87 T   0.62205 0.19212 0.08585 0.04359 0.02409 0.01404 0.00840 0.00501 0.00285 0.00135 0.00064 ( 1)  0.129 +-  0.142
  88 M   0.62149 0.20697 0.09091 0.04200 0.01997 0.00971 0.00479 0.00238 0.00114 0.00047 0.00017 ( 1)  0.120 +-  0.120
  89 S   0.32205 0.26199 0.16871 0.10176 0.06094 0.03672 0.02216 0.01318 0.00745 0.00358 0.00147 ( 1)  0.217 +-  0.187
  90 A   0.03767 0.12237 0.16740 0.17019 0.14964 0.12036 0.09058 0.06396 0.04148 0.02245 0.01391 ( 4)  0.440 +-  0.254
  91 N   0.00373 0.03865 0.09119 0.13259 0.15205 0.15102 0.13536 0.11091 0.08167 0.04858 0.05426 ( 5)  0.597 +-  0.311
  92 E   0.01151 0.04945 0.08830 0.11613 0.13072 0.13306 0.12518 0.10905 0.08592 0.05466 0.09603 ( 6)  0.645 +-  0.400
  93 S   0.00045 0.00689 0.02352 0.04839 0.07663 0.10258 0.12101 0.12755 0.11798 0.08466 0.29034 (11)  0.956 +-  0.571
  94 L   0.46241 0.20705 0.12368 0.07758 0.04971 0.03211 0.02064 0.01298 0.00771 0.00385 0.00229 ( 1)  0.189 +-  0.194
  95 T   0.00356 0.03551 0.08300 0.12182 0.14269 0.14584 0.13513 0.11473 0.08762 0.05392 0.07619 ( 6)  0.632 +-  0.347
  96 S   0.18286 0.20887 0.18048 0.13865 0.10084 0.07096 0.04856 0.03207 0.01987 0.01044 0.00641 ( 2)  0.311 +-  0.237
  97 Q   0.00134 0.01773 0.05131 0.08935 0.12050 0.13864 0.14202 0.13134 0.10777 0.06984 0.13014 ( 7)  0.731 +-  0.394
  98 S   0.01632 0.06250 0.10154 0.12376 0.13129 0.12785 0.11658 0.09959 0.07772 0.04952 0.09334 ( 5)  0.623 +-  0.411
  99 F   0.63143 0.19875 0.08570 0.04048 0.02045 0.01089 0.00600 0.00334 0.00180 0.00082 0.00036 ( 1)  0.121 +-  0.128
 100 R   0.61771 0.19880 0.08878 0.04370 0.02303 0.01274 0.00726 0.00415 0.00228 0.00106 0.00049 ( 1)  0.127 +-  0.136
 101 F   0.04576 0.13679 0.17572 0.17048 0.14483 0.11364 0.08402 0.05858 0.03766 0.02028 0.01224 ( 3)  0.422 +-  0.250
 102 A   0.04401 0.12744 0.16187 0.15874 0.13906 0.11438 0.08975 0.06698 0.04628 0.02672 0.02478 ( 3)  0.454 +-  0.285
 103 E   0.14238 0.17818 0.16863 0.14164 0.11235 0.08592 0.06365 0.04531 0.03013 0.01689 0.01492 ( 2)  0.363 +-  0.273
 104 F   0.63143 0.19875 0.08570 0.04048 0.02045 0.01089 0.00600 0.00334 0.00180 0.00082 0.00036 ( 1)  0.121 +-  0.128
 105 P   0.18966 0.20801 0.17590 0.13443 0.09851 0.07047 0.04930 0.03337 0.02120 0.01139 0.00776 ( 2)  0.313 +-  0.244
 106 V   0.06209 0.16586 0.19280 0.17158 0.13558 0.10023 0.07062 0.04740 0.02958 0.01561 0.00866 ( 3)  0.387 +-  0.239
 107 G   0.01967 0.07561 0.12151 0.14420 0.14686 0.13566 0.11618 0.09246 0.06686 0.03954 0.04144 ( 5)  0.537 +-  0.307
 108 I   0.23391 0.22966 0.17674 0.12494 0.08581 0.05808 0.03867 0.02500 0.01520 0.00782 0.00419 ( 1)  0.275 +-  0.222
 109 S   0.21852 0.21778 0.17122 0.12453 0.08873 0.06288 0.04426 0.03055 0.01999 0.01114 0.01041 ( 1)  0.300 +-  0.254
 110 A   0.00026 0.00819 0.03269 0.06827 0.10384 0.13036 0.14282 0.13936 0.11942 0.07979 0.17502 (11)  0.804 +-  0.426
 111 S   0.17965 0.20205 0.17400 0.13480 0.10000 0.07252 0.05165 0.03583 0.02349 0.01313 0.01288 ( 2)  0.328 +-  0.265
 112 G   0.03451 0.10998 0.15101 0.15719 0.14375 0.12177 0.09742 0.07362 0.05130 0.02977 0.02968 ( 4)  0.479 +-  0.294
 113 S   0.00171 0.02070 0.05674 0.09531 0.12528 0.14135 0.14251 0.12996 0.10527 0.06745 0.11372 ( 7)  0.706 +-  0.375
 114 Q   0.50656 0.21328 0.11840 0.06850 0.04029 0.02380 0.01397 0.00803 0.00436 0.00200 0.00081 ( 1)  0.164 +-  0.166
 115 -   0.34898 0.18869 0.13446 0.09900 0.07336 0.05401 0.03906 0.02731 0.01783 0.00971 0.00760 ( 1)  0.259 +-  0.248
 116 T   0.03370 0.09757 0.12847 0.13485 0.12927 0.11778 0.10284 0.08531 0.06520 0.04103 0.06399 ( 4)  0.544 +-  0.361
 117 A   0.03311 0.10954 0.15363 0.16126 0.14728 0.12367 0.09753 0.07236 0.04938 0.02804 0.02420 ( 4)  0.471 +-  0.280
 118 G   0.00138 0.01670 0.04721 0.08272 0.11358 0.13359 0.13999 0.13230 0.11075 0.07297 0.14882 (11)  0.757 +-  0.414
 119 I   0.61743 0.19028 0.08609 0.04479 0.02548 0.01527 0.00935 0.00568 0.00327 0.00157 0.00078 ( 1)  0.132 +-  0.147
 120 S   0.27986 0.24849 0.17409 0.11325 0.07239 0.04611 0.02919 0.01810 0.01062 0.00530 0.00259 ( 1)  0.243 +-  0.204
 121 I   0.06387 0.16845 0.19378 0.17110 0.13443 0.09899 0.06959 0.04665 0.02910 0.01537 0.00867 ( 3)  0.384 +-  0.239
 122 S   0.02500 0.08805 0.13198 0.14832 0.14490 0.12980 0.10879 0.08540 0.06134 0.03630 0.04013 ( 4)  0.520 +-  0.312
 123 N   0.58859 0.20075 0.09539 0.04988 0.02781 0.01620 0.00968 0.00579 0.00333 0.00162 0.00096 ( 1)  0.139 +-  0.151
 124 N   0.02366 0.08540 0.13035 0.14841 0.14626 0.13168 0.11059 0.08676 0.06213 0.03659 0.03816 ( 4)  0.520 +-  0.305
 125 A   0.00248 0.02576 0.06303 0.09758 0.12142 0.13261 0.13185 0.12039 0.09887 0.06494 0.14107 (11)  0.730 +-  0.432
 126 G   0.00177 0.02075 0.05603 0.09364 0.12315 0.13943 0.14128 0.12959 0.10562 0.06809 0.12065 ( 7)  0.715 +-  0.386
 127 R   0.19596 0.21610 0.18019 0.13464 0.09618 0.06703 0.04567 0.03011 0.01864 0.00976 0.00570 ( 2)  0.301 +-  0.233
 128 Q   0.02446 0.08745 0.13219 0.14908 0.14565 0.13021 0.10880 0.08513 0.06097 0.03602 0.04004 ( 4)  0.519 +-  0.311
 129 T   0.00010 0.00376 0.01741 0.04174 0.07217 0.10191 0.12429 0.13365 0.12493 0.08979 0.29025 (11)  0.956 +-  0.522
 130 F   0.22707 0.22964 0.17934 0.12731 0.08725 0.05874 0.03886 0.02497 0.01509 0.00772 0.00401 ( 2)  0.277 +-  0.221
 131 H   0.15194 0.18777 0.17484 0.14374 0.11101 0.08227 0.05883 0.04030 0.02575 0.01387 0.00967 ( 2)  0.343 +-  0.254
 132 F   0.03377 0.10827 0.14960 0.15677 0.14433 0.12297 0.09881 0.07484 0.05215 0.03017 0.02831 ( 4)  0.480 +-  0.290
 133 D   0.29451 0.25026 0.16885 0.10714 0.06793 0.04368 0.02836 0.01826 0.01123 0.00589 0.00388 ( 1)  0.240 +-  0.211
 134 K   0.23769 0.22691 0.17139 0.12046 0.08346 0.05783 0.03997 0.02715 0.01750 0.00960 0.00804 ( 1)  0.283 +-  0.242
 135 I   0.63215 0.18846 0.08287 0.04198 0.02328 0.01361 0.00815 0.00485 0.00275 0.00130 0.00059 ( 1)  0.127 +-  0.140
 136 E   0.61868 0.20130 0.08942 0.04320 0.02213 0.01186 0.00654 0.00363 0.00195 0.00089 0.00039 ( 1)  0.125 +-  0.132
 137 F   0.62579 0.19940 0.08709 0.04166 0.02131 0.01148 0.00639 0.00360 0.00195 0.00090 0.00042 ( 1)  0.123 +-  0.131
 138 I   0.03848 0.11495 0.15127 0.15393 0.13972 0.11868 0.09580 0.07328 0.05173 0.03038 0.03178 ( 4)  0.478 +-  0.300
 139 -   0.24652 0.15194 0.12383 0.10429 0.08837 0.07438 0.06148 0.04908 0.03657 0.02266 0.04088 ( 1)  0.382 +-  0.399

Positively selected sites

	Prob(w>1)  mean w


