Supplemental results for CODEML (seqf: algn  treef: tree)


dN/dS (w) for site classes (K=9)

p:   0.11389  0.11389  0.11389  0.11389  0.11389  0.11389  0.11389  0.11389  0.08891
w:   0.02237  0.06757  0.11663  0.17154  0.23505  0.31208  0.41399  0.58419  1.23500

Naive Empirical Bayes (NEB) probabilities for 9 classes & postmean_w & P(w>1)
(amino acids refer to 1st sequence: BT_Cry19Aa1)

   1 E   0.00000 0.00003 0.00130 0.01265 0.05548 0.14969 0.28595 0.39404 0.10087 ( 8)  0.535  0.101
   2 V   0.44053 0.40131 0.12364 0.02800 0.00546 0.00093 0.00013 0.00001 0.00000 ( 1)  0.058  0.000
   3 K   0.52881 0.32393 0.10918 0.02952 0.00690 0.00141 0.00023 0.00002 0.00000 ( 1)  0.054  0.000
   4 T   0.00059 0.02075 0.07661 0.14461 0.19458 0.21030 0.18984 0.13514 0.02757 ( 6)  0.338  0.028
   5 E   0.28811 0.41619 0.20341 0.06958 0.01847 0.00372 0.00050 0.00003 0.00000 ( 2)  0.076  0.000
   6 L   0.70887 0.20712 0.06071 0.01729 0.00464 0.00112 0.00022 0.00002 0.00000 ( 1)  0.041  0.000
   7 T   0.88882 0.09713 0.01207 0.00168 0.00025 0.00004 0.00001 0.00000 0.00000 ( 1)  0.028  0.000
   8 R   0.84440 0.13195 0.02024 0.00296 0.00040 0.00005 0.00000 0.00000 0.00000 ( 1)  0.031  0.000
   9 E   0.34572 0.43664 0.16735 0.04153 0.00762 0.00104 0.00010 0.00000 0.00000 ( 2)  0.066  0.000
  10 I   0.93501 0.05985 0.00465 0.00043 0.00005 0.00001 0.00000 0.00000 0.00000 ( 1)  0.026  0.000
  11 Y   0.90861 0.08159 0.00862 0.00103 0.00013 0.00002 0.00000 0.00000 0.00000 ( 1)  0.027  0.000
  12 S   0.05628 0.25522 0.25410 0.18255 0.11873 0.07294 0.04110 0.01804 0.00104 ( 2)  0.159  0.001
  13 D   0.25276 0.44361 0.20144 0.07228 0.02279 0.00594 0.00109 0.00008 0.00000 ( 2)  0.079  0.000
  14 V   0.00511 0.09437 0.20069 0.23538 0.20661 0.14673 0.08229 0.02842 0.00040 ( 4)  0.216  0.000
  15 I   0.17508 0.47018 0.24622 0.08117 0.02149 0.00488 0.00090 0.00009 0.00000 ( 2)  0.085  0.000
  16 N   0.34276 0.47348 0.14482 0.03163 0.00610 0.00105 0.00015 0.00001 0.00000 ( 2)  0.064  0.000
  17 G   0.00000 0.00090 0.01459 0.06406 0.14953 0.23798 0.28272 0.23077 0.01946 ( 7)  0.398  0.019
  18 E   0.00003 0.01533 0.10658 0.21411 0.24741 0.20983 0.13952 0.06363 0.00357 ( 5)  0.273  0.004
  19 I   0.00000 0.00008 0.00172 0.01091 0.04008 0.10770 0.23270 0.41381 0.19300 ( 8)  0.622  0.193
  20 Y   0.00000 0.00034 0.00558 0.02680 0.07447 0.15203 0.25177 0.34346 0.14555 ( 8)  0.555  0.146
  21 G   0.00000 0.00030 0.00505 0.02636 0.07834 0.16621 0.27585 0.35292 0.09497 ( 8)  0.513  0.095
  22 L   0.00000 0.00023 0.00449 0.02597 0.08290 0.18150 0.29599 0.34332 0.06559 ( 8)  0.485  0.066
  23 M   0.00000 0.00106 0.01223 0.05018 0.12372 0.22000 0.29714 0.27308 0.02260 ( 7)  0.418  0.023
  24 -   0.02528 0.10011 0.13802 0.14967 0.15040 0.14590 0.13612 0.11533 0.03916 ( 5)  0.302  0.039
  25 -   0.19216 0.17195 0.15257 0.13364 0.11486 0.09584 0.07580 0.05189 0.01130 ( 1)  0.189  0.011
  26 -   0.12820 0.12580 0.12325 0.12046 0.11733 0.11363 0.10894 0.10156 0.06082 ( 1)  0.289  0.061
  27 -   0.00079 0.00671 0.01863 0.03726 0.06394 0.10117 0.15462 0.24445 0.37244 ( 9)  0.722  0.372
  28 -   0.18697 0.16804 0.14995 0.13232 0.11488 0.09724 0.07865 0.05636 0.01560 ( 1)  0.198  0.016
  29 -   0.18697 0.16804 0.14995 0.13232 0.11488 0.09724 0.07865 0.05636 0.01560 ( 1)  0.198  0.016
  30 T   0.00000 0.00008 0.00132 0.00717 0.02393 0.06155 0.13733 0.29647 0.47214 ( 9)  0.839  0.472
  31 P   0.00005 0.00887 0.05440 0.12837 0.19389 0.22601 0.21589 0.15442 0.01810 ( 6)  0.347  0.018
  32 Y   0.00000 0.00000 0.00016 0.00278 0.01960 0.08076 0.22942 0.47039 0.19687 ( 8)  0.643  0.197
  33 F   0.00000 0.00000 0.00022 0.00341 0.02134 0.07869 0.20514 0.41441 0.27680 ( 8)  0.699  0.277
  34 S   0.00000 0.00014 0.00456 0.03111 0.10010 0.20465 0.29924 0.30433 0.05588 ( 8)  0.464  0.056
  35 F   0.00059 0.04605 0.15968 0.24371 0.24584 0.18124 0.09553 0.02707 0.00029 ( 5)  0.234  0.000
  36 E   0.00000 0.00007 0.00264 0.01953 0.06863 0.15584 0.26221 0.33939 0.15170 ( 8)  0.563  0.152
  37 K   0.00000 0.00008 0.00287 0.02207 0.08150 0.19137 0.31657 0.34715 0.03839 ( 8)  0.464  0.038
  38 A   0.00001 0.00284 0.02281 0.07295 0.15047 0.23121 0.27379 0.22326 0.02266 ( 7)  0.395  0.023
  39 E   0.87616 0.10898 0.01320 0.00150 0.00015 0.00001 0.00000 0.00000 0.00000 ( 1)  0.029  0.000
  40 S   0.00000 0.00283 0.03414 0.11733 0.21639 0.26684 0.23355 0.12400 0.00493 ( 6)  0.334  0.005
  41 L   0.00018 0.01544 0.07970 0.17702 0.25088 0.25067 0.17020 0.05572 0.00019 ( 5)  0.281  0.000
  42 Y   0.01275 0.22488 0.35381 0.25168 0.11339 0.03547 0.00735 0.00067 0.00000 ( 3)  0.141  0.000
  43 T   0.00285 0.10994 0.26056 0.27284 0.19232 0.10528 0.04490 0.01122 0.00010 ( 4)  0.188  0.000
  44 R   0.00257 0.06509 0.17330 0.23204 0.21789 0.16201 0.09886 0.04464 0.00360 ( 4)  0.238  0.004
  45 A   0.00070 0.04285 0.15596 0.24141 0.24096 0.17871 0.10087 0.03686 0.00168 ( 4)  0.240  0.002
  46 P   0.82396 0.14640 0.02506 0.00397 0.00056 0.00006 0.00001 0.00000 0.00000 ( 1)  0.032  0.000
  47 H   0.00101 0.06070 0.21698 0.30481 0.24592 0.12665 0.03935 0.00458 0.00000 ( 4)  0.198  0.000
  48 L   0.12242 0.31481 0.26716 0.16173 0.08153 0.03571 0.01324 0.00332 0.00009 ( 2)  0.121  0.000
  49 F   0.29755 0.38827 0.19033 0.07788 0.03054 0.01127 0.00351 0.00064 0.00000 ( 2)  0.081  0.000
  50 T   0.02068 0.24779 0.32284 0.22567 0.11706 0.04846 0.01506 0.00243 0.00001 ( 3)  0.144  0.000
  51 W   0.56734 0.25874 0.11100 0.04334 0.01474 0.00404 0.00075 0.00005 0.00000 ( 1)  0.056  0.000
  52 L   0.10149 0.27851 0.27505 0.18778 0.09973 0.04203 0.01320 0.00221 0.00001 ( 2)  0.129  0.000
  53 K   0.00004 0.00653 0.04261 0.10926 0.18211 0.23218 0.23510 0.17127 0.02090 ( 7)  0.363  0.021
  54 G   0.00061 0.03115 0.12951 0.23088 0.25587 0.20087 0.11352 0.03707 0.00054 ( 5)  0.249  0.001
  55 F   0.20121 0.38738 0.24743 0.11073 0.03948 0.01125 0.00231 0.00021 0.00000 ( 2)  0.092  0.000
  56 R   0.00012 0.01624 0.07907 0.15398 0.20365 0.21973 0.19807 0.12430 0.00483 ( 6)  0.314  0.005
  57 F   0.45616 0.39368 0.11729 0.02655 0.00529 0.00091 0.00012 0.00001 0.00000 ( 1)  0.057  0.000
  58 V   0.00793 0.12145 0.22764 0.24518 0.19902 0.12648 0.05859 0.01367 0.00005 ( 4)  0.196  0.000
  59 T   0.62196 0.27172 0.07725 0.02098 0.00584 0.00167 0.00047 0.00011 0.00000 ( 1)  0.047  0.000
  60 N   0.01993 0.29702 0.34251 0.20541 0.09149 0.03297 0.00921 0.00145 0.00001 ( 3)  0.132  0.000
  61 S   0.00000 0.00001 0.00081 0.00865 0.04145 0.12336 0.26342 0.41658 0.14571 ( 8)  0.582  0.146
  62 I   0.00007 0.01587 0.09166 0.18796 0.23777 0.22384 0.16292 0.07686 0.00305 ( 5)  0.286  0.003
  63 S   0.00000 0.00034 0.00852 0.04832 0.13172 0.22975 0.28822 0.25115 0.04198 ( 7)  0.430  0.042
  64 -   0.00000 0.00016 0.00166 0.00739 0.02230 0.05461 0.12045 0.26897 0.52446 ( 9)  0.878  0.524
  65 -   0.00048 0.01839 0.07201 0.14179 0.19754 0.21958 0.20020 0.13415 0.01587 ( 6)  0.330  0.016
  66 -   0.02387 0.06319 0.09478 0.11959 0.13805 0.15030 0.15603 0.15320 0.10099 ( 7)  0.395  0.101
  67 -   0.00118 0.00967 0.02559 0.04870 0.07919 0.11806 0.16825 0.24165 0.30771 ( 9)  0.658  0.308
  68 -   0.00000 0.00026 0.00415 0.01887 0.04947 0.09887 0.17282 0.29141 0.36415 ( 9)  0.738  0.364
  69 -   0.00000 0.00000 0.00000 0.00004 0.00045 0.00291 0.01473 0.07867 0.90320 ( 9)  1.169  0.903
  70 Y   0.00000 0.00035 0.00835 0.04476 0.12107 0.21793 0.28996 0.27596 0.04164 ( 7)  0.438  0.042
  71 W   0.00035 0.01764 0.08306 0.17958 0.24927 0.24560 0.16742 0.05686 0.00022 ( 5)  0.280  0.000
  72 T   0.00064 0.02874 0.09334 0.15689 0.19901 0.20974 0.18401 0.11769 0.00994 ( 6)  0.309  0.010
  73 F   0.00070 0.06430 0.21279 0.27002 0.21956 0.13803 0.07012 0.02382 0.00067 ( 4)  0.214  0.001
  74 L   0.35849 0.34799 0.18429 0.07600 0.02539 0.00660 0.00116 0.00008 0.00000 ( 1)  0.075  0.000
  75 S   0.10880 0.35666 0.26129 0.14161 0.07228 0.03633 0.01702 0.00581 0.00019 ( 2)  0.120  0.000
  76 G   0.06301 0.32331 0.31109 0.18121 0.08129 0.02998 0.00870 0.00140 0.00000 ( 2)  0.124  0.000
  77 G   0.00000 0.00000 0.00006 0.00102 0.00696 0.02958 0.09638 0.28515 0.58084 ( 9)  0.935  0.581
  78 Q   0.00006 0.01019 0.06012 0.13632 0.20213 0.23406 0.21558 0.13362 0.00791 ( 6)  0.329  0.008
  79 N   0.00626 0.14365 0.27883 0.26617 0.17671 0.08939 0.03282 0.00613 0.00004 ( 3)  0.175  0.000
  80 K   0.00003 0.01160 0.08823 0.20659 0.26903 0.23573 0.14225 0.04601 0.00053 ( 5)  0.270  0.001
  81 Y   0.00089 0.07952 0.25139 0.29612 0.21277 0.10952 0.04100 0.00871 0.00008 ( 4)  0.192  0.000
  82 S   0.00000 0.00098 0.01871 0.08679 0.19574 0.27615 0.26454 0.15042 0.00667 ( 6)  0.355  0.007
  83 Y   0.00000 0.00009 0.00381 0.02861 0.09326 0.18941 0.28221 0.31634 0.08627 ( 8)  0.495  0.086
  84 T   0.31272 0.39291 0.18541 0.07116 0.02558 0.00878 0.00277 0.00065 0.00002 ( 2)  0.078  0.000
  85 N   0.00000 0.00001 0.00025 0.00201 0.00856 0.02634 0.06934 0.18632 0.70718 ( 9)  1.022  0.707
  86 N   0.00000 0.00000 0.00001 0.00023 0.00190 0.00949 0.03725 0.15038 0.80073 ( 9)  1.096  0.801
  87 -   0.11389 0.11389 0.11389 0.11389 0.11389 0.11389 0.11389 0.11389 0.08891 ( 8)  0.329  0.089
  88 S   0.00000 0.00000 0.00006 0.00092 0.00612 0.02732 0.09646 0.30573 0.56340 ( 9)  0.924  0.563
  89 S   0.00000 0.00000 0.00007 0.00099 0.00684 0.03025 0.10177 0.30052 0.55957 ( 9)  0.920  0.560
  90 I   0.00021 0.01741 0.08544 0.17877 0.23973 0.23499 0.16957 0.07209 0.00178 ( 5)  0.286  0.002
  91 N   0.00000 0.00000 0.00004 0.00044 0.00256 0.01076 0.03916 0.15252 0.79452 ( 9)  1.091  0.795
  92 E   0.00000 0.00000 0.00001 0.00018 0.00158 0.00839 0.03496 0.14517 0.80971 ( 9)  1.102  0.810
  93 G   0.00039 0.03352 0.13277 0.22153 0.24345 0.20094 0.12354 0.04330 0.00055 ( 5)  0.253  0.001
  94 S   0.00022 0.03038 0.14576 0.25376 0.26131 0.18652 0.09422 0.02750 0.00032 ( 5)  0.238  0.000
  95 F   0.00522 0.15177 0.28973 0.26244 0.16797 0.08406 0.03185 0.00687 0.00008 ( 3)  0.172  0.000
  96 R   0.00000 0.00000 0.00000 0.00001 0.00009 0.00086 0.00682 0.05896 0.93326 ( 9)  1.190  0.933
  97 G   0.55053 0.30548 0.10359 0.03035 0.00795 0.00178 0.00030 0.00002 0.00000 ( 1)  0.053  0.000
  98 Q   0.00003 0.00409 0.02235 0.05362 0.09197 0.13608 0.19198 0.27637 0.22351 ( 8)  0.593  0.224
  99 D   0.00004 0.01346 0.09561 0.21210 0.26455 0.22678 0.13838 0.04820 0.00088 ( 5)  0.268  0.001
 100 T   0.00000 0.00158 0.02460 0.10079 0.20909 0.27650 0.24972 0.13333 0.00438 ( 6)  0.342  0.004
 101 D   0.00000 0.00021 0.00700 0.04704 0.14340 0.26123 0.31176 0.21827 0.01109 ( 7)  0.394  0.011
 102 Y   0.00516 0.06162 0.13713 0.18870 0.20502 0.18753 0.14106 0.07103 0.00275 ( 5)  0.263  0.003
 103 G   0.37613 0.42267 0.15264 0.03867 0.00815 0.00149 0.00023 0.00002 0.00000 ( 2)  0.064  0.000
 104 G   0.00000 0.00200 0.02588 0.09746 0.19762 0.26826 0.25769 0.14719 0.00389 ( 6)  0.348  0.004
 105 T   0.00000 0.00009 0.00273 0.01901 0.06550 0.15144 0.26914 0.37527 0.11681 ( 8)  0.541  0.117
 106 S   0.00000 0.00001 0.00040 0.00499 0.02916 0.10512 0.26483 0.46651 0.12899 ( 8)  0.582  0.129
 107 S   0.01356 0.21658 0.33764 0.25181 0.12421 0.04417 0.01080 0.00122 0.00000 ( 3)  0.146  0.000
 108 T   0.00000 0.00009 0.00296 0.02206 0.08156 0.19205 0.31572 0.34086 0.04469 ( 8)  0.468  0.045
 109 I   0.00005 0.01311 0.07812 0.16313 0.21536 0.22023 0.18453 0.11447 0.01100 ( 6)  0.314  0.011
 110 N   0.00000 0.00002 0.00148 0.01528 0.06716 0.17670 0.31700 0.37104 0.05132 ( 8)  0.485  0.051
 111 I   0.00001 0.00765 0.06897 0.17713 0.25070 0.24459 0.17330 0.07493 0.00271 ( 5)  0.293  0.003
 112 P   0.00000 0.00000 0.00005 0.00082 0.00593 0.02681 0.09261 0.29236 0.58141 ( 9)  0.937  0.581
 113 S   0.00000 0.00000 0.00007 0.00135 0.01042 0.04737 0.15448 0.40660 0.37972 ( 8)  0.788  0.380
 114 N   0.00000 0.00004 0.00129 0.00940 0.03502 0.09132 0.19485 0.37224 0.29584 ( 8)  0.702  0.296
 115 S   0.00000 0.00003 0.00093 0.00780 0.03260 0.09175 0.20196 0.37787 0.28708 ( 8)  0.697  0.287
 116 Y   0.00010 0.02293 0.11729 0.21276 0.24386 0.21032 0.13786 0.05393 0.00096 ( 5)  0.264  0.001
 117 V   0.00491 0.15287 0.29409 0.25692 0.15908 0.08258 0.03729 0.01201 0.00026 ( 3)  0.175  0.000
 118 Y   0.51658 0.36194 0.09594 0.02055 0.00409 0.00077 0.00012 0.00001 0.00000 ( 1)  0.052  0.000
 119 N   0.00002 0.00943 0.06296 0.14809 0.21959 0.23972 0.19891 0.11094 0.01034 ( 6)  0.320  0.010
 120 L   0.00098 0.04683 0.14935 0.22167 0.22708 0.18222 0.11703 0.05236 0.00248 ( 5)  0.251  0.002
 121 W   0.00000 0.00030 0.00484 0.02534 0.07752 0.16942 0.28435 0.35543 0.08279 ( 8)  0.504  0.083
 122 T   0.00016 0.02024 0.09897 0.19242 0.23988 0.22246 0.15611 0.06799 0.00177 ( 5)  0.278  0.002
 123 E   0.00001 0.00712 0.06373 0.17111 0.25210 0.25216 0.17925 0.07321 0.00131 ( 6)  0.294  0.001
 124 N   0.00000 0.00136 0.02106 0.08738 0.18814 0.26548 0.26340 0.16176 0.01143 ( 6)  0.362  0.011
 125 Y   0.02259 0.25596 0.32303 0.21936 0.11176 0.04737 0.01641 0.00349 0.00003 ( 3)  0.143  0.000
 126 E   0.00026 0.02290 0.11215 0.22080 0.26399 0.21833 0.12432 0.03688 0.00038 ( 5)  0.256  0.000
 127 Y   0.00000 0.00000 0.00001 0.00013 0.00108 0.00624 0.03058 0.15578 0.80617 ( 9)  1.102  0.806
 128 I   0.00002 0.00416 0.03350 0.10038 0.18562 0.24990 0.25269 0.16406 0.00967 ( 7)  0.355  0.010
 129 Y   0.00000 0.00005 0.00245 0.02186 0.08381 0.19451 0.31395 0.33918 0.04420 ( 8)  0.467  0.044
 130 P   0.00058 0.03750 0.14560 0.23928 0.24984 0.18907 0.10444 0.03327 0.00043 ( 5)  0.242  0.000
 131 W   0.00000 0.00000 0.00021 0.00240 0.01335 0.04975 0.14529 0.37276 0.41622 ( 9)  0.811  0.416
 132 G   0.00000 0.00000 0.00001 0.00023 0.00175 0.00912 0.03953 0.17524 0.77412 ( 9)  1.078  0.774
 133 D   0.00000 0.00300 0.04491 0.15402 0.25773 0.27271 0.19331 0.07316 0.00116 ( 6)  0.302  0.001
 134 P   0.00127 0.05780 0.17284 0.24128 0.23195 0.17076 0.09419 0.02947 0.00042 ( 4)  0.230  0.000
 135 V   0.00000 0.00001 0.00058 0.00663 0.03549 0.11925 0.28316 0.46631 0.08857 ( 8)  0.546  0.089
 136 N   0.00881 0.22604 0.35947 0.24877 0.11141 0.03623 0.00832 0.00095 0.00000 ( 3)  0.142  0.000
 137 I   0.01220 0.24944 0.33940 0.22314 0.10915 0.04593 0.01665 0.00403 0.00006 ( 3)  0.144  0.000
 138 T   0.00045 0.02968 0.11464 0.19446 0.22531 0.20672 0.15214 0.07409 0.00252 ( 5)  0.276  0.003
 139 K   0.00001 0.00318 0.03440 0.11270 0.20392 0.25484 0.23671 0.14507 0.00917 ( 6)  0.345  0.009
 140 M   0.00104 0.07819 0.23762 0.29098 0.22066 0.11778 0.04453 0.00913 0.00007 ( 4)  0.195  0.000
 141 N   0.00001 0.00573 0.06142 0.17348 0.25689 0.25290 0.17531 0.07137 0.00290 ( 5)  0.294  0.003
 142 F   0.76787 0.19840 0.02958 0.00369 0.00041 0.00004 0.00000 0.00000 0.00000 ( 1)  0.035  0.000
 143 S   0.00000 0.00012 0.00286 0.01823 0.06363 0.15480 0.28688 0.39230 0.08118 ( 8)  0.515  0.081
 144 V   0.00000 0.00001 0.00033 0.00405 0.02311 0.08155 0.20644 0.40736 0.27716 ( 8)  0.697  0.277
 145 T   0.01909 0.19449 0.26652 0.22377 0.15168 0.08831 0.04264 0.01327 0.00024 ( 3)  0.172  0.000
 146 D   0.00238 0.11473 0.24822 0.25465 0.19274 0.11767 0.05511 0.01438 0.00014 ( 4)  0.194  0.000
 147 N   0.01294 0.24563 0.34414 0.23644 0.11155 0.03883 0.00940 0.00107 0.00000 ( 3)  0.140  0.000
 148 -   0.00003 0.00181 0.01040 0.02989 0.06210 0.10805 0.17082 0.26564 0.35126 ( 9)  0.714  0.351
 149 N   0.53863 0.26680 0.11456 0.04965 0.02038 0.00744 0.00217 0.00036 0.00000 ( 1)  0.060  0.000
 150 S   0.00000 0.00000 0.00000 0.00005 0.00058 0.00438 0.02554 0.14437 0.82509 ( 9)  1.115  0.825
 151 S   0.02922 0.13150 0.19214 0.20000 0.17480 0.13493 0.09080 0.04469 0.00192 ( 4)  0.216  0.002
 152 K   0.00000 0.00000 0.00000 0.00003 0.00043 0.00329 0.01906 0.11181 0.86537 ( 9)  1.143  0.865
 153 E   0.00002 0.00938 0.07206 0.17457 0.24189 0.23770 0.17616 0.08494 0.00328 ( 5)  0.297  0.003
 154 L   0.00000 0.00000 0.00004 0.00079 0.00677 0.03359 0.11804 0.34186 0.49892 ( 9)  0.877  0.499
 155 I   0.00002 0.00652 0.05404 0.14622 0.23043 0.25538 0.20552 0.09849 0.00338 ( 6)  0.312  0.003
 156 Y   0.79270 0.17869 0.02502 0.00316 0.00038 0.00004 0.00000 0.00000 0.00000 ( 1)  0.033  0.000
 157 G   0.02529 0.24706 0.31838 0.23072 0.11947 0.04589 0.01192 0.00127 0.00000 ( 3)  0.142  0.000
 158 -   0.08283 0.14681 0.15980 0.15380 0.14074 0.12381 0.10244 0.07269 0.01708 ( 3)  0.234  0.017
 159 -   0.00021 0.00461 0.01828 0.04318 0.07903 0.12524 0.18297 0.26097 0.28551 ( 9)  0.648  0.286
 160 A   0.00000 0.00017 0.00369 0.02111 0.06486 0.13972 0.24040 0.34814 0.18192 ( 8)  0.590  0.182
 161 H   0.00000 0.00205 0.01833 0.05753 0.11757 0.18994 0.25773 0.28291 0.07393 ( 8)  0.462  0.074
 162 R   0.00000 0.00100 0.01575 0.06759 0.15454 0.24255 0.28445 0.22198 0.01215 ( 7)  0.388  0.012
 163 T   0.00002 0.00723 0.06110 0.16007 0.23462 0.23960 0.18548 0.10171 0.01017 ( 6)  0.314  0.010
 164 N   0.00046 0.05992 0.23660 0.31415 0.23351 0.11394 0.03614 0.00525 0.00002 ( 4)  0.194  0.000
 165 K   0.00000 0.00011 0.00326 0.02398 0.08651 0.19808 0.31687 0.33107 0.04012 ( 8)  0.461  0.040
 166 P   0.00264 0.11286 0.28191 0.29163 0.18810 0.08718 0.02982 0.00584 0.00002 ( 4)  0.178  0.000
 167 V   0.00046 0.04474 0.16435 0.24544 0.24145 0.17822 0.09659 0.02848 0.00027 ( 4)  0.234  0.000
 168 V   0.00000 0.00384 0.04879 0.16083 0.26646 0.27583 0.18372 0.05992 0.00060 ( 6)  0.294  0.001
 169 R   0.00008 0.01393 0.08303 0.18165 0.24115 0.23141 0.16732 0.07812 0.00331 ( 5)  0.290  0.003
 170 T   0.25381 0.42053 0.21736 0.07783 0.02301 0.00596 0.00132 0.00019 0.00000 ( 2)  0.081  0.000
 171 D   0.00001 0.00756 0.07966 0.21331 0.28691 0.24291 0.13344 0.03588 0.00033 ( 5)  0.266  0.000
 172 F   0.00688 0.17775 0.32755 0.27050 0.14527 0.05585 0.01454 0.00167 0.00000 ( 3)  0.155  0.000
 173 D   0.00133 0.10078 0.27764 0.29401 0.19496 0.09376 0.03203 0.00546 0.00003 ( 4)  0.181  0.000
 174 F   0.00190 0.11539 0.30324 0.30256 0.18093 0.07390 0.01980 0.00227 0.00000 ( 3)  0.170  0.000
 175 -   0.11425 0.11420 0.11414 0.11407 0.11400 0.11390 0.11378 0.11358 0.08808 ( 1)  0.328  0.088
 176 L   0.03900 0.26732 0.32292 0.21969 0.10501 0.03663 0.00857 0.00086 0.00000 ( 3)  0.134  0.000
 177 T   0.00087 0.05267 0.18853 0.27732 0.24842 0.15293 0.06449 0.01456 0.00022 ( 4)  0.215  0.000
 178 N   0.00346 0.13756 0.31277 0.29105 0.16691 0.06698 0.01860 0.00265 0.00002 ( 3)  0.165  0.000
 179 K   0.02657 0.24971 0.32000 0.22357 0.11499 0.04746 0.01510 0.00260 0.00001 ( 3)  0.143  0.000
 180 E   0.00017 0.03513 0.16011 0.24758 0.23608 0.17319 0.10370 0.04272 0.00132 ( 4)  0.243  0.001
 181 G   0.00065 0.04443 0.17092 0.26446 0.24918 0.16505 0.07965 0.02472 0.00095 ( 4)  0.227  0.001
 182 T   0.00010 0.01703 0.10045 0.21186 0.26121 0.22281 0.13603 0.04913 0.00139 ( 5)  0.267  0.001
 183 E   0.00000 0.00003 0.00135 0.01215 0.05212 0.14126 0.27501 0.39130 0.12678 ( 8)  0.558  0.127
 184 L   0.00000 0.00008 0.00187 0.01092 0.03460 0.08028 0.16201 0.32247 0.38777 ( 9)  0.770  0.388
 185 A   0.16642 0.36799 0.26181 0.12956 0.05185 0.01727 0.00448 0.00061 0.00000 ( 2)  0.101  0.000
 186 K   0.00020 0.02960 0.14267 0.24666 0.25517 0.18867 0.10301 0.03345 0.00056 ( 5)  0.243  0.001
 187 Y   0.01399 0.17481 0.26848 0.23567 0.15900 0.09010 0.04295 0.01448 0.00053 ( 3)  0.176  0.001
 188 N   0.11499 0.49770 0.26616 0.08757 0.02503 0.00671 0.00159 0.00025 0.00000 ( 2)  0.091  0.000
 189 D   0.34669 0.45604 0.14610 0.03783 0.00995 0.00266 0.00064 0.00009 0.00000 ( 2)  0.066  0.000
 190 -   0.17815 0.16213 0.14663 0.13132 0.11594 0.10013 0.08313 0.06220 0.02037 ( 1)  0.209  0.020
 191 -   0.14724 0.14075 0.13405 0.12696 0.11926 0.11058 0.10013 0.08497 0.03605 ( 1)  0.248  0.036
 192 -   0.17226 0.15865 0.14522 0.13167 0.11773 0.10300 0.08661 0.06542 0.01945 ( 1)  0.212  0.019
 193 Y   0.73394 0.21519 0.04166 0.00759 0.00135 0.00023 0.00003 0.00000 0.00000 ( 1)  0.038  0.000
 194 N   0.11740 0.49912 0.26431 0.08719 0.02443 0.00612 0.00128 0.00016 0.00000 ( 2)  0.090  0.000
 195 H   0.90964 0.08142 0.00801 0.00084 0.00009 0.00001 0.00000 0.00000 0.00000 ( 1)  0.027  0.000
 196 I   0.01954 0.24236 0.31969 0.22563 0.12018 0.05233 0.01733 0.00293 0.00001 ( 3)  0.146  0.000
 197 L   0.73652 0.19701 0.05096 0.01229 0.00266 0.00049 0.00007 0.00000 0.00000 ( 1)  0.039  0.000
 198 S   0.00392 0.09486 0.22923 0.26598 0.21000 0.12576 0.05620 0.01394 0.00010 ( 4)  0.199  0.000
 199 Y   0.00058 0.05510 0.18948 0.25564 0.22555 0.15526 0.08604 0.03155 0.00080 ( 4)  0.226  0.001
 200 M   0.00098 0.06416 0.20849 0.27756 0.23240 0.13983 0.06104 0.01540 0.00013 ( 4)  0.209  0.000
 201 L   0.00128 0.05937 0.17485 0.23706 0.22389 0.16744 0.09897 0.03654 0.00060 ( 4)  0.233  0.001
 202 I   0.00000 0.00063 0.01150 0.05388 0.13204 0.22180 0.28427 0.26277 0.03310 ( 7)  0.423  0.033
 203 N   0.00385 0.11993 0.26593 0.27769 0.19338 0.09813 0.03492 0.00615 0.00003 ( 4)  0.181  0.000
 204 G   0.00005 0.00885 0.05675 0.13907 0.21279 0.24074 0.21013 0.12397 0.00765 ( 6)  0.325  0.008
 205 -   0.17469 0.23852 0.19516 0.14146 0.09851 0.06750 0.04533 0.02829 0.01053 ( 2)  0.160  0.011
 206 -   0.00147 0.01584 0.04554 0.08575 0.13002 0.17222 0.20658 0.22380 0.11877 ( 8)  0.468  0.119
 207 -   0.03212 0.13148 0.17949 0.17963 0.15606 0.12544 0.09568 0.06826 0.03184 ( 4)  0.256  0.032
 208 E   0.00000 0.00043 0.00440 0.01896 0.05314 0.11525 0.21116 0.34398 0.25268 ( 8)  0.653  0.253
 209 T   0.00578 0.10468 0.21449 0.24170 0.20325 0.13682 0.07120 0.02184 0.00025 ( 4)  0.207  0.000
 210 F   0.00000 0.00112 0.02155 0.09538 0.20483 0.27812 0.25760 0.13736 0.00403 ( 6)  0.346  0.004
 211 G   0.00054 0.05032 0.17831 0.25301 0.23464 0.16587 0.08932 0.02773 0.00026 ( 4)  0.228  0.000
 212 Q   0.00003 0.00855 0.05808 0.13935 0.20810 0.23476 0.21023 0.13190 0.00901 ( 6)  0.329  0.009
 213 K   0.00018 0.02523 0.12642 0.23421 0.26072 0.20428 0.11390 0.03467 0.00039 ( 5)  0.250  0.000
 214 R   0.00000 0.00235 0.02352 0.07678 0.14920 0.21638 0.25574 0.23573 0.04030 ( 7)  0.412  0.040
 215 H   0.00167 0.03543 0.10588 0.17972 0.22224 0.21534 0.16163 0.07620 0.00190 ( 5)  0.279  0.002
 216 G   0.00297 0.11789 0.28260 0.29045 0.18916 0.08668 0.02667 0.00358 0.00000 ( 4)  0.175  0.000
 217 Y   0.00796 0.21516 0.36092 0.25775 0.11460 0.03544 0.00744 0.00073 0.00000 ( 3)  0.143  0.000
 218 S   0.00073 0.04413 0.15910 0.24375 0.24036 0.17623 0.09895 0.03579 0.00096 ( 4)  0.238  0.001
 219 F   0.79084 0.18248 0.02385 0.00256 0.00024 0.00002 0.00000 0.00000 0.00000 ( 1)  0.033  0.000
 220 A   0.34609 0.41966 0.16948 0.04943 0.01221 0.00263 0.00045 0.00004 0.00000 ( 2)  0.068  0.000
 221 F   0.00676 0.14595 0.30587 0.29266 0.17100 0.06371 0.01326 0.00078 0.00000 ( 3)  0.162  0.000
 222 T   0.56087 0.29881 0.09878 0.02996 0.00869 0.00231 0.00051 0.00006 0.00000 ( 1)  0.052  0.000
 223 H   0.94617 0.05078 0.00287 0.00017 0.00001 0.00000 0.00000 0.00000 0.00000 ( 1)  0.025  0.000
 224 S   0.02895 0.29239 0.33659 0.21123 0.09402 0.03015 0.00619 0.00048 0.00000 ( 3)  0.130  0.000
 225 S   0.92686 0.06667 0.00578 0.00060 0.00007 0.00001 0.00000 0.00000 0.00000 ( 1)  0.026  0.000

Positively selected sites

	Prob(w>1)  mean w

    64 -      0.524         0.878
    69 -      0.903         1.169
    77 G      0.581         0.935
    85 N      0.707         1.022
    86 N      0.801         1.096
    88 S      0.563         0.924
    89 S      0.560         0.920
    91 N      0.795         1.091
    92 E      0.810         1.102
    96 R      0.933         1.190
   112 P      0.581         0.937
   127 Y      0.806         1.102
   132 G      0.774         1.078
   150 S      0.825         1.115
   152 K      0.865         1.143


lnL = -7072.860586

Bayes Empirical Bayes (BEB) probabilities for 11 classes (class) & postmean_w
(amino acids refer to 1st sequence: BT_Cry19Aa1)

   1 E   0.00000 0.00727 0.06733 0.15767 0.20636 0.19917 0.15831 0.10718 0.05958 0.01977 0.01734 ( 5)  0.555 +-  0.216
   2 V   0.94035 0.05591 0.00338 0.00031 0.00004 0.00001 0.00000 0.00000 0.00000 0.00000 0.00000 ( 1)  0.056 +-  0.026
   3 K   0.92940 0.06467 0.00522 0.00060 0.00009 0.00002 0.00000 0.00000 0.00000 0.00000 0.00000 ( 1)  0.058 +-  0.030
   4 T   0.02133 0.17913 0.23810 0.19972 0.14193 0.09380 0.05913 0.03511 0.01838 0.00606 0.00730 ( 3)  0.370 +-  0.211
   5 E   0.85969 0.12617 0.01262 0.00133 0.00016 0.00002 0.00000 0.00000 0.00000 0.00000 0.00000 ( 1)  0.066 +-  0.041
   6 L   0.94444 0.04976 0.00494 0.00069 0.00013 0.00003 0.00001 0.00000 0.00000 0.00000 0.00000 ( 1)  0.056 +-  0.027
   7 T   0.98987 0.00971 0.00038 0.00003 0.00001 0.00000 0.00000 0.00000 0.00000 0.00000 0.00000 ( 1)  0.051 +-  0.011
   8 R   0.98536 0.01413 0.00048 0.00003 0.00000 0.00000 0.00000 0.00000 0.00000 0.00000 0.00000 ( 1)  0.052 +-  0.013
   9 E   0.91378 0.08133 0.00456 0.00030 0.00003 0.00000 0.00000 0.00000 0.00000 0.00000 0.00000 ( 1)  0.059 +-  0.031
  10 I   0.99603 0.00387 0.00009 0.00001 0.00000 0.00000 0.00000 0.00000 0.00000 0.00000 0.00000 ( 1)  0.050 +-  0.007
  11 Y   0.99276 0.00701 0.00021 0.00001 0.00000 0.00000 0.00000 0.00000 0.00000 0.00000 0.00000 ( 1)  0.051 +-  0.009
  12 S   0.46969 0.30177 0.12267 0.05465 0.02627 0.01316 0.00663 0.00322 0.00139 0.00038 0.00016 ( 1)  0.146 +-  0.129
  13 D   0.86450 0.11764 0.01519 0.00223 0.00036 0.00006 0.00001 0.00000 0.00000 0.00000 0.00000 ( 1)  0.066 +-  0.043
  14 V   0.13428 0.38181 0.25582 0.12823 0.05824 0.02523 0.01050 0.00411 0.00142 0.00031 0.00004 ( 2)  0.224 +-  0.134
  15 I   0.83854 0.14478 0.01439 0.00187 0.00032 0.00007 0.00002 0.00000 0.00000 0.00000 0.00000 ( 1)  0.068 +-  0.044
  16 N   0.93917 0.05708 0.00338 0.00032 0.00004 0.00001 0.00000 0.00000 0.00000 0.00000 0.00000 ( 1)  0.057 +-  0.026
  17 G   0.00033 0.05550 0.18436 0.23518 0.20500 0.14617 0.09095 0.04998 0.02314 0.00653 0.00286 ( 4)  0.436 +-  0.181
  18 E   0.00933 0.28936 0.31155 0.19099 0.10175 0.05183 0.02571 0.01220 0.00517 0.00140 0.00071 ( 3)  0.296 +-  0.151
  19 I   0.00002 0.00695 0.04691 0.11501 0.17320 0.19447 0.17750 0.13557 0.08361 0.03031 0.03644 ( 6)  0.610 +-  0.252
  20 Y   0.00012 0.02018 0.08735 0.15452 0.18545 0.17861 0.14763 0.10632 0.06374 0.02300 0.03308 ( 5)  0.563 +-  0.261
  21 G   0.00011 0.01912 0.09226 0.16881 0.20019 0.18550 0.14516 0.09802 0.05481 0.01840 0.01764 ( 5)  0.536 +-  0.225
  22 L   0.00008 0.01840 0.09986 0.18654 0.21405 0.18700 0.13658 0.08604 0.04511 0.01432 0.01202 ( 5)  0.516 +-  0.209
  23 M   0.00051 0.04237 0.15076 0.22186 0.21596 0.16488 0.10632 0.05922 0.02740 0.00766 0.00307 ( 4)  0.458 +-  0.182
  24 -   0.17785 0.21313 0.17196 0.13411 0.10197 0.07489 0.05252 0.03431 0.01953 0.00693 0.01282 ( 2)  0.322 +-  0.265
  25 -   0.43393 0.20906 0.13082 0.08497 0.05562 0.03610 0.02284 0.01367 0.00722 0.00240 0.00337 ( 1)  0.199 +-  0.202
  26 -   0.29893 0.17547 0.13352 0.10499 0.08279 0.06438 0.04851 0.03438 0.02136 0.00829 0.02740 ( 1)  0.315 +-  0.344
  27 -   0.00808 0.03825 0.07290 0.10162 0.12008 0.12672 0.12138 0.10443 0.07607 0.03365 0.19681 (11)  0.802 +-  0.657
  28 -   0.42230 0.20580 0.13081 0.08664 0.05805 0.03871 0.02523 0.01561 0.00854 0.00295 0.00535 ( 1)  0.209 +-  0.220
  29 -   0.42230 0.20580 0.13081 0.08664 0.05805 0.03871 0.02523 0.01561 0.00854 0.00295 0.00535 ( 1)  0.209 +-  0.220
  30 T   0.00003 0.00522 0.03004 0.07164 0.11457 0.14447 0.15334 0.13916 0.10334 0.04545 0.19274 (11)  0.838 +-  0.574
  31 P   0.00620 0.14643 0.23748 0.21648 0.16028 0.10615 0.06468 0.03605 0.01737 0.00520 0.00366 ( 3)  0.382 +-  0.191
  32 Y   0.00000 0.00123 0.02445 0.09401 0.17250 0.20947 0.19442 0.14633 0.08773 0.03085 0.03902 ( 6)  0.633 +-  0.255
  33 F   0.00000 0.00164 0.02715 0.09206 0.15888 0.19156 0.18384 0.14699 0.09509 0.03632 0.06646 ( 6)  0.666 +-  0.304
  34 S   0.00003 0.02188 0.12306 0.20798 0.21551 0.17435 0.12111 0.07415 0.03839 0.01218 0.01135 ( 5)  0.496 +-  0.209
  35 F   0.04810 0.37134 0.31530 0.15931 0.06635 0.02552 0.00942 0.00333 0.00107 0.00022 0.00004 ( 2)  0.246 +-  0.123
  36 E   0.00002 0.01291 0.08349 0.16171 0.19250 0.17942 0.14373 0.10143 0.06042 0.02198 0.04238 ( 5)  0.574 +-  0.288
  37 K   0.00002 0.01435 0.10013 0.19907 0.22746 0.19206 0.13334 0.07889 0.03842 0.01122 0.00503 ( 5)  0.502 +-  0.183
  38 A   0.00165 0.06961 0.18468 0.22962 0.20015 0.14260 0.08874 0.04907 0.02308 0.00670 0.00409 ( 4)  0.432 +-  0.189
  39 E   0.99100 0.00880 0.00019 0.00001 0.00000 0.00000 0.00000 0.00000 0.00000 0.00000 0.00000 ( 1)  0.051 +-  0.010
  40 S   0.00133 0.12188 0.27797 0.25730 0.16832 0.09328 0.04681 0.02152 0.00863 0.00218 0.00078 ( 3)  0.362 +-  0.157
  41 L   0.01368 0.22531 0.32956 0.23580 0.11955 0.04988 0.01828 0.00598 0.00167 0.00029 0.00001 ( 3)  0.299 +-  0.131
  42 Y   0.34049 0.51146 0.12170 0.02148 0.00386 0.00077 0.00017 0.00004 0.00001 0.00000 0.00000 ( 2)  0.134 +-  0.076
  43 T   0.14003 0.49063 0.23585 0.08601 0.03067 0.01101 0.00393 0.00136 0.00042 0.00009 0.00001 ( 2)  0.194 +-  0.108
  44 R   0.08250 0.35911 0.27049 0.14415 0.07248 0.03679 0.01883 0.00940 0.00424 0.00122 0.00079 ( 2)  0.254 +-  0.153
  45 A   0.04450 0.36354 0.30504 0.15797 0.07210 0.03224 0.01451 0.00645 0.00263 0.00070 0.00033 ( 2)  0.256 +-  0.136
  46 P   0.98195 0.01739 0.00062 0.00003 0.00000 0.00000 0.00000 0.00000 0.00000 0.00000 0.00000 ( 1)  0.052 +-  0.014
  47 H   0.06579 0.50345 0.30565 0.09491 0.02336 0.00532 0.00119 0.00026 0.00006 0.00001 0.00000 ( 2)  0.203 +-  0.090
  48 L   0.61667 0.27481 0.07551 0.02179 0.00710 0.00256 0.00099 0.00039 0.00014 0.00003 0.00001 ( 1)  0.104 +-  0.085
  49 F   0.83809 0.13052 0.02359 0.00559 0.00154 0.00046 0.00015 0.00005 0.00001 0.00000 0.00000 ( 1)  0.070 +-  0.053
  50 T   0.40104 0.42944 0.12513 0.03243 0.00860 0.00239 0.00069 0.00020 0.00006 0.00001 0.00000 ( 2)  0.133 +-  0.088
  51 W   0.88474 0.09829 0.01434 0.00221 0.00035 0.00006 0.00001 0.00000 0.00000 0.00000 0.00000 ( 1)  0.064 +-  0.041
  52 L   0.54651 0.32160 0.09674 0.02553 0.00685 0.00194 0.00058 0.00018 0.00005 0.00001 0.00000 ( 1)  0.113 +-  0.085
  53 K   0.00440 0.11852 0.22402 0.22515 0.17322 0.11574 0.07056 0.03940 0.01908 0.00576 0.00417 ( 4)  0.398 +-  0.192
  54 G   0.03174 0.32897 0.32745 0.17804 0.07962 0.03330 0.01345 0.00519 0.00179 0.00039 0.00006 ( 2)  0.264 +-  0.129
  55 F   0.76966 0.19333 0.03080 0.00506 0.00091 0.00018 0.00004 0.00001 0.00000 0.00000 0.00000 ( 1)  0.077 +-  0.055
  56 R   0.01287 0.19391 0.25267 0.21265 0.14884 0.09133 0.05009 0.02446 0.01008 0.00254 0.00057 ( 3)  0.347 +-  0.171
  57 F   0.94336 0.05299 0.00331 0.00030 0.00004 0.00001 0.00000 0.00000 0.00000 0.00000 0.00000 ( 1)  0.056 +-  0.026
  58 V   0.18448 0.41097 0.24268 0.10399 0.03855 0.01325 0.00432 0.00133 0.00036 0.00006 0.00000 ( 2)  0.197 +-  0.117
  59 T   0.94474 0.04884 0.00508 0.00093 0.00025 0.00009 0.00003 0.00001 0.00001 0.00000 0.00000 ( 1)  0.056 +-  0.029
  60 N   0.47305 0.40629 0.09300 0.02061 0.00506 0.00139 0.00042 0.00013 0.00004 0.00001 0.00000 ( 1)  0.119 +-  0.080
  61 S   0.00000 0.00472 0.05032 0.13315 0.19280 0.20163 0.17081 0.12188 0.07094 0.02457 0.02918 ( 6)  0.589 +-  0.245
  62 I   0.01162 0.24532 0.30174 0.20909 0.11927 0.06189 0.03008 0.01362 0.00543 0.00138 0.00056 ( 3)  0.310 +-  0.153
  63 S   0.00009 0.03786 0.16321 0.22852 0.20773 0.15369 0.10059 0.05930 0.03005 0.00945 0.00950 ( 4)  0.464 +-  0.207
  64 -   0.00008 0.00587 0.02836 0.06472 0.10363 0.13344 0.14592 0.13694 0.10523 0.04786 0.22795 (11)  0.875 +-  0.561
  65 -   0.01838 0.17336 0.24375 0.21048 0.14921 0.09511 0.05615 0.03058 0.01454 0.00435 0.00410 ( 3)  0.363 +-  0.195
  66 -   0.11390 0.15644 0.15754 0.14022 0.11724 0.09378 0.07172 0.05135 0.03222 0.01265 0.05294 ( 3)  0.450 +-  0.486
  67 -   0.01179 0.05068 0.08873 0.11477 0.12707 0.12676 0.11571 0.09561 0.06735 0.02900 0.17252 (11)  0.777 +-  0.770
  68 -   0.00009 0.01492 0.05905 0.10428 0.13543 0.14806 0.14230 0.12052 0.08537 0.03643 0.15355 (11)  0.752 +-  0.512
  69 -   0.00000 0.00001 0.00053 0.00361 0.01166 0.02485 0.04028 0.05243 0.05358 0.03149 0.78156 (11)  1.789 +-  1.230
  70 Y   0.00009 0.03491 0.14751 0.21683 0.20898 0.16292 0.11070 0.06646 0.03362 0.01037 0.00761 ( 4)  0.474 +-  0.200
  71 W   0.01722 0.23028 0.32589 0.23055 0.11818 0.05042 0.01896 0.00636 0.00182 0.00032 0.00001 ( 3)  0.297 +-  0.133
  72 T   0.03019 0.20552 0.24651 0.20132 0.13813 0.08571 0.04931 0.02610 0.01197 0.00342 0.00182 ( 3)  0.342 +-  0.183
  73 F   0.06570 0.45255 0.27490 0.11933 0.05059 0.02175 0.00935 0.00389 0.00147 0.00036 0.00012 ( 2)  0.227 +-  0.123
  74 L   0.83441 0.14180 0.02031 0.00293 0.00045 0.00008 0.00001 0.00000 0.00000 0.00000 0.00000 ( 1)  0.069 +-  0.047
  75 S   0.66339 0.23332 0.06430 0.02277 0.00928 0.00402 0.00176 0.00076 0.00029 0.00007 0.00003 ( 1)  0.101 +-  0.090
  76 G   0.57180 0.32881 0.07584 0.01739 0.00443 0.00123 0.00036 0.00011 0.00003 0.00001 0.00000 ( 1)  0.106 +-  0.077
  77 G   0.00000 0.00051 0.00962 0.03974 0.08587 0.12967 0.15403 0.15009 0.11649 0.05259 0.26140 (11)  0.979 +-  0.721
  78 Q   0.00733 0.16074 0.25227 0.22692 0.15955 0.09697 0.05341 0.02683 0.01166 0.00316 0.00116 ( 3)  0.362 +-  0.172
  79 N   0.20595 0.48498 0.21078 0.06850 0.02080 0.00627 0.00192 0.00059 0.00017 0.00003 0.00001 ( 2)  0.174 +-  0.100
  80 K   0.00733 0.26694 0.34848 0.21277 0.09903 0.04110 0.01604 0.00590 0.00194 0.00041 0.00006 ( 3)  0.286 +-  0.128
  81 Y   0.08417 0.52500 0.26350 0.08679 0.02722 0.00888 0.00301 0.00103 0.00033 0.00007 0.00001 ( 2)  0.199 +-  0.099
  82 S   0.00036 0.07961 0.25344 0.27057 0.18953 0.10918 0.05626 0.02643 0.01080 0.00277 0.00104 ( 4)  0.385 +-  0.159
  83 Y   0.00002 0.01944 0.11304 0.19048 0.20378 0.17479 0.13011 0.08543 0.04726 0.01594 0.01971 ( 5)  0.521 +-  0.236
  84 T   0.85271 0.12179 0.01927 0.00428 0.00124 0.00043 0.00017 0.00007 0.00003 0.00001 0.00000 ( 1)  0.068 +-  0.050
  85 N   0.00000 0.00110 0.00949 0.02781 0.05151 0.07375 0.08848 0.09092 0.07674 0.03850 0.54169 (11)  1.485 +-  1.264
  86 N   0.00000 0.00012 0.00303 0.01525 0.03954 0.07174 0.10224 0.11871 0.10864 0.05715 0.48359 (11)  1.252 +-  0.777
  87 -   0.26504 0.16204 0.12849 0.10528 0.08650 0.07009 0.05501 0.04061 0.02627 0.01061 0.05006 ( 1)  0.382 +-  0.505
  88 S   0.00000 0.00048 0.00853 0.03800 0.08818 0.13856 0.16651 0.16114 0.12297 0.05435 0.22129 (11)  0.905 +-  0.571
  89 S   0.00000 0.00051 0.00962 0.04169 0.09198 0.13860 0.16227 0.15517 0.11826 0.05259 0.22931 (11)  0.911 +-  0.587
  90 I   0.01549 0.22990 0.30827 0.22082 0.12248 0.05969 0.02681 0.01117 0.00410 0.00096 0.00029 ( 3)  0.308 +-  0.147
  91 N   0.00000 0.00026 0.00375 0.01601 0.03960 0.07045 0.09905 0.11375 0.10330 0.05413 0.49971 (11)  1.281 +-  0.801
  92 E   0.00000 0.00008 0.00226 0.01229 0.03335 0.06143 0.08737 0.10075 0.09187 0.04849 0.56211 (11)  1.409 +-  0.948
  93 G   0.03234 0.32079 0.31242 0.18336 0.08843 0.03853 0.01569 0.00596 0.00200 0.00043 0.00006 ( 2)  0.270 +-  0.134
  94 S   0.02624 0.37391 0.33344 0.16065 0.06500 0.02546 0.00995 0.00377 0.00127 0.00027 0.00003 ( 2)  0.251 +-  0.120
  95 F   0.21178 0.49096 0.20089 0.06528 0.02079 0.00684 0.00233 0.00081 0.00026 0.00006 0.00001 ( 2)  0.173 +-  0.101
  96 R   0.00000 0.00000 0.00017 0.00192 0.00923 0.02606 0.05133 0.07606 0.08422 0.05172 0.69929 (11)  1.509 +-  0.740
  97 G   0.92655 0.06616 0.00636 0.00079 0.00012 0.00002 0.00000 0.00000 0.00000 0.00000 0.00000 ( 1)  0.058 +-  0.031
  98 Q   0.00279 0.05386 0.10534 0.13427 0.14810 0.14815 0.13412 0.10772 0.07215 0.02894 0.06457 ( 6)  0.587 +-  0.332
  99 D   0.00885 0.27932 0.34021 0.20455 0.09740 0.04225 0.01746 0.00686 0.00242 0.00055 0.00012 ( 3)  0.285 +-  0.132
 100 T   0.00065 0.09776 0.27089 0.26846 0.17879 0.09932 0.04972 0.02269 0.00896 0.00221 0.00056 ( 3)  0.371 +-  0.155
 101 D   0.00005 0.03586 0.18587 0.26569 0.22320 0.14491 0.08109 0.04031 0.01708 0.00447 0.00147 ( 4)  0.429 +-  0.163
 102 Y   0.08887 0.27293 0.25460 0.17533 0.10410 0.05617 0.02810 0.01296 0.00521 0.00132 0.00043 ( 2)  0.282 +-  0.165
 103 G   0.91992 0.07435 0.00512 0.00052 0.00008 0.00001 0.00000 0.00000 0.00000 0.00000 0.00000 ( 1)  0.059 +-  0.031
 104 G   0.00092 0.09583 0.25395 0.26366 0.18637 0.10774 0.05466 0.02471 0.00950 0.00225 0.00041 ( 4)  0.378 +-  0.156
 105 T   0.00002 0.01241 0.07727 0.15514 0.19534 0.19034 0.15549 0.10879 0.06254 0.02144 0.02123 ( 5)  0.557 +-  0.229
 106 S   0.00000 0.00245 0.03560 0.11767 0.19411 0.21576 0.18535 0.13016 0.07324 0.02426 0.02139 ( 6)  0.593 +-  0.219
 107 S   0.33306 0.49559 0.13538 0.02826 0.00594 0.00134 0.00032 0.00008 0.00002 0.00000 0.00000 ( 2)  0.138 +-  0.081
 108 T   0.00002 0.01451 0.10089 0.20067 0.22735 0.19014 0.13130 0.07782 0.03834 0.01146 0.00750 ( 5)  0.503 +-  0.192
 109 I   0.00892 0.20337 0.26683 0.20806 0.13738 0.08377 0.04817 0.02579 0.01207 0.00353 0.00211 ( 3)  0.346 +-  0.179
 110 N   0.00000 0.00891 0.08343 0.18744 0.22818 0.19992 0.14226 0.08589 0.04277 0.01284 0.00835 ( 5)  0.519 +-  0.192
 111 I   0.00416 0.21515 0.32122 0.22674 0.12418 0.06113 0.02839 0.01245 0.00487 0.00122 0.00049 ( 3)  0.315 +-  0.147
 112 P   0.00000 0.00044 0.00894 0.03975 0.09030 0.14156 0.17341 0.17309 0.13629 0.06161 0.17462 (11)  0.824 +-  0.385
 113 S   0.00000 0.00060 0.01386 0.06066 0.12792 0.17995 0.19407 0.16926 0.11668 0.04660 0.09039 ( 7)  0.719 +-  0.321
 114 N   0.00001 0.00601 0.04219 0.09987 0.15114 0.17726 0.17297 0.14292 0.09583 0.03781 0.07400 ( 6)  0.665 +-  0.321
 115 S   0.00001 0.00473 0.04004 0.10217 0.15658 0.18113 0.17303 0.14017 0.09265 0.03629 0.07322 ( 6)  0.662 +-  0.314
 116 Y   0.01764 0.29796 0.31211 0.19420 0.09989 0.04644 0.02008 0.00806 0.00284 0.00064 0.00013 ( 3)  0.284 +-  0.139
 117 V   0.20925 0.48829 0.19003 0.06748 0.02640 0.01104 0.00468 0.00192 0.00070 0.00016 0.00004 ( 2)  0.178 +-  0.111
 118 Y   0.95416 0.04285 0.00265 0.00028 0.00004 0.00001 0.00000 0.00000 0.00000 0.00000 0.00000 ( 1)  0.055 +-  0.023
 119 N   0.00590 0.17625 0.27763 0.22800 0.14559 0.08320 0.04475 0.02273 0.01030 0.00299 0.00265 ( 3)  0.349 +-  0.176
 120 L   0.05172 0.33001 0.28582 0.16568 0.08601 0.04336 0.02146 0.01016 0.00426 0.00113 0.00039 ( 2)  0.271 +-  0.150
 121 W   0.00011 0.01826 0.09190 0.17332 0.20585 0.18800 0.14410 0.09519 0.05207 0.01711 0.01408 ( 5)  0.529 +-  0.214
 122 T   0.01697 0.25668 0.30657 0.20734 0.11354 0.05620 0.02601 0.01121 0.00424 0.00101 0.00024 ( 3)  0.301 +-  0.147
 123 E   0.00410 0.20442 0.32550 0.23508 0.12783 0.06083 0.02663 0.01077 0.00382 0.00086 0.00016 ( 3)  0.315 +-  0.141
 124 N   0.00054 0.08211 0.24056 0.26048 0.18989 0.11445 0.06193 0.03076 0.01342 0.00372 0.00215 ( 4)  0.394 +-  0.169
 125 Y   0.41685 0.41780 0.11834 0.03241 0.00979 0.00320 0.00109 0.00037 0.00012 0.00002 0.00000 ( 2)  0.132 +-  0.091
 126 E   0.02077 0.30355 0.34170 0.19513 0.08602 0.03393 0.01265 0.00449 0.00143 0.00030 0.00004 ( 3)  0.271 +-  0.126
 127 Y   0.00000 0.00008 0.00189 0.01179 0.03735 0.07758 0.11930 0.14319 0.13158 0.06814 0.40911 (11)  1.125 +-  0.591
 128 I   0.00257 0.10406 0.23361 0.24589 0.18483 0.11525 0.06353 0.03147 0.01341 0.00357 0.00180 ( 4)  0.389 +-  0.173
 129 Y   0.00001 0.01376 0.10357 0.20147 0.22553 0.18884 0.13126 0.07835 0.03880 0.01161 0.00679 ( 5)  0.502 +-  0.189
 130 P   0.03812 0.35347 0.31908 0.16710 0.07340 0.03026 0.01206 0.00458 0.00155 0.00034 0.00005 ( 2)  0.256 +-  0.127
 131 W   0.00000 0.00132 0.01752 0.06260 0.12287 0.17073 0.18714 0.16811 0.11992 0.04953 0.10025 ( 7)  0.727 +-  0.322
 132 G   0.00000 0.00013 0.00293 0.01598 0.04539 0.08695 0.12609 0.14510 0.12940 0.06562 0.38240 (11)  1.090 +-  0.584
 133 D   0.00120 0.17015 0.33703 0.25465 0.13562 0.06161 0.02560 0.00987 0.00337 0.00074 0.00017 ( 3)  0.322 +-  0.136
 134 P   0.06694 0.37685 0.29495 0.15144 0.06652 0.02714 0.01058 0.00393 0.00132 0.00029 0.00006 ( 2)  0.243 +-  0.128
 135 V   0.00000 0.00338 0.04270 0.13035 0.20457 0.21875 0.18103 0.12200 0.06544 0.02051 0.01127 ( 6)  0.570 +-  0.194
 136 N   0.33000 0.51887 0.12202 0.02305 0.00465 0.00105 0.00027 0.00007 0.00002 0.00000 0.00000 ( 2)  0.136 +-  0.077
 137 I   0.37981 0.45068 0.11987 0.03314 0.01061 0.00375 0.00139 0.00052 0.00018 0.00004 0.00001 ( 2)  0.136 +-  0.091
 138 T   0.02895 0.26985 0.28462 0.19437 0.11277 0.05965 0.02940 0.01340 0.00532 0.00132 0.00035 ( 3)  0.300 +-  0.156
 139 K   0.00161 0.11660 0.25714 0.24559 0.17218 0.10391 0.05700 0.02859 0.01244 0.00338 0.00156 ( 3)  0.377 +-  0.169
 140 M   0.08645 0.50286 0.27419 0.09344 0.02929 0.00935 0.00306 0.00100 0.00030 0.00006 0.00001 ( 2)  0.202 +-  0.100
 141 N   0.00282 0.20501 0.33117 0.23354 0.12432 0.05902 0.02651 0.01136 0.00442 0.00113 0.00070 ( 3)  0.316 +-  0.145
 142 F   0.98612 0.01353 0.00034 0.00002 0.00000 0.00000 0.00000 0.00000 0.00000 0.00000 0.00000 ( 1)  0.051 +-  0.012
 143 S   0.00003 0.01199 0.07503 0.16026 0.20702 0.19919 0.15639 0.10339 0.05563 0.01778 0.01329 ( 5)  0.543 +-  0.212
 144 V   0.00000 0.00209 0.02932 0.09501 0.16013 0.19046 0.18188 0.14568 0.09475 0.03642 0.06425 ( 6)  0.660 +-  0.293
 145 T   0.32302 0.38954 0.17158 0.06915 0.02798 0.01143 0.00465 0.00183 0.00065 0.00015 0.00003 ( 2)  0.166 +-  0.119
 146 D   0.14641 0.45366 0.24050 0.09987 0.03814 0.01401 0.00501 0.00173 0.00054 0.00011 0.00002 ( 2)  0.200 +-  0.115
 147 N   0.37826 0.47137 0.11933 0.02441 0.00510 0.00115 0.00028 0.00007 0.00002 0.00000 0.00000 ( 2)  0.131 +-  0.080
 148 -   0.00134 0.02733 0.07230 0.11010 0.13200 0.13775 0.12931 0.10874 0.07738 0.03346 0.17030 (11)  0.768 +-  0.596
 149 N   0.87376 0.10055 0.01958 0.00449 0.00115 0.00032 0.00010 0.00003 0.00001 0.00000 0.00000 ( 1)  0.066 +-  0.048
 150 S   0.00000 0.00002 0.00099 0.00820 0.02948 0.06487 0.10252 0.12480 0.11580 0.06058 0.49274 (11)  1.290 +-  0.833
 151 S   0.23729 0.31144 0.20427 0.11717 0.06461 0.03452 0.01764 0.00840 0.00349 0.00090 0.00027 ( 2)  0.221 +-  0.160
 152 K   0.00000 0.00002 0.00081 0.00666 0.02398 0.05398 0.08886 0.11391 0.11172 0.06171 0.53835 (11)  1.308 +-  0.730
 153 E   0.00579 0.21376 0.30713 0.22143 0.12794 0.06722 0.03321 0.01529 0.00618 0.00157 0.00048 ( 3)  0.322 +-  0.153
 154 L   0.00000 0.00035 0.00974 0.04706 0.10588 0.15745 0.17964 0.16650 0.12261 0.05253 0.15823 ( 7)  0.806 +-  0.417
 155 I   0.00386 0.16858 0.29605 0.24394 0.14853 0.07756 0.03688 0.01619 0.00627 0.00155 0.00059 ( 3)  0.338 +-  0.153
 156 Y   0.98746 0.01218 0.00034 0.00002 0.00000 0.00000 0.00000 0.00000 0.00000 0.00000 0.00000 ( 1)  0.051 +-  0.012
 157 G   0.41202 0.42694 0.12460 0.02853 0.00620 0.00134 0.00029 0.00006 0.00001 0.00000 0.00000 ( 2)  0.130 +-  0.083
 158 -   0.31155 0.22837 0.15840 0.10925 0.07412 0.04908 0.03141 0.01896 0.01009 0.00339 0.00538 ( 1)  0.243 +-  0.223
 159 -   0.00442 0.04246 0.09096 0.12470 0.13981 0.13879 0.12504 0.10147 0.06996 0.02941 0.13298 ( 5)  0.698 +-  0.553
 160 A   0.00005 0.01495 0.07673 0.14346 0.17822 0.17779 0.15234 0.11358 0.07033 0.02616 0.04639 ( 5)  0.592 +-  0.291
 161 H   0.00099 0.05257 0.13732 0.18660 0.18913 0.16067 0.11987 0.07902 0.04380 0.01473 0.01530 ( 5)  0.493 +-  0.230
 162 R   0.00038 0.05961 0.19162 0.24083 0.20688 0.14367 0.08593 0.04491 0.01960 0.00518 0.00137 ( 4)  0.426 +-  0.173
 163 T   0.00421 0.18737 0.29524 0.22246 0.13493 0.07647 0.04193 0.02192 0.01021 0.00302 0.00224 ( 3)  0.341 +-  0.171
 164 N   0.05632 0.53896 0.28860 0.08586 0.02232 0.00580 0.00157 0.00044 0.00012 0.00002 0.00000 ( 2)  0.201 +-  0.089
 165 K   0.00003 0.01600 0.10723 0.20630 0.22823 0.18728 0.12722 0.07434 0.03618 0.01069 0.00650 ( 5)  0.496 +-  0.188
 166 P   0.14065 0.53811 0.22696 0.06615 0.01935 0.00604 0.00194 0.00060 0.00017 0.00003 0.00000 ( 2)  0.182 +-  0.094
 167 V   0.04397 0.37889 0.30939 0.15824 0.06791 0.02674 0.00997 0.00351 0.00111 0.00023 0.00003 ( 2)  0.247 +-  0.124
 168 V   0.00180 0.18131 0.35176 0.25578 0.12677 0.05271 0.02000 0.00709 0.00224 0.00046 0.00007 ( 3)  0.312 +-  0.129
 169 R   0.01044 0.23068 0.30694 0.21533 0.12153 0.06265 0.03061 0.01408 0.00574 0.00148 0.00053 ( 3)  0.314 +-  0.153
 170 T   0.84121 0.13910 0.01643 0.00254 0.00053 0.00014 0.00004 0.00001 0.00000 0.00000 0.00000 ( 1)  0.068 +-  0.046
 171 D   0.00386 0.26786 0.37341 0.21406 0.09002 0.03347 0.01179 0.00399 0.00123 0.00025 0.00005 ( 3)  0.280 +-  0.119
 172 F   0.25294 0.53170 0.16652 0.03801 0.00835 0.00189 0.00045 0.00011 0.00002 0.00000 0.00000 ( 2)  0.153 +-  0.083
 173 D   0.11412 0.54468 0.23974 0.07256 0.02061 0.00590 0.00172 0.00051 0.00014 0.00003 0.00000 ( 2)  0.187 +-  0.093
 174 F   0.13593 0.57881 0.21736 0.05265 0.01176 0.00267 0.00063 0.00015 0.00003 0.00001 0.00000 ( 2)  0.174 +-  0.082
 175 -   0.26595 0.16243 0.12866 0.10531 0.08644 0.06996 0.05486 0.04046 0.02615 0.01055 0.04923 ( 1)  0.380 +-  0.497
 176 L   0.45977 0.40827 0.10520 0.02135 0.00425 0.00089 0.00020 0.00005 0.00001 0.00000 0.00000 ( 1)  0.121 +-  0.079
 177 T   0.05636 0.44039 0.31340 0.12526 0.04270 0.01438 0.00499 0.00176 0.00059 0.00013 0.00004 ( 2)  0.223 +-  0.109
 178 N   0.17760 0.56258 0.19707 0.04743 0.01125 0.00290 0.00083 0.00025 0.00007 0.00002 0.00000 ( 2)  0.167 +-  0.085
 179 K   0.41360 0.42126 0.12136 0.03159 0.00865 0.00250 0.00074 0.00022 0.00006 0.00001 0.00000 ( 2)  0.131 +-  0.088
 180 E   0.02855 0.37748 0.29690 0.15547 0.07633 0.03671 0.01714 0.00756 0.00294 0.00072 0.00020 ( 2)  0.262 +-  0.138
 181 G   0.04520 0.40728 0.31428 0.13952 0.05520 0.02244 0.00961 0.00418 0.00169 0.00044 0.00016 ( 2)  0.239 +-  0.123
 182 T   0.01317 0.28221 0.33558 0.20077 0.09613 0.04261 0.01826 0.00752 0.00281 0.00068 0.00026 ( 3)  0.285 +-  0.136
 183 E   0.00001 0.00715 0.06346 0.15035 0.20063 0.19728 0.15989 0.11086 0.06352 0.02187 0.02498 ( 5)  0.568 +-  0.234
 184 L   0.00003 0.00781 0.04214 0.08849 0.13064 0.15738 0.16142 0.14153 0.10110 0.04258 0.12688 ( 7)  0.734 +-  0.424
 185 A   0.72078 0.22483 0.04299 0.00872 0.00200 0.00050 0.00013 0.00004 0.00001 0.00000 0.00000 ( 1)  0.085 +-  0.064
 186 K   0.02511 0.36201 0.32492 0.16584 0.07261 0.03030 0.01230 0.00478 0.00167 0.00037 0.00007 ( 2)  0.258 +-  0.126
 187 Y   0.27864 0.41598 0.18321 0.07151 0.02903 0.01244 0.00550 0.00240 0.00095 0.00024 0.00009 ( 2)  0.174 +-  0.121
 188 N   0.82413 0.15497 0.01721 0.00281 0.00062 0.00017 0.00005 0.00002 0.00001 0.00000 0.00000 ( 1)  0.070 +-  0.048
 189 D   0.92852 0.06407 0.00610 0.00101 0.00022 0.00006 0.00002 0.00000 0.00000 0.00000 0.00000 ( 1)  0.058 +-  0.031
 190 -   0.40438 0.20240 0.13208 0.08977 0.06170 0.04219 0.02820 0.01789 0.01004 0.00355 0.00780 ( 1)  0.223 +-  0.243
 191 -   0.34124 0.18933 0.13615 0.10122 0.07550 0.05557 0.03965 0.02663 0.01568 0.00577 0.01326 ( 1)  0.266 +-  0.271
 192 -   0.39368 0.20181 0.13435 0.09273 0.06442 0.04429 0.02962 0.01870 0.01039 0.00362 0.00640 ( 1)  0.225 +-  0.230
 193 Y   0.97549 0.02318 0.00120 0.00011 0.00002 0.00000 0.00000 0.00000 0.00000 0.00000 0.00000 ( 1)  0.053 +-  0.017
 194 N   0.82722 0.15319 0.01652 0.00244 0.00048 0.00011 0.00003 0.00001 0.00000 0.00000 0.00000 ( 1)  0.070 +-  0.046
 195 H   0.99384 0.00602 0.00014 0.00001 0.00000 0.00000 0.00000 0.00000 0.00000 0.00000 0.00000 ( 1)  0.051 +-  0.008
 196 I   0.39034 0.42926 0.13017 0.03609 0.01011 0.00288 0.00083 0.00024 0.00006 0.00001 0.00000 ( 2)  0.136 +-  0.090
 197 L   0.95804 0.03890 0.00276 0.00027 0.00003 0.00001 0.00000 0.00000 0.00000 0.00000 0.00000 ( 1)  0.055 +-  0.023
 198 S   0.12641 0.45186 0.25941 0.10382 0.03797 0.01355 0.00476 0.00161 0.00049 0.00010 0.00001 ( 2)  0.205 +-  0.113
 199 Y   0.05509 0.41233 0.28415 0.13749 0.06265 0.02814 0.01239 0.00521 0.00195 0.00047 0.00012 ( 2)  0.242 +-  0.131
 200 M   0.06978 0.45813 0.29173 0.11573 0.04149 0.01495 0.00546 0.00195 0.00063 0.00013 0.00001 ( 2)  0.218 +-  0.110
 201 L   0.06817 0.37215 0.28296 0.15069 0.07176 0.03231 0.01388 0.00559 0.00198 0.00044 0.00007 ( 2)  0.248 +-  0.136
 202 I   0.00022 0.04447 0.16001 0.21921 0.20598 0.15800 0.10531 0.06176 0.03044 0.00913 0.00546 ( 4)  0.461 +-  0.193
 203 N   0.16164 0.49739 0.23442 0.07536 0.02209 0.00644 0.00190 0.00056 0.00016 0.00003 0.00000 ( 2)  0.183 +-  0.098
 204 G   0.00626 0.16108 0.26741 0.23042 0.15432 0.09119 0.04958 0.02478 0.01077 0.00293 0.00127 ( 3)  0.356 +-  0.170
 205 -   0.54053 0.22589 0.10167 0.05271 0.03041 0.01875 0.01189 0.00743 0.00421 0.00153 0.00497 ( 1)  0.157 +-  0.208
 206 -   0.01907 0.09584 0.15138 0.16681 0.15584 0.13175 0.10276 0.07320 0.04484 0.01694 0.04157 ( 4)  0.498 +-  0.327
 207 -   0.23738 0.27372 0.17714 0.10937 0.07011 0.04664 0.03145 0.02065 0.01220 0.00460 0.01675 ( 2)  0.276 +-  0.319
 208 E   0.00023 0.01455 0.06283 0.12129 0.16123 0.17239 0.15773 0.12507 0.08202 0.03215 0.07050 ( 6)  0.637 +-  0.334
 209 T   0.15129 0.40012 0.25046 0.11697 0.04935 0.01993 0.00779 0.00290 0.00096 0.00020 0.00003 ( 2)  0.213 +-  0.127
 210 F   0.00038 0.09032 0.26609 0.27220 0.18474 0.10251 0.05033 0.02229 0.00853 0.00205 0.00056 ( 4)  0.374 +-  0.153
 211 G   0.05030 0.40037 0.29837 0.14663 0.06347 0.02580 0.00999 0.00363 0.00117 0.00024 0.00003 ( 2)  0.242 +-  0.124
 212 Q   0.00549 0.16204 0.25904 0.22474 0.15530 0.09519 0.05356 0.02756 0.01225 0.00339 0.00144 ( 3)  0.362 +-  0.174
 213 K   0.02135 0.33269 0.33505 0.18129 0.07945 0.03186 0.01215 0.00439 0.00142 0.00030 0.00005 ( 3)  0.264 +-  0.125
 214 R   0.00115 0.07278 0.17791 0.20964 0.18732 0.14377 0.09851 0.06023 0.03115 0.00983 0.00771 ( 4)  0.449 +-  0.208
 215 H   0.04420 0.24323 0.28169 0.20298 0.11832 0.06134 0.02925 0.01278 0.00484 0.00115 0.00022 ( 3)  0.301 +-  0.156
 216 G   0.15059 0.53534 0.22843 0.06408 0.01623 0.00403 0.00100 0.00024 0.00005 0.00001 0.00000 ( 2)  0.178 +-  0.090
 217 Y   0.30996 0.53736 0.12554 0.02199 0.00405 0.00084 0.00020 0.00005 0.00001 0.00000 0.00000 ( 2)  0.138 +-  0.075
 218 S   0.04609 0.36926 0.30405 0.15558 0.07084 0.03153 0.01387 0.00588 0.00223 0.00054 0.00014 ( 2)  0.253 +-  0.133
 219 F   0.98941 0.01038 0.00020 0.00001 0.00000 0.00000 0.00000 0.00000 0.00000 0.00000 0.00000 ( 1)  0.051 +-  0.011
 220 A   0.89928 0.09145 0.00809 0.00099 0.00016 0.00003 0.00001 0.00000 0.00000 0.00000 0.00000 ( 1)  0.061 +-  0.035
 221 F   0.20725 0.54693 0.19706 0.04076 0.00678 0.00103 0.00015 0.00002 0.00000 0.00000 0.00000 ( 2)  0.160 +-  0.080
 222 T   0.92709 0.06426 0.00720 0.00114 0.00023 0.00006 0.00002 0.00000 0.00000 0.00000 0.00000 ( 1)  0.058 +-  0.032
 223 H   0.99800 0.00198 0.00002 0.00000 0.00000 0.00000 0.00000 0.00000 0.00000 0.00000 0.00000 ( 1)  0.050 +-  0.005
 224 S   0.48281 0.40410 0.09273 0.01679 0.00292 0.00052 0.00010 0.00002 0.00000 0.00000 0.00000 ( 1)  0.116 +-  0.075
 225 S   0.99503 0.00483 0.00013 0.00001 0.00000 0.00000 0.00000 0.00000 0.00000 0.00000 0.00000 ( 1)  0.051 +-  0.007

Positively selected sites

	Prob(w>1)  mean w

    69 -      0.782         1.789 +- 1.230
    85 N      0.542         1.485 +- 1.264
    92 E      0.562         1.409 +- 0.948
    96 R      0.699         1.509 +- 0.740
   152 K      0.538         1.308 +- 0.730

