Supplemental results for CODEML (seqf: algn  treef: tree)


dN/dS (w) for site classes (K=4)

site class             0        1       2a       2b
proportion       0.42287  0.32387  0.14342  0.10984
background w     0.15673  1.00000  0.15673  1.00000
foreground w     0.15673  1.00000  1.00000  1.00000

Naive Empirical Bayes (NEB) probabilities for 4 classes
(amino acids refer to 1st sequence: BT_Cry1Be1)

   1 -   0.93466 0.03666 0.01624 0.01244 ( 1)
   2 S   0.02000 0.54994 0.24354 0.18652 ( 2)
   3 D   1.00000 0.00000 0.00000 0.00000 ( 1)
   4 S   0.05495 0.53033 0.23485 0.17987 ( 2)
   5 I   1.00000 0.00000 0.00000 0.00000 ( 1)
   6 T   0.98906 0.00614 0.00272 0.00208 ( 1)
   7 Q   1.00000 0.00000 0.00000 0.00000 ( 1)
   8 I   1.00000 0.00000 0.00000 0.00000 ( 1)
   9 P   0.99994 0.00003 0.00001 0.00001 ( 1)
  10 L   0.99926 0.00042 0.00018 0.00014 ( 1)
  11 V   0.99991 0.00005 0.00002 0.00002 ( 1)
  12 K   1.00000 0.00000 0.00000 0.00000 ( 1)
  13 S   0.99973 0.00015 0.00007 0.00005 ( 1)
  14 F   0.04790 0.53428 0.23660 0.18121 ( 2)
  15 N   0.00000 0.56116 0.24851 0.19033 ( 2)
  16 L   0.92877 0.03997 0.01770 0.01356 ( 1)
  17 N   0.03911 0.53922 0.23879 0.18288 ( 2)
  18 S   0.45319 0.30685 0.13589 0.10407 ( 1)
  19 -   0.42287 0.32387 0.14342 0.10984 ( 1)
  20 -   0.02653 0.54627 0.24191 0.18528 ( 2)
  21 -   0.00095 0.56063 0.24827 0.19015 ( 2)
  22 -   0.00000 0.56116 0.24851 0.19033 ( 2)
  23 -   0.72638 0.15355 0.06800 0.05208 ( 1)
  24 -   0.42287 0.32387 0.14342 0.10984 ( 1)
  25 -   0.42287 0.32387 0.14342 0.10984 ( 1)
  26 G   0.00126 0.56046 0.24820 0.19009 ( 2)
  27 T   0.12776 0.48947 0.21676 0.16601 ( 2)
  28 S   0.00000 0.56116 0.24851 0.19033 ( 2)
  29 V   0.99999 0.00000 0.00000 0.00000 ( 1)
  30 V   0.12744 0.48965 0.21684 0.16607 ( 2)
  31 S   0.03087 0.54384 0.24084 0.18445 ( 2)
  32 G   0.99998 0.00001 0.00001 0.00000 ( 1)
  33 P   0.99999 0.00001 0.00000 0.00000 ( 1)
  34 G   1.00000 0.00000 0.00000 0.00000 ( 1)
  35 F   0.00083 0.56070 0.24830 0.19017 ( 2)
  36 T   1.00000 0.00000 0.00000 0.00000 ( 1)
  37 G   1.00000 0.00000 0.00000 0.00000 ( 1)
  38 G   0.99998 0.00001 0.00000 0.00000 ( 1)
  39 D   1.00000 0.00000 0.00000 0.00000 ( 1)
  40 I   0.99393 0.00341 0.00151 0.00116 ( 1)
  41 I   0.99986 0.00008 0.00004 0.00003 ( 1)
  42 R   0.00023 0.56104 0.24845 0.19028 ( 2)
  43 T   0.99954 0.00026 0.00011 0.00009 ( 1)
  44 N   0.00000 0.56116 0.24851 0.19033 ( 2)
  45 V   0.13039 0.48799 0.21610 0.16551 ( 2)
  46 N   0.00000 0.56116 0.24851 0.19033 ( 2)
  47 G   0.00000 0.56116 0.24851 0.19033 ( 2)
  48 S   0.00004 0.56114 0.24850 0.19032 ( 2)
  49 V   0.46581 0.29977 0.13275 0.10167 ( 1)
  50 L   0.93252 0.03786 0.01677 0.01284 ( 1)
  51 S   0.00617 0.55770 0.24697 0.18915 ( 2)
  52 -   0.42287 0.32387 0.14342 0.10984 ( 1)
  53 M   0.94363 0.03163 0.01401 0.01073 ( 1)
  54 G   0.93225 0.03802 0.01684 0.01290 ( 1)
  55 L   0.94538 0.03065 0.01357 0.01040 ( 1)
  56 N   0.00007 0.56112 0.24849 0.19031 ( 2)
  57 F   0.01036 0.55535 0.24593 0.18836 ( 2)
  58 N   0.49329 0.28435 0.12592 0.09644 ( 1)
  59 -   0.31231 0.38590 0.17090 0.13089 ( 2)
  60 -   0.78978 0.11797 0.05224 0.04001 ( 1)
  61 -   0.12306 0.49211 0.21793 0.16691 ( 2)
  62 -   0.08054 0.51597 0.22849 0.17500 ( 2)
  63 -   0.14737 0.47847 0.21188 0.16228 ( 2)
  64 -   0.06136 0.52673 0.23326 0.17865 ( 2)
  65 N   0.00060 0.56083 0.24836 0.19021 ( 2)
  66 T   0.00000 0.56116 0.24851 0.19033 ( 2)
  67 S   0.00131 0.56043 0.24818 0.19008 ( 2)
  68 L   0.05463 0.53051 0.23493 0.17993 ( 2)
  69 Q   0.99991 0.00005 0.00002 0.00002 ( 1)
  70 R   0.99824 0.00099 0.00044 0.00033 ( 1)
  71 Y   0.99962 0.00022 0.00010 0.00007 ( 1)
  72 R   0.91491 0.04775 0.02115 0.01620 ( 1)
  73 V   0.99995 0.00003 0.00001 0.00001 ( 1)
  74 R   1.00000 0.00000 0.00000 0.00000 ( 1)
  75 V   0.93126 0.03857 0.01708 0.01308 ( 1)
  76 R   0.86202 0.07743 0.03429 0.02626 ( 1)
  77 Y   1.00000 0.00000 0.00000 0.00000 ( 1)
  78 A   0.87746 0.06876 0.03045 0.02332 ( 1)
  79 A   0.73872 0.14662 0.06493 0.04973 ( 1)
  80 S   0.00000 0.56116 0.24851 0.19033 ( 2)
  81 Q   0.00000 0.56116 0.24851 0.19033 ( 2)
  82 T   0.00000 0.56116 0.24851 0.19033 ( 2)
  83 M   0.42638 0.32190 0.14255 0.10918 ( 1)
  84 V   0.00000 0.56116 0.24851 0.19033 ( 2)
  85 L   0.00000 0.56116 0.24851 0.19033 ( 2)
  86 R   0.00000 0.56116 0.24851 0.19033 ( 2)
  87 V   0.66041 0.19057 0.08439 0.06463 ( 1)
  88 T   0.00000 0.56116 0.24851 0.19033 ( 2)
  89 V   0.17881 0.46082 0.20407 0.15630 ( 2)
  90 -   0.42287 0.32387 0.14342 0.10984 ( 1)
  91 -   0.06176 0.52651 0.23316 0.17857 ( 2)
  92 -   0.00225 0.55990 0.24795 0.18990 ( 2)
  93 -   0.00167 0.56022 0.24809 0.19001 ( 2)
  94 G   0.20534 0.44593 0.19748 0.15125 ( 2)
  95 G   0.09090 0.51015 0.22592 0.17303 ( 2)
  96 S   0.00000 0.56116 0.24851 0.19033 ( 2)
  97 T   0.00000 0.56116 0.24851 0.19033 ( 2)
  98 -   0.42287 0.32387 0.14342 0.10984 ( 1)
  99 T   0.00258 0.55972 0.24787 0.18984 ( 2)
 100 F   0.00000 0.56116 0.24851 0.19033 ( 2)
 101 D   0.00000 0.56116 0.24851 0.19033 ( 2)
 102 Q   0.00324 0.55934 0.24770 0.18971 ( 2)
 103 G   0.00000 0.56116 0.24851 0.19033 ( 2)
 104 F   0.00000 0.56116 0.24851 0.19033 ( 2)
 105 P   0.00004 0.56114 0.24850 0.19032 ( 2)
 106 S   0.00000 0.56116 0.24851 0.19033 ( 2)
 107 T   0.03326 0.54250 0.24024 0.18400 ( 2)
 108 M   0.00004 0.56114 0.24850 0.19032 ( 2)
 109 S   0.00000 0.56116 0.24851 0.19033 ( 2)
 110 A   0.00455 0.55861 0.24738 0.18946 ( 2)
 111 N   0.13385 0.48605 0.21524 0.16485 ( 2)
 112 -   0.19141 0.45375 0.20094 0.15390 ( 2)
 113 -   0.60391 0.22227 0.09843 0.07539 ( 1)
 114 -   0.56345 0.24498 0.10849 0.08309 ( 1)
 115 -   0.56345 0.24498 0.10849 0.08309 ( 1)
 116 -   0.69141 0.17317 0.07669 0.05873 ( 1)
 117 E   0.00709 0.55719 0.24675 0.18898 ( 2)
 118 S   0.04422 0.53635 0.23752 0.18191 ( 2)
 119 L   0.39893 0.33730 0.14937 0.11440 ( 1)
 120 T   0.99566 0.00243 0.00108 0.00083 ( 1)
 121 S   0.11461 0.49685 0.22003 0.16851 ( 2)
 122 Q   0.00001 0.56116 0.24851 0.19033 ( 2)
 123 S   0.00226 0.55990 0.24795 0.18990 ( 2)
 124 F   1.00000 0.00000 0.00000 0.00000 ( 1)
 125 R   0.00002 0.56115 0.24850 0.19032 ( 2)
 126 F   1.00000 0.00000 0.00000 0.00000 ( 1)
 127 A   0.13382 0.48607 0.21525 0.16486 ( 2)
 128 -   0.59206 0.22892 0.10138 0.07764 ( 1)
 129 -   0.53988 0.25820 0.11434 0.08757 ( 1)
 130 -   0.02795 0.54548 0.24156 0.18501 ( 2)
 131 -   0.59206 0.22892 0.10138 0.07764 ( 1)
 132 -   0.15572 0.47378 0.20981 0.16069 ( 2)
 133 E   0.37131 0.35280 0.15624 0.11966 ( 1)
 134 F   0.03521 0.54141 0.23976 0.18363 ( 2)
 135 P   0.00235 0.55985 0.24792 0.18988 ( 2)
 136 V   0.59883 0.22512 0.09969 0.07635 ( 1)
 137 G   0.03350 0.54236 0.24018 0.18395 ( 2)
 138 I   0.98858 0.00641 0.00284 0.00217 ( 1)
 139 S   0.95457 0.02550 0.01129 0.00865 ( 1)
 140 A   0.03154 0.54347 0.24067 0.18433 ( 2)
 141 S   0.13184 0.48718 0.21574 0.16523 ( 2)
 142 G   0.00352 0.55919 0.24763 0.18966 ( 2)
 143 S   0.00612 0.55773 0.24699 0.18916 ( 2)
 144 Q   0.00001 0.56116 0.24850 0.19033 ( 2)
 145 T   0.00054 0.56086 0.24837 0.19023 ( 2)
 146 A   0.99991 0.00005 0.00002 0.00002 ( 1)
 147 G   0.06776 0.52314 0.23167 0.17743 ( 2)
 148 I   0.99332 0.00375 0.00166 0.00127 ( 1)
 149 S   0.99688 0.00175 0.00077 0.00059 ( 1)
 150 I   0.99998 0.00001 0.00001 0.00000 ( 1)
 151 S   0.00006 0.56113 0.24849 0.19032 ( 2)
 152 N   0.99954 0.00026 0.00011 0.00009 ( 1)
 153 N   0.00058 0.56084 0.24836 0.19022 ( 2)
 154 A   0.00000 0.56116 0.24851 0.19033 ( 2)
 155 G   0.46282 0.30145 0.13349 0.10224 ( 1)
 156 R   0.05348 0.53116 0.23522 0.18015 ( 2)
 157 Q   0.00000 0.56116 0.24851 0.19033 ( 2)
 158 T   0.00000 0.56116 0.24851 0.19033 ( 2)
 159 F   0.95073 0.02765 0.01224 0.00938 ( 1)
 160 H   0.00139 0.56038 0.24816 0.19006 ( 2)
 161 F   0.94944 0.02838 0.01257 0.00962 ( 1)
 162 D   0.99997 0.00002 0.00001 0.00001 ( 1)
 163 K   0.99999 0.00000 0.00000 0.00000 ( 1)
 164 I   0.99950 0.00028 0.00012 0.00009 ( 1)
 165 E   1.00000 0.00000 0.00000 0.00000 ( 1)
 166 F   0.99988 0.00007 0.00003 0.00002 ( 1)
 167 I   0.99344 0.00368 0.00163 0.00125 ( 1)
 168 -   0.60060 0.22413 0.09925 0.07602 ( 1)


lnL = -6500.197594

