Supplemental results for CODEML (seqf: algn  treef: tree)


dN/dS (w) for site classes (K=9)

p:   0.12005  0.12005  0.12005  0.12005  0.12005  0.12005  0.12005  0.12005  0.03960
w:   0.03004  0.08407  0.13989  0.20053  0.26903  0.35034  0.45546  0.62546  1.32632

Naive Empirical Bayes (NEB) probabilities for 9 classes & postmean_w & P(w>1)
(amino acids refer to 1st sequence: BT_Cry18Aa1)

   1 N   0.05209 0.15196 0.17872 0.16805 0.14476 0.11961 0.09611 0.07359 0.01511 ( 3)  0.264  0.015
   2 Q   0.18457 0.16585 0.14874 0.13238 0.11632 0.10009 0.08285 0.06183 0.00737 ( 1)  0.219  0.007
   3 N   0.24691 0.19187 0.15147 0.12045 0.09614 0.07672 0.06073 0.04623 0.00948 ( 1)  0.191  0.009
   4 G   0.23077 0.19091 0.15793 0.12943 0.10429 0.08171 0.06083 0.03970 0.00444 ( 1)  0.186  0.004
   5 T   0.20478 0.17376 0.14854 0.12706 0.10828 0.09144 0.07570 0.05918 0.01126 ( 1)  0.215  0.011
   6 M   0.09383 0.17609 0.19250 0.17552 0.14339 0.10676 0.07130 0.03835 0.00225 ( 3)  0.215  0.002
   7 I   0.31984 0.30544 0.18666 0.10109 0.05101 0.02376 0.00959 0.00260 0.00001 ( 1)  0.110  0.000
   8 H   0.63761 0.23239 0.08553 0.03044 0.01015 0.00303 0.00074 0.00010 0.00000 ( 1)  0.061  0.000
   9 Q   0.00189 0.02525 0.07096 0.12488 0.17311 0.20475 0.21081 0.17635 0.01200 ( 7)  0.378  0.012
  10 A   0.03712 0.14175 0.19522 0.19712 0.16845 0.12725 0.08471 0.04515 0.00323 ( 4)  0.241  0.003
  11 P   0.48889 0.25557 0.13385 0.06805 0.03274 0.01435 0.00530 0.00124 0.00001 ( 1)  0.086  0.000
  12 P   0.00000 0.00001 0.00046 0.00441 0.02116 0.06985 0.18536 0.44946 0.26929 ( 8)  0.754  0.269
  13 D   0.02504 0.19066 0.25290 0.21704 0.15201 0.09289 0.04935 0.01972 0.00039 ( 3)  0.204  0.000
  14 G   0.00136 0.07546 0.21726 0.27359 0.22615 0.13615 0.05767 0.01234 0.00002 ( 4)  0.234  0.000
  15 T   0.17519 0.37512 0.24540 0.12299 0.05371 0.02040 0.00617 0.00102 0.00000 ( 2)  0.121  0.000
  16 G   0.00005 0.02344 0.13912 0.25720 0.27040 0.19255 0.09362 0.02357 0.00004 ( 5)  0.271  0.000
  17 F   0.13689 0.37311 0.28099 0.13812 0.05199 0.01532 0.00325 0.00032 0.00000 ( 2)  0.124  0.000
  18 T   0.50711 0.34119 0.11278 0.03013 0.00709 0.00145 0.00023 0.00002 0.00000 ( 1)  0.068  0.000
  19 V   0.00008 0.02389 0.13558 0.25451 0.27270 0.19659 0.09485 0.02178 0.00001 ( 5)  0.271  0.000
  20 S   0.00000 0.00616 0.07159 0.20704 0.29422 0.25426 0.13528 0.03143 0.00002 ( 5)  0.302  0.000
  21 P   0.41998 0.34505 0.14651 0.05869 0.02163 0.00659 0.00142 0.00013 0.00000 ( 1)  0.083  0.000
  22 L   0.00781 0.17256 0.31634 0.27171 0.15339 0.06111 0.01561 0.00146 0.00000 ( 3)  0.184  0.000
  23 H   0.00633 0.22726 0.37908 0.25308 0.10220 0.02738 0.00443 0.00024 0.00000 ( 3)  0.162  0.000
  24 P   0.00004 0.01500 0.10744 0.23806 0.28646 0.22150 0.10854 0.02294 0.00001 ( 5)  0.282  0.000
  25 S   0.00001 0.00638 0.06829 0.19649 0.28958 0.26292 0.14459 0.03173 0.00000 ( 5)  0.305  0.000
  26 A   0.00000 0.00000 0.00051 0.00753 0.04332 0.14241 0.31320 0.46086 0.03217 ( 8)  0.537  0.032
  27 -   0.00000 0.00008 0.00177 0.01244 0.04961 0.13650 0.28530 0.46033 0.05397 ( 8)  0.553  0.054
  28 -   0.00162 0.06566 0.20399 0.27676 0.23712 0.14354 0.05956 0.01174 0.00000 ( 4)  0.238  0.000
  29 N   0.02541 0.35950 0.35284 0.17837 0.06391 0.01687 0.00292 0.00019 0.00000 ( 2)  0.141  0.000
  30 T   0.00000 0.00005 0.00126 0.01041 0.04640 0.13843 0.30241 0.47242 0.02861 ( 8)  0.534  0.029
  31 I   0.00000 0.00005 0.00196 0.01624 0.06398 0.16452 0.31241 0.42367 0.01715 ( 8)  0.508  0.017
  32 T   0.00000 0.00327 0.03967 0.13696 0.24821 0.28557 0.21137 0.07485 0.00009 ( 6)  0.343  0.000
  33 S   0.00000 0.00003 0.00196 0.02191 0.09564 0.23190 0.35292 0.29404 0.00160 ( 7)  0.458  0.002
  34 Y   0.12802 0.45558 0.27575 0.10395 0.02957 0.00625 0.00084 0.00004 0.00000 ( 2)  0.112  0.000
  35 I   0.91539 0.07705 0.00679 0.00069 0.00008 0.00001 0.00000 0.00000 0.00000 ( 1)  0.035  0.000
  36 K   0.00000 0.00053 0.00843 0.04610 0.13836 0.26408 0.32829 0.21348 0.00073 ( 7)  0.424  0.001
  37 E   0.10620 0.41057 0.28439 0.13175 0.04933 0.01460 0.00293 0.00022 0.00000 ( 2)  0.124  0.000
  38 N   0.04532 0.40340 0.33578 0.14934 0.04981 0.01341 0.00269 0.00025 0.00000 ( 2)  0.132  0.000
  39 Y   0.00585 0.18854 0.33400 0.26470 0.13934 0.05292 0.01332 0.00132 0.00000 ( 3)  0.179  0.000
  40 G   0.06029 0.39423 0.33301 0.15202 0.04809 0.01079 0.00150 0.00007 0.00000 ( 2)  0.129  0.000
  41 N   0.93684 0.05782 0.00480 0.00048 0.00005 0.00001 0.00000 0.00000 0.00000 ( 1)  0.034  0.000
  42 S   0.13616 0.48136 0.26094 0.08984 0.02493 0.00572 0.00098 0.00008 0.00000 ( 2)  0.108  0.000
  43 G   0.64172 0.27601 0.06434 0.01435 0.00299 0.00052 0.00006 0.00000 0.00000 ( 1)  0.055  0.000
  44 D   0.89033 0.10010 0.00865 0.00084 0.00008 0.00001 0.00000 0.00000 0.00000 ( 1)  0.037  0.000
  45 S   0.31569 0.37412 0.19399 0.07887 0.02734 0.00801 0.00179 0.00020 0.00000 ( 2)  0.095  0.000
  46 L   0.21176 0.39430 0.22697 0.10471 0.04301 0.01499 0.00383 0.00043 0.00000 ( 2)  0.111  0.000
  47 H   0.01070 0.26186 0.37020 0.23043 0.09358 0.02737 0.00541 0.00045 0.00000 ( 3)  0.158  0.000
  48 L   0.12649 0.45839 0.26953 0.10179 0.03247 0.00914 0.00199 0.00019 0.00000 ( 2)  0.113  0.000
  49 K   0.00000 0.00180 0.02270 0.08848 0.19020 0.27184 0.26950 0.15455 0.00093 ( 6)  0.388  0.001
  50 G   0.00000 0.00004 0.00273 0.02769 0.11229 0.25152 0.34678 0.25663 0.00233 ( 7)  0.446  0.002
  51 -   0.00000 0.00000 0.00000 0.00007 0.00108 0.00977 0.06226 0.35224 0.57459 ( 9)  1.014  0.575
  52 Q   0.00000 0.00000 0.00021 0.00363 0.02479 0.10006 0.28238 0.55722 0.03172 ( 8)  0.562  0.032
  53 G   0.00000 0.00127 0.02073 0.08309 0.17537 0.25265 0.26964 0.19302 0.00423 ( 7)  0.405  0.004
  54 Y   0.00000 0.00123 0.01832 0.07418 0.16323 0.24852 0.28166 0.21025 0.00260 ( 7)  0.412  0.003
  55 L   0.00000 0.00000 0.00015 0.00273 0.01969 0.08329 0.24834 0.56144 0.08436 ( 8)  0.611  0.084
  56 -   0.12005 0.12005 0.12005 0.12005 0.12005 0.12005 0.12005 0.12005 0.03960 ( 2)  0.311  0.040
  57 -   0.38346 0.24894 0.15998 0.09942 0.05845 0.03138 0.01424 0.00411 0.00001 ( 1)  0.111  0.000
  58 -   0.00214 0.02910 0.08216 0.14311 0.19250 0.21477 0.19905 0.13392 0.00325 ( 6)  0.348  0.003
  59 -   0.40011 0.25296 0.15779 0.09468 0.05330 0.02705 0.01132 0.00280 0.00000 ( 1)  0.105  0.000
  60 -   0.00074 0.01184 0.03951 0.08243 0.13573 0.19207 0.24104 0.26161 0.03502 ( 8)  0.447  0.035
  61 -   0.28645 0.21814 0.16550 0.12330 0.08903 0.06103 0.03797 0.01817 0.00041 ( 1)  0.149  0.000
  62 -   0.00063 0.01049 0.03616 0.07784 0.13210 0.19242 0.24785 0.27328 0.02922 ( 8)  0.447  0.029
  63 -   0.35250 0.24218 0.16462 0.10844 0.06784 0.03902 0.01919 0.00618 0.00002 ( 1)  0.120  0.000
  64 H   0.00000 0.00405 0.04308 0.13584 0.23544 0.27263 0.21651 0.09225 0.00021 ( 6)  0.349  0.000
  65 Y   0.00003 0.01445 0.11159 0.24759 0.28963 0.21552 0.10109 0.02009 0.00000 ( 5)  0.279  0.000
  66 M   0.00003 0.02218 0.15756 0.29887 0.28682 0.16813 0.05872 0.00769 0.00000 ( 4)  0.251  0.000
  67 L   0.00219 0.12416 0.28865 0.28655 0.18308 0.08401 0.02701 0.00435 0.00000 ( 3)  0.202  0.000
  68 S   0.00051 0.05665 0.20499 0.28341 0.24156 0.14456 0.05816 0.01015 0.00000 ( 4)  0.239  0.000
  69 G   0.05739 0.35894 0.29921 0.16552 0.07709 0.03074 0.00956 0.00155 0.00000 ( 2)  0.144  0.000
  70 N   0.00001 0.01153 0.10443 0.24613 0.29446 0.22012 0.10296 0.02036 0.00000 ( 5)  0.281  0.000
  71 G   0.00009 0.02507 0.13467 0.24468 0.26316 0.19845 0.10509 0.02876 0.00003 ( 5)  0.276  0.000
  72 Q   0.00000 0.00004 0.00201 0.01988 0.08369 0.20719 0.34041 0.34147 0.00532 ( 8)  0.475  0.005
  73 D   0.00004 0.03375 0.21596 0.33822 0.25895 0.11879 0.03150 0.00278 0.00000 ( 4)  0.228  0.000
  74 R   0.00005 0.00306 0.01731 0.04893 0.09959 0.16758 0.24926 0.33684 0.07738 ( 8)  0.525  0.077
  75 Y   0.92110 0.07046 0.00735 0.00093 0.00013 0.00002 0.00000 0.00000 0.00000 ( 1)  0.035  0.000
  76 R   0.00265 0.12174 0.29698 0.29803 0.18318 0.07593 0.01963 0.00185 0.00000 ( 4)  0.198  0.000
  77 L   0.01903 0.25652 0.32168 0.21949 0.11496 0.04946 0.01619 0.00267 0.00000 ( 3)  0.168  0.000
  78 V   0.03853 0.30963 0.33475 0.19850 0.08450 0.02727 0.00619 0.00064 0.00000 ( 3)  0.149  0.000
  79 L   0.05687 0.27887 0.28804 0.19786 0.10889 0.04947 0.01706 0.00294 0.00000 ( 3)  0.161  0.000
  80 R   0.93737 0.05773 0.00446 0.00040 0.00004 0.00000 0.00000 0.00000 0.00000 ( 1)  0.034  0.000
  81 L   0.05166 0.42046 0.33057 0.13988 0.04409 0.01112 0.00207 0.00017 0.00000 ( 2)  0.128  0.000
  82 S   0.91595 0.07742 0.00605 0.00053 0.00005 0.00000 0.00000 0.00000 0.00000 ( 1)  0.035  0.000
  83 G   0.08011 0.39537 0.30656 0.14566 0.05348 0.01546 0.00311 0.00025 0.00000 ( 2)  0.129  0.000
  84 A   0.00000 0.00015 0.00608 0.04468 0.14263 0.26730 0.32209 0.21516 0.00191 ( 7)  0.426  0.002
  85 A   0.00000 0.00223 0.03240 0.12280 0.23936 0.29304 0.22793 0.08218 0.00006 ( 6)  0.352  0.000
  86 N   0.00000 0.00004 0.00215 0.02079 0.08544 0.20723 0.33710 0.34165 0.00560 ( 8)  0.475  0.006
  87 Q   0.00000 0.00013 0.00496 0.03737 0.12422 0.24660 0.32617 0.25764 0.00292 ( 7)  0.442  0.003
  88 I   0.00001 0.00939 0.07609 0.18429 0.25481 0.24415 0.16679 0.06432 0.00014 ( 5)  0.319  0.000
  89 K   0.00000 0.00031 0.00846 0.04806 0.13283 0.23826 0.30650 0.25996 0.00563 ( 7)  0.440  0.006
  90 L   0.00000 0.00020 0.00872 0.06002 0.17034 0.28035 0.29889 0.18008 0.00140 ( 7)  0.408  0.001
  91 Q   0.00000 0.00003 0.00209 0.02103 0.08821 0.21497 0.34306 0.32634 0.00426 ( 7)  0.470  0.004
  92 S   0.00000 0.00151 0.01759 0.06960 0.16172 0.25949 0.29465 0.19460 0.00083 ( 7)  0.408  0.001
  93 P   0.00001 0.01238 0.10325 0.23181 0.27954 0.22409 0.11954 0.02938 0.00001 ( 5)  0.289  0.000
  94 T   0.00000 0.00000 0.00011 0.00239 0.01955 0.08892 0.26883 0.56716 0.05303 ( 8)  0.584  0.053
  95 T   0.00012 0.02222 0.11047 0.20636 0.24218 0.21219 0.14336 0.06261 0.00049 ( 5)  0.303  0.000
  96 S   0.00000 0.00000 0.00010 0.00163 0.01140 0.05031 0.16823 0.48954 0.27879 ( 8)  0.774  0.279
  97 I   0.00000 0.00000 0.00004 0.00138 0.01380 0.07140 0.24081 0.58680 0.08576 ( 8)  0.619  0.086
  98 Y   0.00000 0.00119 0.01451 0.05651 0.13155 0.22398 0.29467 0.27099 0.00659 ( 7)  0.440  0.007
  99 A   0.00000 0.00002 0.00085 0.00840 0.04147 0.13307 0.30614 0.48820 0.02185 ( 8)  0.533  0.022
 100 -   0.00000 0.00000 0.00007 0.00126 0.01056 0.05526 0.21027 0.62097 0.10162 ( 8)  0.641  0.102
 101 -   0.00000 0.00000 0.00000 0.00003 0.00042 0.00424 0.03184 0.23278 0.73069 ( 9)  1.131  0.731
 102 -   0.00000 0.00018 0.00466 0.02960 0.09649 0.20837 0.32462 0.33108 0.00500 ( 8)  0.467  0.005
 103 -   0.00019 0.00705 0.03285 0.08155 0.14658 0.21275 0.25767 0.24416 0.01720 ( 7)  0.428  0.017
 104 -   0.00000 0.00024 0.00228 0.01011 0.03121 0.07849 0.17652 0.39455 0.30661 ( 8)  0.772  0.307
 105 -   0.00006 0.00261 0.01457 0.04339 0.09450 0.16943 0.26315 0.35374 0.05854 ( 8)  0.514  0.059
 106 -   0.00000 0.00000 0.00000 0.00003 0.00028 0.00210 0.01334 0.09703 0.88722 ( 9)  1.244  0.887
 107 -   0.00198 0.02688 0.07636 0.13449 0.18418 0.21142 0.20546 0.15263 0.00660 ( 6)  0.361  0.007
 108 -   0.12005 0.12005 0.12005 0.12005 0.12005 0.12005 0.12005 0.12005 0.03960 ( 2)  0.311  0.040
 109 -   0.12005 0.12005 0.12005 0.12005 0.12005 0.12005 0.12005 0.12005 0.03960 ( 2)  0.311  0.040
 110 -   0.12005 0.12005 0.12005 0.12005 0.12005 0.12005 0.12005 0.12005 0.03960 ( 2)  0.311  0.040
 111 -   0.12005 0.12005 0.12005 0.12005 0.12005 0.12005 0.12005 0.12005 0.03960 ( 2)  0.311  0.040
 112 -   0.12005 0.12005 0.12005 0.12005 0.12005 0.12005 0.12005 0.12005 0.03960 ( 2)  0.311  0.040
 113 F   0.00016 0.02007 0.10350 0.21392 0.26618 0.22690 0.13156 0.03769 0.00002 ( 5)  0.294  0.000
 114 D   0.00000 0.00013 0.00419 0.02911 0.09783 0.21057 0.32223 0.32819 0.00775 ( 8)  0.469  0.008
 115 T   0.00139 0.06836 0.20411 0.26630 0.22707 0.14456 0.06897 0.01920 0.00005 ( 4)  0.243  0.000
 116 S   0.00000 0.00013 0.00505 0.03719 0.12390 0.25025 0.33387 0.24861 0.00101 ( 7)  0.438  0.001
 117 T   0.00000 0.00328 0.03195 0.10027 0.18769 0.25402 0.25765 0.16401 0.00112 ( 7)  0.386  0.001
 118 N   0.00081 0.07800 0.22372 0.27074 0.22116 0.13522 0.05844 0.01191 0.00000 ( 4)  0.233  0.000
 119 N   0.00001 0.00308 0.03151 0.10653 0.20414 0.26743 0.24956 0.13709 0.00067 ( 6)  0.375  0.001
 120 E   0.00003 0.02267 0.14873 0.27613 0.27789 0.18316 0.07755 0.01383 0.00000 ( 5)  0.261  0.000
 121 G   0.85146 0.13481 0.01249 0.00114 0.00010 0.00001 0.00000 0.00000 0.00000 ( 1)  0.039  0.000
 122 I   0.00814 0.19836 0.34150 0.26267 0.13098 0.04638 0.01091 0.00106 0.00000 ( 3)  0.174  0.000
 123 T   0.00050 0.04879 0.16913 0.25613 0.25046 0.17383 0.08240 0.01875 0.00001 ( 4)  0.257  0.000
 124 D   0.47231 0.37740 0.11475 0.02830 0.00603 0.00106 0.00013 0.00001 0.00000 ( 1)  0.070  0.000
 125 N   0.02161 0.31821 0.35624 0.19816 0.07747 0.02302 0.00483 0.00045 0.00000 ( 3)  0.148  0.000
 126 G   0.09165 0.50222 0.28135 0.09449 0.02467 0.00493 0.00065 0.00003 0.00000 ( 2)  0.112  0.000
 127 S   0.00248 0.12826 0.30173 0.28750 0.17527 0.07784 0.02379 0.00311 0.00000 ( 3)  0.198  0.000
 128 K   0.00076 0.04463 0.14795 0.23709 0.25205 0.19156 0.10015 0.02579 0.00002 ( 5)  0.269  0.000
 129 F   0.46799 0.39319 0.10718 0.02491 0.00548 0.00108 0.00016 0.00001 0.00000 ( 1)  0.069  0.000
 130 K   0.00000 0.00034 0.00840 0.04972 0.14307 0.25732 0.31309 0.22582 0.00224 ( 7)  0.427  0.002
 131 D   0.00021 0.03738 0.16454 0.25830 0.24746 0.17292 0.09057 0.02853 0.00009 ( 4)  0.264  0.000
 132 -   0.12005 0.12005 0.12005 0.12005 0.12005 0.12005 0.12005 0.12005 0.03960 ( 2)  0.311  0.040
 133 -   0.00408 0.02476 0.05347 0.08538 0.11819 0.15130 0.18633 0.23302 0.14347 ( 8)  0.533  0.143
 134 -   0.05729 0.11471 0.13982 0.14807 0.14659 0.13901 0.12677 0.10797 0.01977 ( 4)  0.300  0.020
 135 -   0.00057 0.00918 0.03085 0.06538 0.11066 0.16389 0.22249 0.28602 0.11096 ( 8)  0.533  0.111
 136 -   0.14439 0.21077 0.19079 0.15193 0.11451 0.08368 0.05930 0.03889 0.00572 ( 2)  0.198  0.006
 137 -   0.07738 0.14741 0.16859 0.16478 0.14768 0.12379 0.09651 0.06578 0.00808 ( 3)  0.250  0.008
 138 -   0.40092 0.24962 0.15470 0.09327 0.05371 0.02882 0.01374 0.00502 0.00021 ( 1)  0.108  0.000
 139 -   0.09880 0.17629 0.18781 0.16980 0.13960 0.10626 0.07411 0.04363 0.00370 ( 3)  0.219  0.004
 140 -   0.00825 0.04629 0.09173 0.13274 0.16352 0.18105 0.18317 0.16433 0.02891 ( 7)  0.376  0.029
 141 -   0.26240 0.20616 0.16202 0.12585 0.09569 0.07020 0.04818 0.02772 0.00178 ( 1)  0.165  0.002
 142 -   0.39816 0.24298 0.15035 0.09242 0.05580 0.03268 0.01816 0.00880 0.00065 ( 1)  0.113  0.001
 143 -   0.00070 0.01082 0.03510 0.07172 0.11699 0.16709 0.21905 0.27263 0.10589 ( 8)  0.521  0.106
 144 -   0.39461 0.22503 0.13835 0.08964 0.06040 0.04170 0.02886 0.01880 0.00260 ( 1)  0.127  0.003
 145 -   0.12026 0.30312 0.27127 0.17179 0.08678 0.03506 0.01031 0.00143 0.00000 ( 2)  0.143  0.000
 146 -   0.05244 0.22346 0.24909 0.19884 0.13607 0.08260 0.04263 0.01478 0.00009 ( 3)  0.189  0.000
 147 -   0.73804 0.18560 0.05307 0.01617 0.00506 0.00155 0.00043 0.00008 0.00000 ( 1)  0.051  0.000
 148 -   0.01441 0.17063 0.27444 0.24608 0.16313 0.08658 0.03588 0.00883 0.00002 ( 3)  0.199  0.000
 149 -   0.00144 0.03712 0.11719 0.19426 0.22810 0.20828 0.14727 0.06585 0.00048 ( 5)  0.302  0.000
 150 -   0.00468 0.02963 0.06595 0.10713 0.14825 0.18475 0.21112 0.21523 0.03325 ( 8)  0.413  0.033
 151 F   0.00000 0.00241 0.03504 0.13379 0.25579 0.29750 0.21143 0.06402 0.00002 ( 6)  0.341  0.000
 152 A   0.00000 0.00001 0.00099 0.01553 0.08349 0.22926 0.36884 0.30033 0.00156 ( 7)  0.464  0.002
 153 F   0.00000 0.00263 0.03554 0.12156 0.21957 0.26722 0.23187 0.12047 0.00114 ( 6)  0.365  0.001
 154 S   0.00000 0.00080 0.01969 0.09787 0.22259 0.30097 0.25421 0.10369 0.00017 ( 6)  0.369  0.000
 155 T   0.00302 0.14423 0.29577 0.27382 0.17240 0.08059 0.02627 0.00389 0.00000 ( 3)  0.198  0.000
 156 P   0.00389 0.13429 0.27187 0.26269 0.18140 0.09841 0.03951 0.00793 0.00000 ( 3)  0.208  0.000
 157 F   0.01641 0.29685 0.34628 0.20445 0.09153 0.03376 0.00943 0.00129 0.00000 ( 3)  0.156  0.000
 158 V   0.00003 0.01429 0.11011 0.24143 0.28068 0.21442 0.11059 0.02843 0.00002 ( 5)  0.284  0.000
 159 I   0.00001 0.00879 0.07642 0.18965 0.25814 0.24079 0.16203 0.06398 0.00019 ( 5)  0.317  0.000
 160 P   0.00000 0.00304 0.03523 0.10985 0.19592 0.25522 0.25122 0.14894 0.00057 ( 6)  0.378  0.001
 161 E   0.00000 0.00099 0.02614 0.12564 0.25662 0.30038 0.21658 0.07358 0.00006 ( 6)  0.348  0.000
 162 Q   0.00000 0.00007 0.00502 0.04757 0.16488 0.30243 0.32382 0.15607 0.00013 ( 7)  0.406  0.000
 163 K   0.00000 0.00578 0.06741 0.18641 0.26150 0.24522 0.16682 0.06674 0.00011 ( 5)  0.321  0.000
 164 E   0.00000 0.00038 0.00680 0.03435 0.09692 0.19397 0.29915 0.34235 0.02608 ( 8)  0.487  0.026
 165 I   0.00000 0.00139 0.02154 0.08957 0.19314 0.27172 0.26590 0.15539 0.00134 ( 6)  0.388  0.001
 166 V   0.00016 0.04141 0.17500 0.26374 0.24821 0.16872 0.08164 0.02106 0.00005 ( 4)  0.257  0.000
 167 L   0.04302 0.29722 0.30889 0.19854 0.10004 0.03985 0.01112 0.00132 0.00000 ( 3)  0.156  0.000
 168 Y   0.00000 0.00052 0.01560 0.08071 0.18917 0.27773 0.27838 0.15733 0.00055 ( 7)  0.393  0.001
 169 F   0.00021 0.02866 0.14611 0.27275 0.28353 0.18497 0.07273 0.01105 0.00000 ( 5)  0.259  0.000
 170 E   0.00000 0.00000 0.00003 0.00077 0.00696 0.03799 0.15459 0.54404 0.25561 ( 8)  0.765  0.256
 171 G   0.00000 0.00333 0.04464 0.14690 0.24458 0.26521 0.20182 0.09279 0.00073 ( 6)  0.346  0.001
 172 V   0.00000 0.00000 0.00003 0.00089 0.00860 0.04687 0.17845 0.54663 0.21852 ( 8)  0.732  0.219
 173 -   0.00015 0.00994 0.04428 0.09916 0.16172 0.21546 0.24153 0.21292 0.01483 ( 7)  0.409  0.015
 174 -   0.00000 0.00000 0.00000 0.00002 0.00025 0.00227 0.01636 0.12711 0.85398 ( 9)  1.220  0.854
 175 -   0.00000 0.00000 0.00000 0.00003 0.00045 0.00383 0.02641 0.19157 0.77771 ( 9)  1.165  0.778
 176 -   0.00000 0.00001 0.00018 0.00129 0.00569 0.02040 0.06912 0.26789 0.63541 ( 9)  1.051  0.635
 177 -   0.00000 0.00020 0.00643 0.04375 0.13707 0.25947 0.32289 0.22855 0.00163 ( 7)  0.430  0.002
 178 G   0.00000 0.00010 0.00606 0.04957 0.15894 0.28559 0.31908 0.18026 0.00039 ( 7)  0.412  0.000
 179 S   0.00000 0.00003 0.00189 0.01749 0.07024 0.17316 0.30634 0.39907 0.03178 ( 8)  0.515  0.032
 180 L   0.20926 0.42747 0.22987 0.09018 0.03109 0.00952 0.00233 0.00030 0.00000 ( 2)  0.105  0.000
 181 D   0.09734 0.48834 0.28914 0.09641 0.02368 0.00447 0.00059 0.00003 0.00000 ( 2)  0.112  0.000
 182 L   0.58058 0.32232 0.07827 0.01561 0.00277 0.00041 0.00004 0.00000 0.00000 ( 1)  0.060  0.000
 183 M   0.68791 0.26897 0.03810 0.00450 0.00048 0.00004 0.00000 0.00000 0.00000 ( 1)  0.050  0.000
 184 N   0.81122 0.16720 0.01919 0.00212 0.00023 0.00002 0.00000 0.00000 0.00000 ( 1)  0.042  0.000
 185 L   0.03407 0.25565 0.28302 0.20821 0.12534 0.06331 0.02498 0.00542 0.00000 ( 3)  0.175  0.000
 186 I   0.23777 0.52067 0.18795 0.04376 0.00837 0.00133 0.00015 0.00001 0.00000 ( 2)  0.089  0.000
 187 F   0.32809 0.48204 0.14296 0.03540 0.00893 0.00214 0.00041 0.00004 0.00000 ( 2)  0.081  0.000
 188 L   0.01177 0.21125 0.28468 0.22117 0.14013 0.07851 0.03845 0.01381 0.00022 ( 3)  0.194  0.000
 189 -   0.61235 0.16963 0.07448 0.04611 0.03422 0.02698 0.02092 0.01428 0.00104 ( 1)  0.091  0.001

Positively selected sites

	Prob(w>1)  mean w

    51 -      0.575         1.014
   101 -      0.731         1.131
   106 -      0.887         1.244
   174 -      0.854         1.220
   175 -      0.778         1.165
   176 -      0.635         1.051


lnL = -7470.299580

Bayes Empirical Bayes (BEB) probabilities for 11 classes (class) & postmean_w
(amino acids refer to 1st sequence: BT_Cry18Aa1)

   1 N   0.21707 0.25793 0.17698 0.11617 0.07810 0.05363 0.03682 0.02437 0.01437 0.00532 0.01923 ( 2)  0.291 +-  0.299
   2 Q   0.38068 0.20544 0.13772 0.09506 0.06584 0.04508 0.02999 0.01882 0.01037 0.00354 0.00745 ( 1)  0.229 +-  0.232
   3 N   0.47151 0.20142 0.11466 0.07175 0.04758 0.03254 0.02231 0.01476 0.00870 0.00322 0.01157 ( 1)  0.202 +-  0.259
   4 G   0.45903 0.21465 0.12628 0.07761 0.04859 0.03055 0.01897 0.01130 0.00601 0.00202 0.00499 ( 1)  0.189 +-  0.209
   5 T   0.40788 0.20134 0.12769 0.08591 0.05949 0.04157 0.02870 0.01893 0.01107 0.00404 0.01338 ( 1)  0.231 +-  0.273
   6 M   0.30218 0.28063 0.18151 0.10559 0.05963 0.03343 0.01855 0.00994 0.00479 0.00146 0.00229 ( 1)  0.213 +-  0.181
   7 I   0.68563 0.21753 0.06450 0.02082 0.00728 0.00269 0.00102 0.00038 0.00013 0.00003 0.00001 ( 1)  0.096 +-  0.084
   8 H   0.88438 0.09694 0.01507 0.00280 0.00060 0.00015 0.00004 0.00001 0.00000 0.00000 0.00000 ( 1)  0.064 +-  0.042
   9 Q   0.01620 0.11575 0.18838 0.19759 0.16874 0.12709 0.08671 0.05327 0.02781 0.00881 0.00964 ( 4)  0.423 +-  0.221
  10 A   0.18389 0.30385 0.22021 0.13094 0.07369 0.04101 0.02271 0.01226 0.00601 0.00189 0.00353 ( 2)  0.248 +-  0.185
  11 P   0.77586 0.16071 0.04387 0.01316 0.00423 0.00143 0.00050 0.00017 0.00006 0.00001 0.00000 ( 1)  0.082 +-  0.070
  12 P   0.00000 0.00073 0.01160 0.04561 0.09653 0.14399 0.16935 0.16314 0.12447 0.05441 0.19016 (11)  0.820 +-  0.374
  13 D   0.20386 0.39730 0.21690 0.09895 0.04490 0.02091 0.00989 0.00458 0.00192 0.00051 0.00028 ( 2)  0.203 +-  0.137
  14 G   0.03290 0.39591 0.33380 0.15388 0.05650 0.01876 0.00591 0.00178 0.00048 0.00008 0.00001 ( 2)  0.240 +-  0.111
  15 T   0.62254 0.28257 0.07055 0.01778 0.00473 0.00131 0.00037 0.00010 0.00003 0.00000 0.00000 ( 1)  0.101 +-  0.077
  16 G   0.00387 0.27119 0.37208 0.21398 0.08965 0.03292 0.01133 0.00368 0.00107 0.00020 0.00002 ( 3)  0.278 +-  0.118
  17 F   0.56108 0.34536 0.07603 0.01416 0.00268 0.00054 0.00012 0.00003 0.00001 0.00000 0.00000 ( 1)  0.105 +-  0.073
  18 T   0.88726 0.10182 0.00961 0.00112 0.00016 0.00003 0.00001 0.00000 0.00000 0.00000 0.00000 ( 1)  0.063 +-  0.037
  19 V   0.00469 0.26502 0.37413 0.21881 0.09108 0.03216 0.01026 0.00299 0.00075 0.00012 0.00000 ( 3)  0.278 +-  0.116
  20 S   0.00055 0.15140 0.37450 0.27949 0.12799 0.04615 0.01455 0.00416 0.00104 0.00016 0.00001 ( 3)  0.311 +-  0.117
  21 P   0.82396 0.14310 0.02656 0.00514 0.00099 0.00019 0.00004 0.00001 0.00000 0.00000 0.00000 ( 1)  0.072 +-  0.052
  22 L   0.11773 0.54066 0.25216 0.06964 0.01581 0.00325 0.00062 0.00011 0.00002 0.00000 0.00000 ( 2)  0.184 +-  0.087
  23 H   0.13514 0.63862 0.18880 0.03196 0.00469 0.00067 0.00010 0.00001 0.00000 0.00000 0.00000 ( 2)  0.163 +-  0.070
  24 P   0.00242 0.21648 0.38177 0.24576 0.10399 0.03544 0.01057 0.00282 0.00065 0.00009 0.00000 ( 3)  0.290 +-  0.115
  25 S   0.00064 0.14341 0.36358 0.28843 0.13648 0.04857 0.01437 0.00366 0.00077 0.00010 0.00000 ( 3)  0.314 +-  0.117
  26 A   0.00000 0.00106 0.02768 0.11152 0.19805 0.22478 0.19195 0.13191 0.07181 0.02268 0.01855 ( 6)  0.593 +-  0.204
  27 -   0.00001 0.00300 0.03309 0.10365 0.17480 0.20570 0.18980 0.14333 0.08592 0.02966 0.03105 ( 6)  0.616 +-  0.231
  28 -   0.03075 0.37640 0.34682 0.16173 0.05826 0.01860 0.00551 0.00152 0.00037 0.00006 0.00000 ( 2)  0.243 +-  0.109
  29 N   0.33986 0.52471 0.11342 0.01857 0.00290 0.00046 0.00007 0.00001 0.00000 0.00000 0.00000 ( 2)  0.132 +-  0.073
  30 T   0.00000 0.00226 0.03075 0.10720 0.18884 0.22129 0.19625 0.13887 0.07664 0.02407 0.01383 ( 6)  0.593 +-  0.196
  31 I   0.00000 0.00374 0.04606 0.13340 0.20540 0.21933 0.18136 0.12094 0.06317 0.01880 0.00780 ( 6)  0.564 +-  0.185
  32 T   0.00032 0.08291 0.28444 0.30224 0.18968 0.08931 0.03509 0.01195 0.00342 0.00060 0.00003 ( 4)  0.359 +-  0.133
  33 S   0.00000 0.00450 0.07666 0.21177 0.26492 0.21493 0.13164 0.06461 0.02490 0.00552 0.00054 ( 5)  0.493 +-  0.152
  34 Y   0.63899 0.30998 0.04471 0.00555 0.00068 0.00009 0.00001 0.00000 0.00000 0.00000 0.00000 ( 1)  0.092 +-  0.061
  35 I   0.99193 0.00787 0.00019 0.00001 0.00000 0.00000 0.00000 0.00000 0.00000 0.00000 0.00000 ( 1)  0.051 +-  0.009
  36 K   0.00005 0.01727 0.12641 0.25399 0.26179 0.18205 0.09757 0.04265 0.01491 0.00305 0.00027 ( 5)  0.452 +-  0.149
  37 E   0.56821 0.34355 0.07184 0.01346 0.00243 0.00043 0.00007 0.00001 0.00000 0.00000 0.00000 ( 1)  0.104 +-  0.072
  38 N   0.43590 0.46209 0.08488 0.01401 0.00251 0.00049 0.00010 0.00002 0.00000 0.00000 0.00000 ( 2)  0.119 +-  0.072
  39 Y   0.11567 0.57023 0.23579 0.06108 0.01365 0.00287 0.00058 0.00011 0.00002 0.00000 0.00000 ( 2)  0.180 +-  0.083
  40 G   0.45737 0.44843 0.08163 0.01097 0.00139 0.00018 0.00002 0.00000 0.00000 0.00000 0.00000 ( 1)  0.115 +-  0.069
  41 N   0.99335 0.00649 0.00015 0.00001 0.00000 0.00000 0.00000 0.00000 0.00000 0.00000 0.00000 ( 1)  0.051 +-  0.008
  42 S   0.67806 0.27956 0.03654 0.00492 0.00076 0.00013 0.00003 0.00001 0.00000 0.00000 0.00000 ( 1)  0.087 +-  0.059
  43 G   0.94089 0.05457 0.00410 0.00039 0.00004 0.00001 0.00000 0.00000 0.00000 0.00000 0.00000 ( 1)  0.056 +-  0.027
  44 D   0.99156 0.00825 0.00018 0.00001 0.00000 0.00000 0.00000 0.00000 0.00000 0.00000 0.00000 ( 1)  0.051 +-  0.009
  45 S   0.75411 0.20180 0.03587 0.00656 0.00131 0.00028 0.00006 0.00001 0.00000 0.00000 0.00000 ( 1)  0.080 +-  0.059
  46 L   0.68377 0.24521 0.05488 0.01249 0.00284 0.00064 0.00014 0.00003 0.00001 0.00000 0.00000 ( 1)  0.091 +-  0.069
  47 H   0.18665 0.60548 0.16944 0.03158 0.00560 0.00102 0.00019 0.00004 0.00001 0.00000 0.00000 ( 2)  0.157 +-  0.074
  48 L   0.64150 0.30153 0.04691 0.00809 0.00157 0.00032 0.00006 0.00001 0.00000 0.00000 0.00000 ( 1)  0.093 +-  0.064
  49 K   0.00017 0.04559 0.19605 0.27143 0.22482 0.14054 0.07322 0.03283 0.01221 0.00273 0.00041 ( 4)  0.415 +-  0.154
  50 G   0.00000 0.00625 0.09348 0.23414 0.26659 0.19966 0.11593 0.05582 0.02191 0.00513 0.00109 ( 5)  0.478 +-  0.153
  51 -   0.00000 0.00000 0.00039 0.00558 0.02747 0.07259 0.12706 0.16208 0.15114 0.07635 0.37734 (11)  1.037 +-  0.414
  52 Q   0.00000 0.00041 0.01403 0.07273 0.16388 0.22597 0.22178 0.16576 0.09328 0.02909 0.01306 ( 6)  0.622 +-  0.185
  53 G   0.00007 0.04086 0.17566 0.24405 0.21644 0.15208 0.09193 0.04879 0.02174 0.00585 0.00252 ( 4)  0.441 +-  0.174
  54 Y   0.00009 0.03574 0.16012 0.23803 0.22365 0.16282 0.09924 0.05165 0.02198 0.00551 0.00117 ( 4)  0.448 +-  0.169
  55 L   0.00000 0.00028 0.01036 0.05706 0.13542 0.20025 0.21598 0.18115 0.11615 0.04167 0.04168 ( 7)  0.671 +-  0.233
  56 -   0.24747 0.16153 0.13079 0.10853 0.08992 0.07325 0.05766 0.04256 0.02741 0.01089 0.05000 ( 1)  0.377 +-  0.431
  57 -   0.67441 0.20241 0.07550 0.02921 0.01143 0.00446 0.00171 0.00062 0.00020 0.00004 0.00001 ( 1)  0.103 +-  0.095
  58 -   0.01930 0.13982 0.22100 0.21655 0.16748 0.11170 0.06649 0.03532 0.01587 0.00432 0.00216 ( 3)  0.380 +-  0.187
  59 -   0.69376 0.19772 0.06945 0.02509 0.00909 0.00326 0.00113 0.00037 0.00011 0.00002 0.00000 ( 1)  0.097 +-  0.088
  60 -   0.00625 0.06103 0.12964 0.17010 0.17544 0.15527 0.12193 0.08486 0.04954 0.01736 0.02856 ( 5)  0.510 +-  0.262
  61 -   0.54895 0.22071 0.11093 0.05792 0.03059 0.01609 0.00828 0.00404 0.00174 0.00047 0.00027 ( 1)  0.142 +-  0.139
  62 -   0.00541 0.05600 0.12479 0.16984 0.17962 0.16117 0.12691 0.08762 0.05024 0.01712 0.02128 ( 5)  0.508 +-  0.245
  63 -   0.63877 0.21194 0.08678 0.03656 0.01545 0.00646 0.00262 0.00100 0.00034 0.00007 0.00001 ( 1)  0.112 +-  0.104
  64 H   0.00043 0.08737 0.26866 0.28524 0.19115 0.09964 0.04403 0.01692 0.00543 0.00105 0.00008 ( 4)  0.368 +-  0.142
  65 Y   0.00205 0.22627 0.39045 0.23979 0.09731 0.03196 0.00920 0.00237 0.00052 0.00007 0.00000 ( 3)  0.285 +-  0.112
  66 M   0.00301 0.31594 0.41417 0.18973 0.05813 0.01477 0.00339 0.00072 0.00013 0.00002 0.00000 ( 3)  0.255 +-  0.098
  67 L   0.05865 0.51299 0.29428 0.09659 0.02722 0.00747 0.00206 0.00056 0.00014 0.00002 0.00000 ( 2)  0.206 +-  0.094
  68 S   0.01796 0.38259 0.35541 0.16351 0.05723 0.01724 0.00466 0.00113 0.00023 0.00003 0.00000 ( 2)  0.244 +-  0.105
  69 G   0.44005 0.40369 0.11410 0.03063 0.00836 0.00231 0.00064 0.00017 0.00004 0.00001 0.00000 ( 1)  0.127 +-  0.087
  70 N   0.00126 0.21483 0.39533 0.24478 0.09907 0.03245 0.00931 0.00238 0.00052 0.00007 0.00000 ( 3)  0.288 +-  0.111
  71 G   0.00508 0.25969 0.35721 0.21953 0.09978 0.03901 0.01381 0.00444 0.00123 0.00021 0.00001 ( 3)  0.285 +-  0.123
  72 Q   0.00000 0.00431 0.06464 0.18166 0.24415 0.21912 0.15135 0.08494 0.03782 0.00974 0.00227 ( 5)  0.518 +-  0.165
  73 D   0.00434 0.42206 0.39932 0.13477 0.03175 0.00637 0.00117 0.00020 0.00003 0.00000 0.00000 ( 2)  0.229 +-  0.086
  74 R   0.00077 0.02604 0.08266 0.13552 0.16441 0.16664 0.14738 0.11397 0.07303 0.02775 0.06183 ( 6)  0.601 +-  0.302
  75 Y   0.98973 0.00989 0.00035 0.00003 0.00000 0.00000 0.00000 0.00000 0.00000 0.00000 0.00000 ( 1)  0.051 +-  0.011
  76 R   0.05940 0.52977 0.29848 0.08722 0.02003 0.00413 0.00080 0.00015 0.00002 0.00000 0.00000 ( 2)  0.200 +-  0.086
  77 L   0.22994 0.50836 0.18500 0.05491 0.01574 0.00443 0.00122 0.00032 0.00007 0.00001 0.00000 ( 2)  0.164 +-  0.093
  78 V   0.32886 0.49585 0.13877 0.02908 0.00588 0.00122 0.00026 0.00006 0.00001 0.00000 0.00000 ( 2)  0.139 +-  0.081
  79 L   0.35700 0.41348 0.15806 0.05026 0.01515 0.00441 0.00123 0.00032 0.00008 0.00001 0.00000 ( 2)  0.147 +-  0.098
  80 R   0.99389 0.00599 0.00012 0.00000 0.00000 0.00000 0.00000 0.00000 0.00000 0.00000 0.00000 ( 1)  0.051 +-  0.008
  81 L   0.46860 0.44271 0.07495 0.01141 0.00191 0.00035 0.00007 0.00001 0.00000 0.00000 0.00000 ( 1)  0.114 +-  0.069
  82 S   0.99320 0.00667 0.00013 0.00000 0.00000 0.00000 0.00000 0.00000 0.00000 0.00000 0.00000 ( 1)  0.051 +-  0.008
  83 G   0.50506 0.39401 0.08261 0.01501 0.00271 0.00049 0.00009 0.00002 0.00000 0.00000 0.00000 ( 1)  0.112 +-  0.073
  84 A   0.00000 0.01343 0.12890 0.25551 0.25547 0.17770 0.09900 0.04666 0.01815 0.00425 0.00094 ( 4)  0.457 +-  0.154
  85 A   0.00016 0.06861 0.26774 0.30815 0.20289 0.09751 0.03817 0.01269 0.00348 0.00057 0.00002 ( 4)  0.368 +-  0.133
  86 N   0.00000 0.00458 0.06629 0.18138 0.24137 0.21726 0.15159 0.08619 0.03887 0.01013 0.00234 ( 5)  0.518 +-  0.166
  87 Q   0.00000 0.01066 0.10778 0.22892 0.24996 0.19191 0.11778 0.06040 0.02511 0.00615 0.00133 ( 5)  0.478 +-  0.161
  88 I   0.00110 0.15034 0.31451 0.26152 0.15157 0.07316 0.03126 0.01191 0.00383 0.00075 0.00005 ( 3)  0.335 +-  0.140
  89 K   0.00001 0.01704 0.11897 0.21946 0.23290 0.18399 0.11986 0.06646 0.03020 0.00813 0.00297 ( 5)  0.481 +-  0.174
  90 L   0.00000 0.01959 0.16281 0.27432 0.24381 0.15747 0.08413 0.03881 0.01493 0.00346 0.00065 ( 4)  0.437 +-  0.152
  91 Q   0.00000 0.00456 0.06911 0.19078 0.24946 0.21705 0.14531 0.07913 0.03424 0.00859 0.00178 ( 5)  0.510 +-  0.162
  92 S   0.00017 0.03436 0.15859 0.25259 0.23821 0.16417 0.09095 0.04187 0.01548 0.00333 0.00029 ( 4)  0.438 +-  0.157
  93 P   0.00142 0.20819 0.36918 0.24700 0.11324 0.04228 0.01371 0.00391 0.00094 0.00014 0.00000 ( 3)  0.297 +-  0.120
  94 T   0.00000 0.00022 0.01030 0.06270 0.15102 0.21652 0.22142 0.17421 0.10429 0.03488 0.02444 ( 7)  0.645 +-  0.206
  95 T   0.00525 0.20721 0.31074 0.22807 0.13052 0.06652 0.03140 0.01366 0.00515 0.00120 0.00027 ( 3)  0.321 +-  0.149
  96 S   0.00000 0.00017 0.00550 0.03160 0.08357 0.14225 0.17996 0.17925 0.13773 0.05959 0.18037 (11)  0.827 +-  0.357
  97 I   0.00000 0.00009 0.00663 0.04788 0.12806 0.20028 0.22226 0.18921 0.12208 0.04375 0.03975 ( 7)  0.678 +-  0.227
  98 Y   0.00011 0.02656 0.12042 0.20438 0.22132 0.18318 0.12517 0.07227 0.03388 0.00932 0.00338 ( 5)  0.484 +-  0.181
  99 A   0.00000 0.00159 0.02680 0.10286 0.19053 0.22798 0.20212 0.14065 0.07534 0.02273 0.00939 ( 6)  0.591 +-  0.183
 100 -   0.00000 0.00011 0.00493 0.03515 0.10535 0.18624 0.22784 0.20742 0.13931 0.05087 0.04279 ( 7)  0.698 +-  0.226
 101 -   0.00000 0.00000 0.00015 0.00240 0.01378 0.04259 0.08604 0.12476 0.13026 0.07271 0.52730 (11)  1.178 +-  0.442
 102 -   0.00001 0.00911 0.07901 0.18360 0.23411 0.21039 0.14826 0.08507 0.03850 0.00998 0.00195 ( 5)  0.512 +-  0.169
 103 -   0.00255 0.05455 0.14241 0.19486 0.19457 0.16041 0.11497 0.07234 0.03809 0.01207 0.01320 ( 4)  0.481 +-  0.221
 104 -   0.00003 0.00301 0.01882 0.05129 0.09245 0.12885 0.14844 0.14389 0.11235 0.05088 0.24997 (11)  0.870 +-  0.435
 105 -   0.00075 0.02218 0.07743 0.13768 0.17422 0.17790 0.15457 0.11549 0.07078 0.02559 0.04341 ( 6)  0.584 +-  0.272
 106 -   0.00000 0.00000 0.00008 0.00094 0.00458 0.01364 0.02878 0.04596 0.05475 0.03572 0.81557 (11)  1.533 +-  0.816
 107 -   0.01748 0.12777 0.20641 0.20919 0.16919 0.11917 0.07557 0.04310 0.02092 0.00619 0.00502 ( 4)  0.399 +-  0.202
 108 -   0.24747 0.16153 0.13079 0.10853 0.08992 0.07325 0.05766 0.04256 0.02741 0.01089 0.05000 ( 1)  0.377 +-  0.431
 109 -   0.24747 0.16153 0.13079 0.10853 0.08992 0.07325 0.05766 0.04256 0.02741 0.01089 0.05000 ( 1)  0.377 +-  0.431
 110 -   0.24747 0.16153 0.13079 0.10853 0.08992 0.07325 0.05766 0.04256 0.02741 0.01089 0.05000 ( 1)  0.377 +-  0.431
 111 -   0.24747 0.16153 0.13079 0.10853 0.08992 0.07325 0.05766 0.04256 0.02741 0.01089 0.05000 ( 1)  0.377 +-  0.431
 112 -   0.24747 0.16153 0.13079 0.10853 0.08992 0.07325 0.05766 0.04256 0.02741 0.01089 0.05000 ( 1)  0.377 +-  0.431
 113 F   0.00547 0.20137 0.34534 0.24877 0.12343 0.05025 0.01793 0.00567 0.00151 0.00025 0.00001 ( 3)  0.305 +-  0.127
 114 D   0.00000 0.00833 0.07943 0.18471 0.23152 0.20644 0.14691 0.08672 0.04106 0.01130 0.00357 ( 5)  0.515 +-  0.175
 115 T   0.03056 0.37173 0.32946 0.16202 0.06652 0.02560 0.00949 0.00334 0.00104 0.00020 0.00002 ( 2)  0.250 +-  0.120
 116 S   0.00000 0.01093 0.10860 0.23532 0.25929 0.19493 0.11327 0.05331 0.01979 0.00422 0.00032 ( 5)  0.470 +-  0.152
 117 T   0.00036 0.06117 0.19788 0.25223 0.21318 0.14122 0.07847 0.03724 0.01446 0.00332 0.00047 ( 4)  0.416 +-  0.162
 118 N   0.02878 0.40619 0.32774 0.15342 0.05745 0.01887 0.00562 0.00152 0.00035 0.00005 0.00000 ( 2)  0.239 +-  0.110
 119 N   0.00040 0.06240 0.21922 0.27071 0.21147 0.12826 0.06556 0.02888 0.01052 0.00229 0.00028 ( 4)  0.400 +-  0.154
 120 E   0.00316 0.29380 0.39103 0.20520 0.07548 0.02313 0.00630 0.00154 0.00032 0.00004 0.00000 ( 3)  0.266 +-  0.107
 121 G   0.98925 0.01054 0.00020 0.00001 0.00000 0.00000 0.00000 0.00000 0.00000 0.00000 0.00000 ( 1)  0.051 +-  0.011
 122 I   0.13319 0.57620 0.22352 0.05312 0.01112 0.00227 0.00046 0.00009 0.00002 0.00000 0.00000 ( 2)  0.174 +-  0.081
 123 T   0.01721 0.31612 0.35186 0.19485 0.07973 0.02793 0.00890 0.00261 0.00067 0.00011 0.00000 ( 3)  0.264 +-  0.117
 124 D   0.89711 0.09426 0.00778 0.00076 0.00009 0.00001 0.00000 0.00000 0.00000 0.00000 0.00000 ( 1)  0.061 +-  0.035
 125 N   0.28564 0.54690 0.13586 0.02563 0.00481 0.00094 0.00019 0.00004 0.00001 0.00000 0.00000 ( 2)  0.142 +-  0.076
 126 G   0.63718 0.31855 0.03914 0.00450 0.00054 0.00007 0.00001 0.00000 0.00000 0.00000 0.00000 ( 1)  0.091 +-  0.060
 127 S   0.06028 0.53362 0.28476 0.08949 0.02407 0.00599 0.00141 0.00031 0.00006 0.00001 0.00000 ( 2)  0.201 +-  0.090
 128 K   0.01911 0.27585 0.34308 0.21280 0.09562 0.03621 0.01232 0.00381 0.00102 0.00017 0.00001 ( 3)  0.277 +-  0.124
 129 F   0.90900 0.08345 0.00670 0.00073 0.00010 0.00002 0.00000 0.00000 0.00000 0.00000 0.00000 ( 1)  0.060 +-  0.033
 130 K   0.00002 0.01750 0.13091 0.24410 0.24603 0.17804 0.10445 0.05183 0.02105 0.00507 0.00100 ( 5)  0.460 +-  0.160
 131 D   0.00929 0.30930 0.34608 0.19184 0.08610 0.03576 0.01419 0.00530 0.00174 0.00036 0.00004 ( 3)  0.274 +-  0.126
 132 -   0.24747 0.16153 0.13079 0.10853 0.08992 0.07325 0.05766 0.04256 0.02741 0.01089 0.05000 ( 1)  0.377 +-  0.431
 133 -   0.01859 0.06888 0.10343 0.11822 0.11947 0.11218 0.09904 0.08088 0.05718 0.02481 0.19731 (11)  0.771 +-  0.843
 134 -   0.18244 0.20140 0.16925 0.13220 0.10035 0.07439 0.05328 0.03587 0.02113 0.00771 0.02198 ( 2)  0.336 +-  0.294
 135 -   0.00439 0.04329 0.09499 0.13156 0.14613 0.14189 0.12428 0.09788 0.06547 0.02654 0.12359 ( 5)  0.665 +-  0.527
 136 -   0.39974 0.25836 0.14070 0.07913 0.04721 0.02942 0.01862 0.01150 0.00640 0.00225 0.00666 ( 1)  0.198 +-  0.216
 137 -   0.24751 0.24571 0.17993 0.12090 0.07908 0.05110 0.03245 0.01975 0.01072 0.00367 0.00919 ( 1)  0.264 +-  0.240
 138 -   0.69045 0.19376 0.06937 0.02671 0.01094 0.00476 0.00219 0.00103 0.00046 0.00013 0.00019 ( 1)  0.101 +-  0.098
 139 -   0.30819 0.27051 0.17451 0.10409 0.06124 0.03611 0.02121 0.01207 0.00617 0.00200 0.00389 ( 1)  0.220 +-  0.196
 140 -   0.04407 0.14049 0.17878 0.17120 0.14360 0.11116 0.08061 0.05408 0.03153 0.01137 0.03312 ( 3)  0.438 +-  0.325
 141 -   0.51015 0.21788 0.11761 0.06665 0.03864 0.02255 0.01301 0.00720 0.00355 0.00110 0.00165 ( 1)  0.161 +-  0.166
 142 -   0.68001 0.18878 0.07098 0.03030 0.01435 0.00738 0.00399 0.00217 0.00108 0.00034 0.00063 ( 1)  0.108 +-  0.116
 143 -   0.00536 0.04959 0.10276 0.13595 0.14603 0.13862 0.11975 0.09364 0.06247 0.02535 0.12048 ( 5)  0.653 +-  0.525
 144 -   0.65433 0.17488 0.07435 0.03868 0.02257 0.01399 0.00884 0.00544 0.00301 0.00105 0.00286 ( 1)  0.127 +-  0.163
 145 -   0.46947 0.36271 0.12235 0.03378 0.00875 0.00222 0.00055 0.00013 0.00003 0.00000 0.00000 ( 1)  0.126 +-  0.090
 146 -   0.29480 0.36892 0.18708 0.08456 0.03738 0.01629 0.00692 0.00279 0.00100 0.00022 0.00005 ( 2)  0.180 +-  0.129
 147 -   0.92840 0.06154 0.00801 0.00152 0.00037 0.00011 0.00003 0.00001 0.00000 0.00000 0.00000 ( 1)  0.058 +-  0.033
 148 -   0.14898 0.45516 0.24727 0.09582 0.03437 0.01216 0.00426 0.00144 0.00044 0.00009 0.00001 ( 2)  0.198 +-  0.112
 149 -   0.01982 0.21121 0.28961 0.22289 0.13329 0.06943 0.03287 0.01416 0.00526 0.00120 0.00027 ( 3)  0.319 +-  0.154
 150 -   0.02532 0.09954 0.15171 0.16849 0.15877 0.13398 0.10299 0.07140 0.04203 0.01499 0.03078 ( 4)  0.476 +-  0.282
 151 F   0.00018 0.07532 0.29213 0.31695 0.19162 0.08344 0.02931 0.00866 0.00209 0.00030 0.00000 ( 4)  0.355 +-  0.126
 152 A   0.00000 0.00243 0.06382 0.20888 0.27605 0.22350 0.13310 0.06302 0.02352 0.00510 0.00058 ( 5)  0.496 +-  0.147
 153 F   0.00019 0.07200 0.24258 0.27339 0.19916 0.11560 0.05816 0.02600 0.00992 0.00233 0.00067 ( 4)  0.389 +-  0.155
 154 S   0.00003 0.04356 0.23690 0.31124 0.22173 0.11427 0.04831 0.01757 0.00534 0.00098 0.00006 ( 4)  0.387 +-  0.136
 155 T   0.07560 0.51805 0.27753 0.09286 0.02655 0.00708 0.00180 0.00043 0.00009 0.00001 0.00000 ( 2)  0.201 +-  0.094
 156 P   0.07761 0.47313 0.28043 0.11207 0.03907 0.01255 0.00378 0.00106 0.00026 0.00004 0.00000 ( 2)  0.212 +-  0.106
 157 F   0.24864 0.54444 0.15624 0.03818 0.00940 0.00234 0.00058 0.00014 0.00003 0.00000 0.00000 ( 2)  0.153 +-  0.084
 158 V   0.00206 0.22151 0.37579 0.23694 0.10507 0.03963 0.01351 0.00418 0.00112 0.00018 0.00001 ( 3)  0.292 +-  0.120
 159 I   0.00104 0.15232 0.32082 0.25810 0.14735 0.07163 0.03133 0.01235 0.00414 0.00085 0.00008 ( 3)  0.333 +-  0.140
 160 P   0.00024 0.06873 0.21184 0.25667 0.21084 0.13483 0.07118 0.03165 0.01140 0.00241 0.00021 ( 4)  0.404 +-  0.158
 161 E   0.00003 0.05925 0.28894 0.31813 0.19478 0.08931 0.03434 0.01145 0.00319 0.00054 0.00002 ( 4)  0.363 +-  0.129
 162 Q   0.00000 0.01228 0.15371 0.30133 0.26982 0.15816 0.07060 0.02551 0.00733 0.00123 0.00003 ( 4)  0.427 +-  0.134
 163 K   0.00045 0.13800 0.32332 0.26249 0.15137 0.07455 0.03256 0.01250 0.00398 0.00075 0.00004 ( 3)  0.337 +-  0.139
 164 E   0.00002 0.01222 0.07886 0.16468 0.20758 0.19573 0.15179 0.10006 0.05412 0.01738 0.01757 ( 5)  0.543 +-  0.217
 165 I   0.00010 0.04400 0.19914 0.27081 0.22144 0.13899 0.07397 0.03436 0.01338 0.00315 0.00066 ( 4)  0.416 +-  0.157
 166 V   0.00944 0.32825 0.35104 0.18858 0.07859 0.02921 0.01023 0.00340 0.00102 0.00020 0.00003 ( 3)  0.265 +-  0.119
 167 L   0.33848 0.45272 0.15365 0.04175 0.01030 0.00240 0.00054 0.00012 0.00002 0.00000 0.00000 ( 2)  0.144 +-  0.090
 168 Y   0.00001 0.03375 0.19229 0.27720 0.23208 0.14477 0.07405 0.03201 0.01127 0.00234 0.00020 ( 4)  0.418 +-  0.150
 169 F   0.00771 0.28783 0.39851 0.20824 0.07146 0.01994 0.00495 0.00112 0.00022 0.00003 0.00000 ( 3)  0.263 +-  0.104
 170 E   0.00000 0.00006 0.00305 0.02299 0.07340 0.14235 0.19595 0.20431 0.15894 0.06762 0.13132 ( 8)  0.797 +-  0.309
 171 G   0.00025 0.09197 0.28300 0.27725 0.17810 0.09475 0.04534 0.01977 0.00745 0.00173 0.00039 ( 3)  0.367 +-  0.149
 172 V   0.00000 0.00006 0.00385 0.02933 0.08798 0.15707 0.19996 0.19563 0.14528 0.06000 0.12082 ( 7)  0.776 +-  0.307
 173 -   0.00314 0.07406 0.16505 0.20239 0.18762 0.14714 0.10218 0.06318 0.03303 0.01047 0.01175 ( 4)  0.458 +-  0.220
 174 -   0.00000 0.00000 0.00009 0.00128 0.00707 0.02225 0.04780 0.07584 0.08824 0.05550 0.70194 (11)  1.330 +-  0.429
 175 -   0.00000 0.00000 0.00017 0.00225 0.01191 0.03608 0.07412 0.11136 0.12151 0.07103 0.57157 (11)  1.209 +-  0.422
 176 -   0.00000 0.00024 0.00281 0.01194 0.03185 0.06263 0.09692 0.12058 0.11602 0.06252 0.49450 (11)  1.130 +-  0.455
 177 -   0.00001 0.01380 0.12314 0.24614 0.25369 0.18285 0.10506 0.05046 0.01967 0.00452 0.00067 ( 5)  0.462 +-  0.155
 178 G   0.00000 0.01416 0.14821 0.28043 0.26108 0.16613 0.08268 0.03387 0.01115 0.00215 0.00013 ( 4)  0.437 +-  0.143
 179 S   0.00000 0.00369 0.05060 0.14023 0.20176 0.20696 0.17129 0.11885 0.06665 0.02182 0.01817 ( 6)  0.572 +-  0.211
 180 L   0.70821 0.24057 0.04110 0.00787 0.00171 0.00040 0.00010 0.00002 0.00001 0.00000 0.00000 ( 1)  0.086 +-  0.063
 181 D   0.62686 0.33008 0.03840 0.00410 0.00049 0.00007 0.00001 0.00000 0.00000 0.00000 0.00000 ( 1)  0.092 +-  0.059
 182 L   0.93210 0.06372 0.00385 0.00030 0.00003 0.00000 0.00000 0.00000 0.00000 0.00000 0.00000 ( 1)  0.057 +-  0.028
 183 M   0.97266 0.02659 0.00072 0.00003 0.00000 0.00000 0.00000 0.00000 0.00000 0.00000 0.00000 ( 1)  0.053 +-  0.017
 184 N   0.98379 0.01577 0.00041 0.00002 0.00000 0.00000 0.00000 0.00000 0.00000 0.00000 0.00000 ( 1)  0.052 +-  0.013
 185 L   0.29125 0.42496 0.18357 0.06650 0.02278 0.00756 0.00242 0.00074 0.00020 0.00003 0.00000 ( 2)  0.164 +-  0.107
 186 I   0.82657 0.16076 0.01158 0.00098 0.00010 0.00001 0.00000 0.00000 0.00000 0.00000 0.00000 ( 1)  0.069 +-  0.043
 187 F   0.87766 0.11031 0.01029 0.00144 0.00025 0.00005 0.00001 0.00000 0.00000 0.00000 0.00000 ( 1)  0.064 +-  0.039
 188 L   0.17394 0.46005 0.21404 0.08733 0.03665 0.01600 0.00713 0.00312 0.00125 0.00032 0.00018 ( 2)  0.196 +-  0.123
 189 -   0.78799 0.09789 0.04352 0.02670 0.01740 0.01132 0.00714 0.00424 0.00219 0.00070 0.00090 ( 1)  0.100 +-  0.129

Positively selected sites

	Prob(w>1)  mean w

   101 -      0.527         1.178 +- 0.442
   106 -      0.816         1.533 +- 0.816
   174 -      0.702         1.330 +- 0.429
   175 -      0.572         1.209 +- 0.422

