Supplemental results for CODEML (seqf: algn  treef: tree)


dN/dS (w) for site classes (K=8)

p:   0.12500  0.12500  0.12500  0.12500  0.12500  0.12500  0.12500  0.12500
w:   0.00018  0.00685  0.03666  0.10916  0.24113  0.43887  0.68691  0.92893

Naive Empirical Bayes (NEB) probabilities for 8 classes & postmean_w
(amino acids refer to 1st sequence: BT_Cry1Ba1)

   1 N   0.00000 0.00005 0.00641 0.08865 0.30184 0.34450 0.18342 0.07513 ( 6)  0.430
   2 T   0.22719 0.22213 0.20090 0.15762 0.10195 0.05379 0.02465 0.01177 ( 1)  0.102
   3 S   0.00000 0.00005 0.00542 0.07804 0.28383 0.35067 0.19881 0.08319 ( 6)  0.445
   4 A   0.00000 0.00110 0.02573 0.14174 0.29631 0.28884 0.16571 0.08058 ( 5)  0.403
   5 Q   0.24387 0.23723 0.20976 0.15569 0.09091 0.04105 0.01543 0.00606 ( 1)  0.083
   6 L   0.26261 0.25317 0.21531 0.14678 0.07598 0.03081 0.01102 0.00432 ( 1)  0.069
   7 T   0.30112 0.28558 0.22558 0.12789 0.04659 0.01088 0.00195 0.00041 ( 1)  0.042
   8 R   0.28329 0.27121 0.22332 0.13967 0.06014 0.01750 0.00391 0.00095 ( 1)  0.051
   9 E   0.00119 0.04220 0.18178 0.32079 0.27722 0.12792 0.03803 0.01088 ( 4)  0.201
  10 V   0.00000 0.00154 0.03532 0.18273 0.33935 0.27402 0.12179 0.04525 ( 5)  0.349
  11 Y   0.29110 0.27763 0.22477 0.13495 0.05401 0.01414 0.00279 0.00061 ( 1)  0.047
  12 T   0.30107 0.28554 0.22557 0.12792 0.04663 0.01090 0.00196 0.00041 ( 1)  0.042
  13 D   0.00068 0.02441 0.11240 0.23355 0.27268 0.19871 0.10511 0.05246 ( 5)  0.304
  14 A   0.00000 0.00116 0.02718 0.14924 0.30823 0.29046 0.15531 0.06842 ( 5)  0.389
  15 I   0.31132 0.29362 0.22621 0.12063 0.03924 0.00770 0.00110 0.00019 ( 1)  0.037
  16 G   0.22456 0.21977 0.19961 0.15811 0.10383 0.05575 0.02592 0.01246 ( 1)  0.105
  17 A   0.00000 0.00001 0.00157 0.02726 0.13998 0.28924 0.30859 0.23334 ( 7)  0.592
  18 T   0.00000 0.00127 0.02945 0.15748 0.31258 0.28325 0.14915 0.06682 ( 5)  0.382
  19 G   0.00000 0.00000 0.00014 0.00699 0.07544 0.25518 0.35920 0.30304 ( 7)  0.659
  20 V   0.00000 0.00062 0.01525 0.09328 0.23414 0.29433 0.22420 0.13818 ( 6)  0.479
  21 N   0.00000 0.00000 0.00000 0.00033 0.01467 0.13386 0.37138 0.47976 ( 8)  0.763
  22 -   0.00000 0.00000 0.00000 0.00020 0.00678 0.06951 0.29312 0.63039 ( 8)  0.819
  23 -   0.00000 0.00000 0.00004 0.00209 0.02944 0.14860 0.34584 0.47399 ( 8)  0.750
  24 M   0.00000 0.00003 0.00381 0.05875 0.24087 0.34977 0.23503 0.11175 ( 6)  0.483
  25 A   0.00000 0.00003 0.00362 0.05576 0.22950 0.34095 0.24317 0.12698 ( 6)  0.496
  26 S   0.00157 0.05517 0.22683 0.35750 0.25181 0.08589 0.01765 0.00358 ( 4)  0.162
  27 M   0.00049 0.01790 0.08543 0.19292 0.25850 0.22439 0.14088 0.07950 ( 5)  0.356
  28 N   0.00150 0.05277 0.21798 0.34853 0.25508 0.09512 0.02315 0.00588 ( 4)  0.171
  29 W   0.20276 0.19963 0.18622 0.15729 0.11575 0.07323 0.04136 0.02376 ( 1)  0.136
  30 Y   0.00000 0.00128 0.02985 0.16091 0.32101 0.28645 0.14239 0.05811 ( 5)  0.374
  31 -   0.12500 0.12500 0.12500 0.12500 0.12500 0.12500 0.12500 0.12500 ( 5)  0.306
  32 -   0.12500 0.12500 0.12500 0.12500 0.12500 0.12500 0.12500 0.12500 ( 5)  0.306
  33 N   0.32268 0.30220 0.22568 0.11169 0.03186 0.00520 0.00061 0.00009 ( 1)  0.033
  34 N   0.32268 0.30220 0.22568 0.11169 0.03186 0.00520 0.00061 0.00009 ( 1)  0.033
  35 N   0.32268 0.30220 0.22568 0.11169 0.03186 0.00520 0.00061 0.00009 ( 1)  0.033
  36 A   0.00125 0.04437 0.18946 0.32745 0.27316 0.12043 0.03431 0.00959 ( 4)  0.194
  37 P   0.29141 0.27789 0.22483 0.13476 0.05375 0.01401 0.00275 0.00060 ( 1)  0.046
  38 S   0.20537 0.20204 0.18782 0.15737 0.11427 0.07109 0.03953 0.02250 ( 1)  0.132
  39 F   0.27388 0.26331 0.22095 0.14463 0.06759 0.02222 0.00578 0.00165 ( 1)  0.057
  40 S   0.28178 0.26994 0.22293 0.14045 0.06134 0.01828 0.00422 0.00107 ( 1)  0.052
  41 A   0.00000 0.00000 0.00041 0.00852 0.05907 0.18801 0.33566 0.40832 ( 8)  0.708
  42 I   0.30992 0.29255 0.22622 0.12170 0.04018 0.00805 0.00118 0.00020 ( 1)  0.038
  43 E   0.23936 0.23321 0.20760 0.15663 0.09417 0.04434 0.01750 0.00718 ( 1)  0.087
  44 A   0.00000 0.00003 0.00387 0.05903 0.23826 0.34388 0.23632 0.11861 ( 6)  0.487
  45 A   0.25362 0.24582 0.21384 0.15273 0.08348 0.03446 0.01176 0.00428 ( 1)  0.074
  46 A   0.00000 0.00003 0.00328 0.05167 0.22032 0.34115 0.25121 0.13235 ( 6)  0.504
  47 I   0.00000 0.00000 0.00038 0.00805 0.05739 0.18777 0.33898 0.40742 ( 8)  0.708
  48 R   0.23923 0.23295 0.20692 0.15555 0.09353 0.04482 0.01865 0.00834 ( 1)  0.089
  49 S   0.00000 0.00000 0.00000 0.00005 0.00352 0.05468 0.28507 0.65667 ( 8)  0.831
  50 P   0.22677 0.22177 0.20079 0.15786 0.10235 0.05404 0.02470 0.01172 ( 1)  0.102
  51 H   0.30034 0.28508 0.22594 0.12882 0.04696 0.01073 0.00180 0.00034 ( 1)  0.042
  52 L   0.25622 0.24814 0.21510 0.15220 0.08161 0.03256 0.01055 0.00361 ( 1)  0.071
  53 L   0.27871 0.26740 0.22230 0.14225 0.06376 0.01965 0.00470 0.00122 ( 1)  0.054
  54 D   0.31459 0.29617 0.22633 0.11823 0.03692 0.00676 0.00087 0.00013 ( 1)  0.036
  55 F   0.30342 0.28754 0.22626 0.12672 0.04466 0.00966 0.00150 0.00026 ( 1)  0.040
  56 L   0.00000 0.00069 0.01677 0.10100 0.24654 0.29695 0.21381 0.12425 ( 6)  0.464
  57 E   0.29705 0.28244 0.22556 0.13104 0.04946 0.01190 0.00212 0.00042 ( 1)  0.044
  58 Q   0.00000 0.00070 0.01713 0.10359 0.25308 0.30104 0.20915 0.11530 ( 6)  0.456
  59 L   0.00111 0.03965 0.17253 0.31184 0.28097 0.13734 0.04348 0.01308 ( 4)  0.211
  60 T   0.00118 0.04201 0.18027 0.31626 0.27385 0.13050 0.04224 0.01368 ( 4)  0.206
  61 I   0.31132 0.29362 0.22621 0.12063 0.03924 0.00770 0.00110 0.00019 ( 1)  0.037
  62 F   0.00000 0.00021 0.00539 0.03860 0.12845 0.24256 0.29919 0.28561 ( 7)  0.613
  63 S   0.23218 0.22668 0.20366 0.15725 0.09881 0.04993 0.02167 0.00980 ( 1)  0.096
  64 A   0.00000 0.00000 0.00000 0.00026 0.00880 0.08623 0.31989 0.58482 ( 8)  0.803
  65 S   0.00062 0.02237 0.10438 0.22347 0.27287 0.20803 0.11258 0.05569 ( 5)  0.315
  66 S   0.00000 0.00099 0.02360 0.13337 0.29030 0.29562 0.17332 0.08279 ( 6)  0.411
  67 R   0.23294 0.22740 0.20423 0.15743 0.09845 0.04923 0.02100 0.00932 ( 1)  0.095
  68 W   0.20276 0.19963 0.18622 0.15729 0.11575 0.07323 0.04136 0.02376 ( 1)  0.136
  69 S   0.31259 0.29467 0.22646 0.11984 0.03820 0.00715 0.00094 0.00014 ( 1)  0.037
  70 N   0.00000 0.00001 0.00098 0.01812 0.10398 0.25257 0.32742 0.29692 ( 7)  0.639
  71 T   0.30845 0.29132 0.22591 0.12258 0.04138 0.00871 0.00139 0.00027 ( 1)  0.039
  72 R   0.00022 0.00821 0.04289 0.11726 0.20787 0.24956 0.21587 0.15813 ( 6)  0.469
  73 H   0.00000 0.00115 0.02689 0.14773 0.30593 0.29035 0.15740 0.07056 ( 5)  0.392
  74 M   0.28595 0.27351 0.22423 0.13851 0.05795 0.01592 0.00323 0.00070 ( 1)  0.049
  75 T   0.00161 0.05663 0.23125 0.35900 0.24758 0.08311 0.01720 0.00361 ( 4)  0.159
  76 Y   0.00000 0.00001 0.00103 0.01926 0.11141 0.26642 0.32719 0.27469 ( 7)  0.626
  77 W   0.20276 0.19963 0.18622 0.15729 0.11575 0.07323 0.04136 0.02376 ( 1)  0.136
  78 R   0.00000 0.00000 0.00000 0.00021 0.00709 0.07224 0.29880 0.62165 ( 8)  0.816
  79 G   0.26596 0.25660 0.21871 0.14855 0.07396 0.02645 0.00750 0.00227 ( 1)  0.063
  80 H   0.29010 0.27682 0.22465 0.13562 0.05478 0.01451 0.00289 0.00063 ( 1)  0.047
  81 T   0.00000 0.00001 0.00174 0.03024 0.15369 0.30611 0.30215 0.20607 ( 6)  0.574
  82 I   0.00105 0.03759 0.16486 0.30377 0.28319 0.14537 0.04874 0.01544 ( 4)  0.219
  83 Q   0.00000 0.00000 0.00018 0.00875 0.08807 0.27317 0.35244 0.27739 ( 7)  0.642
  84 S   0.00000 0.00000 0.00031 0.00659 0.04897 0.17078 0.33496 0.43839 ( 8)  0.725
  85 R   0.19840 0.19551 0.18311 0.15622 0.11726 0.07667 0.04538 0.02744 ( 1)  0.144
  86 P   0.00000 0.00002 0.00241 0.03953 0.18196 0.31902 0.27935 0.17771 ( 6)  0.545
  87 I   0.30992 0.29255 0.22622 0.12170 0.04018 0.00805 0.00118 0.00020 ( 1)  0.038
  88 G   0.00000 0.00001 0.00100 0.01885 0.10969 0.26480 0.32839 0.27727 ( 7)  0.628
  89 G   0.22471 0.21992 0.19974 0.15820 0.10381 0.05562 0.02573 0.01228 ( 1)  0.105
  90 G   0.00000 0.00000 0.00000 0.00001 0.00134 0.03390 0.24854 0.71622 ( 8)  0.851
  91 L   0.00064 0.02329 0.10833 0.22987 0.27593 0.20460 0.10662 0.05072 ( 5)  0.306
  92 N   0.00000 0.00219 0.04800 0.22476 0.35706 0.24185 0.09367 0.03248 ( 5)  0.313
  93 T   0.00024 0.00895 0.04496 0.11492 0.19270 0.23327 0.22072 0.18423 ( 6)  0.486
  94 S   0.00067 0.02436 0.11251 0.23505 0.27560 0.19961 0.10289 0.04931 ( 5)  0.300
  95 T   0.29050 0.27703 0.22426 0.13488 0.05458 0.01482 0.00316 0.00077 ( 1)  0.047
  96 H   0.00000 0.00064 0.01579 0.09639 0.24063 0.29806 0.21974 0.12874 ( 6)  0.470
  97 G   0.26706 0.25754 0.21903 0.14803 0.07309 0.02585 0.00724 0.00216 ( 1)  0.062
  98 A   0.00000 0.00000 0.00000 0.00001 0.00116 0.03287 0.25297 0.71299 ( 8)  0.851
  99 T   0.22588 0.22090 0.20003 0.15749 0.10266 0.05493 0.02565 0.01246 ( 1)  0.104
 100 -   0.12552 0.12550 0.12545 0.12533 0.12511 0.12477 0.12436 0.12395 ( 1)  0.305
 101 N   0.32268 0.30220 0.22568 0.11169 0.03186 0.00520 0.00061 0.00009 ( 1)  0.033
 102 T   0.00138 0.04873 0.20428 0.33838 0.26356 0.10719 0.02866 0.00782 ( 4)  0.182
 103 S   0.00110 0.03916 0.17046 0.30870 0.28010 0.13965 0.04610 0.01473 ( 4)  0.214
 104 I   0.31132 0.29362 0.22621 0.12063 0.03924 0.00770 0.00110 0.00019 ( 1)  0.037
 105 N   0.00164 0.05766 0.23437 0.36017 0.24477 0.08112 0.01674 0.00354 ( 4)  0.158
 106 P   0.28910 0.27598 0.22439 0.13615 0.05557 0.01501 0.00309 0.00071 ( 1)  0.048
 107 V   0.29138 0.27787 0.22486 0.13482 0.05378 0.01398 0.00272 0.00059 ( 1)  0.046
 108 T   0.00000 0.00162 0.03672 0.18629 0.33688 0.26779 0.12197 0.04873 ( 5)  0.349
 109 L   0.00000 0.00048 0.01196 0.07650 0.20754 0.29009 0.24737 0.16606 ( 6)  0.510
 110 R   0.00000 0.00000 0.00002 0.00100 0.01650 0.10500 0.32023 0.55725 ( 8)  0.788
 111 F   0.23931 0.23294 0.20660 0.15503 0.09336 0.04515 0.01905 0.00856 ( 1)  0.090
 112 A   0.00000 0.00000 0.00000 0.00013 0.00479 0.05698 0.27723 0.66087 ( 8)  0.831
 113 S   0.00109 0.03884 0.16928 0.30755 0.28062 0.14093 0.04677 0.01493 ( 4)  0.216
 114 R   0.23540 0.22963 0.20558 0.15725 0.09690 0.04732 0.01955 0.00838 ( 1)  0.092
 115 D   0.22323 0.21860 0.19903 0.15852 0.10491 0.05673 0.02639 0.01259 ( 1)  0.106
 116 V   0.00000 0.00002 0.00214 0.03593 0.17191 0.31592 0.28777 0.18631 ( 6)  0.555
 117 Y   0.29110 0.27763 0.22477 0.13495 0.05401 0.01414 0.00279 0.00061 ( 1)  0.047
 118 R   0.00065 0.02370 0.10979 0.23113 0.27456 0.20232 0.10620 0.05164 ( 5)  0.305
 119 T   0.30494 0.28861 0.22589 0.12523 0.04380 0.00962 0.00160 0.00031 ( 1)  0.040
 120 E   0.29705 0.28244 0.22556 0.13104 0.04946 0.01190 0.00212 0.00042 ( 1)  0.044
 121 S   0.26832 0.25856 0.21921 0.14714 0.07201 0.02536 0.00718 0.00221 ( 1)  0.061
 122 Y   0.00000 0.00000 0.00000 0.00033 0.00995 0.08864 0.31670 0.58438 ( 8)  0.802
 123 A   0.29300 0.27915 0.22494 0.13361 0.05257 0.01351 0.00264 0.00058 ( 1)  0.046
 124 G   0.22456 0.21977 0.19961 0.15811 0.10383 0.05575 0.02592 0.01246 ( 1)  0.105
 125 V   0.00000 0.00000 0.00041 0.00858 0.06038 0.19312 0.33896 0.39854 ( 8)  0.703
 126 L   0.00000 0.00203 0.04537 0.22013 0.36444 0.24903 0.09077 0.02822 ( 5)  0.311
 127 L   0.00000 0.00098 0.02317 0.13053 0.28380 0.29226 0.17821 0.09106 ( 6)  0.419
 128 W   0.00000 0.00048 0.01201 0.07579 0.20539 0.29191 0.25046 0.16395 ( 6)  0.511
 129 G   0.14521 0.14468 0.14236 0.13688 0.12747 0.11463 0.10042 0.08835 ( 1)  0.253
 130 I   0.15483 0.15399 0.15029 0.14167 0.12732 0.10865 0.08929 0.07395 ( 1)  0.230
 131 Y   0.00000 0.00000 0.00003 0.00179 0.02594 0.13758 0.34041 0.49425 ( 8)  0.760
 132 L   0.00000 0.00147 0.03375 0.17635 0.33356 0.27717 0.12806 0.04964 ( 5)  0.357
 133 E   0.00000 0.00000 0.00005 0.00310 0.04065 0.18304 0.36108 0.41207 ( 8)  0.721
 134 P   0.29484 0.28066 0.22530 0.13252 0.05113 0.01270 0.00236 0.00049 ( 1)  0.045
 135 I   0.00000 0.00094 0.02235 0.12791 0.28435 0.29760 0.17938 0.08747 ( 6)  0.418
 136 H   0.00160 0.05618 0.22990 0.35858 0.24887 0.08393 0.01734 0.00361 ( 4)  0.160
 137 G   0.26381 0.25473 0.21787 0.14929 0.07560 0.02783 0.00824 0.00263 ( 1)  0.065
 138 V   0.28290 0.27086 0.22316 0.13981 0.06046 0.01777 0.00404 0.00101 ( 1)  0.051
 139 P   0.29484 0.28066 0.22530 0.13252 0.05113 0.01270 0.00236 0.00049 ( 1)  0.045
 140 T   0.00000 0.00000 0.00001 0.00070 0.01298 0.09347 0.31431 0.57853 ( 8)  0.798
 141 V   0.00000 0.00160 0.03663 0.18797 0.34386 0.27120 0.11678 0.04196 ( 5)  0.343
 142 R   0.00000 0.00002 0.00232 0.03865 0.18164 0.32375 0.28149 0.17212 ( 6)  0.543
 143 F   0.28795 0.27504 0.22418 0.13684 0.05648 0.01551 0.00325 0.00076 ( 1)  0.048
 144 N   0.00155 0.05473 0.22482 0.35425 0.25152 0.08877 0.01981 0.00453 ( 4)  0.165
 145 F   0.00000 0.00037 0.00930 0.06118 0.17575 0.27138 0.26854 0.21348 ( 6)  0.551
 146 T   0.00000 0.00000 0.00013 0.00662 0.07063 0.24158 0.35707 0.32396 ( 7)  0.670
 147 N   0.00000 0.00001 0.00145 0.02571 0.13529 0.28707 0.31226 0.23819 ( 7)  0.597
 148 P   0.00000 0.00036 0.00921 0.06080 0.17555 0.27211 0.26905 0.21292 ( 6)  0.551
 149 Q   0.00000 0.00000 0.00000 0.00023 0.00728 0.07323 0.30088 0.61838 ( 8)  0.815
 150 N   0.00000 0.00004 0.00456 0.06652 0.25089 0.33767 0.22466 0.11567 ( 6)  0.478
 151 I   0.00000 0.00000 0.00000 0.00005 0.00344 0.05296 0.27970 0.66384 ( 8)  0.833
 152 S   0.00000 0.00000 0.00001 0.00083 0.02048 0.13761 0.35376 0.48733 ( 8)  0.761
 153 D   0.00029 0.01065 0.05258 0.12919 0.20339 0.22892 0.20538 0.16960 ( 6)  0.464
 154 R   0.00000 0.00105 0.02491 0.13931 0.29740 0.29401 0.16632 0.07700 ( 5)  0.403
 155 G   0.00000 0.00000 0.00015 0.00762 0.07916 0.25822 0.35592 0.29892 ( 7)  0.655
 156 T   0.00000 0.00000 0.00000 0.00007 0.00444 0.06336 0.30008 0.63205 ( 8)  0.822
 157 A   0.00000 0.00000 0.00001 0.00146 0.03210 0.18095 0.37300 0.41248 ( 8)  0.727
 158 N   0.00000 0.00000 0.00000 0.00001 0.00118 0.02650 0.21659 0.75572 ( 8)  0.863
 159 Y   0.28531 0.27286 0.22362 0.13836 0.05856 0.01671 0.00368 0.00089 ( 1)  0.050
 160 S   0.00000 0.00002 0.00264 0.04224 0.18726 0.31711 0.27415 0.17658 ( 6)  0.541
 161 Q   0.00000 0.00000 0.00000 0.00077 0.01965 0.13595 0.35548 0.48814 ( 8)  0.762
 162 P   0.00000 0.00017 0.00456 0.03343 0.11566 0.23112 0.30505 0.31002 ( 8)  0.631
 163 Y   0.29110 0.27763 0.22477 0.13495 0.05401 0.01414 0.00279 0.00061 ( 1)  0.047
 164 E   0.00000 0.00000 0.00000 0.00037 0.01143 0.10155 0.33692 0.54973 ( 8)  0.789
 165 S   0.00000 0.00061 0.01515 0.09375 0.23862 0.30066 0.22247 0.12875 ( 6)  0.473
 166 P   0.00000 0.00002 0.00291 0.04690 0.20777 0.33833 0.26174 0.14233 ( 6)  0.516
 167 G   0.21248 0.20867 0.19250 0.15825 0.11094 0.06537 0.03386 0.01793 ( 1)  0.121
 168 L   0.00000 0.00046 0.01152 0.07380 0.20127 0.28551 0.25115 0.17628 ( 6)  0.519
 169 Q   0.27083 0.26078 0.22029 0.14641 0.07007 0.02362 0.00622 0.00175 ( 1)  0.059
 170 L   0.25409 0.24625 0.21414 0.15275 0.08319 0.03406 0.01145 0.00408 ( 1)  0.073
 171 K   0.00000 0.00000 0.00001 0.00102 0.01921 0.12669 0.34845 0.50462 ( 8)  0.768
 172 D   0.31459 0.29617 0.22633 0.11823 0.03692 0.00676 0.00087 0.00013 ( 1)  0.036
 173 S   0.26823 0.25849 0.21918 0.14718 0.07208 0.02541 0.00721 0.00222 ( 1)  0.061
 174 E   0.29705 0.28244 0.22556 0.13104 0.04946 0.01190 0.00212 0.00042 ( 1)  0.044
 175 T   0.00140 0.04950 0.20636 0.33807 0.26043 0.10633 0.02942 0.00849 ( 4)  0.182
 176 E   0.29705 0.28244 0.22556 0.13104 0.04946 0.01190 0.00212 0.00042 ( 1)  0.044
 177 L   0.25414 0.24631 0.21421 0.15282 0.08319 0.03398 0.01135 0.00400 ( 1)  0.073
 178 P   0.28511 0.27271 0.22368 0.13857 0.05868 0.01670 0.00366 0.00089 ( 1)  0.050
 179 P   0.29039 0.27706 0.22469 0.13542 0.05453 0.01440 0.00287 0.00064 ( 1)  0.047
 180 E   0.29702 0.28241 0.22556 0.13106 0.04949 0.01191 0.00213 0.00043 ( 1)  0.044
 181 T   0.00122 0.04351 0.18596 0.32269 0.27272 0.12440 0.03790 0.01159 ( 4)  0.200
 182 T   0.00131 0.04633 0.19599 0.33167 0.26810 0.11477 0.03250 0.00933 ( 4)  0.190
 183 E   0.00104 0.03706 0.16267 0.30051 0.28237 0.14780 0.05144 0.01712 ( 4)  0.223
 184 R   0.00035 0.01280 0.06283 0.15163 0.22882 0.23610 0.18251 0.12496 ( 6)  0.419
 185 P   0.28770 0.27486 0.22423 0.13708 0.05663 0.01551 0.00323 0.00075 ( 1)  0.048
 186 N   0.00179 0.06261 0.25017 0.36876 0.23248 0.06914 0.01262 0.00242 ( 4)  0.147
 187 Y   0.29110 0.27763 0.22477 0.13495 0.05401 0.01414 0.00279 0.00061 ( 1)  0.047
 188 E   0.29705 0.28244 0.22556 0.13104 0.04946 0.01190 0.00212 0.00042 ( 1)  0.044
 189 S   0.27379 0.26322 0.22087 0.14462 0.06767 0.02232 0.00584 0.00167 ( 1)  0.057
 190 Y   0.27870 0.26731 0.22195 0.14181 0.06375 0.02003 0.00503 0.00141 ( 1)  0.054
 191 S   0.31259 0.29467 0.22646 0.11984 0.03820 0.00715 0.00094 0.00014 ( 1)  0.037
 192 H   0.30238 0.28671 0.22613 0.12741 0.04544 0.01003 0.00161 0.00029 ( 1)  0.041
 193 R   0.28801 0.27511 0.22427 0.13689 0.05641 0.01540 0.00318 0.00073 ( 1)  0.048
 194 L   0.25411 0.24628 0.21419 0.15280 0.08320 0.03401 0.01138 0.00403 ( 1)  0.073
 195 S   0.29252 0.27875 0.22485 0.13389 0.05295 0.01372 0.00271 0.00060 ( 1)  0.046
 196 H   0.00104 0.03701 0.16249 0.30032 0.28242 0.14798 0.05157 0.01719 ( 4)  0.223
 197 I   0.30992 0.29255 0.22622 0.12170 0.04018 0.00805 0.00118 0.00020 ( 1)  0.038
 198 G   0.00073 0.02639 0.12116 0.24921 0.28250 0.19208 0.08966 0.03827 ( 5)  0.281
 199 I   0.00000 0.00022 0.00578 0.04083 0.13276 0.24428 0.29561 0.28053 ( 7)  0.608
 200 I   0.30110 0.28555 0.22551 0.12786 0.04666 0.01094 0.00196 0.00041 ( 1)  0.042
 201 L   0.00000 0.00000 0.00004 0.00257 0.03479 0.16518 0.35363 0.44379 ( 8)  0.736
 202 Q   0.00000 0.00000 0.00001 0.00092 0.02259 0.14823 0.36235 0.46591 ( 8)  0.752
 203 S   0.00000 0.00000 0.00003 0.00175 0.02514 0.13327 0.33612 0.50370 ( 8)  0.764
 204 R   0.00000 0.00001 0.00117 0.02173 0.12259 0.28035 0.32225 0.25189 ( 7)  0.610
 205 V   0.00000 0.00021 0.00545 0.03914 0.13041 0.24550 0.29920 0.28008 ( 7)  0.609
 206 N   0.00000 0.00000 0.00025 0.01151 0.10840 0.30311 0.34169 0.23504 ( 7)  0.613
 207 V   0.00120 0.04281 0.18398 0.32290 0.27629 0.12568 0.03675 0.01038 ( 4)  0.199
 208 P   0.00033 0.01198 0.05930 0.14574 0.22508 0.23743 0.18777 0.13237 ( 6)  0.429
 209 V   0.28753 0.27470 0.22413 0.13714 0.05681 0.01565 0.00328 0.00076 ( 1)  0.049
 210 Y   0.29110 0.27763 0.22477 0.13495 0.05401 0.01414 0.00279 0.00061 ( 1)  0.047
 211 S   0.29593 0.28152 0.22536 0.13172 0.05033 0.01238 0.00229 0.00048 ( 1)  0.044
 212 W   0.20276 0.19963 0.18622 0.15729 0.11575 0.07323 0.04136 0.02376 ( 1)  0.136
 213 T   0.22889 0.22370 0.20196 0.15770 0.10101 0.05240 0.02344 0.01091 ( 1)  0.100
 214 H   0.28372 0.27151 0.22318 0.13914 0.05982 0.01756 0.00404 0.00104 ( 1)  0.051
 215 R   0.27760 0.26652 0.22223 0.14310 0.06465 0.01998 0.00471 0.00119 ( 1)  0.054
 216 S   0.31259 0.29467 0.22646 0.11984 0.03820 0.00715 0.00094 0.00014 ( 1)  0.037


lnL = -3553.155549

