Supplemental results for CODEML (seqf: algn  treef: tree)


dN/dS (w) for site classes (K=9)

p:   0.11539  0.11539  0.11539  0.11539  0.11539  0.11539  0.11539  0.11539  0.07689
w:   0.01419  0.07770  0.17103  0.28720  0.42232  0.57358  0.73833  0.91293  2.33849

Naive Empirical Bayes (NEB) probabilities for 9 classes & postmean_w & P(w>1)
(amino acids refer to 1st sequence: BT_Cry19Ba1)

   1 E   0.00095 0.02138 0.06983 0.12455 0.16515 0.18549 0.18907 0.18210 0.06150 ( 7)  0.675  0.061
   2 -   0.11539 0.11539 0.11539 0.11539 0.11539 0.11539 0.11539 0.11539 0.07689 ( 5)  0.549  0.077
   3 -   0.11539 0.11539 0.11539 0.11539 0.11539 0.11539 0.11539 0.11539 0.07689 ( 5)  0.549  0.077
   4 V   0.00026 0.02445 0.11884 0.21751 0.23866 0.19244 0.12859 0.07763 0.00162 ( 5)  0.465  0.002
   5 G   0.00393 0.07525 0.19008 0.24168 0.21135 0.14567 0.08579 0.04591 0.00033 ( 4)  0.387  0.000
   6 P   0.00000 0.00050 0.00866 0.04400 0.11645 0.20512 0.27478 0.30446 0.04603 ( 8)  0.769  0.046
   7 L   0.00014 0.01482 0.08244 0.17669 0.22903 0.21696 0.16678 0.11175 0.00139 ( 5)  0.516  0.001
   8 L   0.40882 0.28003 0.16187 0.08297 0.03891 0.01712 0.00724 0.00303 0.00001 ( 1)  0.113  0.000
   9 S   0.00728 0.12393 0.26347 0.27006 0.18351 0.09514 0.04095 0.01566 0.00001 ( 4)  0.309  0.000
  10 W   0.00005 0.00679 0.04683 0.12460 0.19871 0.22939 0.21335 0.17207 0.00820 ( 6)  0.594  0.008
  11 M   0.00054 0.01372 0.05121 0.10422 0.15549 0.19259 0.21149 0.21403 0.05672 ( 8)  0.700  0.057
  12 V   0.00000 0.00020 0.00543 0.03471 0.10458 0.19873 0.27802 0.31554 0.06279 ( 8)  0.809  0.063
  13 S   0.00000 0.00022 0.00604 0.03766 0.11003 0.20286 0.27662 0.30795 0.05862 ( 8)  0.797  0.059
  14 L   0.00007 0.00757 0.04764 0.11961 0.18747 0.22080 0.21596 0.18694 0.01395 ( 6)  0.612  0.014
  15 F   0.00397 0.07549 0.18928 0.23967 0.20994 0.14603 0.08744 0.04785 0.00032 ( 4)  0.389  0.000
  16 W   0.24874 0.21381 0.17126 0.13002 0.09446 0.06614 0.04493 0.02988 0.00076 ( 1)  0.227  0.001
  17 P   0.43014 0.28583 0.15736 0.07536 0.03231 0.01269 0.00466 0.00165 0.00000 ( 1)  0.103  0.000
  18 T   0.00000 0.00037 0.00882 0.04977 0.13298 0.22412 0.27817 0.28063 0.02515 ( 8)  0.721  0.025
  19 I   0.00000 0.00001 0.00072 0.00788 0.03616 0.09885 0.19305 0.30004 0.36330 ( 9)  1.340  0.363
  20 -   0.21076 0.18767 0.15890 0.13011 0.10417 0.08232 0.06478 0.05124 0.01006 ( 1)  0.291  0.010
  21 -   0.20084 0.18162 0.15707 0.13166 0.10789 0.08701 0.06950 0.05538 0.00903 ( 1)  0.300  0.009
  22 -   0.17203 0.16090 0.14613 0.13007 0.11411 0.09910 0.08553 0.07368 0.01845 ( 1)  0.356  0.018
  23 E   0.00000 0.00092 0.01297 0.05539 0.12904 0.20787 0.26241 0.28051 0.05088 ( 8)  0.761  0.051
  24 E   0.00000 0.00000 0.00025 0.00377 0.02192 0.07147 0.15941 0.27409 0.46909 ( 9)  1.516  0.469
  25 K   0.00000 0.00034 0.00850 0.04794 0.12714 0.21430 0.27011 0.28196 0.04971 ( 8)  0.765  0.050
  26 N   0.07388 0.25131 0.27610 0.19814 0.11162 0.05421 0.02421 0.01049 0.00004 ( 3)  0.230  0.000
  27 T   0.00000 0.00021 0.00592 0.03795 0.11336 0.21108 0.28551 0.30896 0.03700 ( 8)  0.760  0.037
  28 V   0.00679 0.11586 0.24882 0.26162 0.18679 0.10521 0.05137 0.02342 0.00012 ( 4)  0.326  0.000
  29 W   0.24874 0.21381 0.17126 0.13002 0.09446 0.06614 0.04493 0.02988 0.00076 ( 1)  0.227  0.001
  30 E   0.00019 0.01833 0.09470 0.18781 0.22746 0.20573 0.15584 0.10674 0.00319 ( 5)  0.506  0.003
  31 D   0.00000 0.00007 0.00351 0.02983 0.10170 0.20002 0.27616 0.30357 0.08513 ( 8)  0.847  0.085
  32 M   0.00001 0.00099 0.01121 0.04909 0.12346 0.21253 0.27789 0.29657 0.02825 ( 8)  0.732  0.028
  33 I   0.00695 0.11889 0.25541 0.26668 0.18656 0.10083 0.04587 0.01879 0.00002 ( 4)  0.317  0.000
  34 K   0.08729 0.27991 0.28465 0.18725 0.09589 0.04194 0.01668 0.00638 0.00001 ( 3)  0.208  0.000
  35 Y   0.00000 0.00046 0.01140 0.06215 0.15541 0.24063 0.27101 0.24629 0.01264 ( 7)  0.678  0.013
  36 V   0.00019 0.01935 0.10066 0.19910 0.23649 0.20522 0.14560 0.09155 0.00185 ( 5)  0.489  0.002
  37 A   0.03817 0.15177 0.21135 0.20454 0.16227 0.11353 0.07309 0.04469 0.00060 ( 3)  0.337  0.001
  38 N   0.01104 0.16780 0.30546 0.26302 0.15032 0.06699 0.02589 0.00947 0.00002 ( 3)  0.271  0.000
  39 L   0.30727 0.24403 0.17472 0.11616 0.07301 0.04400 0.02575 0.01486 0.00021 ( 1)  0.176  0.000
  40 L   0.10667 0.31610 0.28805 0.16742 0.07594 0.03008 0.01133 0.00437 0.00003 ( 2)  0.185  0.000
  41 K   0.00000 0.00000 0.00006 0.00133 0.01025 0.04281 0.11845 0.24335 0.58375 ( 9)  1.704  0.584
  42 Q   0.00000 0.00148 0.01959 0.07759 0.16408 0.23480 0.25774 0.23503 0.00968 ( 7)  0.657  0.010
  43 E   0.00001 0.00346 0.03823 0.12224 0.20667 0.23805 0.21517 0.16770 0.00848 ( 6)  0.598  0.008
  44 L   0.00004 0.00515 0.03754 0.10687 0.18364 0.22892 0.22939 0.19799 0.01045 ( 7)  0.621  0.010
  45 T   0.00000 0.00000 0.00022 0.00315 0.01836 0.06089 0.13826 0.24080 0.53832 ( 9)  1.624  0.538
  46 N   0.00000 0.00000 0.00030 0.00485 0.02856 0.09175 0.19885 0.32939 0.34632 ( 9)  1.324  0.346
  47 D   0.00000 0.00000 0.00052 0.00808 0.04467 0.13179 0.25657 0.37516 0.18322 ( 8)  1.057  0.183
  48 T   0.00001 0.00294 0.03430 0.11597 0.20561 0.24430 0.22251 0.17003 0.00434 ( 6)  0.596  0.004
  49 L   0.00019 0.01825 0.09082 0.17567 0.21307 0.20020 0.16403 0.12597 0.01180 ( 5)  0.536  0.012
  50 N   0.00000 0.00001 0.00027 0.00286 0.01444 0.04580 0.10632 0.19743 0.63286 ( 9)  1.772  0.633
  51 R   0.00004 0.00463 0.03452 0.10137 0.18013 0.23106 0.23574 0.20424 0.00828 ( 7)  0.624  0.008
  52 A   0.47500 0.29042 0.14225 0.05948 0.02209 0.00754 0.00244 0.00078 0.00000 ( 1)  0.087  0.000
  53 T   0.35447 0.26317 0.17126 0.10166 0.05643 0.02985 0.01532 0.00778 0.00006 ( 1)  0.143  0.000
  54 S   0.00000 0.00009 0.00259 0.01835 0.06350 0.14328 0.24293 0.33604 0.19321 ( 8)  1.053  0.193
  55 N   0.00792 0.12984 0.26381 0.26072 0.17561 0.09483 0.04569 0.02135 0.00023 ( 3)  0.313  0.000
  56 L   0.04993 0.18845 0.24200 0.21047 0.14667 0.08851 0.04857 0.02524 0.00016 ( 3)  0.289  0.000
  57 S   0.00000 0.00047 0.00755 0.03739 0.10036 0.18407 0.26082 0.30845 0.10089 ( 8)  0.870  0.101
  58 G   0.00292 0.05891 0.16062 0.22387 0.21660 0.16570 0.10790 0.06311 0.00037 ( 4)  0.421  0.000
  59 L   0.37820 0.26726 0.16430 0.09302 0.05017 0.02633 0.01362 0.00704 0.00006 ( 1)  0.134  0.000
  60 N   0.00000 0.00009 0.00273 0.02044 0.07257 0.16266 0.26677 0.35026 0.12448 ( 8)  0.938  0.124
  61 E   0.00018 0.01761 0.09293 0.18788 0.23027 0.20838 0.15587 0.10424 0.00264 ( 5)  0.504  0.003
  62 S   0.00002 0.00315 0.02658 0.08597 0.16496 0.22632 0.24659 0.22889 0.01753 ( 7)  0.661  0.018
  63 L   0.31696 0.24903 0.17529 0.11387 0.06947 0.04035 0.02258 0.01236 0.00010 ( 1)  0.167  0.000
  64 N   0.00000 0.00000 0.00006 0.00157 0.01284 0.05229 0.13517 0.25591 0.54216 ( 9)  1.637  0.542
  65 I   0.00012 0.01277 0.07117 0.15538 0.21033 0.21461 0.18407 0.14260 0.00895 ( 6)  0.557  0.009
  66 Y   0.48033 0.29016 0.14002 0.05776 0.02128 0.00727 0.00239 0.00079 0.00000 ( 1)  0.086  0.000
  67 N   0.39252 0.27507 0.16496 0.08883 0.04422 0.02079 0.00941 0.00419 0.00001 ( 1)  0.122  0.000
  68 R   0.00765 0.06363 0.14906 0.20498 0.20612 0.16870 0.12006 0.07814 0.00165 ( 5)  0.437  0.002
  69 A   0.00014 0.01501 0.08275 0.17584 0.22674 0.21508 0.16722 0.11479 0.00243 ( 5)  0.519  0.002
  70 L   0.06939 0.24067 0.27295 0.20339 0.11845 0.05852 0.02588 0.01073 0.00002 ( 3)  0.237  0.000
  71 A   0.04828 0.19177 0.25434 0.21990 0.14626 0.08126 0.03992 0.01824 0.00005 ( 3)  0.277  0.000
  72 A   0.00000 0.00001 0.00096 0.01061 0.04871 0.13074 0.24556 0.35947 0.20394 ( 8)  1.085  0.204
  73 W   0.24874 0.21381 0.17126 0.13002 0.09446 0.06614 0.04493 0.02988 0.00076 ( 1)  0.227  0.001
  74 K   0.00000 0.00220 0.02626 0.09228 0.17412 0.22740 0.23661 0.21463 0.02651 ( 7)  0.668  0.027
  75 Q   0.00000 0.00000 0.00000 0.00004 0.00048 0.00315 0.01333 0.04078 0.94222 ( 9)  2.252  0.942
  76 -   0.11539 0.11539 0.11539 0.11539 0.11539 0.11539 0.11539 0.11539 0.07689 ( 5)  0.549  0.077
  77 N   0.00000 0.00015 0.00449 0.02989 0.09420 0.18822 0.27759 0.33157 0.07390 ( 8)  0.838  0.074
  78 K   0.00000 0.00003 0.00172 0.01723 0.07044 0.16731 0.27752 0.35976 0.10600 ( 8)  0.912  0.106
  79 N   0.00000 0.00132 0.01775 0.07133 0.15357 0.22542 0.25692 0.24724 0.02644 ( 7)  0.695  0.026
  80 N   0.00000 0.00000 0.00020 0.00292 0.01755 0.06133 0.14812 0.27415 0.49572 ( 9)  1.562  0.496
  81 F   0.00001 0.00211 0.01856 0.06298 0.12881 0.19325 0.23767 0.25728 0.09932 ( 8)  0.829  0.099
  82 A   0.00002 0.00228 0.01761 0.05655 0.11615 0.18151 0.23625 0.27074 0.11888 ( 8)  0.872  0.119
  83 S   0.00004 0.00434 0.03067 0.08790 0.15826 0.21389 0.23856 0.23315 0.03318 ( 7)  0.687  0.033
  84 -   0.11539 0.11539 0.11539 0.11539 0.11539 0.11539 0.11539 0.11539 0.07689 ( 5)  0.549  0.077
  85 -   0.20539 0.18449 0.15808 0.13113 0.10630 0.08489 0.06726 0.05330 0.00916 ( 1)  0.295  0.009
  86 G   0.00401 0.07595 0.18963 0.23908 0.20885 0.14538 0.08769 0.04882 0.00058 ( 4)  0.389  0.001
  87 E   0.00000 0.00141 0.01840 0.07226 0.15363 0.22492 0.25739 0.24918 0.02281 ( 7)  0.689  0.023
  88 L   0.00000 0.00036 0.00588 0.02968 0.08317 0.16242 0.24856 0.31966 0.15026 ( 8)  0.965  0.150
  89 I   0.00001 0.00296 0.03386 0.11289 0.19924 0.23907 0.22386 0.17926 0.00885 ( 6)  0.609  0.009
  90 R   0.04765 0.18164 0.23682 0.21008 0.14992 0.09296 0.05254 0.02816 0.00022 ( 3)  0.297  0.000
  91 S   0.00000 0.00000 0.00009 0.00145 0.00966 0.03724 0.09892 0.20053 0.65211 ( 9)  1.807  0.652
  92 Y   0.00000 0.00015 0.00445 0.03059 0.09832 0.19724 0.28737 0.33400 0.04788 ( 8)  0.793  0.048
  93 I   0.08501 0.27810 0.28845 0.19134 0.09673 0.04050 0.01485 0.00502 0.00000 ( 3)  0.207  0.000
  94 N   0.00000 0.00001 0.00084 0.00897 0.04035 0.10838 0.20828 0.31827 0.31489 ( 8)  1.263  0.315
  95 D   0.00006 0.00685 0.04409 0.11351 0.18239 0.22006 0.22035 0.19525 0.01745 ( 7)  0.626  0.017
  96 L   0.47176 0.29070 0.14370 0.06052 0.02253 0.00763 0.00242 0.00074 0.00000 ( 1)  0.088  0.000
  97 H   0.45887 0.28933 0.14799 0.06507 0.02549 0.00915 0.00309 0.00102 0.00000 ( 1)  0.092  0.000
  98 I   0.00120 0.02519 0.07604 0.12884 0.16834 0.19002 0.19375 0.18302 0.03360 ( 7)  0.621  0.034
  99 L   0.00000 0.00000 0.00011 0.00168 0.01062 0.03888 0.09822 0.19067 0.65982 ( 9)  1.817  0.660
 100 F   0.53603 0.28956 0.11864 0.03999 0.01169 0.00311 0.00079 0.00020 0.00000 ( 1)  0.069  0.000
 101 T   0.00000 0.00001 0.00049 0.00451 0.02025 0.05907 0.12894 0.22823 0.55850 ( 9)  1.653  0.559
 102 R   0.00000 0.00000 0.00000 0.00006 0.00075 0.00480 0.01953 0.05711 0.91775 ( 9)  2.216  0.918
 103 D   0.00000 0.00084 0.01840 0.08693 0.18701 0.25022 0.24711 0.20145 0.00803 ( 6)  0.636  0.008
 104 I   0.53122 0.28905 0.12029 0.04171 0.01278 0.00364 0.00102 0.00029 0.00000 ( 1)  0.071  0.000
 105 Q   0.00419 0.07600 0.18142 0.22336 0.19821 0.14761 0.10054 0.06609 0.00258 ( 4)  0.410  0.003
 106 S   0.00000 0.00007 0.00219 0.01616 0.05741 0.13138 0.22507 0.31561 0.25211 ( 8)  1.148  0.252
 107 D   0.00417 0.07663 0.18555 0.22983 0.20206 0.14618 0.09493 0.05880 0.00186 ( 4)  0.401  0.002
 108 F   0.33236 0.25556 0.17447 0.10926 0.06397 0.03552 0.01895 0.00987 0.00005 ( 1)  0.156  0.000
 109 S   0.00003 0.00399 0.02822 0.08145 0.14905 0.20682 0.23899 0.24367 0.04778 ( 8)  0.721  0.048
 110 L   0.00011 0.01179 0.06684 0.14925 0.20727 0.21696 0.19014 0.14937 0.00827 ( 6)  0.563  0.008
 111 G   0.00000 0.00000 0.00003 0.00069 0.00573 0.02585 0.07783 0.17472 0.71514 ( 9)  1.907  0.715
 112 G   0.00007 0.00788 0.05257 0.13562 0.20944 0.23223 0.20471 0.15402 0.00347 ( 6)  0.570  0.003
 113 Y   0.46742 0.28910 0.14443 0.06220 0.02409 0.00869 0.00302 0.00105 0.00000 ( 1)  0.090  0.000
 114 E   0.08947 0.28153 0.28130 0.18390 0.09529 0.04305 0.01805 0.00740 0.00002 ( 2)  0.209  0.000
 115 T   0.00000 0.00015 0.00443 0.02915 0.09048 0.17805 0.26012 0.31139 0.12624 ( 8)  0.921  0.126
 116 V   0.11313 0.32771 0.28897 0.16134 0.06988 0.02627 0.00932 0.00336 0.00001 ( 2)  0.177  0.000
 117 L   0.40882 0.28003 0.16187 0.08297 0.03891 0.01712 0.00724 0.00303 0.00001 ( 1)  0.113  0.000
 118 L   0.39529 0.27620 0.16455 0.08771 0.04313 0.02005 0.00903 0.00404 0.00002 ( 1)  0.121  0.000
 119 P   0.43017 0.28585 0.15737 0.07536 0.03230 0.01267 0.00464 0.00163 0.00000 ( 1)  0.103  0.000
 120 S   0.03558 0.14446 0.20636 0.20461 0.16565 0.11780 0.07690 0.04772 0.00092 ( 3)  0.346  0.001
 121 Y   0.46066 0.28836 0.14665 0.06457 0.02565 0.00951 0.00339 0.00121 0.00000 ( 1)  0.092  0.000
 122 A   0.00425 0.08000 0.19750 0.24470 0.20852 0.14042 0.08123 0.04304 0.00034 ( 4)  0.379  0.000
 123 S   0.00663 0.11444 0.24934 0.26492 0.18926 0.10496 0.04934 0.02107 0.00004 ( 4)  0.324  0.000
 124 A   0.04793 0.17981 0.23098 0.20415 0.14812 0.09589 0.05823 0.03437 0.00052 ( 3)  0.306  0.001
 125 A   0.28960 0.23626 0.17545 0.12149 0.07953 0.04974 0.03002 0.01770 0.00021 ( 1)  0.188  0.000
 126 N   0.12450 0.34694 0.28922 0.15059 0.05998 0.02038 0.00640 0.00199 0.00000 ( 2)  0.165  0.000
 127 L   0.06509 0.23042 0.26874 0.20671 0.12440 0.06346 0.02889 0.01228 0.00002 ( 3)  0.246  0.000
 128 H   0.49977 0.29142 0.13320 0.05114 0.01723 0.00528 0.00152 0.00043 0.00000 ( 1)  0.079  0.000
 129 L   0.37247 0.26979 0.16913 0.09573 0.05023 0.02496 0.01198 0.00568 0.00003 ( 1)  0.132  0.000
 130 L   0.03701 0.14846 0.20897 0.20433 0.16360 0.11544 0.07499 0.04637 0.00082 ( 3)  0.341  0.001
 131 L   0.39115 0.27480 0.16513 0.08907 0.04448 0.02110 0.00974 0.00450 0.00003 ( 1)  0.123  0.000
 132 L   0.37933 0.27220 0.16823 0.09347 0.04793 0.02316 0.01075 0.00491 0.00002 ( 1)  0.128  0.000
 133 R   0.34279 0.26061 0.17454 0.10633 0.06001 0.03182 0.01605 0.00783 0.00002 ( 1)  0.148  0.000
 134 D   0.49963 0.28987 0.13250 0.05157 0.01801 0.00590 0.00190 0.00062 0.00000 ( 1)  0.080  0.000
 135 V   0.09484 0.29331 0.28469 0.17886 0.08846 0.03817 0.01544 0.00621 0.00002 ( 2)  0.201  0.000
 136 A   0.00001 0.00272 0.03105 0.10398 0.18631 0.23042 0.22677 0.19508 0.02368 ( 6)  0.647  0.024
 137 I   0.09865 0.30024 0.28517 0.17504 0.08473 0.03596 0.01440 0.00578 0.00003 ( 2)  0.196  0.000
 138 Y   0.05218 0.19247 0.24105 0.20605 0.14322 0.08780 0.04985 0.02717 0.00021 ( 3)  0.289  0.000
 139 G   0.44049 0.28713 0.15399 0.07163 0.02983 0.01140 0.00410 0.00142 0.00000 ( 1)  0.099  0.000
 140 K   0.00008 0.00959 0.06220 0.15101 0.21631 0.22384 0.18865 0.14085 0.00747 ( 6)  0.560  0.007
 141 E   0.00001 0.00304 0.03416 0.11208 0.19608 0.23575 0.22402 0.18421 0.01065 ( 6)  0.615  0.011
 142 -   0.13554 0.13258 0.12838 0.12338 0.11786 0.11206 0.10615 0.10032 0.04372 ( 1)  0.456  0.044
 143 -   0.11985 0.11929 0.11848 0.11748 0.11633 0.11506 0.11369 0.11227 0.06755 ( 1)  0.525  0.068
 144 -   0.12917 0.12730 0.12460 0.12134 0.11766 0.11369 0.10954 0.10533 0.05138 ( 1)  0.480  0.051
 145 -   0.13523 0.13233 0.12821 0.12330 0.11788 0.11216 0.10634 0.10058 0.04399 ( 1)  0.457  0.044
 146 -   0.13183 0.12954 0.12626 0.12230 0.11788 0.11314 0.10823 0.10328 0.04754 ( 1)  0.469  0.048
 147 -   0.13554 0.13258 0.12838 0.12338 0.11786 0.11206 0.10615 0.10032 0.04372 ( 1)  0.456  0.044
 148 -   0.13848 0.13503 0.13014 0.12435 0.11800 0.11135 0.10463 0.09804 0.03998 ( 1)  0.444  0.040
 149 -   0.11943 0.11893 0.11820 0.11730 0.11626 0.11510 0.11386 0.11257 0.06835 ( 1)  0.527  0.068
 150 L   0.38233 0.27222 0.16678 0.09211 0.04725 0.02307 0.01097 0.00522 0.00004 ( 1)  0.128  0.000
 151 G   0.00519 0.09476 0.22332 0.25963 0.20354 0.12320 0.06232 0.02801 0.00003 ( 4)  0.348  0.000
 152 Y   0.09093 0.28645 0.28471 0.18310 0.09220 0.04010 0.01613 0.00637 0.00002 ( 2)  0.205  0.000
 153 P   0.00000 0.00000 0.00001 0.00047 0.00474 0.02368 0.07442 0.16846 0.72822 ( 9)  1.927  0.728
 154 S   0.00000 0.00004 0.00148 0.01251 0.05022 0.12720 0.23489 0.34515 0.22850 ( 8)  1.121  0.229
 155 T   0.00000 0.00000 0.00002 0.00037 0.00317 0.01550 0.05086 0.12347 0.80661 ( 9)  2.047  0.807
 156 D   0.00000 0.00006 0.00193 0.01526 0.05801 0.14070 0.25156 0.36085 0.17163 ( 8)  1.026  0.172
 157 V   0.03828 0.15251 0.21242 0.20492 0.16164 0.11245 0.07228 0.04452 0.00099 ( 3)  0.337  0.001
 158 E   0.00000 0.00006 0.00298 0.02595 0.09215 0.19204 0.28437 0.33571 0.06673 ( 8)  0.830  0.067
 159 F   0.00000 0.00046 0.01144 0.06247 0.15612 0.24117 0.27090 0.24587 0.01158 ( 7)  0.676  0.012
 160 Y   0.48367 0.29038 0.13885 0.05662 0.02059 0.00693 0.00224 0.00072 0.00000 ( 1)  0.084  0.000
 161 Y   0.00563 0.10010 0.22815 0.25718 0.19767 0.11957 0.06206 0.02953 0.00010 ( 4)  0.346  0.000
 162 N   0.00000 0.00003 0.00140 0.01267 0.05159 0.12797 0.22843 0.32577 0.25213 ( 8)  1.155  0.252
 163 E   0.48626 0.28956 0.13745 0.05597 0.02053 0.00706 0.00236 0.00080 0.00000 ( 1)  0.084  0.000
 164 Q   0.00188 0.04031 0.12025 0.18794 0.20863 0.18722 0.14610 0.10432 0.00336 ( 5)  0.484  0.003
 165 K   0.00052 0.01613 0.06882 0.14411 0.20161 0.21660 0.19384 0.15297 0.00540 ( 6)  0.559  0.005
 166 Y   0.00000 0.00000 0.00000 0.00000 0.00004 0.00046 0.00282 0.01175 0.98493 ( 9)  2.316  0.985
 167 Y   0.08351 0.27178 0.28231 0.19052 0.10043 0.04534 0.01868 0.00742 0.00002 ( 3)  0.214  0.000
 168 T   0.00337 0.06567 0.17151 0.22866 0.21258 0.15768 0.10088 0.05897 0.00068 ( 4)  0.410  0.001
 169 E   0.00000 0.00269 0.03127 0.10633 0.19245 0.23786 0.23000 0.19004 0.00935 ( 6)  0.619  0.009
 170 K   0.00000 0.00001 0.00051 0.00618 0.03153 0.09450 0.19848 0.32420 0.34459 ( 9)  1.318  0.345
 171 Y   0.07921 0.26268 0.28003 0.19459 0.10564 0.04898 0.02059 0.00827 0.00001 ( 3)  0.221  0.000
 172 S   0.04645 0.17653 0.23028 0.20618 0.15057 0.09724 0.05838 0.03384 0.00051 ( 3)  0.308  0.001
 173 N   0.00036 0.03215 0.14549 0.24408 0.24251 0.17531 0.10413 0.05553 0.00045 ( 4)  0.429  0.000
 174 Y   0.00025 0.02439 0.12101 0.22463 0.24630 0.19377 0.12226 0.06707 0.00032 ( 5)  0.455  0.000
 175 C   0.38651 0.27502 0.16753 0.09110 0.04536 0.02109 0.00934 0.00403 0.00001 ( 1)  0.124  0.000
 176 V   0.00018 0.01760 0.09261 0.18675 0.22869 0.20751 0.15652 0.10637 0.00376 ( 5)  0.508  0.004
 177 N   0.00001 0.00444 0.04710 0.14281 0.22591 0.24017 0.19767 0.13871 0.00317 ( 6)  0.563  0.003
 178 T   0.04146 0.16377 0.22425 0.21034 0.15904 0.10427 0.06197 0.03462 0.00027 ( 3)  0.317  0.000
 179 Y   0.22635 0.19965 0.16615 0.13238 0.10183 0.07610 0.05557 0.03995 0.00203 ( 1)  0.254  0.002
 180 K   0.01147 0.17170 0.30665 0.25965 0.14726 0.06628 0.02655 0.01039 0.00006 ( 3)  0.270  0.000
 181 S   0.00000 0.00018 0.00503 0.03252 0.09910 0.19133 0.27366 0.31935 0.07883 ( 8)  0.840  0.079
 182 G   0.00019 0.01954 0.10283 0.20497 0.24298 0.20689 0.14049 0.08183 0.00027 ( 5)  0.478  0.000
 183 L   0.34841 0.26136 0.17239 0.10379 0.05837 0.03123 0.01616 0.00824 0.00005 ( 1)  0.147  0.000
 184 E   0.00001 0.00429 0.04518 0.13660 0.21741 0.23604 0.20244 0.15137 0.00666 ( 6)  0.578  0.007
 185 S   0.00007 0.00790 0.05004 0.12571 0.19520 0.22498 0.21256 0.17564 0.00791 ( 6)  0.593  0.008
 186 K   0.00017 0.01682 0.09027 0.18572 0.23105 0.21105 0.15802 0.10472 0.00219 ( 5)  0.506  0.002
 187 K   0.51846 0.28922 0.12518 0.04575 0.01496 0.00460 0.00139 0.00043 0.00000 ( 1)  0.075  0.000
 188 Q   0.00011 0.01154 0.06777 0.15508 0.21659 0.22257 0.18651 0.13661 0.00323 ( 6)  0.546  0.003
 189 I   0.10342 0.31050 0.28819 0.17098 0.07901 0.03161 0.01184 0.00444 0.00002 ( 2)  0.188  0.000
 190 G   0.00414 0.07852 0.19589 0.24524 0.21055 0.14197 0.08140 0.04213 0.00015 ( 4)  0.379  0.000
 191 W   0.24874 0.21381 0.17126 0.13002 0.09446 0.06614 0.04493 0.02988 0.00076 ( 1)  0.227  0.001
 192 S   0.00000 0.00058 0.00883 0.04154 0.10708 0.19073 0.26498 0.30920 0.07706 ( 8)  0.826  0.077
 193 D   0.00000 0.00016 0.00467 0.03121 0.09819 0.19428 0.28145 0.32805 0.06199 ( 8)  0.815  0.062
 194 F   0.33527 0.25733 0.17488 0.10860 0.06276 0.03424 0.01785 0.00905 0.00004 ( 1)  0.154  0.000
 195 N   0.11284 0.32722 0.28908 0.16182 0.07023 0.02634 0.00923 0.00322 0.00001 ( 2)  0.177  0.000
 196 R   0.00134 0.03048 0.09864 0.16885 0.20537 0.20033 0.16733 0.12512 0.00254 ( 5)  0.513  0.003
 197 Y   0.48367 0.29038 0.13885 0.05662 0.02059 0.00693 0.00224 0.00072 0.00000 ( 1)  0.084  0.000
 198 R   0.39701 0.27866 0.16603 0.08751 0.04178 0.01840 0.00760 0.00300 0.00000 ( 1)  0.117  0.000
 199 R   0.44702 0.28707 0.15129 0.06937 0.02871 0.01104 0.00405 0.00146 0.00000 ( 1)  0.097  0.000
 200 E   0.00000 0.00008 0.00319 0.02494 0.08531 0.17629 0.26290 0.31686 0.13042 ( 8)  0.933  0.130
 201 M   0.50054 0.29225 0.13328 0.05066 0.01668 0.00491 0.00133 0.00034 0.00000 ( 1)  0.078  0.000
 202 T   0.46929 0.28895 0.14360 0.06160 0.02383 0.00863 0.00303 0.00107 0.00000 ( 1)  0.090  0.000
 203 L   0.31277 0.24718 0.17544 0.11509 0.07098 0.04170 0.02362 0.01310 0.00012 ( 1)  0.170  0.000
 204 S   0.00008 0.00846 0.05213 0.12692 0.19164 0.21730 0.20607 0.17566 0.02175 ( 6)  0.615  0.022
 205 V   0.09184 0.28858 0.28549 0.18230 0.09091 0.03911 0.01559 0.00614 0.00003 ( 2)  0.203  0.000
 206 L   0.40429 0.27868 0.16271 0.08455 0.04034 0.01814 0.00788 0.00339 0.00001 ( 1)  0.116  0.000
 207 D   0.57250 0.28390 0.10323 0.03035 0.00771 0.00180 0.00041 0.00010 0.00000 ( 1)  0.061  0.000
 208 I   0.00022 0.02134 0.10610 0.20135 0.23251 0.19993 0.14355 0.09299 0.00200 ( 5)  0.486  0.002
 209 V   0.07920 0.26161 0.27801 0.19342 0.10603 0.05029 0.02201 0.00939 0.00004 ( 3)  0.223  0.000
 210 A   0.07633 0.25703 0.27935 0.19779 0.10893 0.05083 0.02129 0.00843 0.00001 ( 3)  0.224  0.000
 211 L   0.05010 0.18874 0.24186 0.21001 0.14631 0.08846 0.04877 0.02556 0.00019 ( 3)  0.289  0.000
 212 F   0.38712 0.27422 0.16646 0.09062 0.04553 0.02162 0.00991 0.00450 0.00002 ( 1)  0.124  0.000
 213 P   0.43014 0.28583 0.15736 0.07536 0.03231 0.01269 0.00466 0.00165 0.00000 ( 1)  0.103  0.000
 214 L   0.00002 0.00214 0.01621 0.05115 0.10444 0.16494 0.22075 0.26380 0.17654 ( 8)  0.973  0.177

Positively selected sites

	Prob(w>1)  mean w

    41 K      0.584         1.704
    45 T      0.538         1.624
    50 N      0.633         1.772
    64 N      0.542         1.637
    75 Q      0.942         2.252
    91 S      0.652         1.807
    99 L      0.660         1.817
   101 T      0.559         1.653
   102 R      0.918         2.216
   111 G      0.715         1.907
   153 P      0.728         1.927
   155 T      0.807         2.047
   166 Y      0.985*        2.316


lnL = -3770.266720

Bayes Empirical Bayes (BEB) probabilities for 11 classes (class) & postmean_w
(amino acids refer to 1st sequence: BT_Cry19Ba1)

   1 E   0.01967 0.05839 0.08887 0.10480 0.11019 0.10915 0.10479 0.09942 0.09574 0.12018 0.08880 (10)  0.681 +-  0.482
   2 -   0.22156 0.11335 0.09308 0.08169 0.07388 0.06803 0.06355 0.06033 0.05919 0.07652 0.08883 ( 1)  0.547 +-  0.620
   3 -   0.22156 0.11335 0.09308 0.08169 0.07388 0.06803 0.06355 0.06033 0.05919 0.07652 0.08883 ( 1)  0.547 +-  0.620
   4 V   0.01703 0.09804 0.16247 0.17518 0.15492 0.12328 0.09266 0.06799 0.05054 0.05032 0.00757 ( 4)  0.469 +-  0.247
   5 G   0.07616 0.16911 0.19276 0.16825 0.12955 0.09319 0.06461 0.04418 0.03074 0.02881 0.00263 ( 3)  0.378 +-  0.233
   6 P   0.00017 0.00541 0.02361 0.05272 0.08466 0.11211 0.13131 0.14217 0.14827 0.18994 0.10963 (10)  0.801 +-  0.367
   7 L   0.00988 0.06628 0.12621 0.15476 0.15388 0.13595 0.11189 0.08853 0.06978 0.07179 0.01105 ( 4)  0.524 +-  0.255
   8 L   0.63818 0.18503 0.08564 0.04275 0.02223 0.01191 0.00655 0.00370 0.00219 0.00172 0.00010 ( 1)  0.123 +-  0.132
   9 S   0.12900 0.23792 0.22546 0.16351 0.10453 0.06238 0.03584 0.02029 0.01169 0.00911 0.00027 ( 2)  0.295 +-  0.192
  10 W   0.00413 0.03576 0.08297 0.12001 0.13776 0.13839 0.12806 0.11294 0.09845 0.10990 0.03164 ( 6)  0.612 +-  0.292
  11 M   0.01194 0.04141 0.07116 0.09253 0.10529 0.11117 0.11227 0.11077 0.10975 0.13977 0.09393 (10)  0.710 +-  0.433
  12 V   0.00005 0.00318 0.01764 0.04470 0.07748 0.10777 0.13038 0.14423 0.15257 0.19698 0.12502 (10)  0.835 +-  0.403
  13 S   0.00006 0.00355 0.01935 0.04792 0.08124 0.11075 0.13172 0.14366 0.15024 0.19243 0.11908 (10)  0.823 +-  0.395
  14 L   0.00473 0.03663 0.07997 0.11267 0.12899 0.13139 0.12476 0.11382 0.10320 0.11992 0.04394 ( 6)  0.634 +-  0.317
  15 F   0.07656 0.16854 0.19121 0.16676 0.12877 0.09319 0.06518 0.04505 0.03173 0.03012 0.00289 ( 3)  0.381 +-  0.236
  16 W   0.43631 0.17705 0.11488 0.07966 0.05695 0.04147 0.03064 0.02303 0.01790 0.01842 0.00369 ( 1)  0.229 +-  0.241
  17 P   0.66284 0.18307 0.08009 0.03755 0.01823 0.00905 0.00458 0.00237 0.00128 0.00090 0.00003 ( 1)  0.114 +-  0.118
  18 T   0.00011 0.00541 0.02676 0.06165 0.09805 0.12587 0.14119 0.14533 0.14351 0.17404 0.07808 (10)  0.755 +-  0.326
  19 I   0.00000 0.00038 0.00355 0.01293 0.02982 0.05293 0.07969 0.10794 0.13834 0.21478 0.35963 (11)  1.243 +-  0.772
  20 -   0.37719 0.16187 0.11185 0.08305 0.06394 0.05043 0.04060 0.03344 0.02866 0.03272 0.01626 ( 1)  0.293 +-  0.333
  21 -   0.36266 0.15916 0.11228 0.08493 0.06643 0.05310 0.04320 0.03587 0.03089 0.03535 0.01613 ( 1)  0.302 +-  0.329
  22 -   0.31679 0.14632 0.10867 0.08647 0.07109 0.05966 0.05091 0.04427 0.03989 0.04763 0.02828 ( 1)  0.357 +-  0.386
  23 E   0.00036 0.00850 0.03138 0.06253 0.09266 0.11579 0.13003 0.13660 0.13954 0.17700 0.10562 (10)  0.786 +-  0.387
  24 E   0.00000 0.00012 0.00159 0.00715 0.01920 0.03827 0.06316 0.09218 0.12571 0.20593 0.44669 (11)  1.415 +-  0.879
  25 K   0.00009 0.00516 0.02566 0.05881 0.09318 0.11974 0.13525 0.14108 0.14210 0.17695 0.10198 (10)  0.789 +-  0.385
  26 N   0.34972 0.25278 0.16573 0.09918 0.05731 0.03278 0.01883 0.01102 0.00673 0.00557 0.00037 ( 1)  0.207 +-  0.180
  27 T   0.00005 0.00349 0.01949 0.04920 0.08447 0.11580 0.13743 0.14845 0.15267 0.19086 0.09808 (10)  0.796 +-  0.353
  28 V   0.12074 0.22475 0.21700 0.16215 0.10809 0.06813 0.04191 0.02576 0.01633 0.01419 0.00097 ( 2)  0.312 +-  0.207
  29 W   0.43631 0.17705 0.11488 0.07966 0.05695 0.04147 0.03064 0.02303 0.01790 0.01842 0.00369 ( 1)  0.229 +-  0.241
  30 E   0.01247 0.07694 0.13655 0.15811 0.15049 0.12906 0.10455 0.08255 0.06578 0.06935 0.01417 ( 4)  0.514 +-  0.267
  31 D   0.00001 0.00190 0.01439 0.04187 0.07714 0.10952 0.13227 0.14434 0.14978 0.18944 0.13934 (10)  0.876 +-  0.516
  32 M   0.00048 0.00747 0.02741 0.05758 0.09010 0.11749 0.13566 0.14437 0.14732 0.18378 0.08832 (10)  0.770 +-  0.337
  33 I   0.12375 0.23058 0.22170 0.16388 0.10724 0.06578 0.03900 0.02287 0.01368 0.01111 0.00042 ( 2)  0.303 +-  0.198
  34 K   0.39129 0.26059 0.15837 0.08824 0.04755 0.02537 0.01360 0.00741 0.00421 0.00323 0.00014 ( 1)  0.186 +-  0.163
  35 Y   0.00013 0.00713 0.03456 0.07614 0.11488 0.13938 0.14746 0.14304 0.13311 0.15288 0.05131 (10)  0.707 +-  0.293
  36 V   0.01319 0.08201 0.14557 0.16702 0.15607 0.13025 0.10187 0.07715 0.05868 0.05910 0.00909 ( 4)  0.494 +-  0.252
  37 A   0.21029 0.19396 0.16412 0.12672 0.09396 0.06835 0.04939 0.03585 0.02677 0.02678 0.00381 ( 1)  0.318 +-  0.251
  38 N   0.17831 0.27868 0.22644 0.14313 0.08121 0.04387 0.02331 0.01249 0.00697 0.00537 0.00022 ( 2)  0.254 +-  0.176
  39 L   0.51554 0.18625 0.10776 0.06697 0.04313 0.02844 0.01914 0.01316 0.00941 0.00893 0.00127 ( 1)  0.180 +-  0.197
  40 L   0.44512 0.26442 0.14412 0.07286 0.03614 0.01806 0.00924 0.00492 0.00278 0.00217 0.00015 ( 1)  0.164 +-  0.148
  41 K   0.00000 0.00003 0.00055 0.00309 0.01008 0.02373 0.04530 0.07514 0.11474 0.20847 0.51887 (11)  1.522 +-  0.872
  42 Q   0.00060 0.01339 0.04632 0.08604 0.11830 0.13653 0.14102 0.13573 0.12661 0.14696 0.04849 (10)  0.688 +-  0.291
  43 E   0.00152 0.02751 0.07871 0.12289 0.14429 0.14458 0.13187 0.11409 0.09750 0.10696 0.03011 ( 6)  0.615 +-  0.286
  44 L   0.00305 0.02816 0.06931 0.10611 0.12852 0.13574 0.13157 0.12103 0.10955 0.12576 0.04121 ( 6)  0.645 +-  0.300
  45 T   0.00000 0.00011 0.00131 0.00584 0.01576 0.03170 0.05276 0.07743 0.10581 0.17259 0.53668 (11)  1.641 +-  1.043
  46 N   0.00000 0.00014 0.00195 0.00896 0.02407 0.04751 0.07718 0.11052 0.14750 0.23535 0.34684 (11)  1.207 +-  0.700
  47 D   0.00000 0.00023 0.00317 0.01394 0.03556 0.06610 0.10047 0.13377 0.16509 0.24144 0.24023 (10)  1.034 +-  0.560
  48 T   0.00127 0.02453 0.07384 0.12006 0.14530 0.14850 0.13675 0.11825 0.10003 0.10753 0.02393 ( 6)  0.613 +-  0.266
  49 L   0.01245 0.07371 0.12743 0.14629 0.14051 0.12360 0.10423 0.08672 0.07354 0.08278 0.02876 ( 4)  0.547 +-  0.313
  50 N   0.00000 0.00015 0.00138 0.00526 0.01319 0.02585 0.04324 0.06513 0.09270 0.16009 0.59301 (11)  1.718 +-  1.022
  51 R   0.00273 0.02580 0.06523 0.10251 0.12705 0.13669 0.13426 0.12449 0.11293 0.12909 0.03921 ( 6)  0.649 +-  0.292
  52 A   0.70845 0.17311 0.06728 0.02825 0.01238 0.00560 0.00261 0.00125 0.00063 0.00042 0.00001 ( 1)  0.100 +-  0.101
  53 T   0.57443 0.18801 0.09864 0.05581 0.03285 0.01988 0.01232 0.00783 0.00519 0.00457 0.00047 ( 1)  0.150 +-  0.165
  54 S   0.00002 0.00147 0.00888 0.02485 0.04807 0.07516 0.10257 0.12806 0.15271 0.22142 0.23678 (11)  1.015 +-  0.576
  55 N   0.13640 0.23931 0.21871 0.15579 0.09992 0.06126 0.03711 0.02276 0.01459 0.01296 0.00119 ( 2)  0.298 +-  0.205
  56 L   0.26152 0.22181 0.17152 0.12056 0.08118 0.05358 0.03513 0.02318 0.01577 0.01444 0.00132 ( 1)  0.267 +-  0.219
  57 S   0.00017 0.00475 0.02005 0.04479 0.07326 0.09978 0.12085 0.13574 0.14716 0.19620 0.15724 (10)  0.882 +-  0.493
  58 G   0.05861 0.14160 0.17481 0.16471 0.13636 0.10500 0.07752 0.05612 0.04107 0.04005 0.00415 ( 3)  0.416 +-  0.245
  59 L   0.59885 0.18391 0.09219 0.05067 0.02937 0.01768 0.01098 0.00702 0.00470 0.00417 0.00046 ( 1)  0.142 +-  0.160
  60 N   0.00002 0.00151 0.00968 0.02790 0.05447 0.08463 0.11347 0.13805 0.15942 0.22243 0.18841 (10)  0.938 +-  0.486
  61 E   0.01192 0.07532 0.13614 0.15955 0.15278 0.13105 0.10563 0.08261 0.06498 0.06749 0.01254 ( 4)  0.512 +-  0.262
  62 S   0.00174 0.01923 0.05339 0.08960 0.11689 0.13143 0.13442 0.12956 0.12211 0.14449 0.05713 (10)  0.689 +-  0.320
  63 L   0.52872 0.18780 0.10659 0.06486 0.04083 0.02628 0.01722 0.01152 0.00799 0.00734 0.00084 ( 1)  0.172 +-  0.187
  64 N   0.00000 0.00003 0.00058 0.00359 0.01186 0.02735 0.05016 0.07917 0.11456 0.19633 0.51636 (11)  1.562 +-  0.957
  65 I   0.00840 0.05657 0.10909 0.13720 0.14163 0.13140 0.11479 0.09737 0.08301 0.09250 0.02803 ( 5)  0.571 +-  0.298
  66 Y   0.71319 0.17142 0.06578 0.02738 0.01195 0.00542 0.00254 0.00123 0.00063 0.00043 0.00002 ( 1)  0.099 +-  0.100
  67 N   0.61899 0.18616 0.08981 0.04683 0.02546 0.01425 0.00817 0.00481 0.00295 0.00240 0.00016 ( 1)  0.131 +-  0.142
  68 R   0.07308 0.13220 0.15831 0.15177 0.13015 0.10476 0.08134 0.06218 0.04822 0.04972 0.00827 ( 3)  0.433 +-  0.268
  69 A   0.01001 0.06650 0.12563 0.15322 0.15198 0.13441 0.11113 0.08869 0.07080 0.07403 0.01359 ( 4)  0.528 +-  0.262
  70 L   0.33460 0.24968 0.16921 0.10420 0.06148 0.03556 0.02044 0.01183 0.00707 0.00567 0.00026 ( 1)  0.214 +-  0.182
  71 A   0.26151 0.23221 0.18027 0.12375 0.07990 0.04992 0.03072 0.01892 0.01197 0.01020 0.00062 ( 1)  0.255 +-  0.204
  72 A   0.00000 0.00047 0.00455 0.01661 0.03811 0.06672 0.09827 0.12923 0.15962 0.23631 0.25011 (11)  1.040 +-  0.565
  73 W   0.43631 0.17705 0.11488 0.07966 0.05695 0.04147 0.03064 0.02303 0.01790 0.01842 0.00369 ( 1)  0.229 +-  0.241
  74 K   0.00092 0.01827 0.05678 0.09617 0.12253 0.13335 0.13227 0.12452 0.11576 0.13689 0.06254 (10)  0.690 +-  0.344
  75 Q   0.00000 0.00000 0.00002 0.00014 0.00064 0.00200 0.00490 0.01019 0.01903 0.04098 0.92211 (11)  2.377 +-  0.996
  76 -   0.22156 0.11335 0.09308 0.08169 0.07388 0.06803 0.06355 0.06033 0.05919 0.07652 0.08883 ( 1)  0.547 +-  0.620
  77 N   0.00004 0.00257 0.01483 0.03890 0.06974 0.10032 0.12546 0.14331 0.15627 0.20725 0.14131 (10)  0.860 +-  0.413
  78 K   0.00000 0.00087 0.00763 0.02551 0.05371 0.08652 0.11761 0.14314 0.16400 0.22563 0.17538 (10)  0.922 +-  0.452
  79 N   0.00053 0.01198 0.04196 0.07896 0.11016 0.12937 0.13647 0.13473 0.12954 0.15560 0.07072 (10)  0.723 +-  0.340
  80 N   0.00000 0.00010 0.00126 0.00569 0.01586 0.03318 0.05763 0.08844 0.12646 0.21659 0.45479 (11)  1.407 +-  0.836
  81 F   0.00113 0.01309 0.03791 0.06654 0.09145 0.10926 0.11985 0.12505 0.12869 0.16698 0.14006 (10)  0.834 +-  0.515
  82 A   0.00129 0.01258 0.03410 0.05909 0.08238 0.10121 0.11484 0.12411 0.13210 0.17644 0.16187 (10)  0.873 +-  0.547
  83 S   0.00257 0.02268 0.05570 0.08741 0.11044 0.12314 0.12699 0.12492 0.12125 0.14875 0.07615 (10)  0.712 +-  0.367
  84 -   0.22156 0.11335 0.09308 0.08169 0.07388 0.06803 0.06355 0.06033 0.05919 0.07652 0.08883 ( 1)  0.547 +-  0.620
  85 -   0.36944 0.16056 0.11222 0.08417 0.06535 0.05190 0.04200 0.03471 0.02979 0.03401 0.01585 ( 1)  0.297 +-  0.329
  86 G   0.07705 0.16887 0.19083 0.16597 0.12798 0.09267 0.06500 0.04518 0.03211 0.03085 0.00349 ( 3)  0.382 +-  0.239
  87 E   0.00057 0.01246 0.04269 0.07927 0.10989 0.12884 0.13611 0.13478 0.13003 0.15660 0.06876 (10)  0.720 +-  0.330
  88 L   0.00013 0.00366 0.01567 0.03598 0.06105 0.08682 0.11025 0.13013 0.14842 0.20809 0.19980 (10)  0.947 +-  0.533
  89 I   0.00128 0.02415 0.07170 0.11577 0.14009 0.14415 0.13453 0.11862 0.10291 0.11391 0.03288 ( 6)  0.629 +-  0.287
  90 R   0.25204 0.21714 0.17073 0.12209 0.08368 0.05622 0.03753 0.02521 0.01745 0.01626 0.00164 ( 1)  0.275 +-  0.225
  91 S   0.00000 0.00005 0.00064 0.00314 0.00940 0.02099 0.03871 0.06282 0.09474 0.17146 0.59804 (11)  1.707 +-  0.983
  92 Y   0.00004 0.00254 0.01512 0.04041 0.07316 0.10540 0.13112 0.14810 0.15884 0.20607 0.11921 (10)  0.829 +-  0.365
  93 I   0.38656 0.26359 0.16197 0.09004 0.04777 0.02477 0.01272 0.00656 0.00348 0.00247 0.00006 ( 1)  0.185 +-  0.158
  94 N   0.00000 0.00043 0.00401 0.01435 0.03262 0.05722 0.08525 0.11433 0.14502 0.22248 0.32429 (11)  1.174 +-  0.710
  95 D   0.00423 0.03365 0.07514 0.10797 0.12579 0.13018 0.12542 0.11600 0.10654 0.12520 0.04987 ( 6)  0.648 +-  0.326
  96 L   0.70570 0.17422 0.06820 0.02874 0.01259 0.00567 0.00262 0.00124 0.00061 0.00040 0.00001 ( 1)  0.101 +-  0.101
  97 H   0.69241 0.17705 0.07190 0.03145 0.01431 0.00670 0.00321 0.00158 0.00082 0.00055 0.00002 ( 1)  0.105 +-  0.107
  98 I   0.02381 0.06434 0.09271 0.10687 0.11195 0.11129 0.10712 0.10135 0.09663 0.11923 0.06469 (10)  0.633 +-  0.392
  99 L   0.00000 0.00006 0.00074 0.00346 0.00996 0.02142 0.03813 0.05987 0.08750 0.15336 0.62551 (11)  1.792 +-  1.042
 100 F   0.76629 0.15536 0.05013 0.01757 0.00647 0.00248 0.00099 0.00041 0.00018 0.00011 0.00000 ( 1)  0.086 +-  0.079
 101 T   0.00000 0.00030 0.00225 0.00773 0.01803 0.03351 0.05381 0.07848 0.10880 0.18386 0.51323 (11)  1.539 +-  0.938
 102 R   0.00000 0.00000 0.00003 0.00021 0.00096 0.00297 0.00720 0.01474 0.02719 0.05874 0.88796 (11)  2.302 +-  1.004
 103 D   0.00024 0.01192 0.05090 0.09979 0.13540 0.14933 0.14523 0.13099 0.11470 0.12633 0.03515 ( 6)  0.658 +-  0.276
 104 I   0.76100 0.15655 0.05164 0.01865 0.00713 0.00287 0.00121 0.00053 0.00025 0.00016 0.00001 ( 1)  0.087 +-  0.082
 105 Q   0.07781 0.16207 0.17813 0.15460 0.12192 0.09232 0.06902 0.05194 0.04043 0.04267 0.00909 ( 3)  0.406 +-  0.268
 106 S   0.00002 0.00124 0.00785 0.02252 0.04424 0.06981 0.09592 0.12056 0.14493 0.21246 0.28046 (11)  1.103 +-  0.692
 107 D   0.07826 0.16563 0.18349 0.15898 0.12400 0.09211 0.06711 0.04899 0.03689 0.03772 0.00682 ( 3)  0.395 +-  0.257
 108 F   0.54818 0.18866 0.10375 0.06123 0.03740 0.02337 0.01487 0.00966 0.00651 0.00581 0.00057 ( 1)  0.162 +-  0.176
 109 S   0.00235 0.02073 0.05116 0.08108 0.10392 0.11795 0.12416 0.12495 0.12425 0.15612 0.09333 (10)  0.742 +-  0.401
 110 L   0.00771 0.05291 0.10404 0.13340 0.14025 0.13230 0.11723 0.10057 0.08642 0.09658 0.02859 ( 5)  0.579 +-  0.296
 111 G   0.00000 0.00002 0.00031 0.00182 0.00625 0.01549 0.03116 0.05449 0.08779 0.16944 0.63323 (11)  1.748 +-  0.948
 112 G   0.00491 0.04068 0.09171 0.12950 0.14512 0.14197 0.12751 0.10872 0.09128 0.09809 0.02051 ( 5)  0.585 +-  0.269
 113 Y   0.70010 0.17442 0.06944 0.02999 0.01358 0.00638 0.00310 0.00156 0.00083 0.00058 0.00002 ( 1)  0.103 +-  0.105
 114 E   0.39567 0.25789 0.15535 0.08681 0.04740 0.02585 0.01425 0.00804 0.00474 0.00379 0.00022 ( 1)  0.186 +-  0.166
 115 T   0.00004 0.00257 0.01468 0.03808 0.06753 0.09620 0.11948 0.13602 0.14852 0.19858 0.17831 (10)  0.929 +-  0.555
 116 V   0.46222 0.26545 0.13979 0.06829 0.03274 0.01581 0.00781 0.00400 0.00218 0.00163 0.00009 ( 1)  0.157 +-  0.141
 117 L   0.63818 0.18503 0.08564 0.04275 0.02223 0.01191 0.00655 0.00370 0.00219 0.00172 0.00010 ( 1)  0.123 +-  0.132
 118 L   0.62252 0.18610 0.08902 0.04599 0.02478 0.01377 0.00786 0.00462 0.00284 0.00232 0.00018 ( 1)  0.130 +-  0.141
 119 P   0.66288 0.18308 0.08010 0.03756 0.01822 0.00904 0.00457 0.00236 0.00127 0.00089 0.00003 ( 1)  0.114 +-  0.118
 120 S   0.19936 0.18918 0.16369 0.12858 0.09661 0.07103 0.05178 0.03790 0.02853 0.02881 0.00453 ( 1)  0.328 +-  0.256
 121 Y   0.69312 0.17588 0.07136 0.03141 0.01449 0.00693 0.00342 0.00175 0.00094 0.00067 0.00003 ( 1)  0.105 +-  0.108
 122 A   0.08136 0.17614 0.19622 0.16780 0.12691 0.08992 0.06158 0.04172 0.02885 0.02697 0.00253 ( 3)  0.370 +-  0.231
 123 S   0.11888 0.22488 0.21947 0.16470 0.10949 0.06831 0.04126 0.02470 0.01512 0.01259 0.00059 ( 2)  0.310 +-  0.202
 124 A   0.25073 0.21220 0.16575 0.11919 0.08313 0.05747 0.03987 0.02806 0.02049 0.02020 0.00291 ( 1)  0.285 +-  0.237
 125 A   0.49308 0.18510 0.11100 0.07122 0.04718 0.03189 0.02191 0.01533 0.01111 0.01067 0.00150 ( 1)  0.191 +-  0.207
 126 N   0.49081 0.26611 0.13205 0.06071 0.02733 0.01234 0.00567 0.00269 0.00135 0.00092 0.00003 ( 1)  0.146 +-  0.129
 127 L   0.31989 0.24582 0.17129 0.10820 0.06533 0.03859 0.02261 0.01331 0.00807 0.00657 0.00031 ( 1)  0.222 +-  0.188
 128 H   0.73285 0.16666 0.06021 0.02351 0.00959 0.00404 0.00175 0.00079 0.00037 0.00023 0.00000 ( 1)  0.094 +-  0.091
 129 L   0.59641 0.18796 0.09471 0.05142 0.02903 0.01686 0.01002 0.00612 0.00390 0.00330 0.00028 ( 1)  0.140 +-  0.153
 130 L   0.20536 0.19169 0.16374 0.12738 0.09504 0.06952 0.05050 0.03687 0.02770 0.02791 0.00430 ( 1)  0.323 +-  0.254
 131 L   0.61752 0.18620 0.08995 0.04698 0.02562 0.01443 0.00836 0.00499 0.00312 0.00261 0.00023 ( 1)  0.132 +-  0.144
 132 L   0.60471 0.18786 0.09320 0.04977 0.02761 0.01574 0.00918 0.00549 0.00342 0.00283 0.00021 ( 1)  0.136 +-  0.148
 133 R   0.56202 0.18985 0.10207 0.05871 0.03486 0.02112 0.01301 0.00816 0.00530 0.00455 0.00035 ( 1)  0.154 +-  0.167
 134 D   0.73117 0.16584 0.06042 0.02406 0.01013 0.00447 0.00205 0.00099 0.00051 0.00035 0.00001 ( 1)  0.095 +-  0.094
 135 V   0.41206 0.26105 0.15210 0.08209 0.04334 0.02292 0.01232 0.00681 0.00397 0.00315 0.00019 ( 1)  0.178 +-  0.160
 136 A   0.00116 0.02195 0.06534 0.10638 0.13057 0.13712 0.13143 0.11979 0.10810 0.12489 0.05328 ( 6)  0.666 +-  0.338
 137 I   0.42253 0.26163 0.14930 0.07917 0.04120 0.02155 0.01150 0.00633 0.00368 0.00292 0.00019 ( 1)  0.174 +-  0.157
 138 Y   0.26849 0.22130 0.16808 0.11728 0.07916 0.05280 0.03523 0.02377 0.01660 0.01562 0.00167 ( 1)  0.267 +-  0.223
 139 G   0.67346 0.18092 0.07715 0.03535 0.01681 0.00820 0.00409 0.00209 0.00111 0.00078 0.00002 ( 1)  0.111 +-  0.114
 140 K   0.00596 0.04834 0.10377 0.13853 0.14719 0.13770 0.11963 0.09999 0.08349 0.09084 0.02456 ( 5)  0.573 +-  0.287
 141 E   0.00132 0.02436 0.07121 0.11389 0.13728 0.14148 0.13290 0.11847 0.10428 0.11734 0.03747 ( 6)  0.636 +-  0.295
 142 -   0.25649 0.12678 0.10061 0.08535 0.07465 0.06650 0.06010 0.05524 0.05249 0.06587 0.05591 ( 1)  0.453 +-  0.493
 143 -   0.22943 0.11651 0.09498 0.08275 0.07430 0.06794 0.06300 0.05939 0.05785 0.07430 0.07954 ( 1)  0.521 +-  0.584
 144 -   0.24563 0.12282 0.09858 0.08457 0.07477 0.06732 0.06148 0.05709 0.05478 0.06938 0.06358 ( 1)  0.476 +-  0.521
 145 -   0.25596 0.12659 0.10052 0.08533 0.07467 0.06655 0.06018 0.05534 0.05261 0.06604 0.05619 ( 1)  0.454 +-  0.494
 146 -   0.25021 0.12454 0.09951 0.08498 0.07480 0.06705 0.06097 0.05637 0.05386 0.06794 0.05978 ( 1)  0.465 +-  0.505
 147 -   0.25649 0.12678 0.10061 0.08535 0.07465 0.06650 0.06010 0.05524 0.05249 0.06587 0.05591 ( 1)  0.453 +-  0.493
 148 -   0.26152 0.12863 0.10157 0.08574 0.07462 0.06614 0.05949 0.05441 0.05145 0.06427 0.05216 ( 1)  0.442 +-  0.478
 149 -   0.22870 0.11623 0.09482 0.08266 0.07427 0.06795 0.06306 0.05948 0.05798 0.07452 0.08033 ( 1)  0.523 +-  0.587
 150 L   0.60732 0.18680 0.09209 0.04907 0.02729 0.01566 0.00924 0.00562 0.00358 0.00304 0.00029 ( 1)  0.136 +-  0.149
 151 G   0.09718 0.20009 0.21134 0.17050 0.12097 0.07992 0.05070 0.03159 0.01996 0.01698 0.00077 ( 3)  0.337 +-  0.212
 152 Y   0.40141 0.26085 0.15528 0.08517 0.04545 0.02417 0.01299 0.00715 0.00412 0.00323 0.00017 ( 1)  0.182 +-  0.162
 153 P   0.00000 0.00001 0.00018 0.00131 0.00502 0.01326 0.02758 0.04893 0.07893 0.15071 0.67407 (11)  1.864 +-  1.014
 154 S   0.00001 0.00081 0.00575 0.01826 0.03896 0.06575 0.09525 0.12466 0.15431 0.23020 0.26605 (11)  1.068 +-  0.610
 155 T   0.00000 0.00001 0.00016 0.00093 0.00330 0.00859 0.01811 0.03304 0.05510 0.10867 0.77210 (11)  2.085 +-  1.063
 156 D   0.00001 0.00105 0.00704 0.02132 0.04388 0.07195 0.10191 0.13098 0.15972 0.23508 0.22706 (10)  0.992 +-  0.507
 157 V   0.21103 0.19485 0.16453 0.12655 0.09342 0.06771 0.04881 0.03545 0.02655 0.02675 0.00435 ( 1)  0.318 +-  0.253
 158 E   0.00001 0.00157 0.01215 0.03630 0.06919 0.10216 0.12873 0.14673 0.15885 0.20850 0.13580 (10)  0.856 +-  0.398
 159 F   0.00013 0.00714 0.03470 0.07648 0.11529 0.13966 0.14751 0.14288 0.13286 0.15259 0.05078 (10)  0.705 +-  0.289
 160 Y   0.71655 0.17061 0.06483 0.02672 0.01155 0.00518 0.00240 0.00116 0.00059 0.00040 0.00001 ( 1)  0.098 +-  0.098
 161 Y   0.10336 0.20509 0.21042 0.16642 0.11688 0.07719 0.04945 0.03144 0.02046 0.01809 0.00119 ( 3)  0.334 +-  0.215
 162 N   0.00001 0.00076 0.00587 0.01913 0.04080 0.06788 0.09640 0.12361 0.15032 0.22170 0.27353 (11)  1.080 +-  0.628
 163 E   0.71818 0.16943 0.06419 0.02654 0.01157 0.00527 0.00249 0.00123 0.00064 0.00045 0.00002 ( 1)  0.098 +-  0.099
 164 Q   0.03892 0.10413 0.14184 0.14768 0.13538 0.11569 0.09499 0.07662 0.06253 0.06743 0.01480 ( 4)  0.489 +-  0.282
 165 K   0.01350 0.05616 0.10117 0.12853 0.13686 0.13135 0.11814 0.10236 0.08825 0.09817 0.02552 ( 5)  0.575 +-  0.289
 166 Y   0.00000 0.00000 0.00000 0.00001 0.00008 0.00035 0.00109 0.00273 0.00591 0.01374 0.97609 (11)  2.472 +-  0.953
 167 Y   0.37966 0.25844 0.16056 0.09140 0.05031 0.02742 0.01501 0.00836 0.00485 0.00381 0.00019 ( 1)  0.192 +-  0.168
 168 T   0.06600 0.15193 0.18017 0.16423 0.13243 0.09995 0.07279 0.05229 0.03822 0.03748 0.00451 ( 3)  0.405 +-  0.246
 169 E   0.00115 0.02217 0.06694 0.11005 0.13570 0.14237 0.13546 0.12170 0.10743 0.12053 0.03650 ( 6)  0.641 +-  0.290
 170 K   0.00000 0.00025 0.00265 0.01052 0.02609 0.04922 0.07795 0.10995 0.14541 0.23069 0.34726 (11)  1.211 +-  0.718
 171 Y   0.36641 0.25627 0.16336 0.09518 0.05347 0.02966 0.01647 0.00927 0.00542 0.00429 0.00021 ( 1)  0.198 +-  0.172
 172 S   0.24556 0.21140 0.16720 0.12114 0.08472 0.05847 0.04035 0.02817 0.02037 0.01988 0.00273 ( 1)  0.286 +-  0.236
 173 N   0.02296 0.12183 0.18718 0.18747 0.15422 0.11428 0.08007 0.05482 0.03807 0.03567 0.00344 ( 4)  0.429 +-  0.228
 174 Y   0.01696 0.09978 0.16780 0.18187 0.15999 0.12526 0.09158 0.06460 0.04564 0.04284 0.00368 ( 4)  0.455 +-  0.231
 175 C   0.61371 0.18800 0.09165 0.04795 0.02600 0.01445 0.00819 0.00475 0.00287 0.00229 0.00014 ( 1)  0.132 +-  0.142
 176 V   0.01190 0.07502 0.13526 0.15831 0.15160 0.13026 0.10540 0.08293 0.06578 0.06905 0.01450 ( 4)  0.516 +-  0.268
 177 N   0.00199 0.03445 0.09416 0.14017 0.15654 0.14884 0.12855 0.10513 0.08485 0.08839 0.01694 ( 5)  0.575 +-  0.258
 178 T   0.22647 0.20556 0.16973 0.12694 0.09062 0.06315 0.04356 0.03011 0.02137 0.02033 0.00216 ( 1)  0.296 +-  0.235
 179 Y   0.40296 0.17005 0.11496 0.08311 0.06198 0.04711 0.03636 0.02856 0.02321 0.02500 0.00670 ( 1)  0.256 +-  0.267
 180 K   0.18306 0.28020 0.22403 0.14024 0.07940 0.04318 0.02332 0.01282 0.00741 0.00597 0.00036 ( 2)  0.253 +-  0.178
 181 S   0.00004 0.00291 0.01640 0.04192 0.07334 0.10314 0.12643 0.14196 0.15268 0.20068 0.14049 (10)  0.858 +-  0.429
 182 G   0.01334 0.08389 0.15012 0.17263 0.16056 0.13234 0.10136 0.07446 0.05441 0.05222 0.00466 ( 4)  0.481 +-  0.236
 183 L   0.56749 0.18843 0.10012 0.05725 0.03400 0.02073 0.01292 0.00825 0.00549 0.00484 0.00049 ( 1)  0.153 +-  0.168
 184 E   0.00191 0.03289 0.08959 0.13355 0.15024 0.14485 0.12774 0.10740 0.08969 0.09698 0.02515 ( 5)  0.593 +-  0.278
 185 S   0.00495 0.03866 0.08458 0.11870 0.13461 0.13515 0.12592 0.11232 0.09926 0.11236 0.03348 ( 6)  0.613 +-  0.294
 186 K   0.01133 0.07301 0.13407 0.15915 0.15384 0.13275 0.10726 0.08379 0.06561 0.06760 0.01159 ( 4)  0.514 +-  0.258
 187 K   0.74866 0.16028 0.05527 0.02092 0.00841 0.00355 0.00157 0.00073 0.00036 0.00024 0.00001 ( 1)  0.090 +-  0.088
 188 Q   0.00752 0.05368 0.10824 0.14032 0.14730 0.13722 0.11892 0.09894 0.08185 0.08773 0.01828 ( 5)  0.559 +-  0.270
 189 I   0.43662 0.26436 0.14673 0.07534 0.03782 0.01903 0.00975 0.00515 0.00287 0.00220 0.00012 ( 1)  0.167 +-  0.149
 190 G   0.07971 0.17455 0.19633 0.16910 0.12842 0.09107 0.06218 0.04181 0.02857 0.02627 0.00198 ( 3)  0.370 +-  0.229
 191 W   0.43631 0.17705 0.11488 0.07966 0.05695 0.04147 0.03064 0.02303 0.01790 0.01842 0.00369 ( 1)  0.229 +-  0.241
 192 S   0.00021 0.00560 0.02251 0.04855 0.07738 0.10339 0.12349 0.13727 0.14766 0.19573 0.13821 (10)  0.843 +-  0.421
 193 D   0.00004 0.00268 0.01556 0.04082 0.07294 0.10419 0.12899 0.14550 0.15635 0.20406 0.12885 (10)  0.842 +-  0.393
 194 F   0.55240 0.18936 0.10346 0.06053 0.03659 0.02260 0.01419 0.00909 0.00603 0.00529 0.00047 ( 1)  0.159 +-  0.173
 195 N   0.46148 0.26551 0.14013 0.06859 0.03292 0.01587 0.00780 0.00396 0.00212 0.00155 0.00007 ( 1)  0.157 +-  0.141
 196 R   0.02872 0.08426 0.12445 0.13925 0.13597 0.12265 0.10534 0.08805 0.07376 0.08050 0.01706 ( 4)  0.522 +-  0.281
 197 Y   0.71655 0.17061 0.06483 0.02672 0.01155 0.00518 0.00240 0.00116 0.00059 0.00040 0.00001 ( 1)  0.098 +-  0.098
 198 R   0.62643 0.18773 0.08919 0.04534 0.02380 0.01275 0.00695 0.00386 0.00222 0.00168 0.00007 ( 1)  0.126 +-  0.134
 199 R   0.67935 0.17896 0.07525 0.03421 0.01624 0.00795 0.00400 0.00208 0.00112 0.00081 0.00003 ( 1)  0.109 +-  0.113
 200 E   0.00002 0.00177 0.01206 0.03448 0.06462 0.09501 0.12006 0.13794 0.15130 0.20263 0.18011 (10)  0.931 +-  0.531
 201 M   0.73441 0.16688 0.05988 0.02307 0.00922 0.00378 0.00159 0.00068 0.00030 0.00018 0.00000 ( 1)  0.093 +-  0.089
 202 T   0.70170 0.17379 0.06891 0.02971 0.01346 0.00633 0.00309 0.00156 0.00084 0.00059 0.00003 ( 1)  0.103 +-  0.105
 203 L   0.52335 0.18750 0.10732 0.06584 0.04178 0.02709 0.01789 0.01206 0.00843 0.00781 0.00094 ( 1)  0.175 +-  0.190
 204 S   0.00533 0.04032 0.08577 0.11758 0.13104 0.13023 0.12111 0.10880 0.09776 0.11366 0.04839 ( 5)  0.632 +-  0.343
 205 V   0.40428 0.26155 0.15480 0.08434 0.04468 0.02358 0.01259 0.00689 0.00397 0.00312 0.00019 ( 1)  0.181 +-  0.161
 206 L   0.63287 0.18533 0.08675 0.04385 0.02311 0.01256 0.00701 0.00403 0.00242 0.00194 0.00013 ( 1)  0.125 +-  0.135
 207 D   0.79736 0.14240 0.04075 0.01279 0.00427 0.00150 0.00056 0.00022 0.00009 0.00005 0.00000 ( 1)  0.079 +-  0.069
 208 I   0.01474 0.08701 0.14852 0.16586 0.15255 0.12660 0.09933 0.07601 0.05876 0.06035 0.01027 ( 4)  0.492 +-  0.256
 209 V   0.36558 0.25462 0.16226 0.09495 0.05386 0.03033 0.01719 0.00994 0.00601 0.00493 0.00032 ( 1)  0.200 +-  0.176
 210 A   0.35779 0.25551 0.16570 0.09780 0.05543 0.03087 0.01714 0.00961 0.00558 0.00437 0.00019 ( 1)  0.201 +-  0.173
 211 L   0.26201 0.22171 0.17117 0.12022 0.08097 0.05351 0.03516 0.02328 0.01591 0.01464 0.00141 ( 1)  0.267 +-  0.220
 212 F   0.61345 0.18703 0.09114 0.04789 0.02620 0.01476 0.00853 0.00507 0.00315 0.00260 0.00020 ( 1)  0.133 +-  0.145
 213 P   0.66284 0.18307 0.08009 0.03755 0.01823 0.00905 0.00458 0.00237 0.00128 0.00090 0.00003 ( 1)  0.114 +-  0.118
 214 L   0.00122 0.01167 0.03110 0.05341 0.07445 0.09218 0.10612 0.11700 0.12757 0.17510 0.21020 (11)  0.966 +-  0.673

Positively selected sites

	Prob(w>1)  mean w

    41 K      0.519         1.522 +- 0.872
    45 T      0.537         1.641 +- 1.043
    50 N      0.593         1.718 +- 1.022
    64 N      0.516         1.562 +- 0.957
    75 Q      0.922         2.377 +- 0.996
    91 S      0.598         1.707 +- 0.983
    99 L      0.626         1.792 +- 1.042
   101 T      0.513         1.539 +- 0.938
   102 R      0.888         2.302 +- 1.004
   111 G      0.633         1.748 +- 0.948
   153 P      0.674         1.864 +- 1.014
   155 T      0.772         2.085 +- 1.063
   166 Y      0.976*        2.472 +- 0.953

