Supplemental results for CODEML (seqf: algn  treef: tree)


dN/dS (w) for site classes (K=2)

p:   0.67732  0.32268
w:   0.16303  1.00000

Naive Empirical Bayes (NEB) probabilities for 2 classes & postmean_w
(amino acids refer to 1st sequence: BT_Cry19Aa1)

   1 E   0.00398 0.99602 ( 2)  0.997
   2 V   0.99994 0.00006 ( 1)  0.163
   3 K   0.99814 0.00186 ( 1)  0.165
   4 T   0.49632 0.50368 ( 2)  0.585
   5 E   1.00000 0.00000 ( 1)  0.163
   6 L   0.99981 0.00019 ( 1)  0.163
   7 T   0.99999 0.00001 ( 1)  0.163
   8 R   1.00000 0.00000 ( 1)  0.163
   9 E   0.99990 0.00010 ( 1)  0.163
  10 I   1.00000 0.00000 ( 1)  0.163
  11 Y   0.99992 0.00008 ( 1)  0.163
  12 S   0.99954 0.00046 ( 1)  0.163
  13 D   1.00000 0.00000 ( 1)  0.163
  14 V   0.99966 0.00034 ( 1)  0.163
  15 I   0.99986 0.00014 ( 1)  0.163
  16 N   1.00000 0.00000 ( 1)  0.163
  17 G   0.12348 0.87652 ( 2)  0.897
  18 E   0.28885 0.71115 ( 2)  0.758
  19 I   0.56662 0.43338 ( 1)  0.526
  20 Y   0.57821 0.42179 ( 1)  0.516
  21 G   0.96636 0.03364 ( 1)  0.191
  22 L   0.04452 0.95548 ( 2)  0.963
  23 M   0.07817 0.92183 ( 2)  0.935
  24 -   0.96101 0.03899 ( 1)  0.196
  25 -   0.96994 0.03006 ( 1)  0.188
  26 -   0.98073 0.01927 ( 1)  0.179
  27 -   0.80754 0.19246 ( 1)  0.324
  28 -   0.45195 0.54805 ( 2)  0.622
  29 -   0.99011 0.00989 ( 1)  0.171
  30 -   0.49769 0.50231 ( 2)  0.583
  31 T   0.30917 0.69083 ( 2)  0.741
  32 P   0.79813 0.20187 ( 1)  0.332
  33 Y   0.26702 0.73298 ( 2)  0.777
  34 F   0.00019 0.99981 ( 2)  1.000
  35 S   0.07902 0.92098 ( 2)  0.934
  36 F   0.99704 0.00296 ( 1)  0.166
  37 E   0.00043 0.99957 ( 2)  1.000
  38 K   0.01574 0.98426 ( 2)  0.987
  39 A   0.98498 0.01502 ( 1)  0.176
  40 E   1.00000 0.00000 ( 1)  0.163
  41 S   0.99302 0.00698 ( 1)  0.169
  42 L   0.98543 0.01457 ( 1)  0.175
  43 Y   0.99978 0.00022 ( 1)  0.163
  44 T   0.99982 0.00018 ( 1)  0.163
  45 R   0.98507 0.01493 ( 1)  0.176
  46 A   0.02272 0.97728 ( 2)  0.981
  47 P   1.00000 0.00000 ( 1)  0.163
  48 H   0.99368 0.00632 ( 1)  0.168
  49 L   0.99642 0.00358 ( 1)  0.166
  50 F   0.99972 0.00028 ( 1)  0.163
  51 T   0.99988 0.00012 ( 1)  0.163
  52 W   0.99971 0.00029 ( 1)  0.163
  53 L   0.99932 0.00068 ( 1)  0.164
  54 K   0.94611 0.05389 ( 1)  0.208
  55 G   0.94444 0.05556 ( 1)  0.210
  56 F   0.99941 0.00059 ( 1)  0.164
  57 R   0.12968 0.87032 ( 2)  0.891
  58 F   1.00000 0.00000 ( 1)  0.163
  59 V   0.78651 0.21349 ( 1)  0.342
  60 T   0.98384 0.01616 ( 1)  0.177
  61 N   0.99985 0.00015 ( 1)  0.163
  62 S   0.00001 0.99999 ( 2)  1.000
  63 I   0.99548 0.00452 ( 1)  0.167
  64 S   0.02848 0.97152 ( 2)  0.976
  65 -   0.00409 0.99591 ( 2)  0.997
  66 -   0.99450 0.00550 ( 1)  0.168
  67 -   0.06357 0.93643 ( 2)  0.947
  68 -   0.17637 0.82363 ( 2)  0.852
  69 -   0.20963 0.79037 ( 2)  0.825
  70 -   0.00277 0.99723 ( 2)  0.998
  71 Y   0.00074 0.99926 ( 2)  0.999
  72 W   0.12109 0.87891 ( 2)  0.899
  73 T   0.54857 0.45143 ( 1)  0.541
  74 F   0.99566 0.00434 ( 1)  0.167
  75 L   0.99973 0.00027 ( 1)  0.163
  76 S   0.99563 0.00437 ( 1)  0.167
  77 G   0.99997 0.00003 ( 1)  0.163
  78 G   0.00085 0.99915 ( 2)  0.999
  79 Q   0.11763 0.88237 ( 2)  0.902
  80 N   0.99996 0.00004 ( 1)  0.163
  81 K   0.94424 0.05576 ( 1)  0.210
  82 Y   0.99724 0.00276 ( 1)  0.165
  83 S   0.94662 0.05338 ( 1)  0.208
  84 Y   0.18853 0.81147 ( 2)  0.842
  85 T   0.99935 0.00065 ( 1)  0.164
  86 N   0.00095 0.99905 ( 2)  0.999
  87 N   0.00007 0.99993 ( 2)  1.000
  88 -   0.67732 0.32268 ( 1)  0.433
  89 S   0.00709 0.99291 ( 2)  0.994
  90 S   0.00052 0.99948 ( 2)  1.000
  91 I   0.94790 0.05210 ( 1)  0.207
  92 N   0.00043 0.99957 ( 2)  1.000
  93 E   0.00834 0.99166 ( 2)  0.993
  94 G   0.97090 0.02910 ( 1)  0.187
  95 S   0.99549 0.00451 ( 1)  0.167
  96 F   0.99744 0.00256 ( 1)  0.165
  97 R   0.00000 1.00000 ( 2)  1.000
  98 G   0.99753 0.00247 ( 1)  0.165
  99 Q   0.01472 0.98528 ( 2)  0.988
 100 D   0.67821 0.32179 ( 1)  0.432
 101 T   0.77968 0.22032 ( 1)  0.347
 102 D   0.08507 0.91493 ( 2)  0.929
 103 Y   0.99744 0.00256 ( 1)  0.165
 104 G   0.99994 0.00006 ( 1)  0.163
 105 G   0.83514 0.16486 ( 1)  0.301
 106 T   0.89740 0.10260 ( 1)  0.249
 107 S   0.28925 0.71075 ( 2)  0.758
 108 S   0.99929 0.00071 ( 1)  0.164
 109 T   0.01295 0.98705 ( 2)  0.989
 110 I   0.50654 0.49346 ( 1)  0.576
 111 N   0.05128 0.94872 ( 2)  0.957
 112 I   0.97263 0.02737 ( 1)  0.186
 113 P   0.00455 0.99545 ( 2)  0.996
 114 S   0.00003 0.99997 ( 2)  1.000
 115 N   0.00000 1.00000 ( 2)  1.000
 116 S   0.00017 0.99983 ( 2)  1.000
 117 Y   0.15010 0.84990 ( 2)  0.874
 118 V   0.68727 0.31273 ( 1)  0.425
 119 Y   0.99997 0.00003 ( 1)  0.163
 120 N   0.99491 0.00509 ( 1)  0.167
 121 L   0.99910 0.00090 ( 1)  0.164
 122 W   0.83334 0.16666 ( 1)  0.303
 123 T   0.15813 0.84187 ( 2)  0.868
 124 E   0.99991 0.00009 ( 1)  0.163
 125 N   0.99860 0.00140 ( 1)  0.164
 126 Y   0.99519 0.00481 ( 1)  0.167
 127 E   0.99544 0.00456 ( 1)  0.167
 128 Y   0.00004 0.99996 ( 2)  1.000
 129 I   0.94148 0.05852 ( 1)  0.212
 130 Y   0.80643 0.19357 ( 1)  0.325
 131 P   0.99685 0.00315 ( 1)  0.166
 132 W   0.00399 0.99601 ( 2)  0.997
 133 G   0.00045 0.99955 ( 2)  1.000
 134 D   0.84474 0.15526 ( 1)  0.293
 135 P   0.40380 0.59620 ( 2)  0.662
 136 V   0.07089 0.92911 ( 2)  0.941
 137 N   0.99955 0.00045 ( 1)  0.163
 138 -   0.74169 0.25831 ( 1)  0.379
 139 -   0.94462 0.05538 ( 1)  0.209
 140 -   0.25772 0.74228 ( 2)  0.784
 141 -   0.81184 0.18816 ( 1)  0.321
 142 -   0.07941 0.92059 ( 2)  0.934
 143 -   0.96994 0.03006 ( 1)  0.188
 144 -   0.23335 0.76665 ( 2)  0.805
 145 -   0.64248 0.35752 ( 1)  0.462
 146 -   0.98805 0.01195 ( 1)  0.173
 147 I   0.99992 0.00008 ( 1)  0.163
 148 T   0.00016 0.99984 ( 2)  1.000
 149 K   0.67472 0.32528 ( 1)  0.435
 150 M   0.87113 0.12887 ( 1)  0.271
 151 N   0.99050 0.00950 ( 1)  0.171
 152 F   0.99999 0.00001 ( 1)  0.163
 153 S   0.04570 0.95430 ( 2)  0.962
 154 V   0.45008 0.54992 ( 2)  0.623
 155 T   0.99569 0.00431 ( 1)  0.167
 156 D   0.65244 0.34756 ( 1)  0.454
 157 N   0.99979 0.00021 ( 1)  0.163
 158 -   0.67732 0.32268 ( 1)  0.433
 159 N   1.00000 0.00000 ( 1)  0.163
 160 S   0.00000 1.00000 ( 2)  1.000
 161 S   0.98649 0.01351 ( 1)  0.174
 162 K   0.00002 0.99998 ( 2)  1.000
 163 E   0.96894 0.03106 ( 1)  0.189
 164 L   0.00022 0.99978 ( 2)  1.000
 165 I   0.01936 0.98064 ( 2)  0.984
 166 Y   1.00000 0.00000 ( 1)  0.163
 167 G   0.99961 0.00039 ( 1)  0.163
 168 -   0.57378 0.42622 ( 1)  0.520
 169 -   0.47191 0.52809 ( 2)  0.605
 170 A   0.10936 0.89064 ( 2)  0.908
 171 H   0.00059 0.99941 ( 2)  1.000
 172 R   0.00359 0.99641 ( 2)  0.997
 173 T   0.11570 0.88430 ( 2)  0.903
 174 N   0.99994 0.00006 ( 1)  0.163
 175 K   0.12696 0.87304 ( 2)  0.894
 176 P   0.99998 0.00002 ( 1)  0.163
 177 V   0.99728 0.00272 ( 1)  0.165
 178 V   0.99956 0.00044 ( 1)  0.163
 179 R   0.85769 0.14231 ( 1)  0.282
 180 T   0.75918 0.24082 ( 1)  0.365
 181 D   0.94196 0.05804 ( 1)  0.212
 182 F   0.98161 0.01839 ( 1)  0.178
 183 D   0.98233 0.01767 ( 1)  0.178
 184 F   0.99998 0.00002 ( 1)  0.163
 185 -   0.67895 0.32105 ( 1)  0.432
 186 L   0.99449 0.00551 ( 1)  0.168
 187 T   0.45427 0.54573 ( 2)  0.620
 188 N   0.98727 0.01273 ( 1)  0.174
 189 K   0.99949 0.00051 ( 1)  0.163
 190 -   0.96957 0.03043 ( 1)  0.188
 191 -   0.92971 0.07029 ( 1)  0.222
 192 -   0.98428 0.01572 ( 1)  0.176
 193 E   0.96694 0.03306 ( 1)  0.191
 194 G   0.27423 0.72577 ( 2)  0.770
 195 T   0.96332 0.03668 ( 1)  0.194
 196 E   0.11840 0.88160 ( 2)  0.901
 197 L   0.01764 0.98236 ( 2)  0.985
 198 A   0.99968 0.00032 ( 1)  0.163
 199 K   0.99917 0.00083 ( 1)  0.164
 200 Y   0.99761 0.00239 ( 1)  0.165
 201 N   0.99997 0.00003 ( 1)  0.163
 202 D   0.99998 0.00002 ( 1)  0.163
 203 -   0.70564 0.29436 ( 1)  0.409
 204 -   0.96437 0.03563 ( 1)  0.193
 205 -   0.98945 0.01055 ( 1)  0.172
 206 Y   1.00000 0.00000 ( 1)  0.163
 207 N   0.99968 0.00032 ( 1)  0.163
 208 H   1.00000 0.00000 ( 1)  0.163
 209 I   0.99996 0.00004 ( 1)  0.163
 210 L   0.99999 0.00001 ( 1)  0.163
 211 S   0.99994 0.00006 ( 1)  0.163
 212 Y   0.99018 0.00982 ( 1)  0.171
 213 M   0.98311 0.01689 ( 1)  0.177
 214 L   0.99324 0.00676 ( 1)  0.169
 215 I   0.86212 0.13788 ( 1)  0.278
 216 N   0.99879 0.00121 ( 1)  0.164
 217 -   0.42586 0.57414 ( 2)  0.644
 218 -   0.95595 0.04405 ( 1)  0.200
 219 -   0.00860 0.99140 ( 2)  0.993
 220 G   0.21727 0.78273 ( 2)  0.818
 221 E   0.38372 0.61628 ( 2)  0.679
 222 T   0.98781 0.01219 ( 1)  0.173
 223 -   0.67732 0.32268 ( 1)  0.433
 224 -   0.67732 0.32268 ( 1)  0.433
 225 -   0.67732 0.32268 ( 1)  0.433
 226 -   0.67732 0.32268 ( 1)  0.433
 227 F   0.30899 0.69101 ( 2)  0.741
 228 G   0.98783 0.01217 ( 1)  0.173
 229 Q   0.52532 0.47468 ( 1)  0.560
 230 K   0.97480 0.02520 ( 1)  0.184
 231 R   0.97008 0.02992 ( 1)  0.188
 232 H   0.78100 0.21900 ( 1)  0.346
 233 G   0.99997 0.00003 ( 1)  0.163
 234 Y   0.99937 0.00063 ( 1)  0.164
 235 S   0.97454 0.02546 ( 1)  0.184
 236 F   1.00000 0.00000 ( 1)  0.163
 237 A   0.99995 0.00005 ( 1)  0.163
 238 F   0.99997 0.00003 ( 1)  0.163
 239 T   0.99993 0.00007 ( 1)  0.163
 240 H   1.00000 0.00000 ( 1)  0.163
 241 S   0.99978 0.00022 ( 1)  0.163
 242 S   1.00000 0.00000 ( 1)  0.163


lnL = -6809.097093

