Supplemental results for CODEML (seqf: algn  treef: tree)


dN/dS (w) for site classes (K=9)

p:   0.11419  0.11419  0.11419  0.11419  0.11419  0.11419  0.11419  0.11419  0.08645
w:   0.00001  0.00145  0.01371  0.05946  0.17256  0.38195  0.67370  0.94240  3.44177

Naive Empirical Bayes (NEB) probabilities for 9 classes & postmean_w & P(w>1)
(amino acids refer to 1st sequence: BT_Cry30Aa1)

   1 -   0.11962 0.11961 0.11947 0.11897 0.11773 0.11549 0.11245 0.10975 0.06691 ( 1)  0.483  0.067
   2 -   0.11482 0.11482 0.11480 0.11475 0.11462 0.11438 0.11405 0.11375 0.08401 ( 1)  0.545  0.084
   3 -   0.11923 0.11922 0.11909 0.11863 0.11749 0.11542 0.11261 0.11010 0.06820 ( 1)  0.488  0.068
   4 -   0.11932 0.11931 0.11918 0.11871 0.11756 0.11547 0.11262 0.11008 0.06774 ( 1)  0.486  0.068
   5 R   0.00000 0.00001 0.00061 0.01032 0.06624 0.19857 0.31975 0.35075 0.05375 ( 8)  0.819  0.054
   6 I   0.00002 0.00291 0.02659 0.10128 0.21416 0.26784 0.22097 0.15969 0.00654 ( 6)  0.468  0.007
   7 T   0.20385 0.20295 0.19546 0.16995 0.12071 0.06499 0.02834 0.01368 0.00007 ( 1)  0.091  0.000
   8 Q   0.17143 0.17105 0.16789 0.15661 0.13193 0.09619 0.06218 0.04176 0.00096 ( 1)  0.156  0.001
   9 I   0.00002 0.00311 0.02841 0.10751 0.22368 0.27119 0.21388 0.14808 0.00412 ( 6)  0.447  0.004
  10 P   0.18584 0.18527 0.18051 0.16384 0.12905 0.08326 0.04560 0.02642 0.00020 ( 1)  0.123  0.000
  11 A   0.20283 0.20197 0.19472 0.16996 0.12170 0.06617 0.02888 0.01375 0.00003 ( 1)  0.092  0.000
  12 V   0.20233 0.20147 0.19431 0.16981 0.12196 0.06668 0.02933 0.01407 0.00004 ( 1)  0.093  0.000
  13 K   0.20361 0.20272 0.19529 0.16998 0.12098 0.06528 0.02844 0.01365 0.00006 ( 1)  0.091  0.000
  14 A   0.00002 0.00285 0.02608 0.09986 0.21357 0.27091 0.22432 0.15971 0.00268 ( 6)  0.457  0.003
  15 Y   0.00000 0.00000 0.00000 0.00019 0.00393 0.03223 0.12113 0.23656 0.60595 ( 9)  2.403  0.606
  16 S   0.00000 0.00000 0.00000 0.00003 0.00139 0.02192 0.12256 0.28646 0.56763 ( 9)  2.315  0.568
  17 L   0.14202 0.14190 0.14090 0.13722 0.12855 0.11399 0.09652 0.08290 0.01600 ( 1)  0.274  0.016
  18 T   0.00000 0.00001 0.00074 0.01226 0.07527 0.20968 0.31111 0.32311 0.06782 ( 8)  0.841  0.068
  19 S   0.00001 0.00171 0.01583 0.06362 0.15321 0.24071 0.26506 0.24192 0.01793 ( 7)  0.591  0.018
  20 P   0.18397 0.18343 0.17890 0.16299 0.12958 0.08503 0.04765 0.02819 0.00026 ( 1)  0.127  0.000
  21 A   0.20283 0.20197 0.19472 0.16996 0.12170 0.06617 0.02888 0.01375 0.00003 ( 1)  0.092  0.000
  22 R   0.00002 0.00307 0.02800 0.10647 0.22380 0.27453 0.21626 0.14656 0.00129 ( 6)  0.438  0.001
  23 V   0.19981 0.19901 0.19225 0.16907 0.12331 0.06929 0.03159 0.01562 0.00005 ( 1)  0.097  0.000
  24 I   0.20817 0.20718 0.19891 0.17100 0.11813 0.06053 0.02474 0.01130 0.00005 ( 1)  0.084  0.000
  25 V   0.00000 0.00000 0.00001 0.00072 0.01356 0.09231 0.26933 0.41975 0.20432 ( 8)  1.318  0.204
  26 G   0.17986 0.17937 0.17530 0.16095 0.13043 0.08874 0.05236 0.03251 0.00047 ( 1)  0.136  0.000
  27 P   0.18137 0.18087 0.17664 0.16173 0.13018 0.08742 0.05059 0.03083 0.00036 ( 1)  0.133  0.000
  28 G   0.18716 0.18657 0.18164 0.16441 0.12864 0.08201 0.04418 0.02523 0.00016 ( 1)  0.120  0.000
  29 H   0.18816 0.18756 0.18251 0.16488 0.12837 0.08106 0.04306 0.02426 0.00014 ( 1)  0.118  0.000
  30 T   0.20385 0.20295 0.19546 0.16995 0.12071 0.06499 0.02834 0.01368 0.00007 ( 1)  0.091  0.000
  31 G   0.18691 0.18632 0.18144 0.16433 0.12876 0.08226 0.04441 0.02540 0.00018 ( 1)  0.121  0.000
  32 G   0.18656 0.18599 0.18114 0.16419 0.12888 0.08261 0.04478 0.02568 0.00016 ( 1)  0.121  0.000
  33 D   0.20162 0.20078 0.19373 0.16960 0.12235 0.06742 0.02997 0.01450 0.00004 ( 1)  0.094  0.000
  34 L   0.16856 0.16821 0.16531 0.15493 0.13205 0.09843 0.06567 0.04545 0.00140 ( 1)  0.164  0.001
  35 V   0.20274 0.20188 0.19464 0.16993 0.12176 0.06626 0.02896 0.01380 0.00003 ( 1)  0.092  0.000
  36 A   0.20283 0.20197 0.19472 0.16996 0.12170 0.06617 0.02888 0.01375 0.00003 ( 1)  0.092  0.000
  37 L   0.18621 0.18564 0.18084 0.16401 0.12895 0.08292 0.04519 0.02606 0.00019 ( 1)  0.122  0.000
  38 L   0.16692 0.16660 0.16384 0.15398 0.13213 0.09971 0.06765 0.04752 0.00165 ( 1)  0.169  0.002
  39 N   0.15580 0.15558 0.15374 0.14705 0.13175 0.10757 0.08119 0.06274 0.00457 ( 1)  0.204  0.005
  40 S   0.00000 0.00000 0.00000 0.00005 0.00244 0.03464 0.16566 0.34059 0.45663 ( 9)  2.018  0.457
  41 G   0.00000 0.00000 0.00001 0.00083 0.01568 0.10647 0.30614 0.46520 0.10567 ( 8)  1.052  0.106
  42 T   0.00000 0.00001 0.00075 0.01242 0.07715 0.21791 0.32448 0.33262 0.03466 ( 8)  0.749  0.035
  43 Q   0.00001 0.00156 0.01452 0.05880 0.14427 0.23431 0.26933 0.25483 0.02237 ( 7)  0.617  0.022
  44 S   0.00000 0.00000 0.00007 0.00127 0.01009 0.04449 0.11959 0.20470 0.61978 ( 9)  2.425  0.620
  45 G   0.19151 0.19086 0.18537 0.16627 0.12721 0.07779 0.03953 0.02138 0.00008 ( 1)  0.111  0.000
  46 T   0.00000 0.00000 0.00001 0.00079 0.01469 0.09768 0.27759 0.42449 0.18474 ( 8)  1.263  0.185
  47 M   0.19167 0.19102 0.18554 0.16646 0.12734 0.07771 0.03922 0.02098 0.00006 ( 1)  0.111  0.000
  48 Q   0.00001 0.00158 0.01468 0.05942 0.14546 0.23529 0.26895 0.25321 0.02140 ( 7)  0.612  0.021
  49 I   0.15046 0.15028 0.14876 0.14322 0.13047 0.11002 0.08714 0.07061 0.00904 ( 1)  0.232  0.009
  50 Q   0.00001 0.00163 0.01512 0.06105 0.14850 0.23750 0.26760 0.24893 0.01966 ( 7)  0.603  0.020
  51 C   0.17720 0.17675 0.17301 0.15974 0.13120 0.09130 0.05532 0.03501 0.00046 ( 1)  0.141  0.000
  52 K   0.20361 0.20272 0.19529 0.16998 0.12098 0.06528 0.02844 0.01365 0.00006 ( 1)  0.091  0.000
  53 T   0.20385 0.20295 0.19546 0.16995 0.12071 0.06499 0.02834 0.01368 0.00007 ( 1)  0.091  0.000
  54 G   0.19151 0.19086 0.18537 0.16627 0.12721 0.07779 0.03953 0.02138 0.00008 ( 1)  0.111  0.000
  55 S   0.15623 0.15600 0.15409 0.14717 0.13145 0.10689 0.08053 0.06234 0.00531 ( 1)  0.206  0.005
  56 F   0.00002 0.00240 0.02207 0.08611 0.19261 0.26433 0.24186 0.18682 0.00379 ( 6)  0.492  0.004
  57 T   0.20683 0.20586 0.19784 0.17067 0.11892 0.06191 0.02586 0.01206 0.00006 ( 1)  0.086  0.000
  58 G   0.00002 0.00191 0.01766 0.07045 0.16641 0.25143 0.26052 0.22357 0.00804 ( 7)  0.543  0.008
  59 P   0.00000 0.00001 0.00045 0.00784 0.05418 0.18129 0.32521 0.38039 0.05063 ( 8)  0.831  0.051
  60 S   0.13323 0.13316 0.13258 0.13041 0.12520 0.11612 0.10458 0.09499 0.02973 ( 1)  0.338  0.030
  61 R   0.20136 0.20052 0.19354 0.16961 0.12261 0.06772 0.03010 0.01452 0.00003 ( 1)  0.094  0.000
  62 Q   0.00001 0.00081 0.00771 0.03367 0.09704 0.19880 0.28928 0.32182 0.05087 ( 8)  0.768  0.051
  63 Y   0.18305 0.18252 0.17810 0.16255 0.12980 0.08589 0.04869 0.02912 0.00029 ( 1)  0.129  0.000
  64 G   0.19151 0.19086 0.18537 0.16627 0.12721 0.07779 0.03953 0.02138 0.00008 ( 1)  0.111  0.000
  65 L   0.00002 0.00253 0.02327 0.09014 0.19842 0.26530 0.23601 0.17928 0.00503 ( 6)  0.487  0.005
  66 R   0.12972 0.12967 0.12922 0.12756 0.12353 0.11642 0.10720 0.09936 0.03731 ( 1)  0.370  0.037
  67 M   0.00002 0.00254 0.02337 0.09076 0.20062 0.26879 0.23670 0.17550 0.00170 ( 6)  0.474  0.002
  68 R   0.17463 0.17421 0.17074 0.15838 0.13159 0.09352 0.05834 0.03793 0.00066 ( 1)  0.148  0.001
  69 Y   0.18356 0.18303 0.17855 0.16280 0.12967 0.08541 0.04811 0.02860 0.00026 ( 1)  0.128  0.000
  70 A   0.20283 0.20197 0.19472 0.16996 0.12170 0.06617 0.02888 0.01375 0.00003 ( 1)  0.092  0.000
  71 A   0.19991 0.19910 0.19233 0.16910 0.12326 0.06919 0.03151 0.01556 0.00005 ( 1)  0.097  0.000
  72 N   0.20909 0.20808 0.19967 0.17130 0.11769 0.05960 0.02387 0.01067 0.00003 ( 1)  0.083  0.000
  73 S   0.00003 0.00334 0.03039 0.11440 0.23459 0.27577 0.20615 0.13416 0.00118 ( 6)  0.422  0.001
  74 A   0.00000 0.00001 0.00063 0.01062 0.06815 0.20381 0.32566 0.35268 0.03845 ( 8)  0.774  0.038
  75 F   0.00002 0.00234 0.02157 0.08433 0.18973 0.26312 0.24411 0.19080 0.00399 ( 6)  0.497  0.004
  76 T   0.20385 0.20295 0.19546 0.16995 0.12071 0.06499 0.02834 0.01368 0.00007 ( 1)  0.091  0.000
  77 V   0.14055 0.14044 0.13952 0.13613 0.12813 0.11456 0.09807 0.08505 0.01755 ( 1)  0.283  0.018
  78 S   0.00003 0.00339 0.03091 0.11623 0.23771 0.27732 0.20389 0.12982 0.00069 ( 6)  0.416  0.001
  79 L   0.16903 0.16868 0.16572 0.15513 0.13186 0.09790 0.06508 0.04501 0.00158 ( 1)  0.164  0.002
  80 S   0.17400 0.17360 0.17016 0.15794 0.13148 0.09391 0.05915 0.03891 0.00085 ( 1)  0.150  0.001
  81 Y   0.17946 0.17898 0.17497 0.16079 0.13059 0.08916 0.05278 0.03283 0.00044 ( 1)  0.137  0.000
  82 T   0.00000 0.00001 0.00075 0.01248 0.07790 0.22116 0.32891 0.33396 0.02482 ( 8)  0.720  0.025
  83 L   0.00001 0.00149 0.01385 0.05627 0.13916 0.22949 0.26981 0.26094 0.02898 ( 7)  0.643  0.029
  84 L   0.00000 0.00000 0.00000 0.00000 0.00004 0.00059 0.00458 0.01584 0.97896 ( 9)  3.388  0.979
  85 -   0.16437 0.16408 0.16154 0.15245 0.13216 0.10163 0.07074 0.05087 0.00215 ( 1)  0.176  0.002
  86 G   0.14403 0.14389 0.14277 0.13868 0.12908 0.11312 0.09427 0.07986 0.01430 ( 1)  0.264  0.014
  87 Q   0.00000 0.00000 0.00001 0.00103 0.01849 0.11508 0.29990 0.42617 0.13931 ( 8)  1.130  0.139
  88 T   0.00002 0.00256 0.02352 0.09081 0.19841 0.26281 0.23332 0.17910 0.00944 ( 6)  0.499  0.009
  89 R   0.00000 0.00000 0.00000 0.00000 0.00002 0.00056 0.00680 0.02702 0.96561 ( 9)  3.354  0.966
  90 G   0.00002 0.00252 0.02312 0.08979 0.19872 0.26731 0.23766 0.17851 0.00236 ( 6)  0.479  0.002
  91 T   0.00000 0.00001 0.00091 0.01486 0.08932 0.23750 0.32552 0.31007 0.02181 ( 7)  0.694  0.022
  92 S   0.00002 0.00247 0.02269 0.08808 0.19493 0.26345 0.23831 0.18407 0.00599 ( 6)  0.494  0.006
  93 F   0.19101 0.19036 0.18493 0.16605 0.12737 0.07826 0.04007 0.02184 0.00010 ( 1)  0.112  0.000
  94 V   0.00000 0.00000 0.00000 0.00000 0.00015 0.00502 0.04454 0.13305 0.81723 ( 9)  2.970  0.817
  95 T   0.19561 0.19487 0.18866 0.16728 0.12466 0.07329 0.03604 0.01938 0.00022 ( 1)  0.106  0.000
  96 E   0.19482 0.19411 0.18810 0.16733 0.12556 0.07434 0.03643 0.01922 0.00009 ( 1)  0.106  0.000
  97 N   0.00000 0.00001 0.00044 0.00761 0.05162 0.17034 0.31003 0.37588 0.08408 ( 8)  0.927  0.084
  98 T   0.20385 0.20295 0.19546 0.16995 0.12071 0.06499 0.02834 0.01368 0.00007 ( 1)  0.091  0.000
  99 F   0.19101 0.19036 0.18493 0.16605 0.12737 0.07826 0.04007 0.02184 0.00010 ( 1)  0.112  0.000
 100 S   0.00000 0.00000 0.00036 0.00634 0.04431 0.15412 0.29981 0.38379 0.11127 ( 8)  1.014  0.111
 101 R   0.20136 0.20052 0.19354 0.16961 0.12261 0.06772 0.03010 0.01452 0.00003 ( 1)  0.094  0.000
 102 S   0.00000 0.00000 0.00001 0.00048 0.00943 0.06858 0.22040 0.37622 0.32488 ( 8)  1.649  0.325
 103 N   0.20909 0.20808 0.19967 0.17130 0.11769 0.05960 0.02387 0.01067 0.00003 ( 1)  0.083  0.000
 104 N   0.20909 0.20808 0.19967 0.17130 0.11769 0.05960 0.02387 0.01067 0.00003 ( 1)  0.083  0.000
 105 I   0.00003 0.00351 0.03193 0.11923 0.24009 0.27435 0.19976 0.12889 0.00222 ( 6)  0.417  0.002
 106 I   0.20824 0.20724 0.19897 0.17103 0.11811 0.06046 0.02466 0.01124 0.00005 ( 1)  0.084  0.000
 107 P   0.18371 0.18318 0.17868 0.16288 0.12966 0.08528 0.04793 0.02842 0.00026 ( 1)  0.127  0.000
 108 T   0.19377 0.19306 0.18709 0.16649 0.12525 0.07503 0.03797 0.02101 0.00032 ( 1)  0.109  0.000
 109 D   0.20494 0.20403 0.19643 0.17057 0.12057 0.06399 0.02700 0.01245 0.00002 ( 1)  0.088  0.000
 110 L   0.16833 0.16799 0.16508 0.15470 0.13186 0.09841 0.06593 0.04593 0.00176 ( 1)  0.166  0.002
 111 K   0.20361 0.20272 0.19529 0.16998 0.12098 0.06528 0.02844 0.01365 0.00006 ( 1)  0.091  0.000
 112 Y   0.13223 0.13217 0.13162 0.12960 0.12474 0.11623 0.10536 0.09626 0.03180 ( 1)  0.347  0.032
 113 E   0.14936 0.14920 0.14778 0.14263 0.13067 0.11113 0.08875 0.07220 0.00827 ( 1)  0.232  0.008
 114 E   0.14936 0.14920 0.14778 0.14263 0.13067 0.11113 0.08875 0.07220 0.00827 ( 1)  0.232  0.008
 115 F   0.19101 0.19036 0.18493 0.16605 0.12737 0.07826 0.04007 0.02184 0.00010 ( 1)  0.112  0.000
 116 K   0.20361 0.20272 0.19529 0.16998 0.12098 0.06528 0.02844 0.01365 0.00006 ( 1)  0.091  0.000
 117 Y   0.18356 0.18303 0.17855 0.16280 0.12967 0.08541 0.04811 0.02860 0.00026 ( 1)  0.128  0.000
 118 K   0.20361 0.20272 0.19529 0.16998 0.12098 0.06528 0.02844 0.01365 0.00006 ( 1)  0.091  0.000
 119 D   0.00001 0.00185 0.01710 0.06809 0.16047 0.24357 0.25859 0.23077 0.01955 ( 7)  0.584  0.020
 120 Y   0.18356 0.18303 0.17855 0.16280 0.12967 0.08541 0.04811 0.02860 0.00026 ( 1)  0.128  0.000
 121 L   0.00000 0.00000 0.00000 0.00000 0.00025 0.00793 0.06584 0.18572 0.74025 ( 9)  2.770  0.740
 122 Q   0.17143 0.17105 0.16789 0.15661 0.13193 0.09619 0.06218 0.04176 0.00096 ( 1)  0.156  0.001
 123 I   0.20817 0.20718 0.19891 0.17100 0.11813 0.06053 0.02474 0.01130 0.00005 ( 1)  0.084  0.000
 124 I   0.20817 0.20718 0.19891 0.17100 0.11813 0.06053 0.02474 0.01130 0.00005 ( 1)  0.084  0.000
 125 T   0.20385 0.20295 0.19546 0.16995 0.12071 0.06499 0.02834 0.01368 0.00007 ( 1)  0.091  0.000
 126 M   0.00002 0.00243 0.02231 0.08701 0.19454 0.26619 0.24134 0.18380 0.00236 ( 6)  0.485  0.002
 127 T   0.00003 0.00343 0.03116 0.11665 0.23649 0.27372 0.20296 0.13310 0.00246 ( 6)  0.423  0.002
 128 L   0.00000 0.00000 0.00000 0.00026 0.00537 0.04386 0.16236 0.31008 0.47806 ( 9)  2.065  0.478
 129 P   0.18432 0.18378 0.17920 0.16314 0.12947 0.08469 0.04727 0.02787 0.00024 ( 1)  0.126  0.000
 130 A   0.00000 0.00000 0.00035 0.00599 0.04154 0.14328 0.27903 0.36205 0.16776 ( 8)  1.169  0.168
 131 N   0.20909 0.20808 0.19967 0.17130 0.11769 0.05960 0.02387 0.01067 0.00003 ( 1)  0.083  0.000
 132 T   0.20385 0.20295 0.19546 0.16995 0.12071 0.06499 0.02834 0.01368 0.00007 ( 1)  0.091  0.000
 133 I   0.20824 0.20724 0.19897 0.17103 0.11811 0.06046 0.02466 0.01124 0.00005 ( 1)  0.084  0.000
 134 I   0.00002 0.00279 0.02553 0.09789 0.21028 0.26940 0.22687 0.16437 0.00284 ( 6)  0.463  0.003
 135 T   0.20683 0.20586 0.19784 0.17067 0.11892 0.06191 0.02586 0.01206 0.00006 ( 1)  0.086  0.000
 136 I   0.20824 0.20724 0.19897 0.17103 0.11811 0.06046 0.02466 0.01124 0.00005 ( 1)  0.084  0.000
 137 S   0.00000 0.00000 0.00000 0.00004 0.00221 0.03288 0.16598 0.35431 0.44458 ( 9)  1.989  0.445
 138 M   0.00000 0.00001 0.00086 0.01422 0.08628 0.23338 0.32707 0.31713 0.02105 ( 7)  0.697  0.021
 139 Q   0.00000 0.00000 0.00000 0.00000 0.00023 0.00438 0.03022 0.08518 0.87998 ( 9)  3.131  0.880
 140 Q   0.17143 0.17105 0.16789 0.15661 0.13193 0.09619 0.06218 0.04176 0.00096 ( 1)  0.156  0.001
 141 A   0.00000 0.00000 0.00000 0.00009 0.00212 0.02007 0.08762 0.18997 0.70013 ( 9)  2.656  0.700
 142 T   0.00000 0.00000 0.00000 0.00006 0.00334 0.04588 0.20857 0.40830 0.33385 ( 8)  1.692  0.334
 143 G   0.00000 0.00000 0.00000 0.00002 0.00048 0.00486 0.02396 0.05948 0.91120 ( 9)  3.210  0.911
 144 L   0.00000 0.00000 0.00000 0.00000 0.00000 0.00016 0.00318 0.01604 0.98061 ( 9)  3.392  0.981
 145 L   0.00000 0.00000 0.00000 0.00006 0.00160 0.01805 0.09039 0.21035 0.67954 ( 9)  2.605  0.680
 146 N   0.20909 0.20808 0.19967 0.17130 0.11769 0.05960 0.02387 0.01067 0.00003 ( 1)  0.083  0.000
 147 N   0.00000 0.00000 0.00002 0.00125 0.02216 0.13448 0.33462 0.45052 0.05695 ( 8)  0.901  0.057
 148 Q   0.17143 0.17105 0.16789 0.15661 0.13193 0.09619 0.06218 0.04176 0.00096 ( 1)  0.156  0.001
 149 L   0.16856 0.16821 0.16531 0.15493 0.13205 0.09843 0.06567 0.04545 0.00140 ( 1)  0.164  0.001
 150 I   0.20817 0.20718 0.19891 0.17100 0.11813 0.06053 0.02474 0.01130 0.00005 ( 1)  0.084  0.000
 151 I   0.20817 0.20718 0.19891 0.17100 0.11813 0.06053 0.02474 0.01130 0.00005 ( 1)  0.084  0.000
 152 D   0.15902 0.15877 0.15664 0.14895 0.13163 0.10502 0.07717 0.05847 0.00433 ( 1)  0.196  0.004
 153 R   0.19824 0.19746 0.19096 0.16859 0.12411 0.07091 0.03304 0.01664 0.00005 ( 1)  0.100  0.000
 154 I   0.15478 0.15457 0.15277 0.14624 0.13134 0.10784 0.08225 0.06434 0.00585 ( 1)  0.211  0.006
 155 E   0.19904 0.19825 0.19162 0.16884 0.12371 0.07009 0.03230 0.01611 0.00005 ( 1)  0.098  0.000
 156 F   0.00002 0.00218 0.02006 0.07897 0.18061 0.25829 0.25023 0.20360 0.00604 ( 6)  0.516  0.006
 157 Y   0.00000 0.00001 0.00049 0.00836 0.05627 0.18260 0.32267 0.37833 0.05129 ( 8)  0.830  0.051
 158 P   0.17888 0.17841 0.17446 0.16050 0.13071 0.08967 0.05344 0.03345 0.00050 ( 1)  0.138  0.000

Positively selected sites

	Prob(w>1)  mean w

    15 Y      0.606         2.403
    16 S      0.568         2.315
    44 S      0.620         2.425
    84 L      0.979*        3.388
    89 R      0.966*        3.354
    94 V      0.817         2.970
   121 L      0.740         2.770
   139 Q      0.880         3.131
   141 A      0.700         2.656
   143 G      0.911         3.210
   144 L      0.981*        3.392
   145 L      0.680         2.605


lnL = -1526.658294

Bayes Empirical Bayes (BEB) probabilities for 11 classes (class) & postmean_w
(amino acids refer to 1st sequence: BT_Cry30Aa1)

   1 -   0.50679 0.09086 0.06122 0.04684 0.03800 0.03194 0.02760 0.02463 0.02347 0.04378 0.10486 ( 1)  0.487 +-  0.871
   2 -   0.48857 0.08822 0.05993 0.04623 0.03781 0.03204 0.02792 0.02512 0.02413 0.04543 0.12461 ( 1)  0.552 +-  0.971
   3 -   0.50534 0.09065 0.06112 0.04680 0.03799 0.03196 0.02764 0.02468 0.02353 0.04392 0.10637 ( 1)  0.492 +-  0.878
   4 -   0.50570 0.09071 0.06116 0.04683 0.03801 0.03197 0.02764 0.02468 0.02352 0.04392 0.10586 ( 1)  0.490 +-  0.875
   5 R   0.03752 0.04661 0.06893 0.08208 0.08774 0.08814 0.08539 0.08170 0.08078 0.15405 0.18704 (11)  0.906 +-  0.772
   6 I   0.33592 0.12926 0.11050 0.09082 0.07316 0.05843 0.04672 0.03797 0.03272 0.05669 0.02780 ( 1)  0.358 +-  0.414
   7 T   0.75805 0.10454 0.05290 0.03048 0.01868 0.01191 0.00783 0.00533 0.00388 0.00545 0.00095 ( 1)  0.112 +-  0.154
   8 Q   0.67660 0.10677 0.06251 0.04155 0.02928 0.02138 0.01605 0.01243 0.01027 0.01644 0.00671 ( 1)  0.163 +-  0.254
   9 I   0.35121 0.13308 0.11213 0.09081 0.07207 0.05670 0.04466 0.03575 0.03034 0.05182 0.02142 ( 1)  0.334 +-  0.378
  10 P   0.71444 0.10692 0.05907 0.03706 0.02466 0.01701 0.01207 0.00884 0.00691 0.01042 0.00260 ( 1)  0.135 +-  0.197
  11 A   0.75603 0.10497 0.05343 0.03091 0.01900 0.01212 0.00796 0.00541 0.00392 0.00546 0.00081 ( 1)  0.112 +-  0.152
  12 V   0.75482 0.10505 0.05361 0.03110 0.01916 0.01226 0.00807 0.00550 0.00400 0.00559 0.00084 ( 1)  0.113 +-  0.153
  13 K   0.75761 0.10466 0.05304 0.03058 0.01875 0.01195 0.00785 0.00534 0.00388 0.00543 0.00090 ( 1)  0.112 +-  0.153
  14 A   0.33380 0.12956 0.11166 0.09233 0.07468 0.05975 0.04775 0.03869 0.03316 0.05700 0.02163 ( 1)  0.347 +-  0.372
  15 Y   0.00051 0.00212 0.00587 0.01098 0.01690 0.02324 0.02985 0.03709 0.04711 0.11706 0.70926 (11)  2.322 +-  1.406
  16 S   0.00006 0.00066 0.00282 0.00695 0.01302 0.02077 0.02993 0.04079 0.05591 0.14840 0.68068 (11)  2.150 +-  1.196
  17 L   0.58693 0.10082 0.06475 0.04722 0.03650 0.02924 0.02407 0.02046 0.01855 0.03277 0.03870 ( 1)  0.279 +-  0.503
  18 T   0.04466 0.05270 0.07507 0.08639 0.08953 0.08747 0.08269 0.07747 0.07534 0.14270 0.18598 (11)  0.906 +-  0.836
  19 S   0.23103 0.10111 0.09660 0.08834 0.07883 0.06942 0.06090 0.05399 0.05042 0.09326 0.07610 ( 1)  0.531 +-  0.577
  20 P   0.70967 0.10699 0.05958 0.03768 0.02527 0.01757 0.01256 0.00928 0.00730 0.01111 0.00298 ( 1)  0.138 +-  0.203
  21 A   0.75603 0.10497 0.05343 0.03091 0.01900 0.01212 0.00796 0.00541 0.00392 0.00546 0.00081 ( 1)  0.112 +-  0.152
  22 R   0.35001 0.13361 0.11337 0.09227 0.07343 0.05778 0.04541 0.03617 0.03047 0.05151 0.01597 ( 1)  0.324 +-  0.340
  23 V   0.74881 0.10548 0.05455 0.03206 0.02000 0.01295 0.00864 0.00595 0.00438 0.00619 0.00100 ( 1)  0.116 +-  0.159
  24 I   0.76826 0.10365 0.05122 0.02882 0.01726 0.01076 0.00692 0.00461 0.00329 0.00452 0.00069 ( 1)  0.107 +-  0.144
  25 V   0.00199 0.00785 0.01974 0.03347 0.04671 0.05812 0.06734 0.07512 0.08489 0.18070 0.42409 (11)  1.495 +-  1.043
  26 G   0.69888 0.10696 0.06058 0.03897 0.02660 0.01882 0.01370 0.01030 0.00826 0.01281 0.00412 ( 1)  0.146 +-  0.220
  27 P   0.70292 0.10700 0.06024 0.03851 0.02612 0.01836 0.01327 0.00991 0.00789 0.01215 0.00361 ( 1)  0.143 +-  0.213
  28 G   0.71777 0.10686 0.05870 0.03662 0.02423 0.01662 0.01172 0.00854 0.00664 0.00995 0.00235 ( 1)  0.133 +-  0.192
  29 H   0.72035 0.10683 0.05843 0.03628 0.02389 0.01631 0.01145 0.00830 0.00642 0.00957 0.00217 ( 1)  0.131 +-  0.189
  30 T   0.75805 0.10454 0.05290 0.03048 0.01868 0.01191 0.00783 0.00533 0.00388 0.00545 0.00095 ( 1)  0.112 +-  0.154
  31 G   0.71717 0.10689 0.05878 0.03670 0.02431 0.01668 0.01178 0.00859 0.00668 0.01002 0.00240 ( 1)  0.133 +-  0.193
  32 G   0.71634 0.10692 0.05889 0.03683 0.02443 0.01679 0.01187 0.00866 0.00674 0.01013 0.00240 ( 1)  0.134 +-  0.193
  33 D   0.75312 0.10517 0.05388 0.03137 0.01940 0.01245 0.00823 0.00563 0.00410 0.00576 0.00089 ( 1)  0.114 +-  0.155
  34 L   0.66853 0.10648 0.06299 0.04231 0.03013 0.02224 0.01688 0.01322 0.01105 0.01789 0.00828 ( 1)  0.170 +-  0.271
  35 V   0.75581 0.10498 0.05347 0.03095 0.01903 0.01214 0.00798 0.00542 0.00393 0.00548 0.00081 ( 1)  0.112 +-  0.152
  36 A   0.75603 0.10497 0.05343 0.03091 0.01900 0.01212 0.00796 0.00541 0.00392 0.00546 0.00081 ( 1)  0.112 +-  0.152
  37 L   0.71540 0.10691 0.05897 0.03694 0.02454 0.01690 0.01197 0.00875 0.00683 0.01028 0.00252 ( 1)  0.134 +-  0.195
  38 L   0.66395 0.10632 0.06327 0.04274 0.03062 0.02273 0.01735 0.01367 0.01148 0.01871 0.00917 ( 1)  0.174 +-  0.281
  39 N   0.63150 0.10467 0.06466 0.04534 0.03370 0.02594 0.02053 0.01677 0.01461 0.02472 0.01756 ( 1)  0.209 +-  0.355
  40 S   0.00010 0.00116 0.00475 0.01107 0.01953 0.02929 0.03971 0.05089 0.06544 0.16073 0.61733 (11)  1.989 +-  1.185
  41 G   0.00238 0.00952 0.02390 0.04036 0.05594 0.06898 0.07898 0.08672 0.09593 0.19619 0.34110 (11)  1.288 +-  0.892
  42 T   0.04620 0.05511 0.07908 0.09148 0.09508 0.09294 0.08770 0.08178 0.07891 0.14730 0.14441 (10)  0.804 +-  0.690
  43 Q   0.21516 0.09607 0.09330 0.08667 0.07852 0.07016 0.06241 0.05607 0.05302 0.09909 0.08953 ( 1)  0.570 +-  0.615
  44 S   0.00413 0.00620 0.01117 0.01615 0.02090 0.02539 0.02973 0.03441 0.04133 0.09791 0.71268 (11)  2.382 +-  1.524
  45 G   0.72875 0.10660 0.05742 0.03512 0.02278 0.01532 0.01059 0.00756 0.00575 0.00844 0.00166 ( 1)  0.126 +-  0.178
  46 T   0.00220 0.00860 0.02136 0.03580 0.04943 0.06089 0.06990 0.07727 0.08655 0.18240 0.40561 (11)  1.447 +-  1.014
  47 M   0.72933 0.10669 0.05744 0.03509 0.02272 0.01524 0.01051 0.00748 0.00567 0.00828 0.00152 ( 1)  0.126 +-  0.176
  48 Q   0.21727 0.09678 0.09380 0.08697 0.07864 0.07013 0.06227 0.05584 0.05271 0.09836 0.08724 ( 1)  0.564 +-  0.608
  49 I   0.61413 0.10315 0.06467 0.04605 0.03478 0.02722 0.02191 0.01821 0.01614 0.02786 0.02588 ( 1)  0.236 +-  0.421
  50 Q   0.22268 0.09851 0.09495 0.08756 0.07877 0.06991 0.06178 0.05516 0.05185 0.09641 0.08243 ( 1)  0.550 +-  0.594
  51 C   0.69220 0.10707 0.06133 0.03987 0.02748 0.01963 0.01441 0.01092 0.00882 0.01379 0.00448 ( 1)  0.150 +-  0.226
  52 K   0.75761 0.10466 0.05304 0.03058 0.01875 0.01195 0.00785 0.00534 0.00388 0.00543 0.00090 ( 1)  0.112 +-  0.153
  53 T   0.75805 0.10454 0.05290 0.03048 0.01868 0.01191 0.00783 0.00533 0.00388 0.00545 0.00095 ( 1)  0.112 +-  0.154
  54 G   0.72875 0.10660 0.05742 0.03512 0.02278 0.01532 0.01059 0.00756 0.00575 0.00844 0.00166 ( 1)  0.126 +-  0.178
  55 S   0.63220 0.10452 0.06442 0.04509 0.03347 0.02575 0.02037 0.01664 0.01450 0.02457 0.01847 ( 1)  0.211 +-  0.364
  56 F   0.29875 0.12099 0.10833 0.09292 0.07785 0.06442 0.05316 0.04440 0.03914 0.06886 0.03119 ( 1)  0.390 +-  0.412
  57 T   0.76506 0.10392 0.05174 0.02934 0.01771 0.01112 0.00721 0.00484 0.00348 0.00481 0.00078 ( 1)  0.108 +-  0.147
  58 G   0.25386 0.10865 0.10194 0.09147 0.08004 0.06906 0.05931 0.05147 0.04703 0.08523 0.05195 ( 1)  0.464 +-  0.489
  59 P   0.02846 0.03833 0.06011 0.07527 0.08403 0.08759 0.08754 0.08590 0.08657 0.16597 0.20024 (11)  0.946 +-  0.770
  60 S   0.55663 0.09749 0.06397 0.04765 0.03763 0.03079 0.02589 0.02248 0.02083 0.03767 0.05897 ( 1)  0.342 +-  0.622
  61 R   0.75260 0.10528 0.05401 0.03148 0.01948 0.01251 0.00826 0.00564 0.00411 0.00576 0.00086 ( 1)  0.114 +-  0.155
  62 Q   0.12751 0.06713 0.07384 0.07631 0.07586 0.07354 0.07031 0.06731 0.06727 0.13102 0.16990 (11)  0.804 +-  0.776
  63 Y   0.70728 0.10700 0.05982 0.03798 0.02557 0.01785 0.01282 0.00950 0.00751 0.01148 0.00318 ( 1)  0.140 +-  0.206
  64 G   0.72875 0.10660 0.05742 0.03512 0.02278 0.01532 0.01059 0.00756 0.00575 0.00844 0.00166 ( 1)  0.126 +-  0.178
  65 L   0.30876 0.12323 0.10890 0.09230 0.07650 0.06270 0.05130 0.04255 0.03730 0.06541 0.03104 ( 1)  0.383 +-  0.418
  66 R   0.54410 0.09594 0.06343 0.04762 0.03789 0.03124 0.02648 0.02317 0.02163 0.03947 0.06903 ( 1)  0.373 +-  0.677
  67 M   0.31178 0.12467 0.11041 0.09363 0.07751 0.06333 0.05157 0.04248 0.03692 0.06408 0.02361 ( 1)  0.366 +-  0.375
  68 R   0.68531 0.10697 0.06188 0.04064 0.02829 0.02041 0.01513 0.01158 0.00945 0.01493 0.00540 ( 1)  0.155 +-  0.238
  69 Y   0.70862 0.10699 0.05969 0.03781 0.02541 0.01770 0.01268 0.00938 0.00740 0.01127 0.00306 ( 1)  0.139 +-  0.204
  70 A   0.75603 0.10497 0.05343 0.03091 0.01900 0.01212 0.00796 0.00541 0.00392 0.00546 0.00081 ( 1)  0.112 +-  0.152
  71 A   0.74903 0.10546 0.05451 0.03202 0.01997 0.01293 0.00861 0.00593 0.00436 0.00617 0.00100 ( 1)  0.116 +-  0.159
  72 N   0.77055 0.10352 0.05089 0.02848 0.01695 0.01049 0.00670 0.00443 0.00313 0.00426 0.00059 ( 1)  0.106 +-  0.141
  73 S   0.36789 0.13741 0.11421 0.09113 0.07117 0.05502 0.04251 0.03334 0.02769 0.04624 0.01339 ( 1)  0.306 +-  0.326
  74 A   0.03914 0.04858 0.07175 0.08527 0.09093 0.09105 0.08786 0.08363 0.08216 0.15515 0.16448 (11)  0.855 +-  0.716
  75 F   0.29395 0.11973 0.10774 0.09287 0.07818 0.06500 0.05388 0.04519 0.04000 0.07061 0.03286 ( 1)  0.397 +-  0.419
  76 T   0.75805 0.10454 0.05290 0.03048 0.01868 0.01191 0.00783 0.00533 0.00388 0.00545 0.00095 ( 1)  0.112 +-  0.154
  77 V   0.58205 0.10035 0.06471 0.04737 0.03676 0.02956 0.02443 0.02083 0.01896 0.03363 0.04134 ( 1)  0.287 +-  0.519
  78 S   0.37220 0.13861 0.11486 0.09131 0.07098 0.05458 0.04192 0.03265 0.02690 0.04457 0.01141 ( 1)  0.299 +-  0.314
  79 L   0.66961 0.10642 0.06282 0.04212 0.02995 0.02208 0.01674 0.01310 0.01094 0.01773 0.00848 ( 1)  0.170 +-  0.274
  80 S   0.68338 0.10683 0.06193 0.04076 0.02846 0.02059 0.01533 0.01178 0.00965 0.01532 0.00597 ( 1)  0.158 +-  0.245
  81 Y   0.69793 0.10700 0.06071 0.03912 0.02674 0.01894 0.01380 0.01038 0.00833 0.01294 0.00411 ( 1)  0.146 +-  0.220
  82 T   0.04694 0.05620 0.08088 0.09372 0.09747 0.09521 0.08967 0.08335 0.08004 0.14826 0.12826 (10)  0.769 +-  0.641
  83 L   0.20610 0.09285 0.09084 0.08502 0.07761 0.06988 0.06265 0.05674 0.05408 0.10188 0.10233 ( 1)  0.604 +-  0.654
  84 L   0.00000 0.00003 0.00010 0.00026 0.00051 0.00088 0.00139 0.00207 0.00306 0.00794 0.98375 (11)  3.299 +-  1.543
  85 -   0.65669 0.10602 0.06365 0.04338 0.03135 0.02348 0.01808 0.01437 0.01218 0.02003 0.01076 ( 1)  0.181 +-  0.296
  86 G   0.59354 0.10142 0.06477 0.04697 0.03611 0.02876 0.02355 0.01991 0.01796 0.03155 0.03545 ( 1)  0.269 +-  0.486
  87 Q   0.00302 0.01137 0.02729 0.04424 0.05907 0.07042 0.07823 0.08368 0.09062 0.18347 0.34858 (11)  1.320 +-  0.974
  88 T   0.30933 0.12275 0.10790 0.09109 0.07530 0.06165 0.05048 0.04196 0.03693 0.06515 0.03746 ( 1)  0.397 +-  0.459
  89 R   0.00000 0.00001 0.00005 0.00019 0.00047 0.00097 0.00173 0.00283 0.00451 0.01296 0.97629 (11)  3.273 +-  1.548
  90 G   0.30891 0.12375 0.10976 0.09327 0.07740 0.06344 0.05184 0.04288 0.03743 0.06528 0.02605 ( 1)  0.373 +-  0.388
  91 T   0.05612 0.06417 0.08936 0.10040 0.10140 0.09637 0.08847 0.08035 0.07561 0.13845 0.10930 (10)  0.718 +-  0.609
  92 S   0.30311 0.12165 0.10803 0.09204 0.07669 0.06320 0.05201 0.04339 0.03826 0.06745 0.03416 ( 1)  0.394 +-  0.432
  93 F   0.72746 0.10663 0.05756 0.03529 0.02294 0.01547 0.01072 0.00768 0.00586 0.00863 0.00177 ( 1)  0.127 +-  0.180
  94 V   0.00000 0.00006 0.00044 0.00147 0.00341 0.00639 0.01048 0.01588 0.02382 0.06846 0.86959 (11)  2.879 +-  1.532
  95 T   0.73797 0.10570 0.05577 0.03350 0.02140 0.01421 0.00974 0.00691 0.00524 0.00768 0.00187 ( 1)  0.123 +-  0.178
  96 E   0.73660 0.10610 0.05624 0.03388 0.02167 0.01439 0.00983 0.00694 0.00524 0.00761 0.00149 ( 1)  0.122 +-  0.172
  97 N   0.02668 0.03531 0.05484 0.06843 0.07652 0.08025 0.08104 0.08065 0.08278 0.16311 0.25040 (11)  1.057 +-  0.863
  98 T   0.75805 0.10454 0.05290 0.03048 0.01868 0.01191 0.00783 0.00533 0.00388 0.00545 0.00095 ( 1)  0.112 +-  0.154
  99 F   0.72746 0.10663 0.05756 0.03529 0.02294 0.01547 0.01072 0.00768 0.00586 0.00863 0.00177 ( 1)  0.127 +-  0.180
 100 S   0.02165 0.02960 0.04724 0.06051 0.06938 0.07454 0.07705 0.07843 0.08230 0.16582 0.29347 (11)  1.158 +-  0.920
 101 R   0.75260 0.10528 0.05401 0.03148 0.01948 0.01251 0.00826 0.00564 0.00411 0.00576 0.00086 ( 1)  0.114 +-  0.155
 102 S   0.00128 0.00515 0.01340 0.02357 0.03415 0.04421 0.05341 0.06230 0.07399 0.16874 0.51979 (11)  1.723 +-  1.111
 103 N   0.77055 0.10352 0.05089 0.02848 0.01695 0.01049 0.00670 0.00443 0.00313 0.00426 0.00059 ( 1)  0.106 +-  0.141
 104 N   0.77055 0.10352 0.05089 0.02848 0.01695 0.01049 0.00670 0.00443 0.00313 0.00426 0.00059 ( 1)  0.106 +-  0.141
 105 I   0.37789 0.13906 0.11391 0.08972 0.06929 0.05306 0.04070 0.03175 0.02629 0.04386 0.01447 ( 1)  0.302 +-  0.336
 106 I   0.76844 0.10365 0.05120 0.02880 0.01724 0.01074 0.00690 0.00460 0.00328 0.00449 0.00068 ( 1)  0.107 +-  0.144
 107 P   0.70903 0.10700 0.05966 0.03777 0.02536 0.01765 0.01263 0.00934 0.00736 0.01120 0.00302 ( 1)  0.139 +-  0.204
 108 T   0.73325 0.10579 0.05630 0.03412 0.02201 0.01476 0.01022 0.00733 0.00562 0.00833 0.00228 ( 1)  0.126 +-  0.186
 109 D   0.76109 0.10460 0.05264 0.03011 0.01829 0.01153 0.00749 0.00503 0.00360 0.00495 0.00066 ( 1)  0.110 +-  0.147
 110 L   0.66759 0.10633 0.06292 0.04229 0.03015 0.02228 0.01694 0.01330 0.01114 0.01809 0.00898 ( 1)  0.172 +-  0.279
 111 K   0.75761 0.10466 0.05304 0.03058 0.01875 0.01195 0.00785 0.00534 0.00388 0.00543 0.00090 ( 1)  0.112 +-  0.153
 112 Y   0.55307 0.09706 0.06382 0.04765 0.03772 0.03093 0.02607 0.02268 0.02106 0.03819 0.06176 ( 1)  0.351 +-  0.637
 113 E   0.61132 0.10315 0.06496 0.04644 0.03519 0.02762 0.02229 0.01856 0.01648 0.02848 0.02550 ( 1)  0.237 +-  0.415
 114 E   0.61132 0.10315 0.06496 0.04644 0.03519 0.02762 0.02229 0.01856 0.01648 0.02848 0.02550 ( 1)  0.237 +-  0.415
 115 F   0.72746 0.10663 0.05756 0.03529 0.02294 0.01547 0.01072 0.00768 0.00586 0.00863 0.00177 ( 1)  0.127 +-  0.180
 116 K   0.75761 0.10466 0.05304 0.03058 0.01875 0.01195 0.00785 0.00534 0.00388 0.00543 0.00090 ( 1)  0.112 +-  0.153
 117 Y   0.70862 0.10699 0.05969 0.03781 0.02541 0.01770 0.01268 0.00938 0.00740 0.01127 0.00306 ( 1)  0.139 +-  0.204
 118 K   0.75761 0.10466 0.05304 0.03058 0.01875 0.01195 0.00785 0.00534 0.00388 0.00543 0.00090 ( 1)  0.112 +-  0.153
 119 D   0.24409 0.10457 0.09818 0.08838 0.07776 0.06762 0.05868 0.05156 0.04780 0.08809 0.07327 ( 1)  0.516 +-  0.578
 120 Y   0.70862 0.10699 0.05969 0.03781 0.02541 0.01770 0.01268 0.00938 0.00740 0.01127 0.00306 ( 1)  0.139 +-  0.204
 121 L   0.00000 0.00011 0.00072 0.00236 0.00537 0.00987 0.01588 0.02366 0.03494 0.09939 0.80770 (11)  2.626 +-  1.436
 122 Q   0.67660 0.10677 0.06251 0.04155 0.02928 0.02138 0.01605 0.01243 0.01027 0.01644 0.00671 ( 1)  0.163 +-  0.254
 123 I   0.76826 0.10365 0.05122 0.02882 0.01726 0.01076 0.00692 0.00461 0.00329 0.00452 0.00069 ( 1)  0.107 +-  0.144
 124 I   0.76826 0.10365 0.05122 0.02882 0.01726 0.01076 0.00692 0.00461 0.00329 0.00452 0.00069 ( 1)  0.107 +-  0.144
 125 T   0.75805 0.10454 0.05290 0.03048 0.01868 0.01191 0.00783 0.00533 0.00388 0.00545 0.00095 ( 1)  0.112 +-  0.154
 126 M   0.30180 0.12206 0.10917 0.09350 0.07816 0.06449 0.05302 0.04409 0.03867 0.06767 0.02736 ( 1)  0.380 +-  0.392
 127 T   0.37226 0.13780 0.11356 0.08999 0.06992 0.05388 0.04158 0.03263 0.02717 0.04557 0.01565 ( 1)  0.308 +-  0.343
 128 L   0.00068 0.00286 0.00792 0.01477 0.02267 0.03103 0.03960 0.04881 0.06140 0.15053 0.61973 (11)  1.992 +-  1.199
 129 P   0.71056 0.10697 0.05948 0.03756 0.02516 0.01747 0.01247 0.00920 0.00723 0.01099 0.00291 ( 1)  0.138 +-  0.202
 130 A   0.02013 0.02717 0.04318 0.05518 0.06327 0.06813 0.07073 0.07253 0.07692 0.15820 0.34456 (11)  1.285 +-  1.021
 131 N   0.77055 0.10352 0.05089 0.02848 0.01695 0.01049 0.00670 0.00443 0.00313 0.00426 0.00059 ( 1)  0.106 +-  0.141
 132 T   0.75805 0.10454 0.05290 0.03048 0.01868 0.01191 0.00783 0.00533 0.00388 0.00545 0.00095 ( 1)  0.112 +-  0.154
 133 I   0.76844 0.10365 0.05120 0.02880 0.01724 0.01074 0.00690 0.00460 0.00328 0.00449 0.00068 ( 1)  0.107 +-  0.144
 134 I   0.32884 0.12822 0.11098 0.09221 0.07497 0.06032 0.04848 0.03952 0.03408 0.05891 0.02346 ( 1)  0.354 +-  0.380
 135 T   0.76506 0.10392 0.05174 0.02934 0.01771 0.01112 0.00721 0.00484 0.00348 0.00481 0.00078 ( 1)  0.108 +-  0.147
 136 I   0.76844 0.10365 0.05120 0.02880 0.01724 0.01074 0.00690 0.00460 0.00328 0.00449 0.00068 ( 1)  0.107 +-  0.144
 137 S   0.00009 0.00103 0.00431 0.01028 0.01851 0.02830 0.03906 0.05085 0.06631 0.16463 0.61663 (11)  1.983 +-  1.177
 138 M   0.05369 0.06212 0.08724 0.09881 0.10058 0.09630 0.08902 0.08136 0.07699 0.14139 0.11249 (10)  0.727 +-  0.608
 139 Q   0.00001 0.00012 0.00055 0.00146 0.00294 0.00501 0.00772 0.01123 0.01642 0.04652 0.90802 (11)  3.017 +-  1.533
 140 Q   0.67660 0.10677 0.06251 0.04155 0.02928 0.02138 0.01605 0.01243 0.01027 0.01644 0.00671 ( 1)  0.163 +-  0.254
 141 A   0.00026 0.00116 0.00346 0.00694 0.01136 0.01655 0.02241 0.02927 0.03906 0.10275 0.76679 (11)  2.486 +-  1.403
 142 T   0.00014 0.00161 0.00647 0.01476 0.02550 0.03740 0.04949 0.06173 0.07693 0.17994 0.54604 (11)  1.793 +-  1.106
 143 G   0.00006 0.00029 0.00086 0.00175 0.00293 0.00436 0.00603 0.00800 0.01072 0.02670 0.93829 (11)  3.168 +-  1.594
 144 L   0.00000 0.00000 0.00001 0.00005 0.00017 0.00042 0.00086 0.00158 0.00277 0.00877 0.98535 (11)  3.294 +-  1.533
 145 L   0.00017 0.00086 0.00284 0.00617 0.01079 0.01656 0.02344 0.03182 0.04393 0.11972 0.74371 (11)  2.363 +-  1.291
 146 N   0.77055 0.10352 0.05089 0.02848 0.01695 0.01049 0.00670 0.00443 0.00313 0.00426 0.00059 ( 1)  0.106 +-  0.141
 147 N   0.00390 0.01464 0.03466 0.05531 0.07257 0.08480 0.09210 0.09598 0.10073 0.19427 0.25102 (11)  1.092 +-  0.793
 148 Q   0.67660 0.10677 0.06251 0.04155 0.02928 0.02138 0.01605 0.01243 0.01027 0.01644 0.00671 ( 1)  0.163 +-  0.254
 149 L   0.66853 0.10648 0.06299 0.04231 0.03013 0.02224 0.01688 0.01322 0.01105 0.01789 0.00828 ( 1)  0.170 +-  0.271
 150 I   0.76826 0.10365 0.05122 0.02882 0.01726 0.01076 0.00692 0.00461 0.00329 0.00452 0.00069 ( 1)  0.107 +-  0.144
 151 I   0.76826 0.10365 0.05122 0.02882 0.01726 0.01076 0.00692 0.00461 0.00329 0.00452 0.00069 ( 1)  0.107 +-  0.144
 152 D   0.64049 0.10499 0.06412 0.04448 0.03273 0.02496 0.01959 0.01587 0.01372 0.02304 0.01601 ( 1)  0.201 +-  0.344
 153 R   0.74503 0.10572 0.05511 0.03264 0.02053 0.01339 0.00899 0.00624 0.00462 0.00659 0.00112 ( 1)  0.118 +-  0.163
 154 I   0.62791 0.10427 0.06456 0.04539 0.03385 0.02615 0.02078 0.01704 0.01491 0.02537 0.01978 ( 1)  0.216 +-  0.374
 155 E   0.74695 0.10560 0.05483 0.03235 0.02026 0.01317 0.00881 0.00609 0.00450 0.00639 0.00106 ( 1)  0.117 +-  0.161
 156 F   0.27862 0.11544 0.10540 0.09219 0.07874 0.06641 0.05585 0.04751 0.04264 0.07619 0.04101 ( 1)  0.424 +-  0.452
 157 Y   0.03011 0.03953 0.06087 0.07524 0.08326 0.08633 0.08608 0.08447 0.08533 0.16457 0.20423 (11)  0.950 +-  0.773
 158 P   0.69638 0.10699 0.06085 0.03930 0.02692 0.01911 0.01396 0.01053 0.00847 0.01318 0.00431 ( 1)  0.148 +-  0.223

Positively selected sites

	Prob(w>1)  mean w

    15 Y      0.709         2.322 +- 1.406
    16 S      0.681         2.150 +- 1.196
    40 S      0.617         1.989 +- 1.185
    44 S      0.713         2.382 +- 1.524
    84 L      0.984*        3.299 +- 1.543
    89 R      0.976*        3.273 +- 1.548
    94 V      0.870         2.879 +- 1.532
   102 S      0.520         1.723 +- 1.111
   121 L      0.808         2.626 +- 1.436
   128 L      0.620         1.992 +- 1.199
   137 S      0.617         1.983 +- 1.177
   139 Q      0.908         3.017 +- 1.533
   141 A      0.767         2.486 +- 1.403
   142 T      0.546         1.793 +- 1.106
   143 G      0.938         3.168 +- 1.594
   144 L      0.985*        3.294 +- 1.533
   145 L      0.744         2.363 +- 1.291

