Supplemental results for CODEML (seqf: algn  treef: tree)


dN/dS (w) for site classes (K=4)

site class             0        1       2a       2b
proportion       0.39743  0.60257  0.00000  0.00000
background w     0.15901  1.00000  0.15901  1.00000
foreground w     0.15901  1.00000  1.00000  1.00000

Naive Empirical Bayes (NEB) probabilities for 4 classes
(amino acids refer to 1st sequence: BT_Cry20Aa1)

   1 -   0.90716 0.09284 0.00000 0.00000 ( 1)
   2 -   0.14439 0.85561 0.00000 0.00000 ( 2)
   3 -   0.01113 0.98887 0.00000 0.00000 ( 2)
   4 E   0.00388 0.99612 0.00000 0.00000 ( 2)
   5 V   0.00024 0.99975 0.00000 0.00000 ( 2)
   6 I   0.97949 0.02051 0.00000 0.00000 ( 1)
   7 S   0.00000 1.00000 0.00000 0.00000 ( 2)
   8 I   0.00025 0.99975 0.00000 0.00000 ( 2)
   9 I   0.04302 0.95698 0.00000 0.00000 ( 2)
  10 Q   0.00000 1.00000 0.00000 0.00000 ( 2)
  11 D   0.00000 1.00000 0.00000 0.00000 ( 2)
  12 A   0.60942 0.39058 0.00000 0.00000 ( 1)
  13 L   0.96686 0.03314 0.00000 0.00000 ( 1)
  14 G   0.00000 1.00000 0.00000 0.00000 ( 2)
  15 F   0.00000 1.00000 0.00000 0.00000 ( 2)
  16 I   0.01481 0.98519 0.00000 0.00000 ( 2)
  17 R   0.00001 0.99998 0.00000 0.00000 ( 2)
  18 -   0.01831 0.98169 0.00000 0.00000 ( 2)
  19 -   0.01914 0.98086 0.00000 0.00000 ( 2)
  20 -   0.00074 0.99926 0.00000 0.00000 ( 2)
  21 -   0.00892 0.99108 0.00000 0.00000 ( 2)
  22 -   0.39885 0.60115 0.00000 0.00000 ( 2)
  23 -   0.00007 0.99993 0.00000 0.00000 ( 2)
  24 -   0.00747 0.99253 0.00000 0.00000 ( 2)
  25 N   0.00000 1.00000 0.00000 0.00000 ( 2)
  26 G   0.00023 0.99977 0.00000 0.00000 ( 2)
  27 T   0.89547 0.10453 0.00000 0.00000 ( 1)
  28 G   0.00142 0.99858 0.00000 0.00000 ( 2)
  29 N   0.00063 0.99937 0.00000 0.00000 ( 2)
  30 E   0.70737 0.29263 0.00000 0.00000 ( 1)
  31 L   0.99999 0.00001 0.00000 0.00000 ( 1)
  32 L   0.99827 0.00173 0.00000 0.00000 ( 1)
  33 I   0.00094 0.99906 0.00000 0.00000 ( 2)
  34 H   0.99998 0.00002 0.00000 0.00000 ( 1)
  35 V   0.99906 0.00094 0.00000 0.00000 ( 1)
  36 E   0.05231 0.94769 0.00000 0.00000 ( 2)
  37 Q   0.06868 0.93132 0.00000 0.00000 ( 2)
  38 L   0.99999 0.00001 0.00000 0.00000 ( 1)
  39 I   1.00000 0.00000 0.00000 0.00000 ( 1)
  40 Q   0.57180 0.42820 0.00000 0.00000 ( 1)
  41 Q   0.02285 0.97715 0.00000 0.00000 ( 2)
  42 T   0.00001 0.99999 0.00000 0.00000 ( 2)
  43 L   0.99559 0.00441 0.00000 0.00000 ( 1)
  44 A   0.00517 0.99483 0.00000 0.00000 ( 2)
  45 T   0.00009 0.99991 0.00000 0.00000 ( 2)
  46 Q   0.00003 0.99997 0.00000 0.00000 ( 2)
  47 Y   0.71667 0.28333 0.00000 0.00000 ( 1)
  48 R   0.98320 0.01680 0.00000 0.00000 ( 1)
  49 S   0.00005 0.99995 0.00000 0.00000 ( 2)
  50 A   0.00000 1.00000 0.00000 0.00000 ( 2)
  51 A   0.92659 0.07341 0.00000 0.00000 ( 1)
  52 T   0.00001 0.99999 0.00000 0.00000 ( 2)
  53 G   0.00004 0.99996 0.00000 0.00000 ( 2)
  54 A   0.00720 0.99280 0.00000 0.00000 ( 2)
  55 I   0.99999 0.00001 0.00000 0.00000 ( 1)
  56 -   0.39743 0.60257 0.00000 0.00000 ( 2)
  57 Y   0.02439 0.97561 0.00000 0.00000 ( 2)
  58 G   0.70492 0.29508 0.00000 0.00000 ( 1)
  59 I   0.02128 0.97872 0.00000 0.00000 ( 2)
  60 S   0.00003 0.99997 0.00000 0.00000 ( 2)
  61 R   0.00000 1.00000 0.00000 0.00000 ( 2)
  62 S   0.00004 0.99996 0.00000 0.00000 ( 2)
  63 Y   0.99996 0.00004 0.00000 0.00000 ( 1)
  64 D   0.00000 1.00000 0.00000 0.00000 ( 2)
  65 N   0.00000 1.00000 0.00000 0.00000 ( 2)
  66 -   0.72859 0.27141 0.00000 0.00000 ( 1)
  67 Y   1.00000 0.00000 0.00000 0.00000 ( 1)
  68 L   1.00000 0.00000 0.00000 0.00000 ( 1)
  69 M   0.00000 1.00000 0.00000 0.00000 ( 2)
  70 F   0.26239 0.73761 0.00000 0.00000 ( 2)
  71 F   0.97776 0.02224 0.00000 0.00000 ( 1)
  72 R   0.00000 1.00000 0.00000 0.00000 ( 2)
  73 Q   0.00000 1.00000 0.00000 0.00000 ( 2)
  74 W   0.99080 0.00920 0.00000 0.00000 ( 1)
  75 E   0.02100 0.97900 0.00000 0.00000 ( 2)
  76 R   0.00006 0.99994 0.00000 0.00000 ( 2)
  77 N   0.02687 0.97313 0.00000 0.00000 ( 2)
  78 R   0.00134 0.99866 0.00000 0.00000 ( 2)
  79 -   0.00056 0.99944 0.00000 0.00000 ( 2)
  80 -   0.87536 0.12464 0.00000 0.00000 ( 1)
  81 -   0.01814 0.98186 0.00000 0.00000 ( 2)
  82 -   0.04347 0.95653 0.00000 0.00000 ( 2)
  83 -   0.07456 0.92544 0.00000 0.00000 ( 2)
  84 -   0.07753 0.92247 0.00000 0.00000 ( 2)
  85 -   0.39743 0.60257 0.00000 0.00000 ( 2)
  86 T   0.69046 0.30954 0.00000 0.00000 ( 1)
  87 R   0.00000 1.00000 0.00000 0.00000 ( 2)
  88 E   0.00000 1.00000 0.00000 0.00000 ( 2)
  89 N   0.00000 1.00000 0.00000 0.00000 ( 2)
  90 G   0.65380 0.34620 0.00000 0.00000 ( 1)
  91 Q   0.00000 1.00000 0.00000 0.00000 ( 2)
  92 Q   0.00000 1.00000 0.00000 0.00000 ( 2)
  93 V   0.62460 0.37540 0.00000 0.00000 ( 1)
  94 E   0.00804 0.99196 0.00000 0.00000 ( 2)
  95 S   0.00000 1.00000 0.00000 0.00000 ( 2)
  96 A   0.00060 0.99940 0.00000 0.00000 ( 2)
  97 F   0.99997 0.00002 0.00000 0.00000 ( 1)
  98 T   0.00000 1.00000 0.00000 0.00000 ( 2)
  99 T   0.00000 1.00000 0.00000 0.00000 ( 2)
 100 I   0.00056 0.99944 0.00000 0.00000 ( 2)
 101 N   0.99982 0.00018 0.00000 0.00000 ( 1)
 102 T   0.00001 0.99999 0.00000 0.00000 ( 2)
 103 L   0.00000 1.00000 0.00000 0.00000 ( 2)
 104 C   0.99715 0.00285 0.00000 0.00000 ( 1)
 105 I   0.08691 0.91309 0.00000 0.00000 ( 2)
 106 N   0.00000 1.00000 0.00000 0.00000 ( 2)
 107 A   0.11501 0.88499 0.00000 0.00000 ( 2)
 108 L   0.99985 0.00015 0.00000 0.00000 ( 1)
 109 A   0.18661 0.81339 0.00000 0.00000 ( 2)
 110 -   0.01083 0.98917 0.00000 0.00000 ( 2)
 111 -   0.58514 0.41486 0.00000 0.00000 ( 1)
 112 -   0.33481 0.66519 0.00000 0.00000 ( 2)
 113 -   0.24504 0.75496 0.00000 0.00000 ( 2)
 114 -   0.52633 0.47367 0.00000 0.00000 ( 1)
 115 -   0.45896 0.54104 0.00000 0.00000 ( 2)
 116 -   0.41876 0.58124 0.00000 0.00000 ( 2)
 117 P   0.02498 0.97502 0.00000 0.00000 ( 2)
 118 Q   0.00000 1.00000 0.00000 0.00000 ( 2)
 119 A   0.02598 0.97402 0.00000 0.00000 ( 2)
 120 S   0.00000 1.00000 0.00000 0.00000 ( 2)
 121 L   0.99921 0.00079 0.00000 0.00000 ( 1)
 122 S   0.00471 0.99529 0.00000 0.00000 ( 2)
 123 R   0.00026 0.99974 0.00000 0.00000 ( 2)
 124 R   0.00000 1.00000 0.00000 0.00000 ( 2)
 125 G   0.05259 0.94741 0.00000 0.00000 ( 2)
 126 F   0.12374 0.87626 0.00000 0.00000 ( 2)
 127 E   0.98070 0.01930 0.00000 0.00000 ( 1)
 128 T   0.99958 0.00042 0.00000 0.00000 ( 1)
 129 L   0.77739 0.22261 0.00000 0.00000 ( 1)
 130 L   0.99998 0.00002 0.00000 0.00000 ( 1)
 131 L   0.99999 0.00001 0.00000 0.00000 ( 1)
 132 P   1.00000 0.00000 0.00000 0.00000 ( 1)
 133 N   0.32422 0.67578 0.00000 0.00000 ( 2)
 134 Y   0.99989 0.00011 0.00000 0.00000 ( 1)
 135 A   0.01723 0.98277 0.00000 0.00000 ( 2)
 136 M   0.42901 0.57099 0.00000 0.00000 ( 2)
 137 A   0.99832 0.00168 0.00000 0.00000 ( 1)
 138 A   1.00000 0.00000 0.00000 0.00000 ( 1)
 139 N   0.99976 0.00024 0.00000 0.00000 ( 1)
 140 F   0.00249 0.99751 0.00000 0.00000 ( 2)
 141 H   1.00000 0.00000 0.00000 0.00000 ( 1)
 142 L   1.00000 0.00000 0.00000 0.00000 ( 1)
 143 L   0.46689 0.53311 0.00000 0.00000 ( 2)
 144 L   0.98681 0.01319 0.00000 0.00000 ( 1)
 145 L   1.00000 0.00000 0.00000 0.00000 ( 1)
 146 R   0.99890 0.00110 0.00000 0.00000 ( 1)
 147 D   1.00000 0.00000 0.00000 0.00000 ( 1)
 148 A   0.99998 0.00002 0.00000 0.00000 ( 1)
 149 V   0.99317 0.00683 0.00000 0.00000 ( 1)
 150 L   0.00006 0.99994 0.00000 0.00000 ( 2)
 151 Y   1.00000 0.00000 0.00000 0.00000 ( 1)
 152 R   0.02078 0.97922 0.00000 0.00000 ( 2)
 153 N   0.00000 1.00000 0.00000 0.00000 ( 2)
 154 Q   0.00000 1.00000 0.00000 0.00000 ( 2)
 155 W   0.77440 0.22560 0.00000 0.00000 ( 1)
 156 L   0.00000 1.00000 0.00000 0.00000 ( 2)
 157 S   0.00004 0.99996 0.00000 0.00000 ( 2)
 158 N   0.00006 0.99994 0.00000 0.00000 ( 2)
 159 S   0.00000 1.00000 0.00000 0.00000 ( 2)
 160 I   0.00019 0.99981 0.00000 0.00000 ( 2)
 161 S   0.00178 0.99821 0.00000 0.00000 ( 2)
 162 T   0.00409 0.99591 0.00000 0.00000 ( 2)
 163 -   0.06884 0.93116 0.00000 0.00000 ( 2)
 164 -   0.00170 0.99829 0.00000 0.00000 ( 2)
 165 -   0.00051 0.99949 0.00000 0.00000 ( 2)
 166 -   0.00243 0.99757 0.00000 0.00000 ( 2)
 167 -   0.77665 0.22335 0.00000 0.00000 ( 1)
 168 -   0.03176 0.96824 0.00000 0.00000 ( 2)
 169 -   0.05002 0.94998 0.00000 0.00000 ( 2)
 170 -   0.91151 0.08849 0.00000 0.00000 ( 1)
 171 -   0.46616 0.53384 0.00000 0.00000 ( 2)
 172 -   0.17688 0.82312 0.00000 0.00000 ( 2)
 173 -   0.44028 0.55972 0.00000 0.00000 ( 2)
 174 -   0.09663 0.90337 0.00000 0.00000 ( 2)
 175 -   0.46715 0.53285 0.00000 0.00000 ( 2)
 176 -   0.49715 0.50285 0.00000 0.00000 ( 2)
 177 -   0.48714 0.51286 0.00000 0.00000 ( 2)
 178 A   0.00015 0.99985 0.00000 0.00000 ( 2)
 179 N   0.00001 0.99999 0.00000 0.00000 ( 2)
 180 V   0.00214 0.99786 0.00000 0.00000 ( 2)
 181 N   0.99995 0.00005 0.00000 0.00000 ( 1)
 182 L   0.00000 1.00000 0.00000 0.00000 ( 2)
 183 N   0.00000 1.00000 0.00000 0.00000 ( 2)
 184 I   0.08204 0.91796 0.00000 0.00000 ( 2)
 185 L   0.99818 0.00182 0.00000 0.00000 ( 1)
 186 R   0.00047 0.99953 0.00000 0.00000 ( 2)
 187 A   0.00000 1.00000 0.00000 0.00000 ( 2)
 188 A   0.00001 0.99999 0.00000 0.00000 ( 2)
 189 I   0.99850 0.00150 0.00000 0.00000 ( 1)
 190 N   0.00000 1.00000 0.00000 0.00000 ( 2)
 191 E   0.00000 1.00000 0.00000 0.00000 ( 2)
 192 Y   1.00000 0.00000 0.00000 0.00000 ( 1)
 193 I   0.24474 0.75526 0.00000 0.00000 ( 2)
 194 T   0.99981 0.00019 0.00000 0.00000 ( 1)
 195 H   0.99993 0.00006 0.00000 0.00000 ( 1)
 196 C   1.00000 0.00000 0.00000 0.00000 ( 1)
 197 T   0.00006 0.99994 0.00000 0.00000 ( 2)
 198 R   0.00000 1.00000 0.00000 0.00000 ( 2)
 199 W   0.00008 0.99992 0.00000 0.00000 ( 2)
 200 Y   1.00000 0.00000 0.00000 0.00000 ( 1)
 201 Q   0.20551 0.79449 0.00000 0.00000 ( 2)
 202 D   0.00000 1.00000 0.00000 0.00000 ( 2)
 203 G   1.00000 0.00000 0.00000 0.00000 ( 1)
 204 L   0.99997 0.00003 0.00000 0.00000 ( 1)
 205 N   0.99993 0.00007 0.00000 0.00000 ( 1)
 206 R   0.00380 0.99620 0.00000 0.00000 ( 2)
 207 F   0.99901 0.00099 0.00000 0.00000 ( 1)
 208 D   0.26310 0.73690 0.00000 0.00000 ( 2)
 209 R   0.00000 1.00000 0.00000 0.00000 ( 2)
 210 S   0.00000 1.00000 0.00000 0.00000 ( 2)
 211 S   0.99972 0.00028 0.00000 0.00000 ( 1)
 212 R   0.39743 0.60257 0.00000 0.00000 ( 2)
 213 A   0.01060 0.98940 0.00000 0.00000 ( 2)
 214 N   0.00325 0.99675 0.00000 0.00000 ( 2)
 215 M   0.74338 0.25662 0.00000 0.00000 ( 1)
 216 N   0.00000 1.00000 0.00000 0.00000 ( 2)
 217 E   0.00000 1.00000 0.00000 0.00000 ( 2)
 218 W   0.99845 0.00155 0.00000 0.00000 ( 1)
 219 R   0.00021 0.99979 0.00000 0.00000 ( 2)
 220 R   0.91076 0.08924 0.00000 0.00000 ( 1)
 221 F   1.00000 0.00000 0.00000 0.00000 ( 1)
 222 N   1.00000 0.00000 0.00000 0.00000 ( 1)
 223 A   0.00331 0.99669 0.00000 0.00000 ( 2)
 224 Y   0.99999 0.00000 0.00000 0.00000 ( 1)
 225 R   0.99999 0.00001 0.00000 0.00000 ( 1)
 226 R   0.99999 0.00001 0.00000 0.00000 ( 1)
 227 D   0.99996 0.00004 0.00000 0.00000 ( 1)
 228 M   1.00000 0.00000 0.00000 0.00000 ( 1)
 229 T   1.00000 0.00000 0.00000 0.00000 ( 1)
 230 L   0.99917 0.00083 0.00000 0.00000 ( 1)
 231 S   0.00015 0.99985 0.00000 0.00000 ( 2)
 232 V   1.00000 0.00000 0.00000 0.00000 ( 1)
 233 L   0.99999 0.00001 0.00000 0.00000 ( 1)
 234 D   1.00000 0.00000 0.00000 0.00000 ( 1)
 235 F   0.99979 0.00021 0.00000 0.00000 ( 1)
 236 A   0.99946 0.00054 0.00000 0.00000 ( 1)
 237 T   0.85559 0.14441 0.00000 0.00000 ( 1)
 238 V   0.85465 0.14535 0.00000 0.00000 ( 1)
 239 F   1.00000 0.00000 0.00000 0.00000 ( 1)
 240 P   0.99968 0.00032 0.00000 0.00000 ( 1)
 241 T   0.04987 0.95013 0.00000 0.00000 ( 2)


lnL = -10833.308861

