Supplemental results for CODEML (seqf: algn  treef: tree)


dN/dS (w) for site classes (K=4)

site class             0        1       2a       2b
proportion       0.59637  0.40363  0.00000  0.00000
background w     0.11362  1.00000  0.11362  1.00000
foreground w     0.11362  1.00000  1.00000  1.00000

Naive Empirical Bayes (NEB) probabilities for 4 classes
(amino acids refer to 1st sequence: BT_Cry68Aa1)

   1 P   0.66428 0.33572 0.00000 0.00000 ( 1)
   2 V   0.88092 0.11908 0.00000 0.00000 ( 1)
   3 V   0.95147 0.04853 0.00000 0.00000 ( 1)
   4 S   0.31445 0.68555 0.00000 0.00000 ( 2)
   5 Q   0.80780 0.19220 0.00000 0.00000 ( 1)
   6 L   0.96940 0.03060 0.00000 0.00000 ( 1)
   7 S   0.99977 0.00023 0.00000 0.00000 ( 1)
   8 R   0.98099 0.01901 0.00000 0.00000 ( 1)
   9 V   0.64770 0.35230 0.00000 0.00000 ( 1)
  10 I   0.99906 0.00094 0.00000 0.00000 ( 1)
  11 Y   0.99904 0.00096 0.00000 0.00000 ( 1)
  12 T   0.99549 0.00451 0.00000 0.00000 ( 1)
  13 D   0.99894 0.00106 0.00000 0.00000 ( 1)
  14 P   0.99339 0.00661 0.00000 0.00000 ( 1)
  15 V   0.99336 0.00664 0.00000 0.00000 ( 1)
  16 G   0.99956 0.00044 0.00000 0.00000 ( 1)
  17 A   0.91121 0.08879 0.00000 0.00000 ( 1)
  18 I   0.82783 0.17217 0.00000 0.00000 ( 1)
  19 R   0.39690 0.60310 0.00000 0.00000 ( 2)
  20 T   0.20879 0.79121 0.00000 0.00000 ( 2)
  21 D   0.21528 0.78472 0.00000 0.00000 ( 2)
  22 G   0.01553 0.98447 0.00000 0.00000 ( 2)
  23 -   0.59637 0.40363 0.00000 0.00000 ( 1)
  24 -   0.05814 0.94186 0.00000 0.00000 ( 2)
  25 -   0.00145 0.99855 0.00000 0.00000 ( 2)
  26 -   0.03645 0.96355 0.00000 0.00000 ( 2)
  27 R   0.00385 0.99615 0.00000 0.00000 ( 2)
  28 G   0.53591 0.46409 0.00000 0.00000 ( 1)
  29 W   0.91848 0.08152 0.00000 0.00000 ( 1)
  30 F   0.99955 0.00045 0.00000 0.00000 ( 1)
  31 D   0.02362 0.97638 0.00000 0.00000 ( 2)
  32 P   0.91286 0.08714 0.00000 0.00000 ( 1)
  33 P   0.05208 0.94792 0.00000 0.00000 ( 2)
  34 V   0.70311 0.29689 0.00000 0.00000 ( 1)
  35 G   0.00026 0.99974 0.00000 0.00000 ( 2)
  36 T   0.00406 0.99594 0.00000 0.00000 ( 2)
  37 D   0.99674 0.00326 0.00000 0.00000 ( 1)
  38 R   0.61470 0.38530 0.00000 0.00000 ( 1)
  39 I   0.65118 0.34882 0.00000 0.00000 ( 1)
  40 R   0.00593 0.99407 0.00000 0.00000 ( 2)
  41 V   0.99558 0.00442 0.00000 0.00000 ( 1)
  42 N   0.94142 0.05858 0.00000 0.00000 ( 1)
  43 F   0.99852 0.00148 0.00000 0.00000 ( 1)
  44 A   0.03565 0.96435 0.00000 0.00000 ( 2)
  45 S   0.01441 0.98559 0.00000 0.00000 ( 2)
  46 I   0.94625 0.05375 0.00000 0.00000 ( 1)
  47 E   0.99897 0.00103 0.00000 0.00000 ( 1)
  48 N   0.99365 0.00635 0.00000 0.00000 ( 1)
  49 E   0.25026 0.74974 0.00000 0.00000 ( 2)
  50 I   0.99894 0.00106 0.00000 0.00000 ( 1)
  51 P   0.99815 0.00185 0.00000 0.00000 ( 1)
  52 A   0.03018 0.96982 0.00000 0.00000 ( 2)
  53 P   0.98931 0.01069 0.00000 0.00000 ( 1)
  54 T   0.04491 0.95509 0.00000 0.00000 ( 2)
  55 T   0.14950 0.85050 0.00000 0.00000 ( 2)
  56 S   0.79678 0.20322 0.00000 0.00000 ( 1)
  57 R   0.10453 0.89547 0.00000 0.00000 ( 2)
  58 H   0.81467 0.18533 0.00000 0.00000 ( 1)
  59 L   0.97363 0.02637 0.00000 0.00000 ( 1)
  60 S   0.15004 0.84996 0.00000 0.00000 ( 2)
  61 E   0.57542 0.42458 0.00000 0.00000 ( 1)
  62 L   0.32624 0.67376 0.00000 0.00000 ( 2)
  63 T   0.00029 0.99971 0.00000 0.00000 ( 2)
  64 I   0.98953 0.01047 0.00000 0.00000 ( 1)
  65 S   0.90838 0.09162 0.00000 0.00000 ( 1)
  66 S   0.18472 0.81528 0.00000 0.00000 ( 2)
  67 G   0.99151 0.00849 0.00000 0.00000 ( 1)
  68 P   0.15107 0.84893 0.00000 0.00000 ( 2)
  69 L   0.99919 0.00081 0.00000 0.00000 ( 1)
  70 G   0.10498 0.89502 0.00000 0.00000 ( 2)
  71 F   0.54021 0.45979 0.00000 0.00000 ( 1)
  72 G   0.57475 0.42525 0.00000 0.00000 ( 1)
  73 I   0.88385 0.11615 0.00000 0.00000 ( 1)
  74 N   0.37841 0.62159 0.00000 0.00000 ( 2)
  75 P   0.99752 0.00248 0.00000 0.00000 ( 1)
  76 S   0.00256 0.99744 0.00000 0.00000 ( 2)
  77 -   0.36746 0.63254 0.00000 0.00000 ( 2)
  78 -   0.67039 0.32961 0.00000 0.00000 ( 1)
  79 R   0.99739 0.00261 0.00000 0.00000 ( 1)
  80 T   0.95170 0.04830 0.00000 0.00000 ( 1)
  81 H   0.21950 0.78050 0.00000 0.00000 ( 2)
  82 S   0.09990 0.90010 0.00000 0.00000 ( 2)
  83 W   0.91848 0.08152 0.00000 0.00000 ( 1)
  84 Q   0.64474 0.35526 0.00000 0.00000 ( 1)
  85 G   0.99006 0.00994 0.00000 0.00000 ( 1)
  86 N   0.99530 0.00470 0.00000 0.00000 ( 1)
  87 R   0.02262 0.97738 0.00000 0.00000 ( 2)
  88 N   0.99645 0.00355 0.00000 0.00000 ( 1)
  89 V   0.06557 0.93443 0.00000 0.00000 ( 2)
  90 N   0.83409 0.16591 0.00000 0.00000 ( 1)
  91 I   0.00674 0.99326 0.00000 0.00000 ( 2)
  92 S   0.00331 0.99669 0.00000 0.00000 ( 2)
  93 A   0.72766 0.27234 0.00000 0.00000 ( 1)
  94 P   0.05951 0.94049 0.00000 0.00000 ( 2)
  95 T   0.01005 0.98995 0.00000 0.00000 ( 2)
  96 D   0.80685 0.19315 0.00000 0.00000 ( 1)
  97 V   0.06903 0.93097 0.00000 0.00000 ( 2)
  98 -   0.68937 0.31063 0.00000 0.00000 ( 1)
  99 -   0.17806 0.82194 0.00000 0.00000 ( 2)
 100 -   0.64541 0.35459 0.00000 0.00000 ( 1)
 101 -   0.62152 0.37848 0.00000 0.00000 ( 1)
 102 -   0.65200 0.34800 0.00000 0.00000 ( 1)
 103 S   0.89819 0.10181 0.00000 0.00000 ( 1)
 104 G   0.97154 0.02846 0.00000 0.00000 ( 1)
 105 V   0.01106 0.98894 0.00000 0.00000 ( 2)
 106 I   0.04171 0.95829 0.00000 0.00000 ( 2)
 107 S   0.95112 0.04888 0.00000 0.00000 ( 1)
 108 N   0.44238 0.55762 0.00000 0.00000 ( 2)
 109 R   0.00262 0.99738 0.00000 0.00000 ( 2)
 110 T   0.01345 0.98655 0.00000 0.00000 ( 2)
 111 Q   0.38486 0.61514 0.00000 0.00000 ( 2)
 112 T   0.95925 0.04075 0.00000 0.00000 ( 1)
 113 I   0.99555 0.00445 0.00000 0.00000 ( 1)
 114 P   0.08548 0.91452 0.00000 0.00000 ( 2)
 115 A   0.98165 0.01835 0.00000 0.00000 ( 1)
 116 R   0.15227 0.84773 0.00000 0.00000 ( 2)
 117 N   0.96912 0.03088 0.00000 0.00000 ( 1)
 118 I   0.99908 0.00092 0.00000 0.00000 ( 1)
 119 F   0.99360 0.00640 0.00000 0.00000 ( 1)
 120 R   0.99873 0.00127 0.00000 0.00000 ( 1)
 121 V   0.58314 0.41686 0.00000 0.00000 ( 1)
 122 N   0.97722 0.02278 0.00000 0.00000 ( 1)
 123 S   0.99034 0.00966 0.00000 0.00000 ( 1)
 124 R   0.19166 0.80834 0.00000 0.00000 ( 2)
 125 V   0.99583 0.00417 0.00000 0.00000 ( 1)
 126 Y   0.08030 0.91970 0.00000 0.00000 ( 2)
 127 T   0.99268 0.00732 0.00000 0.00000 ( 1)
 128 L   0.98452 0.01548 0.00000 0.00000 ( 1)
 129 D   0.99804 0.00196 0.00000 0.00000 ( 1)
 130 W   0.00235 0.99765 0.00000 0.00000 ( 2)
 131 R   0.78803 0.21197 0.00000 0.00000 ( 1)
 132 L   0.04677 0.95323 0.00000 0.00000 ( 2)
 133 Y   0.87834 0.12166 0.00000 0.00000 ( 1)
 134 G   0.99744 0.00256 0.00000 0.00000 ( 1)
 135 V   0.99917 0.00083 0.00000 0.00000 ( 1)
 136 Y   0.27872 0.72128 0.00000 0.00000 ( 2)
 137 R   0.97679 0.02321 0.00000 0.00000 ( 1)
 138 A   0.99933 0.00067 0.00000 0.00000 ( 1)
 139 E   0.88711 0.11289 0.00000 0.00000 ( 1)
 140 F   0.99955 0.00045 0.00000 0.00000 ( 1)
 141 F   0.84385 0.15615 0.00000 0.00000 ( 1)
 142 Q   0.98054 0.01946 0.00000 0.00000 ( 1)
 143 D   0.05495 0.94505 0.00000 0.00000 ( 2)
 144 A   0.92256 0.07744 0.00000 0.00000 ( 1)
 145 S   0.99652 0.00348 0.00000 0.00000 ( 1)
 146 Q   0.93409 0.06591 0.00000 0.00000 ( 1)
 147 N   0.17236 0.82764 0.00000 0.00000 ( 2)
 148 S   0.99705 0.00295 0.00000 0.00000 ( 1)
 149 Q   0.52927 0.47073 0.00000 0.00000 ( 1)
 150 I   0.00023 0.99977 0.00000 0.00000 ( 2)
 151 R   0.02075 0.97925 0.00000 0.00000 ( 2)
 152 V   0.97037 0.02963 0.00000 0.00000 ( 1)
 153 F   0.89459 0.10541 0.00000 0.00000 ( 1)
 154 A   0.00254 0.99746 0.00000 0.00000 ( 2)
 155 E   0.14854 0.85146 0.00000 0.00000 ( 2)
 156 N   0.38021 0.61979 0.00000 0.00000 ( 2)
 157 P   0.54355 0.45645 0.00000 0.00000 ( 1)
 158 P   0.01568 0.98432 0.00000 0.00000 ( 2)
 159 T   0.95950 0.04050 0.00000 0.00000 ( 1)
 160 G   0.69207 0.30793 0.00000 0.00000 ( 1)
 161 A   0.06588 0.93412 0.00000 0.00000 ( 2)
 162 -   0.01616 0.98384 0.00000 0.00000 ( 2)
 163 -   0.19468 0.80532 0.00000 0.00000 ( 2)
 164 G   0.25924 0.74076 0.00000 0.00000 ( 2)
 165 A   0.26388 0.73612 0.00000 0.00000 ( 2)
 166 Q   0.00152 0.99848 0.00000 0.00000 ( 2)
 167 S   0.00490 0.99510 0.00000 0.00000 ( 2)
 168 A   0.00035 0.99965 0.00000 0.00000 ( 2)
 169 N   0.99946 0.00054 0.00000 0.00000 ( 1)
 170 N   0.04863 0.95137 0.00000 0.00000 ( 2)
 171 F   0.00246 0.99754 0.00000 0.00000 ( 2)
 172 R   0.86628 0.13372 0.00000 0.00000 ( 1)
 173 F   0.99317 0.00683 0.00000 0.00000 ( 1)
 174 L   0.09153 0.90847 0.00000 0.00000 ( 2)
 175 P   0.99252 0.00748 0.00000 0.00000 ( 1)
 176 G   0.99744 0.00256 0.00000 0.00000 ( 1)
 177 E   0.99897 0.00103 0.00000 0.00000 ( 1)
 178 N   0.96902 0.03098 0.00000 0.00000 ( 1)
 179 S   0.95962 0.04038 0.00000 0.00000 ( 1)
 180 D   0.00191 0.99809 0.00000 0.00000 ( 2)
 181 T   0.97559 0.02441 0.00000 0.00000 ( 1)
 182 P   0.99655 0.00345 0.00000 0.00000 ( 1)
 183 T   0.99814 0.00186 0.00000 0.00000 ( 1)
 184 P   0.99207 0.00793 0.00000 0.00000 ( 1)
 185 Q   0.13584 0.86416 0.00000 0.00000 ( 2)
 186 D   0.99915 0.00085 0.00000 0.00000 ( 1)
 187 Y   0.99904 0.00096 0.00000 0.00000 ( 1)
 188 T   0.99902 0.00098 0.00000 0.00000 ( 1)
 189 H   0.99856 0.00144 0.00000 0.00000 ( 1)
 190 L   0.32804 0.67196 0.00000 0.00000 ( 2)
 191 L   0.98659 0.01341 0.00000 0.00000 ( 1)
 192 S   0.99847 0.00153 0.00000 0.00000 ( 1)
 193 R   0.13426 0.86574 0.00000 0.00000 ( 2)
 194 V   0.04172 0.95828 0.00000 0.00000 ( 2)
 195 V   0.06086 0.93914 0.00000 0.00000 ( 2)
 196 N   0.99968 0.00032 0.00000 0.00000 ( 1)
 197 A   0.02353 0.97647 0.00000 0.00000 ( 2)
 198 T   0.97374 0.02626 0.00000 0.00000 ( 1)
 199 V   0.95960 0.04040 0.00000 0.00000 ( 1)
 200 G   0.99754 0.00246 0.00000 0.00000 ( 1)
 201 L   0.99919 0.00081 0.00000 0.00000 ( 1)
 202 T   0.20207 0.79793 0.00000 0.00000 ( 2)
 203 P   0.87600 0.12400 0.00000 0.00000 ( 1)
 204 A   0.78658 0.21342 0.00000 0.00000 ( 1)
 205 T   0.27641 0.72359 0.00000 0.00000 ( 2)
 206 G   0.00110 0.99890 0.00000 0.00000 ( 2)
 207 N   0.02096 0.97904 0.00000 0.00000 ( 2)
 208 Q   0.91538 0.08462 0.00000 0.00000 ( 1)
 209 R   0.99896 0.00104 0.00000 0.00000 ( 1)
 210 N   0.45625 0.54375 0.00000 0.00000 ( 2)
 211 S   0.99907 0.00093 0.00000 0.00000 ( 1)
 212 V   0.61496 0.38504 0.00000 0.00000 ( 1)
 213 L   0.89146 0.10854 0.00000 0.00000 ( 1)
 214 I   0.14677 0.85323 0.00000 0.00000 ( 2)
 215 F   0.28601 0.71399 0.00000 0.00000 ( 2)
 216 G   0.99956 0.00044 0.00000 0.00000 ( 1)
 217 W   0.91848 0.08152 0.00000 0.00000 ( 1)
 218 K   0.97901 0.02099 0.00000 0.00000 ( 1)
 219 H   0.99947 0.00053 0.00000 0.00000 ( 1)
 220 K   0.98622 0.01378 0.00000 0.00000 ( 1)


lnL = -3308.396312

