Supplemental results for CODEML (seqf: algn  treef: tree)


dN/dS (w) for site classes (K=3)

p:   0.26193  0.47455  0.26352
w:   0.04398  0.37273  3.73202

Naive Empirical Bayes (NEB) probabilities for 3 classes & postmean_w & P(w>1)
(amino acids refer to 1st sequence: BT_Cry30Da1)

   1 -   0.26422 0.66727 0.06851 ( 2)  0.516  0.069
   2 -   0.02003 0.85188 0.12809 ( 2)  0.796  0.128
   3 -   0.83589 0.16094 0.00317 ( 1)  0.109  0.003
   4 R   0.93965 0.06034 0.00001 ( 1)  0.064  0.000
   5 I   0.99469 0.00530 0.00001 ( 1)  0.046  0.000
   6 T   0.98236 0.01762 0.00001 ( 1)  0.050  0.000
   7 Q   0.10912 0.88850 0.00239 ( 2)  0.345  0.002
   8 I   0.28864 0.61545 0.09590 ( 2)  0.600  0.096
   9 P   0.90426 0.09572 0.00002 ( 1)  0.076  0.000
  10 A   0.37567 0.61756 0.00677 ( 2)  0.272  0.007
  11 V   0.59065 0.40269 0.00666 ( 1)  0.201  0.007
  12 K   0.99746 0.00254 0.00000 ( 1)  0.045  0.000
  13 A   0.61270 0.37861 0.00869 ( 1)  0.200  0.009
  14 H   0.03596 0.91668 0.04736 ( 2)  0.520  0.047
  15 Y   0.00000 0.00264 0.99736 ( 3)  3.723  0.997
  16 L   0.01990 0.59190 0.38821 ( 2)  1.670  0.388
  17 S   0.01218 0.37895 0.60887 ( 3)  2.414  0.609
  18 A   0.00000 0.01447 0.98553 ( 3)  3.683  0.986
  19 T   0.00029 0.16561 0.83410 ( 3)  3.175  0.834
  20 A   0.00928 0.91835 0.07237 ( 2)  0.613  0.072
  21 K   0.00147 0.93931 0.05923 ( 2)  0.571  0.059
  22 V   0.99067 0.00933 0.00000 ( 1)  0.047  0.000
  23 I   0.99555 0.00444 0.00001 ( 1)  0.045  0.000
  24 A   0.00218 0.97114 0.02668 ( 2)  0.462  0.027
  25 G   0.39282 0.60639 0.00079 ( 2)  0.246  0.001
  26 P   0.80776 0.19219 0.00005 ( 1)  0.107  0.000
  27 G   0.98529 0.01471 0.00000 ( 1)  0.049  0.000
  28 H   0.00147 0.98698 0.01156 ( 2)  0.411  0.012
  29 T   0.09668 0.81929 0.08403 ( 2)  0.623  0.084
  30 G   0.98822 0.01178 0.00000 ( 1)  0.048  0.000
  31 G   0.84211 0.15789 0.00000 ( 1)  0.096  0.000
  32 D   0.45279 0.52642 0.02079 ( 2)  0.294  0.021
  33 L   0.59773 0.40208 0.00020 ( 1)  0.177  0.000
  34 V   0.65549 0.34308 0.00142 ( 1)  0.162  0.001
  35 A   0.00140 0.93157 0.06703 ( 2)  0.597  0.067
  36 L   0.00352 0.88199 0.11449 ( 2)  0.756  0.114
  37 I   0.00723 0.89691 0.09586 ( 2)  0.692  0.096
  38 -   0.26193 0.47455 0.26352 ( 2)  1.172  0.264
  39 -   0.26193 0.47455 0.26352 ( 2)  1.172  0.264
  40 -   0.26193 0.47455 0.26352 ( 2)  1.172  0.264
  41 -   0.26193 0.47455 0.26352 ( 2)  1.172  0.264
  42 N   0.01824 0.88872 0.09304 ( 2)  0.679  0.093
  43 D   0.01988 0.84168 0.13844 ( 2)  0.831  0.138
  44 G   0.03085 0.44918 0.51997 ( 3)  2.109  0.520
  45 S   0.00000 0.11742 0.88258 ( 3)  3.338  0.883
  46 R   0.00001 0.07258 0.92741 ( 3)  3.488  0.927
  47 T   0.00125 0.94219 0.05656 ( 2)  0.562  0.057
  48 G   0.00928 0.96186 0.02886 ( 2)  0.467  0.029
  49 S   0.00204 0.48799 0.50997 ( 3)  2.085  0.510
  50 M   0.01964 0.95229 0.02807 ( 2)  0.461  0.028
  51 N   0.00000 0.06755 0.93245 ( 3)  3.505  0.932
  52 I   0.52794 0.42925 0.04280 ( 1)  0.343  0.043
  53 E   0.00039 0.92725 0.07237 ( 2)  0.616  0.072
  54 C   0.00631 0.98713 0.00657 ( 2)  0.393  0.007
  55 K   0.03534 0.96223 0.00243 ( 2)  0.369  0.002
  56 T   0.01229 0.86166 0.12605 ( 2)  0.792  0.126
  57 G   0.00007 0.37406 0.62587 ( 3)  2.475  0.626
  58 S   0.00000 0.10648 0.89351 ( 3)  3.374  0.894
  59 F   0.00002 0.17925 0.82073 ( 3)  3.130  0.821
  60 T   0.04879 0.80334 0.14787 ( 2)  0.853  0.148
  61 Q   0.29313 0.51146 0.19542 ( 2)  0.933  0.195
  62 P   0.29982 0.51847 0.18171 ( 2)  0.885  0.182
  63 S   0.00000 0.06227 0.93773 ( 3)  3.523  0.938
  64 R   0.00157 0.91280 0.08563 ( 2)  0.660  0.086
  65 R   0.06502 0.90811 0.02688 ( 2)  0.442  0.027
  66 F   0.94082 0.05917 0.00001 ( 1)  0.063  0.000
  67 G   0.00008 0.95201 0.04791 ( 2)  0.534  0.048
  68 L   0.00300 0.94026 0.05674 ( 2)  0.562  0.057
  69 R   0.98669 0.01331 0.00000 ( 1)  0.048  0.000
  70 M   0.97517 0.02477 0.00005 ( 1)  0.052  0.000
  71 R   0.96735 0.03262 0.00003 ( 1)  0.055  0.000
  72 Y   0.99612 0.00388 0.00000 ( 1)  0.045  0.000
  73 A   0.98462 0.01538 0.00001 ( 1)  0.049  0.000
  74 E   0.12476 0.86298 0.01226 ( 2)  0.373  0.012
  75 N   0.80421 0.19562 0.00016 ( 1)  0.109  0.000
  76 N   0.00101 0.97254 0.02645 ( 2)  0.461  0.026
  77 Q   0.00050 0.91103 0.08847 ( 2)  0.670  0.088
  78 F   0.00278 0.98153 0.01569 ( 2)  0.425  0.016
  79 S   0.00063 0.83228 0.16709 ( 2)  0.934  0.167
  80 V   0.90293 0.09706 0.00001 ( 1)  0.076  0.000
  81 S   0.00018 0.90356 0.09626 ( 2)  0.696  0.096
  82 I   0.00825 0.93573 0.05603 ( 2)  0.558  0.056
  83 L   0.00000 0.00126 0.99874 ( 3)  3.728  0.999
  84 R   0.00001 0.53039 0.46960 ( 2)  1.950  0.470
  85 D   0.00000 0.00850 0.99150 ( 3)  3.703  0.991
  86 N   0.00000 0.00168 0.99832 ( 3)  3.726  0.998
  87 Q   0.00053 0.25041 0.74905 ( 3)  2.889  0.749
  88 -   0.26193 0.47455 0.26352 ( 2)  1.172  0.264
  89 G   0.00005 0.16933 0.83062 ( 3)  3.163  0.831
  90 V   0.00000 0.06421 0.93579 ( 3)  3.516  0.936
  91 G   0.00378 0.44889 0.54734 ( 3)  2.210  0.547
  92 T   0.00000 0.01112 0.98888 ( 3)  3.695  0.989
  93 F   0.00065 0.90775 0.09159 ( 2)  0.680  0.092
  94 N   0.00001 0.15829 0.84170 ( 3)  3.200  0.842
  95 I   0.00000 0.06093 0.93907 ( 3)  3.527  0.939
  96 E   0.00113 0.62565 0.37322 ( 2)  1.626  0.373
  97 R   0.03850 0.95249 0.00901 ( 2)  0.390  0.009
  98 T   0.00930 0.93227 0.05843 ( 2)  0.566  0.058
  99 F   0.45966 0.53947 0.00087 ( 2)  0.225  0.001
 100 S   0.87078 0.12902 0.00021 ( 1)  0.087  0.000
 101 R   0.04367 0.95627 0.00006 ( 2)  0.359  0.000
 102 T   0.03114 0.93834 0.03052 ( 2)  0.465  0.031
 103 N   0.32004 0.53560 0.14436 ( 2)  0.752  0.144
 104 N   0.32004 0.53560 0.14436 ( 2)  0.752  0.144
 105 I   0.30661 0.52422 0.16917 ( 2)  0.840  0.169
 106 I   0.00011 0.80826 0.19163 ( 2)  1.016  0.192
 107 P   0.28640 0.71062 0.00299 ( 2)  0.289  0.003
 108 T   0.00008 0.51967 0.48025 ( 2)  1.986  0.480
 109 D   0.00004 0.85983 0.14013 ( 2)  0.843  0.140
 110 L   0.55033 0.44928 0.00038 ( 1)  0.193  0.000
 111 K   0.77741 0.22228 0.00031 ( 1)  0.118  0.000
 112 Y   0.92998 0.06998 0.00003 ( 1)  0.067  0.000
 113 N   0.83024 0.16885 0.00091 ( 1)  0.103  0.001
 114 E   0.06575 0.93274 0.00151 ( 2)  0.356  0.002
 115 F   0.99842 0.00158 0.00000 ( 1)  0.044  0.000
 116 K   0.01302 0.98573 0.00126 ( 2)  0.373  0.001
 117 Y   0.99195 0.00805 0.00000 ( 1)  0.047  0.000
 118 N   0.00036 0.80059 0.19905 ( 2)  1.041  0.199
 119 N   0.00092 0.96680 0.03227 ( 2)  0.481  0.032
 120 Y   0.30429 0.52253 0.17318 ( 2)  0.854  0.173
 121 D   0.00416 0.90616 0.08969 ( 2)  0.673  0.090
 122 E   0.00012 0.25465 0.74522 ( 3)  2.876  0.745
 123 I   0.00229 0.95027 0.04744 ( 2)  0.531  0.047
 124 T   0.00002 0.28315 0.71683 ( 3)  2.781  0.717
 125 M   0.00100 0.78661 0.21239 ( 2)  1.086  0.212
 126 D   0.00025 0.27737 0.72238 ( 3)  2.799  0.722
 127 L   0.00000 0.04698 0.95302 ( 3)  3.574  0.953
 128 P   0.00001 0.26054 0.73946 ( 3)  2.857  0.739
 129 P   0.00000 0.03929 0.96071 ( 3)  3.600  0.961
 130 N   0.00038 0.35522 0.64440 ( 3)  2.537  0.644
 131 K   0.00093 0.95618 0.04289 ( 2)  0.517  0.043
 132 I   0.95403 0.04541 0.00055 ( 1)  0.061  0.001
 133 I   0.00000 0.00289 0.99711 ( 3)  3.722  0.997
 134 D   0.00000 0.13384 0.86615 ( 3)  3.282  0.866
 135 -   0.02207 0.63212 0.34581 ( 2)  1.527  0.346
 136 -   0.00984 0.45253 0.53763 ( 3)  2.176  0.538
 137 -   0.28778 0.50539 0.20683 ( 2)  0.973  0.207
 138 I   0.01933 0.77080 0.20986 ( 2)  1.071  0.210
 139 R   0.00000 0.04958 0.95042 ( 3)  3.565  0.950
 140 I   0.00027 0.20018 0.79955 ( 3)  3.059  0.800
 141 Q   0.01535 0.55382 0.43084 ( 2)  1.815  0.431
 142 Q   0.00001 0.08430 0.91568 ( 3)  3.449  0.916
 143 T   0.20075 0.76956 0.02969 ( 2)  0.406  0.030
 144 N   0.00007 0.23598 0.76395 ( 3)  2.939  0.764
 145 S   0.00054 0.20404 0.79542 ( 3)  3.045  0.795
 146 L   0.00001 0.31495 0.68504 ( 3)  2.674  0.685
 147 S   0.00173 0.87183 0.12645 ( 2)  0.797  0.126
 148 I   0.00000 0.01440 0.98560 ( 3)  3.684  0.986
 149 N   0.00039 0.90482 0.09479 ( 2)  0.691  0.095
 150 Q   0.01078 0.97946 0.00975 ( 2)  0.402  0.010
 151 F   0.01264 0.92129 0.06607 ( 2)  0.591  0.066
 152 I   0.17938 0.81941 0.00121 ( 2)  0.318  0.001
 153 I   0.91835 0.08030 0.00136 ( 1)  0.075  0.001
 154 D   0.99611 0.00389 0.00000 ( 1)  0.045  0.000
 155 R   0.18944 0.80596 0.00460 ( 2)  0.326  0.005
 156 I   0.46694 0.52546 0.00760 ( 2)  0.245  0.008
 157 E   0.98883 0.01117 0.00000 ( 1)  0.048  0.000
 158 F   0.93352 0.06648 0.00001 ( 1)  0.066  0.000
 159 Y   0.38177 0.60332 0.01491 ( 2)  0.297  0.015
 160 P   0.93925 0.05973 0.00101 ( 1)  0.067  0.001

Positively selected sites

	Prob(w>1)  mean w

    15 Y      0.997**       3.723
    17 S      0.609         2.414
    18 A      0.986*        3.683
    19 T      0.834         3.175
    44 G      0.520         2.109
    45 S      0.883         3.338
    46 R      0.927         3.488
    49 S      0.510         2.085
    51 N      0.932         3.505
    57 G      0.626         2.475
    58 S      0.894         3.374
    59 F      0.821         3.130
    63 S      0.938         3.523
    83 L      0.999**       3.728
    85 D      0.991**       3.703
    86 N      0.998**       3.726
    87 Q      0.749         2.889
    89 G      0.831         3.163
    90 V      0.936         3.516
    91 G      0.547         2.210
    92 T      0.989*        3.695
    94 N      0.842         3.200
    95 I      0.939         3.527
   122 E      0.745         2.876
   124 T      0.717         2.781
   126 D      0.722         2.799
   127 L      0.953*        3.574
   128 P      0.739         2.857
   129 P      0.961*        3.600
   130 N      0.644         2.537
   133 I      0.997**       3.722
   134 D      0.866         3.282
   136 -      0.538         2.176
   139 R      0.950*        3.565
   140 I      0.800         3.059
   142 Q      0.916         3.449
   144 N      0.764         2.939
   145 S      0.795         3.045
   146 L      0.685         2.674
   148 I      0.986*        3.684


lnL = -2931.102231

