Supplemental results for CODEML (seqf: algn  treef: tree)


dN/dS (w) for site classes (K=8)

p:   0.12500  0.12500  0.12500  0.12500  0.12500  0.12500  0.12500  0.12500
w:   0.00005  0.01487  0.18791  0.63661  0.93205  0.99470  0.99990  1.00000

Naive Empirical Bayes (NEB) probabilities for 8 classes & postmean_w
(amino acids refer to 1st sequence: BT_Cry40Aa1)

   1 P   0.00000 0.00000 0.00472 0.12278 0.20857 0.22070 0.22160 0.22162 ( 8)  0.936
   2 T   0.00000 0.00199 0.14911 0.25447 0.16325 0.14473 0.14325 0.14322 ( 4)  0.773
   3 H   0.00000 0.00000 0.01936 0.20102 0.20253 0.19295 0.19208 0.19206 ( 5)  0.896
   4 V   0.00000 0.00176 0.13587 0.24925 0.16720 0.14959 0.14817 0.14815 ( 4)  0.785
   5 E   0.36372 0.34560 0.19122 0.04286 0.01650 0.01351 0.01329 0.01329 ( 1)  0.124
   6 L   0.34912 0.33337 0.19510 0.05000 0.02085 0.01736 0.01710 0.01709 ( 1)  0.144
   7 T   0.00049 0.13797 0.58760 0.13972 0.04094 0.03155 0.03087 0.03086 ( 3)  0.333
   8 R   0.35507 0.33855 0.19455 0.04711 0.01878 0.01548 0.01523 0.01523 ( 1)  0.135
   9 E   0.42844 0.39466 0.15270 0.01415 0.00318 0.00233 0.00227 0.00227 ( 1)  0.053
  10 I   0.00000 0.00625 0.33759 0.26947 0.11299 0.09228 0.09072 0.09069 ( 3)  0.614
  11 Y   0.43934 0.40154 0.14200 0.01060 0.00210 0.00150 0.00146 0.00146 ( 1)  0.046
  12 T   0.40567 0.37868 0.17078 0.02319 0.00661 0.00510 0.00499 0.00499 ( 1)  0.074
  13 D   0.46184 0.41366 0.11664 0.00532 0.00084 0.00058 0.00056 0.00056 ( 1)  0.034
  14 P   0.00016 0.04601 0.31401 0.22092 0.11743 0.10133 0.10009 0.10006 ( 3)  0.611
  15 V   0.28863 0.27989 0.19576 0.07841 0.04334 0.03825 0.03786 0.03785 ( 1)  0.245
  16 G   0.38230 0.36072 0.18408 0.03386 0.01158 0.00927 0.00910 0.00909 ( 1)  0.100
  17 Y   0.00043 0.12445 0.57265 0.15363 0.04556 0.03494 0.03417 0.03416 ( 3)  0.353
  18 S   0.00000 0.00048 0.04869 0.18216 0.19433 0.19163 0.19135 0.19135 ( 5)  0.880
  19 S   0.00000 0.00000 0.00432 0.09377 0.20475 0.23091 0.23310 0.23315 ( 8)  0.947
  20 G   0.00002 0.00708 0.08529 0.18631 0.18381 0.17943 0.17903 0.17902 ( 4)  0.843
  21 T   0.00000 0.00000 0.00623 0.13678 0.20850 0.21584 0.21632 0.21633 ( 8)  0.930
  22 Y   0.00000 0.00096 0.08391 0.21624 0.18328 0.17248 0.17157 0.17155 ( 4)  0.839
  23 -   0.13096 0.13081 0.12902 0.12451 0.12165 0.12105 0.12100 0.12100 ( 1)  0.581
  24 S   0.00000 0.00000 0.01898 0.20094 0.20230 0.19316 0.19232 0.19230 ( 5)  0.897
  25 W   0.30417 0.29402 0.19800 0.07158 0.03686 0.03204 0.03167 0.03166 ( 1)  0.217
  26 L   0.00000 0.00000 0.00939 0.15968 0.20750 0.20787 0.20778 0.20778 ( 6)  0.919
  27 K   0.00000 0.00000 0.00293 0.08059 0.20315 0.23589 0.23870 0.23875 ( 8)  0.953
  28 Y   0.00000 0.00000 0.00014 0.05666 0.20297 0.24435 0.24791 0.24798 ( 8)  0.964
  29 W   0.00000 0.00007 0.05492 0.23645 0.18938 0.17393 0.17264 0.17261 ( 4)  0.856
  30 T   0.00000 0.00000 0.00579 0.10584 0.20578 0.22640 0.22808 0.22811 ( 8)  0.942
  31 G   0.00000 0.00004 0.03871 0.19948 0.19550 0.18913 0.18857 0.18856 ( 4)  0.882
  32 A   0.00000 0.00000 0.00550 0.12849 0.20820 0.21875 0.21952 0.21953 ( 8)  0.934
  33 F   0.44634 0.40582 0.13487 0.00846 0.00148 0.00103 0.00100 0.00100 ( 1)  0.041
  34 N   0.47363 0.41912 0.10273 0.00330 0.00042 0.00028 0.00027 0.00027 ( 1)  0.029
  35 T   0.00000 0.00000 0.00185 0.08594 0.20612 0.23382 0.23611 0.23616 ( 8)  0.952
  36 L   0.00009 0.02607 0.20515 0.21314 0.14881 0.13626 0.13525 0.13523 ( 4)  0.719
  37 E   0.42801 0.39436 0.15304 0.01432 0.00324 0.00238 0.00232 0.00232 ( 1)  0.054
  38 A   0.44046 0.40197 0.14032 0.01052 0.00215 0.00156 0.00151 0.00151 ( 1)  0.046
  39 N   0.00071 0.19674 0.66125 0.08665 0.01759 0.01259 0.01225 0.01224 ( 3)  0.236
  40 G   0.38631 0.36390 0.18222 0.03197 0.01061 0.00844 0.00828 0.00828 ( 1)  0.095
  41 T   0.40567 0.37868 0.17078 0.02319 0.00661 0.00510 0.00499 0.00499 ( 1)  0.074
  42 R   0.23123 0.22679 0.18095 0.10115 0.06918 0.06385 0.06343 0.06342 ( 1)  0.357
  43 G   0.38631 0.36390 0.18222 0.03197 0.01061 0.00844 0.00828 0.00828 ( 1)  0.095
  44 P   0.42234 0.39079 0.15878 0.01617 0.00375 0.00277 0.00270 0.00270 ( 1)  0.058
  45 G   0.44306 0.40356 0.13772 0.00972 0.00191 0.00137 0.00133 0.00133 ( 1)  0.044
  46 L   0.34959 0.33378 0.19510 0.04978 0.02068 0.01720 0.01694 0.01694 ( 1)  0.144
  47 V   0.44696 0.40595 0.13379 0.00852 0.00155 0.00110 0.00106 0.00106 ( 1)  0.041
  48 T   0.45018 0.40768 0.13009 0.00779 0.00139 0.00098 0.00095 0.00095 ( 1)  0.040
  49 W   0.00000 0.00001 0.01176 0.14054 0.20609 0.21352 0.21404 0.21405 ( 8)  0.924
  50 L   0.41930 0.38872 0.16143 0.01733 0.00415 0.00308 0.00300 0.00300 ( 1)  0.060
  51 R   0.00000 0.00000 0.00007 0.03866 0.19554 0.25183 0.25690 0.25700 ( 8)  0.971
  52 -   0.12500 0.12500 0.12500 0.12500 0.12500 0.12500 0.12500 0.12500 ( 4)  0.596
  53 S   0.00000 0.00000 0.00011 0.05607 0.20467 0.24415 0.24747 0.24754 ( 8)  0.964
  54 I   0.00029 0.08557 0.46656 0.19219 0.07494 0.06085 0.05981 0.05979 ( 3)  0.461
  55 G   0.00053 0.14993 0.60810 0.12779 0.03499 0.02662 0.02602 0.02601 ( 3)  0.309
  56 I   0.41785 0.38749 0.16188 0.01810 0.00456 0.00343 0.00335 0.00334 ( 1)  0.062
  57 Y   0.00041 0.11800 0.55185 0.15999 0.05125 0.04004 0.03923 0.03922 ( 3)  0.373
  58 N   0.00000 0.00518 0.31865 0.27998 0.11618 0.09443 0.09280 0.09277 ( 3)  0.626
  59 E   0.00000 0.00011 0.07801 0.25484 0.18103 0.16299 0.16152 0.16150 ( 4)  0.831
  60 Y   0.00000 0.00000 0.00015 0.06078 0.20592 0.24234 0.24537 0.24543 ( 8)  0.962
  61 V   0.00000 0.00004 0.03545 0.20364 0.19719 0.18842 0.18763 0.18762 ( 4)  0.883
  62 -   0.00000 0.00000 0.00010 0.04035 0.19593 0.25119 0.25617 0.25627 ( 8)  0.971
  63 -   0.00000 0.00000 0.00002 0.02793 0.18930 0.25670 0.26296 0.26309 ( 8)  0.976
  64 -   0.20200 0.19872 0.16523 0.10796 0.08467 0.08069 0.08037 0.08036 ( 1)  0.423
  65 -   0.00002 0.00555 0.06200 0.15567 0.18995 0.19532 0.19574 0.19575 ( 8)  0.874
  66 -   0.16993 0.16836 0.15148 0.11739 0.10066 0.09756 0.09731 0.09731 ( 1)  0.491
  67 -   0.00000 0.00007 0.01104 0.10622 0.20277 0.22535 0.22725 0.22729 ( 8)  0.937
  68 -   0.00003 0.00913 0.09011 0.17193 0.18198 0.18227 0.18227 0.18227 ( 8)  0.842
  69 -   0.00000 0.00000 0.00429 0.10420 0.20696 0.22709 0.22871 0.22874 ( 8)  0.943
  70 S   0.00000 0.00000 0.00006 0.03498 0.19352 0.25347 0.25893 0.25904 ( 8)  0.973
  71 R   0.00000 0.00000 0.00005 0.04518 0.20134 0.24841 0.25247 0.25255 ( 8)  0.969
  72 Y   0.00000 0.00434 0.26280 0.27234 0.13183 0.11065 0.10903 0.10900 ( 4)  0.674
  73 F   0.00032 0.09368 0.49416 0.18555 0.06726 0.05368 0.05268 0.05266 ( 3)  0.434
  74 S   0.00000 0.00000 0.00035 0.05737 0.20211 0.24427 0.24792 0.24799 ( 8)  0.964
  75 G   0.22823 0.22396 0.17976 0.10214 0.07066 0.06537 0.06495 0.06494 ( 1)  0.363
  76 W   0.30417 0.29402 0.19800 0.07158 0.03686 0.03204 0.03167 0.03166 ( 1)  0.217
  77 V   0.00000 0.00060 0.06173 0.20623 0.19015 0.18097 0.18016 0.18015 ( 4)  0.860
  78 G   0.38027 0.35906 0.18485 0.03484 0.01213 0.00974 0.00956 0.00956 ( 1)  0.102
  79 T   0.00051 0.14584 0.60454 0.13175 0.03617 0.02748 0.02686 0.02685 ( 3)  0.314
  80 R   0.41664 0.38682 0.16349 0.01842 0.00456 0.00341 0.00333 0.00333 ( 1)  0.063
  81 H   0.44453 0.40485 0.13699 0.00887 0.00156 0.00109 0.00105 0.00105 ( 1)  0.042
  82 Y   0.00043 0.12337 0.56724 0.15454 0.04702 0.03632 0.03555 0.03553 ( 3)  0.358
  83 E   0.42844 0.39466 0.15270 0.01415 0.00318 0.00233 0.00227 0.00227 ( 1)  0.053
  84 D   0.00000 0.00000 0.00295 0.10323 0.20807 0.22755 0.22909 0.22912 ( 8)  0.945
  85 Y   0.00007 0.02105 0.17292 0.20492 0.15820 0.14817 0.14735 0.14733 ( 4)  0.753
  86 T   0.40567 0.37868 0.17078 0.02319 0.00661 0.00510 0.00499 0.00499 ( 1)  0.074
  87 T   0.00000 0.00000 0.00169 0.08285 0.20568 0.23495 0.23739 0.23744 ( 8)  0.953
  88 G   0.00050 0.14110 0.59605 0.13684 0.03857 0.02942 0.02877 0.02875 ( 3)  0.324
  89 N   0.00000 0.00030 0.03399 0.16333 0.19889 0.20109 0.20120 0.20120 ( 8)  0.898
  90 G   0.00000 0.00558 0.30930 0.26927 0.12031 0.09957 0.09800 0.09797 ( 3)  0.637
  91 N   0.00000 0.00000 0.02234 0.21588 0.20052 0.18783 0.18672 0.18670 ( 4)  0.889
  92 F   0.00030 0.08823 0.47977 0.19067 0.07128 0.05728 0.05624 0.05622 ( 3)  0.449
  93 Q   0.00000 0.00108 0.09369 0.22836 0.18015 0.16635 0.16520 0.16518 ( 4)  0.827
  94 R   0.42026 0.38938 0.16061 0.01696 0.00402 0.00297 0.00290 0.00290 ( 1)  0.059
  95 M   0.00000 0.00200 0.15021 0.25672 0.16283 0.14377 0.14225 0.14222 ( 4)  0.771
  96 S   0.43278 0.39750 0.14867 0.01263 0.00268 0.00194 0.00189 0.00189 ( 1)  0.050
  97 G   0.38631 0.36390 0.18222 0.03197 0.01061 0.00844 0.00828 0.00828 ( 1)  0.095
  98 T   0.44636 0.40557 0.13435 0.00872 0.00162 0.00115 0.00112 0.00112 ( 1)  0.042
  99 T   0.29292 0.28377 0.19624 0.07649 0.04159 0.03659 0.03621 0.03620 ( 1)  0.237
 100 S   0.46733 0.41651 0.11041 0.00413 0.00055 0.00036 0.00035 0.00035 ( 1)  0.031
 101 N   0.47363 0.41912 0.10273 0.00330 0.00042 0.00028 0.00027 0.00027 ( 1)  0.029
 102 D   0.00072 0.19951 0.66127 0.08476 0.01726 0.01239 0.01205 0.01205 ( 3)  0.234
 103 L   0.00000 0.00000 0.00283 0.10280 0.20818 0.22769 0.22923 0.22926 ( 8)  0.945
 104 R   0.00000 0.00000 0.00990 0.16689 0.20775 0.20537 0.20504 0.20504 ( 5)  0.916
 105 D   0.00000 0.00000 0.00081 0.09505 0.20971 0.23038 0.23201 0.23204 ( 8)  0.949
 106 I   0.00000 0.00001 0.02676 0.21609 0.19897 0.18677 0.18571 0.18569 ( 4)  0.885
 107 S   0.00000 0.00000 0.00091 0.10060 0.21080 0.22834 0.22966 0.22969 ( 8)  0.947
 108 F   0.40717 0.37978 0.16973 0.02254 0.00634 0.00488 0.00478 0.00478 ( 1)  0.072
 109 P   0.00000 0.00000 0.00000 0.00424 0.15012 0.27290 0.28623 0.28650 ( 8)  0.987
 110 N   0.00000 0.00000 0.02643 0.21965 0.19815 0.18596 0.18491 0.18489 ( 4)  0.884
 111 S   0.00000 0.00000 0.00040 0.05662 0.20052 0.24486 0.24876 0.24883 ( 8)  0.964
 112 D   0.00000 0.00007 0.04525 0.25522 0.19010 0.17085 0.16927 0.16924 ( 4)  0.857
 113 I   0.00000 0.00005 0.04170 0.21861 0.19469 0.18237 0.18130 0.18128 ( 4)  0.872
 114 F   0.00049 0.13910 0.60162 0.13837 0.03737 0.02813 0.02747 0.02746 ( 3)  0.321
 115 K   0.00000 0.00356 0.22980 0.27252 0.14036 0.11903 0.11738 0.11735 ( 4)  0.701
 116 I   0.45496 0.41034 0.12485 0.00658 0.00108 0.00074 0.00072 0.00072 ( 1)  0.037
 117 E   0.00000 0.00000 0.00001 0.02600 0.19102 0.25694 0.26296 0.26308 ( 8)  0.976
 118 S   0.33302 0.31942 0.19693 0.05778 0.02636 0.02237 0.02207 0.02206 ( 1)  0.169
 119 K   0.00000 0.00000 0.00121 0.08069 0.20681 0.23551 0.23787 0.23792 ( 8)  0.954
 120 A   0.00046 0.13145 0.58155 0.14599 0.04294 0.03302 0.03231 0.03229 ( 3)  0.342
 121 I   0.00008 0.02527 0.19279 0.20184 0.15254 0.14301 0.14224 0.14223 ( 4)  0.734
 122 M   0.00000 0.00000 0.00007 0.04878 0.20230 0.24703 0.25087 0.25095 ( 8)  0.967
 123 N   0.00000 0.00000 0.00003 0.03532 0.19538 0.25294 0.25811 0.25821 ( 8)  0.972
 124 L   0.00000 0.00000 0.00117 0.07091 0.20396 0.23929 0.24230 0.24236 ( 8)  0.958
 125 V   0.00000 0.00000 0.00011 0.04714 0.20050 0.24797 0.25210 0.25218 ( 8)  0.968
 126 G   0.00000 0.00000 0.00030 0.05958 0.20383 0.24318 0.24652 0.24659 ( 8)  0.963
 127 E   0.00000 0.00000 0.00180 0.08936 0.20752 0.23242 0.23443 0.23447 ( 8)  0.951
 128 I   0.00000 0.00000 0.00307 0.13270 0.21109 0.21746 0.21784 0.21784 ( 8)  0.934
 129 N   0.00000 0.00000 0.00017 0.04277 0.19608 0.25036 0.25526 0.25535 ( 8)  0.970
 130 -   0.00000 0.00065 0.06200 0.19697 0.19011 0.18380 0.18324 0.18323 ( 4)  0.864
 131 -   0.12500 0.12500 0.12500 0.12500 0.12500 0.12500 0.12500 0.12500 ( 3)  0.596
 132 -   0.00000 0.00009 0.01264 0.11130 0.20272 0.22326 0.22498 0.22501 ( 8)  0.934
 133 -   0.24045 0.23502 0.18093 0.09599 0.06571 0.06089 0.06051 0.06050 ( 1)  0.341
 134 A   0.00000 0.00002 0.02344 0.17678 0.20190 0.19948 0.19919 0.19919 ( 5)  0.902
 135 R   0.00000 0.00000 0.00217 0.08766 0.20610 0.23318 0.23542 0.23546 ( 8)  0.951
 136 P   0.00000 0.00001 0.01529 0.15507 0.20513 0.20807 0.20821 0.20821 ( 8)  0.916
 137 E   0.00000 0.00022 0.02655 0.14902 0.20084 0.20746 0.20795 0.20796 ( 8)  0.909
 138 Y   0.00000 0.00011 0.08181 0.26677 0.17908 0.15853 0.15687 0.15684 ( 4)  0.823
 139 R   0.00000 0.00313 0.21101 0.27303 0.14523 0.12366 0.12199 0.12196 ( 4)  0.716
 140 V   0.00000 0.00623 0.33832 0.27057 0.11263 0.09180 0.09024 0.09021 ( 3)  0.613
 141 S   0.32860 0.31555 0.19721 0.05990 0.02793 0.02381 0.02350 0.02349 ( 1)  0.177
 142 R   0.00002 0.00653 0.08725 0.23735 0.18046 0.16373 0.16234 0.16231 ( 4)  0.823
 143 A   0.00023 0.06702 0.40020 0.20742 0.09334 0.07804 0.07689 0.07686 ( 3)  0.527
 144 E   0.00000 0.00396 0.24830 0.27418 0.13535 0.11385 0.11220 0.11217 ( 4)  0.685
 145 F   0.44634 0.40582 0.13487 0.00846 0.00148 0.00103 0.00100 0.00100 ( 1)  0.041
 146 S   0.00000 0.00000 0.00054 0.08131 0.20862 0.23508 0.23720 0.23724 ( 8)  0.955
 147 E   0.00000 0.00000 0.00000 0.01281 0.17314 0.26520 0.27434 0.27452 ( 8)  0.982
 148 S   0.00000 0.00004 0.03557 0.20505 0.19709 0.18797 0.18715 0.18713 ( 4)  0.882
 149 T   0.00000 0.00000 0.00093 0.08188 0.20723 0.23512 0.23740 0.23745 ( 8)  0.954
 150 -   0.12500 0.12500 0.12500 0.12500 0.12500 0.12500 0.12500 0.12500 ( 4)  0.596
 151 A   0.00000 0.00000 0.00045 0.06326 0.20376 0.24198 0.24524 0.24530 ( 8)  0.961
 152 F   0.00000 0.00000 0.00064 0.09204 0.21096 0.23109 0.23262 0.23265 ( 8)  0.950
 153 I   0.00000 0.00000 0.00561 0.14165 0.20921 0.21431 0.21460 0.21461 ( 8)  0.929
 154 Y   0.00000 0.00000 0.00006 0.03600 0.19414 0.25300 0.25834 0.25845 ( 8)  0.972
 155 L   0.00000 0.00000 0.00078 0.06280 0.20204 0.24244 0.24594 0.24601 ( 8)  0.962
 156 Y   0.43934 0.40154 0.14200 0.01060 0.00210 0.00150 0.00146 0.00146 ( 1)  0.046
 157 D   0.00000 0.00016 0.10383 0.27391 0.17195 0.15116 0.14951 0.14948 ( 4)  0.803
 158 A   0.00000 0.00000 0.00566 0.13365 0.20894 0.21689 0.21742 0.21744 ( 8)  0.931
 159 G   0.00000 0.00007 0.05647 0.22653 0.18897 0.17668 0.17565 0.17563 ( 4)  0.858
 160 N   0.00056 0.15713 0.62061 0.12102 0.03128 0.02350 0.02296 0.02295 ( 3)  0.294
 161 S   0.00000 0.00000 0.00730 0.15135 0.20882 0.21082 0.21085 0.21085 ( 8)  0.924
 162 -   0.12500 0.12500 0.12500 0.12500 0.12500 0.12500 0.12500 0.12500 ( 4)  0.596
 163 G   0.29022 0.28134 0.19599 0.07771 0.04268 0.03762 0.03723 0.03722 ( 1)  0.242
 164 L   0.00000 0.00000 0.00002 0.02913 0.19068 0.25601 0.26202 0.26214 ( 8)  0.975
 165 S   0.00000 0.00000 0.00093 0.06814 0.20358 0.24033 0.24348 0.24354 ( 8)  0.959
 166 S   0.00000 0.00000 0.00055 0.05482 0.19945 0.24564 0.24973 0.24981 ( 8)  0.965
 167 M   0.00011 0.03279 0.24590 0.22031 0.13693 0.12211 0.12094 0.12091 ( 3)  0.678
 168 T   0.40567 0.37868 0.17078 0.02319 0.00661 0.00510 0.00499 0.00499 ( 1)  0.074
 169 I   0.00054 0.15329 0.61996 0.12445 0.03177 0.02371 0.02315 0.02313 ( 3)  0.297
 170 T   0.00000 0.00314 0.20822 0.26723 0.14649 0.12604 0.12445 0.12442 ( 4)  0.720
 171 S   0.43278 0.39750 0.14867 0.01263 0.00268 0.00194 0.00189 0.00189 ( 1)  0.050
 172 K   0.00000 0.00000 0.00396 0.11772 0.20905 0.22242 0.22341 0.22343 ( 8)  0.939
 173 L   0.00011 0.03233 0.24304 0.21986 0.13777 0.12308 0.12191 0.12189 ( 3)  0.681
 174 P   0.36251 0.34477 0.19243 0.04342 0.01661 0.01357 0.01335 0.01334 ( 1)  0.125
 175 G   0.00000 0.00551 0.30994 0.27143 0.11980 0.09884 0.09726 0.09723 ( 3)  0.636
 176 I   0.00000 0.00000 0.00459 0.15379 0.21046 0.21049 0.21034 0.21033 ( 6)  0.925
 177 K   0.00000 0.00000 0.00009 0.04587 0.20112 0.24824 0.25230 0.25238 ( 8)  0.968
 178 N   0.00000 0.00000 0.00442 0.14847 0.21003 0.21233 0.21238 0.21238 ( 8)  0.927
 179 P   0.00000 0.00000 0.00074 0.07992 0.20802 0.23561 0.23784 0.23788 ( 8)  0.955
 180 E   0.00000 0.00000 0.00021 0.05787 0.20348 0.24383 0.24727 0.24734 ( 8)  0.964
 181 -   0.16521 0.16396 0.15006 0.11942 0.10287 0.09967 0.09941 0.09941 ( 1)  0.500
 182 P   0.38956 0.36641 0.18038 0.03044 0.00992 0.00786 0.00771 0.00771 ( 1)  0.091
 183 S   0.00000 0.00026 0.15680 0.30413 0.15420 0.12948 0.12758 0.12755 ( 4)  0.751
 184 Y   0.00000 0.00000 0.00000 0.01860 0.18403 0.26092 0.26816 0.26830 ( 8)  0.979
 185 R   0.00000 0.00000 0.00017 0.05125 0.20156 0.24640 0.25027 0.25035 ( 8)  0.966
 186 D   0.00000 0.00770 0.39119 0.26175 0.10019 0.08069 0.07925 0.07922 ( 3)  0.572
 187 Y   0.00000 0.00018 0.02237 0.13940 0.20174 0.21159 0.21235 0.21237 ( 8)  0.916
 188 S   0.00038 0.11024 0.53796 0.16824 0.05520 0.04325 0.04238 0.04236 ( 3)  0.389
 189 H   0.00048 0.13675 0.59877 0.14082 0.03823 0.02877 0.02810 0.02808 ( 3)  0.325
 190 R   0.00000 0.00277 0.19193 0.26789 0.15075 0.12998 0.12836 0.12833 ( 4)  0.733
 191 L   0.34959 0.33378 0.19510 0.04978 0.02068 0.01720 0.01694 0.01694 ( 1)  0.144
 192 S   0.34685 0.33127 0.19462 0.05102 0.02184 0.01831 0.01805 0.01804 ( 1)  0.149
 193 N   0.47363 0.41912 0.10273 0.00330 0.00042 0.00028 0.00027 0.00027 ( 1)  0.029
 194 A   0.29020 0.28131 0.19593 0.07769 0.04270 0.03765 0.03726 0.03725 ( 1)  0.242
 195 A   0.40327 0.37694 0.17253 0.02420 0.00701 0.00542 0.00531 0.00531 ( 1)  0.076
 196 C   0.43739 0.40046 0.14425 0.01108 0.00220 0.00157 0.00153 0.00153 ( 1)  0.047
 197 V   0.43874 0.40112 0.14251 0.01084 0.00218 0.00157 0.00153 0.00152 ( 1)  0.046
 198 G   0.00000 0.00000 0.00403 0.11880 0.20918 0.22203 0.22297 0.22299 ( 8)  0.938
 199 A   0.00000 0.00000 0.00008 0.05190 0.20336 0.24579 0.24940 0.24947 ( 8)  0.966
 200 -   0.12500 0.12500 0.12500 0.12500 0.12500 0.12500 0.12500 0.12500 ( 1)  0.596
 201 -   0.12500 0.12500 0.12500 0.12500 0.12500 0.12500 0.12500 0.12500 ( 3)  0.596
 202 G   0.00000 0.00000 0.00222 0.09356 0.20736 0.23100 0.23291 0.23295 ( 8)  0.949
 203 N   0.00000 0.00000 0.00533 0.10392 0.20600 0.22709 0.22881 0.22885 ( 8)  0.943
 204 S   0.00000 0.00013 0.01794 0.12853 0.20257 0.21621 0.21730 0.21732 ( 8)  0.924
 205 R   0.00000 0.00234 0.16811 0.25986 0.15773 0.13835 0.13682 0.13679 ( 4)  0.755
 206 I   0.00000 0.00015 0.10432 0.28217 0.17113 0.14861 0.14683 0.14679 ( 4)  0.800
 207 N   0.00008 0.02434 0.19773 0.21551 0.15090 0.13785 0.13680 0.13678 ( 4)  0.726
 208 V   0.40191 0.37595 0.17354 0.02479 0.00724 0.00560 0.00549 0.00548 ( 1)  0.077
 209 Y   0.00000 0.00356 0.22967 0.27136 0.14045 0.11941 0.11779 0.11776 ( 4)  0.701
 210 G   0.44824 0.40667 0.13239 0.00820 0.00147 0.00103 0.00100 0.00100 ( 1)  0.041
 211 W   0.30417 0.29402 0.19800 0.07158 0.03686 0.03204 0.03167 0.03166 ( 1)  0.217
 212 T   0.00022 0.06424 0.39087 0.21008 0.09590 0.08036 0.07918 0.07915 ( 3)  0.536
 213 H   0.44453 0.40485 0.13699 0.00887 0.00156 0.00109 0.00105 0.00105 ( 1)  0.042
 214 -   0.31775 0.30560 0.19505 0.06436 0.03263 0.02842 0.02810 0.02809 ( 1)  0.197


lnL = -3337.827078

