Supplemental results for CODEML (seqf: algn  treef: tree)


dN/dS (w) for site classes (K=4)

site class             0        1       2a       2b
proportion       0.66716  0.33284  0.00000  0.00000
background w     0.19417  1.00000  0.19417  1.00000
foreground w     0.19417  1.00000  1.00000  1.00000

Naive Empirical Bayes (NEB) probabilities for 4 classes
(amino acids refer to 1st sequence: BT_Cry18Aa1)

   1 N   0.81478 0.18522 0.00000 0.00000 ( 1)
   2 Q   0.85397 0.14603 0.00000 0.00000 ( 1)
   3 N   0.88054 0.11946 0.00000 0.00000 ( 1)
   4 G   0.91217 0.08783 0.00000 0.00000 ( 1)
   5 T   0.84859 0.15141 0.00000 0.00000 ( 1)
   6 M   0.93860 0.06140 0.00000 0.00000 ( 1)
   7 I   0.99704 0.00296 0.00000 0.00000 ( 1)
   8 H   0.99983 0.00017 0.00000 0.00000 ( 1)
   9 Q   0.49660 0.50340 0.00000 0.00000 ( 2)
  10 A   0.93019 0.06981 0.00000 0.00000 ( 1)
  11 P   0.99810 0.00190 0.00000 0.00000 ( 1)
  12 P   0.00188 0.99812 0.00000 0.00000 ( 2)
  13 D   0.98378 0.01622 0.00000 0.00000 ( 1)
  14 G   0.99169 0.00831 0.00000 0.00000 ( 1)
  15 T   0.99932 0.00068 0.00000 0.00000 ( 1)
  16 G   0.97558 0.02442 0.00000 0.00000 ( 1)
  17 F   0.99984 0.00016 0.00000 0.00000 ( 1)
  18 T   0.99998 0.00002 0.00000 0.00000 ( 1)
  19 V   0.97758 0.02242 0.00000 0.00000 ( 1)
  20 S   0.95152 0.04848 0.00000 0.00000 ( 1)
  21 P   0.99994 0.00006 0.00000 0.00000 ( 1)
  22 L   0.99955 0.00045 0.00000 0.00000 ( 1)
  23 H   0.99995 0.00005 0.00000 0.00000 ( 1)
  24 P   0.96230 0.03770 0.00000 0.00000 ( 1)
  25 S   0.95124 0.04876 0.00000 0.00000 ( 1)
  26 A   0.00353 0.99647 0.00000 0.00000 ( 2)
  27 -   0.01066 0.98934 0.00000 0.00000 ( 2)
  28 -   0.98860 0.01140 0.00000 0.00000 ( 1)
  29 N   0.99996 0.00004 0.00000 0.00000 ( 1)
  30 T   0.00822 0.99178 0.00000 0.00000 ( 2)
  31 I   0.01046 0.98954 0.00000 0.00000 ( 2)
  32 T   0.78583 0.21417 0.00000 0.00000 ( 1)
  33 S   0.02125 0.97875 0.00000 0.00000 ( 2)
  34 Y   0.99999 0.00001 0.00000 0.00000 ( 1)
  35 I   1.00000 0.00000 0.00000 0.00000 ( 1)
  36 K   0.22307 0.77693 0.00000 0.00000 ( 2)
  37 E   0.99995 0.00005 0.00000 0.00000 ( 1)
  38 N   0.99990 0.00010 0.00000 0.00000 ( 1)
  39 Y   0.99966 0.00034 0.00000 0.00000 ( 1)
  40 G   0.99998 0.00002 0.00000 0.00000 ( 1)
  41 N   1.00000 0.00000 0.00000 0.00000 ( 1)
  42 S   0.99998 0.00002 0.00000 0.00000 ( 1)
  43 G   1.00000 0.00000 0.00000 0.00000 ( 1)
  44 D   1.00000 0.00000 0.00000 0.00000 ( 1)
  45 S   0.99991 0.00009 0.00000 0.00000 ( 1)
  46 L   0.99974 0.00026 0.00000 0.00000 ( 1)
  47 H   0.99980 0.00020 0.00000 0.00000 ( 1)
  48 L   0.99996 0.00004 0.00000 0.00000 ( 1)
  49 K   0.39003 0.60997 0.00000 0.00000 ( 2)
  50 G   0.02803 0.97197 0.00000 0.00000 ( 2)
  51 -   0.00001 0.99999 0.00000 0.00000 ( 2)
  52 Q   0.00086 0.99914 0.00000 0.00000 ( 2)
  53 G   0.27827 0.72173 0.00000 0.00000 ( 2)
  54 Y   0.25641 0.74359 0.00000 0.00000 ( 2)
  55 L   0.00061 0.99939 0.00000 0.00000 ( 2)
  56 -   0.66716 0.33284 0.00000 0.00000 ( 1)
  57 -   0.99513 0.00487 0.00000 0.00000 ( 1)
  58 -   0.68329 0.31671 0.00000 0.00000 ( 1)
  59 -   0.99695 0.00305 0.00000 0.00000 ( 1)
  60 -   0.27171 0.72829 0.00000 0.00000 ( 2)
  61 -   0.96814 0.03186 0.00000 0.00000 ( 1)
  62 -   0.25235 0.74765 0.00000 0.00000 ( 2)
  63 -   0.99221 0.00779 0.00000 0.00000 ( 1)
  64 H   0.71948 0.28052 0.00000 0.00000 ( 1)
  65 Y   0.97125 0.02875 0.00000 0.00000 ( 1)
  66 M   0.99520 0.00480 0.00000 0.00000 ( 1)
  67 L   0.99854 0.00146 0.00000 0.00000 ( 1)
  68 S   0.99423 0.00577 0.00000 0.00000 ( 1)
  69 G   0.99920 0.00080 0.00000 0.00000 ( 1)
  70 N   0.97742 0.02258 0.00000 0.00000 ( 1)
  71 G   0.95451 0.04549 0.00000 0.00000 ( 1)
  72 Q   0.01633 0.98367 0.00000 0.00000 ( 2)
  73 D   0.99898 0.00102 0.00000 0.00000 ( 1)
  74 R   0.05366 0.94634 0.00000 0.00000 ( 2)
  75 Y   1.00000 0.00000 0.00000 0.00000 ( 1)
  76 R   0.99961 0.00039 0.00000 0.00000 ( 1)
  77 L   0.99902 0.00098 0.00000 0.00000 ( 1)
  78 V   0.99954 0.00046 0.00000 0.00000 ( 1)
  79 L   0.99896 0.00104 0.00000 0.00000 ( 1)
  80 R   1.00000 0.00000 0.00000 0.00000 ( 1)
  81 L   0.99994 0.00006 0.00000 0.00000 ( 1)
  82 S   1.00000 0.00000 0.00000 0.00000 ( 1)
  83 G   0.99993 0.00007 0.00000 0.00000 ( 1)
  84 A   0.14423 0.85577 0.00000 0.00000 ( 2)
  85 A   0.66293 0.33707 0.00000 0.00000 ( 1)
  86 N   0.01832 0.98168 0.00000 0.00000 ( 2)
  87 Q   0.05698 0.94302 0.00000 0.00000 ( 2)
  88 I   0.87830 0.12170 0.00000 0.00000 ( 1)
  89 K   0.05939 0.94061 0.00000 0.00000 ( 2)
  90 L   0.17212 0.82788 0.00000 0.00000 ( 2)
  91 Q   0.01562 0.98438 0.00000 0.00000 ( 2)
  92 S   0.33832 0.66168 0.00000 0.00000 ( 2)
  93 P   0.94712 0.05288 0.00000 0.00000 ( 1)
  94 T   0.00044 0.99956 0.00000 0.00000 ( 2)
  95 T   0.87902 0.12098 0.00000 0.00000 ( 1)
  96 S   0.00033 0.99967 0.00000 0.00000 ( 2)
  97 I   0.00011 0.99989 0.00000 0.00000 ( 2)
  98 Y   0.10943 0.89057 0.00000 0.00000 ( 2)
  99 A   0.00558 0.99442 0.00000 0.00000 ( 2)
 100 -   0.00026 0.99974 0.00000 0.00000 ( 2)
 101 -   0.00000 1.00000 0.00000 0.00000 ( 2)
 102 -   0.03033 0.96967 0.00000 0.00000 ( 2)
 103 -   0.28826 0.71174 0.00000 0.00000 ( 2)
 104 -   0.00974 0.99026 0.00000 0.00000 ( 2)
 105 -   0.08028 0.91972 0.00000 0.00000 ( 2)
 106 -   0.00001 0.99999 0.00000 0.00000 ( 2)
 107 -   0.62029 0.37971 0.00000 0.00000 ( 1)
 108 -   0.66716 0.33284 0.00000 0.00000 ( 1)
 109 -   0.66716 0.33284 0.00000 0.00000 ( 1)
 110 -   0.66716 0.33284 0.00000 0.00000 ( 1)
 111 -   0.66716 0.33284 0.00000 0.00000 ( 1)
 112 -   0.66716 0.33284 0.00000 0.00000 ( 1)
 113 F   0.94610 0.05390 0.00000 0.00000 ( 1)
 114 D   0.04408 0.95592 0.00000 0.00000 ( 2)
 115 T   0.98055 0.01945 0.00000 0.00000 ( 1)
 116 S   0.09600 0.90400 0.00000 0.00000 ( 2)
 117 T   0.42853 0.57147 0.00000 0.00000 ( 2)
 118 N   0.99487 0.00513 0.00000 0.00000 ( 1)
 119 N   0.54770 0.45230 0.00000 0.00000 ( 1)
 120 E   0.99041 0.00959 0.00000 0.00000 ( 1)
 121 G   1.00000 0.00000 0.00000 0.00000 ( 1)
 122 I   0.99975 0.00025 0.00000 0.00000 ( 1)
 123 T   0.98956 0.01044 0.00000 0.00000 ( 1)
 124 D   1.00000 0.00000 0.00000 0.00000 ( 1)
 125 N   0.99988 0.00012 0.00000 0.00000 ( 1)
 126 G   0.99999 0.00000 0.00000 0.00000 ( 1)
 127 S   0.99913 0.00087 0.00000 0.00000 ( 1)
 128 K   0.97403 0.02597 0.00000 0.00000 ( 1)
 129 F   0.99999 0.00001 0.00000 0.00000 ( 1)
 130 K   0.12413 0.87587 0.00000 0.00000 ( 2)
 131 D   0.96795 0.03205 0.00000 0.00000 ( 1)
 132 -   0.66716 0.33284 0.00000 0.00000 ( 1)
 133 -   0.30185 0.69815 0.00000 0.00000 ( 2)
 134 -   0.74419 0.25581 0.00000 0.00000 ( 1)
 135 -   0.17026 0.82974 0.00000 0.00000 ( 2)
 136 -   0.92274 0.07726 0.00000 0.00000 ( 1)
 137 -   0.86570 0.13430 0.00000 0.00000 ( 1)
 138 -   0.98975 0.01025 0.00000 0.00000 ( 1)
 139 -   0.92181 0.07819 0.00000 0.00000 ( 1)
 140 -   0.56652 0.43348 0.00000 0.00000 ( 1)
 141 -   0.94185 0.05815 0.00000 0.00000 ( 1)
 142 -   0.98071 0.01929 0.00000 0.00000 ( 1)
 143 -   0.20815 0.79185 0.00000 0.00000 ( 2)
 144 -   0.94565 0.05435 0.00000 0.00000 ( 1)
 145 -   0.99917 0.00083 0.00000 0.00000 ( 1)
 146 -   0.98841 0.01159 0.00000 0.00000 ( 1)
 147 -   0.99975 0.00025 0.00000 0.00000 ( 1)
 148 -   0.99449 0.00551 0.00000 0.00000 ( 1)
 149 -   0.85918 0.14082 0.00000 0.00000 ( 1)
 150 -   0.42431 0.57569 0.00000 0.00000 ( 2)
 151 F   0.81629 0.18371 0.00000 0.00000 ( 1)
 152 A   0.01781 0.98219 0.00000 0.00000 ( 2)
 153 F   0.48654 0.51346 0.00000 0.00000 ( 2)
 154 S   0.51767 0.48233 0.00000 0.00000 ( 1)
 155 T   0.99773 0.00227 0.00000 0.00000 ( 1)
 156 P   0.99794 0.00206 0.00000 0.00000 ( 1)
 157 F   0.99961 0.00039 0.00000 0.00000 ( 1)
 158 V   0.95900 0.04100 0.00000 0.00000 ( 1)
 159 I   0.88644 0.11356 0.00000 0.00000 ( 1)
 160 P   0.61574 0.38426 0.00000 0.00000 ( 1)
 161 E   0.68097 0.31903 0.00000 0.00000 ( 1)
 162 Q   0.11320 0.88680 0.00000 0.00000 ( 2)
 163 K   0.84603 0.15397 0.00000 0.00000 ( 1)
 164 E   0.04885 0.95115 0.00000 0.00000 ( 2)
 165 I   0.43567 0.56433 0.00000 0.00000 ( 2)
 166 V   0.98238 0.01762 0.00000 0.00000 ( 1)
 167 L   0.99960 0.00040 0.00000 0.00000 ( 1)
 168 Y   0.31661 0.68339 0.00000 0.00000 ( 2)
 169 F   0.99235 0.00765 0.00000 0.00000 ( 1)
 170 E   0.00012 0.99988 0.00000 0.00000 ( 2)
 171 G   0.63921 0.36079 0.00000 0.00000 ( 1)
 172 V   0.00008 0.99992 0.00000 0.00000 ( 2)
 173 -   0.38170 0.61830 0.00000 0.00000 ( 2)
 174 -   0.00000 0.99999 0.00000 0.00000 ( 2)
 175 -   0.00001 0.99999 0.00000 0.00000 ( 2)
 176 -   0.00106 0.99894 0.00000 0.00000 ( 2)
 177 -   0.10899 0.89101 0.00000 0.00000 ( 2)
 178 G   0.10909 0.89091 0.00000 0.00000 ( 2)
 179 S   0.00695 0.99305 0.00000 0.00000 ( 2)
 180 L   0.99982 0.00018 0.00000 0.00000 ( 1)
 181 D   0.99999 0.00001 0.00000 0.00000 ( 1)
 182 L   1.00000 0.00000 0.00000 0.00000 ( 1)
 183 M   1.00000 0.00000 0.00000 0.00000 ( 1)
 184 N   1.00000 0.00000 0.00000 0.00000 ( 1)
 185 L   0.99696 0.00304 0.00000 0.00000 ( 1)
 186 I   1.00000 0.00000 0.00000 0.00000 ( 1)
 187 F   0.99998 0.00002 0.00000 0.00000 ( 1)
 188 L   0.99007 0.00993 0.00000 0.00000 ( 1)
 189 -   0.95176 0.04824 0.00000 0.00000 ( 1)


lnL = -7526.286746

